Chr	Start	End	Mutation	Size	Middle	Start_C	End_C	Mutations_C
chr1	145845583	145848365	145847270	2782	145846974	-1391	1391	296
chr1	181088390	181090557	181088914	2167	181089473	-1083	1084	-559
chr1	11053065	11060620	11056717	7555	11056842	-3777	3778	-125
chr1	153618818	153620573	153618854	1755	153619695	-877	878	-841
chr1	32202502	32207732	32207474	5230	32205117	-2615	2615	2357
chr1	150259585	150261859	150260233	2274	150260722	-1137	1137	-489
chr1	151397194	151402348	151400643	5154	151399771	-2577	2577	872
chr1	154550069	154556304	154555955	6235	154553186	-3117	3118	2769
chr1	117366145	117368601	117368238	2456	117367373	-1228	1228	865
chr1	6211044	6214118	6212390	3074	6212581	-1537	1537	-191
chr1	150628852	150629945	150629506	1093	150629398	-546	547	108
chr1	155311963	155315533	155312373	3570	155313748	-1785	1785	-1375
chr1	153987648	153993163	153992859	5515	153990405	-2757	2758	2454
chr1	92831277	92832587	92832079	1310	92831932	-655	655	147
chr1	161155682	161163352	161158123	7670	161159517	-3835	3835	-1394
chr1	6211044	6214118	6211894	3074	6212581	-1537	1537	-687
chr1	145923787	145930293	145924521	6506	145927040	-3253	3253	-2519
chr1	150628852	150629945	150629466	1093	150629398	-546	547	68
chr1	202892025	202895056	202892351	3031	202893540	-1515	1516	-1189
chr1	145845583	145848365	145847587	2782	145846974	-1391	1391	613
chr1	85580671	85583428	85583095	2757	85582049	-1378	1379	1046
chr1	35191421	35193804	35193050	2383	35192612	-1191	1192	438
chr1	154958882	154962939	154958907	4057	154960910	-2028	2029	-2003
chr1	107055484	107058627	107057655	3143	107057055	-1571	1572	600
chr1	43171624	43173547	43172123	1923	43172585	-961	962	-462
chr1	150259585	150261859	150260269	2274	150260722	-1137	1137	-453
chr1	156290990	156293471	156293366	2481	156292230	-1240	1241	1136
chr1	109248872	109255065	109251479	6193	109251968	-3096	3097	-489
chr1	161212057	161216693	161214164	4636	161214375	-2318	2318	-211
chr1	149886886	149889648	149887265	2762	149888267	-1381	1381	-1002
chr1	42816044	42817506	42816441	1462	42816775	-731	731	-334
chr1	155060158	155062797	155062509	2639	155061477	-1319	1320	1032
chr1	45002551	45008655	45008510	6104	45005603	-3052	3052	2907
chr1	85580671	85583428	85582466	2757	85582049	-1378	1379	417
chr1	114713047	114714496	114713920	1449	114713771	-724	725	149
chr1	155135584	155137932	155137693	2348	155136758	-1174	1174	935
chr1	156730411	156736365	156732329	5954	156733388	-2977	2977	-1059
chr1	161114984	161121140	161118016	6156	161118062	-3078	3078	-46
chr1	200407901	200411046	200408991	3145	200409473	-1572	1573	-482
chr1	110337341	110342887	110342101	5546	110340114	-2773	2773	1987
chr1	1915137	1918067	1916828	2930	1916602	-1465	1465	226
chr1	58575507	58578070	58576516	2563	58576788	-1281	1282	-272
chr1	44776008	44781385	44777615	5377	44778696	-2688	2689	-1081
chr1	150806278	150808039	150806710	1761	150807158	-880	881	-448
chr1	153660205	153662626	153662399	2421	153661415	-1210	1211	984
chr1	154958882	154962939	154959512	4057	154960910	-2028	2029	-1398
chr1	155060158	155062797	155062548	2639	155061477	-1319	1320	1071
chr1	179591159	179593494	179592602	2335	179592326	-1167	1168	276
chr1	202966360	202968233	202966775	1873	202967296	-936	937	-521
chr1	150281278	150286016	150283554	4738	150283647	-2369	2369	-93
chr1	156724943	156729343	156729215	4400	156727143	-2200	2200	2072
chr1	205748437	205751180	205750235	2743	205749808	-1371	1372	427
chr1	155123365	155128727	155127956	5362	155126046	-2681	2681	1910
chr1	181088390	181090557	181088945	2167	181089473	-1083	1084	-528
chr1	200737832	200740952	200739795	3120	200739392	-1560	1560	403
chr1	107055484	107058627	107057976	3143	107057055	-1571	1572	921
chr1	153625857	153626978	153626323	1121	153626417	-560	561	-94
chr1	156290990	156293471	156293074	2481	156292230	-1240	1241	844
chr1	153660205	153662626	153662545	2421	153661415	-1210	1211	1130
chr1	149886886	149889648	149887475	2762	149888267	-1381	1381	-792
chr1	153660205	153662626	153661255	2421	153661415	-1210	1211	-160
chr1	153660205	153662626	153662324	2421	153661415	-1210	1211	909
chr1	155316281	155318924	155318278	2643	155317602	-1321	1322	676
chr1	151397194	151402348	151400649	5154	151399771	-2577	2577	878
chr1	103525990	103528626	103526221	2636	103527308	-1318	1318	-1087
chr1	211577062	211579845	211578515	2783	211578453	-1391	1392	62
chr1	11053065	11060620	11059273	7555	11056842	-3777	3778	2431
chr1	145845583	145848365	145846633	2782	145846974	-1391	1391	-341
chr1	154267602	154271369	154268785	3767	154269485	-1883	1884	-700
chr1	161169074	161171462	161169695	2388	161170268	-1194	1194	-573
chr1	145845583	145848365	145846069	2782	145846974	-1391	1391	-905
chr1	155263029	155264030	155263318	1001	155263529	-500	501	-211
chr1	244862886	244865743	244864013	2857	244864314	-1428	1429	-301
chr1	160207714	160211604	160208588	3890	160209659	-1945	1945	-1071
chr1	26468716	26469811	26469326	1095	26469263	-547	548	63
chr1	1915137	1918067	1916819	2930	1916602	-1465	1465	217
chr1	58780835	58786137	58782713	5302	58783486	-2651	2651	-773
chr1	179881808	179884251	179882722	2443	179883029	-1221	1222	-307
chr1	150263349	150266356	150266105	3007	150264852	-1503	1504	1253
chr1	150267428	150270167	150268047	2739	150268797	-1369	1370	-750
chr1	179881808	179884251	179882928	2443	179883029	-1221	1222	-101
chr1	156290990	156293471	156292926	2481	156292230	-1240	1241	696
chr1	963535	968263	964004	4728	965899	-2364	2364	-1895
chr1	161173127	161176094	161175132	2967	161174610	-1483	1484	522
chr1	165827331	165829350	165827843	2019	165828340	-1009	1010	-497
chr1	42816044	42817506	42816492	1462	42816775	-731	731	-283
chr1	149886886	149889648	149887046	2762	149888267	-1381	1381	-1221
chr1	155263029	155264030	155263227	1001	155263529	-500	501	-302
chr1	119139880	119141436	119140477	1556	119140658	-778	778	-181
chr1	149886886	149889648	149887316	2762	149888267	-1381	1381	-951
chr1	154220157	154222264	154220535	2107	154221210	-1053	1054	-675
chr1	107055484	107058627	107057145	3143	107057055	-1571	1572	90
chr1	153628108	153635521	153630580	7413	153631814	-3706	3707	-1234
chr1	119139880	119141436	119140614	1556	119140658	-778	778	-44
chr1	155258652	155262911	155262143	4259	155260781	-2129	2130	1362
chr1	155910293	155913049	155910768	2756	155911671	-1378	1378	-903
chr1	182602793	182605370	182603327	2577	182604081	-1288	1289	-754
chr1	15834147	15835973	15835617	1826	15835060	-913	913	557
chr1	179591159	179593494	179592848	2335	179592326	-1167	1168	522
chr1	6211044	6214118	6211967	3074	6212581	-1537	1537	-614
chr1	156741523	156745779	156742576	4256	156743651	-2128	2128	-1075
chr1	154976301	154978677	154978037	2376	154977489	-1188	1188	548
chr1	155129000	155131746	155131361	2746	155130373	-1373	1373	988
chr1	151397194	151402348	151399711	5154	151399771	-2577	2577	-60
chr1	150576214	150582535	150578456	6321	150579374	-3160	3161	-918
chr1	36318477	36324682	36320719	6205	36321579	-3102	3103	-860
chr1	150267428	150270167	150268720	2739	150268797	-1369	1370	-77
chr1	154550069	154556304	154555518	6235	154553186	-3117	3118	2332
chr1	161363498	161366655	161365556	3157	161365076	-1578	1579	480
chr1	26889215	26895939	26893404	6724	26892577	-3362	3362	827
chr1	108690135	108693399	108692600	3264	108691767	-1632	1632	833
chr1	154967340	154975235	154974854	7895	154971287	-3947	3948	3567
chr1	145923787	145930293	145926820	6506	145927040	-3253	3253	-220
chr1	156050621	156055890	156054935	5269	156053255	-2634	2635	1680
chr1	26468716	26469811	26468962	1095	26469263	-547	548	-301
chr1	150263349	150266356	150266092	3007	150264852	-1503	1504	1240
chr1	113903555	113906812	113904697	3257	113905183	-1628	1629	-486
chr1	149926901	149928413	149927847	1512	149927657	-756	756	190
chr1	160342439	160345019	160344806	2580	160343729	-1290	1290	1077
chr1	151760202	151763951	151763073	3749	151762076	-1874	1875	997
chr1	156724943	156729343	156727239	4400	156727143	-2200	2200	96
chr1	151165561	151170119	151166168	4558	151167840	-2279	2279	-1672
chr1	200407901	200411046	200409095	3145	200409473	-1572	1573	-378
chr1	109248872	109255065	109250590	6193	109251968	-3096	3097	-1378
chr1	151165561	151170119	151165818	4558	151167840	-2279	2279	-2022
chr1	43446678	43454364	43451332	7686	43450521	-3843	3843	811
chr1	200407901	200411046	200408787	3145	200409473	-1572	1573	-686
chr1	150263349	150266356	150266043	3007	150264852	-1503	1504	1191
chr1	110337341	110342887	110341965	5546	110340114	-2773	2773	1851
chr1	45341885	45343973	45342530	2088	45342929	-1044	1044	-399
chr1	43171624	43173547	43172808	1923	43172585	-961	962	223
chr1	155129000	155131746	155131400	2746	155130373	-1373	1373	1027
chr1	181088390	181090557	181089816	2167	181089473	-1083	1084	343
chr1	43934167	43937911	43936688	3744	43936039	-1872	1872	649
chr1	156019260	156021904	156020137	2644	156020582	-1322	1322	-445
chr1	181088390	181090557	181089838	2167	181089473	-1083	1084	365
chr1	85580671	85583428	85582140	2757	85582049	-1378	1379	91
chr1	43386394	43389005	43386600	2611	43387699	-1305	1306	-1099
chr1	151042476	151049117	151046113	6641	151045796	-3320	3321	317
chr1	110337341	110342887	110339967	5546	110340114	-2773	2773	-147
chr1	151760202	151763951	151762836	3749	151762076	-1874	1875	760
chr1	155060158	155062797	155060270	2639	155061477	-1319	1320	-1207
chr1	155910293	155913049	155910801	2756	155911671	-1378	1378	-870
chr1	149920535	149924928	149923867	4393	149922731	-2196	2197	1136
chr1	43386394	43389005	43386588	2611	43387699	-1305	1306	-1111
chr1	40691214	40692994	40691830	1780	40692104	-890	890	-274
chr1	153628108	153635521	153631623	7413	153631814	-3706	3707	-191
chr1	211577062	211579845	211578403	2783	211578453	-1391	1392	-50
chr1	150624553	150628092	150627541	3539	150626322	-1769	1770	1219
chr1	160207714	160211604	160208571	3890	160209659	-1945	1945	-1088
chr1	35191421	35193804	35192966	2383	35192612	-1191	1192	354
chr1	155263029	155264030	155263978	1001	155263529	-500	501	449
chr1	109248872	109255065	109250506	6193	109251968	-3096	3097	-1462
chr1	85580671	85583428	85582550	2757	85582049	-1378	1379	501
chr1	108690135	108693399	108692841	3264	108691767	-1632	1632	1074
chr1	109248872	109255065	109252821	6193	109251968	-3096	3097	853
chr1	110337341	110342887	110341651	5546	110340114	-2773	2773	1537
chr1	111755209	111757687	111755777	2478	111756448	-1239	1239	-671
chr1	145923787	145930293	145927069	6506	145927040	-3253	3253	29
chr1	156724943	156729343	156727227	4400	156727143	-2200	2200	84
chr1	161114984	161121140	161119186	6156	161118062	-3078	3078	1124
chr1	28736003	28738275	28737576	2272	28737139	-1136	1136	437
chr1	149886886	149889648	149887097	2762	149888267	-1381	1381	-1170
chr1	149886886	149889648	149887749	2762	149888267	-1381	1381	-518
chr1	155123365	155128727	155127922	5362	155126046	-2681	2681	1876
chr1	230867944	230869662	230868263	1718	230868803	-859	859	-540
chr1	233612940	233615921	233614348	2981	233614430	-1490	1491	-82
chr1	247328471	247333305	247329571	4834	247330888	-2417	2417	-1317
chr1	109248872	109255065	109252282	6193	109251968	-3096	3097	314
chr1	156741523	156745779	156744187	4256	156743651	-2128	2128	536
chr1	161212057	161216693	161213712	4636	161214375	-2318	2318	-663
chr1	153664973	153671246	153668547	6273	153668109	-3136	3137	438
chr1	45002551	45008655	45006978	6104	45005603	-3052	3052	1375
chr1	155608482	155610865	155610305	2383	155609673	-1191	1192	632
chr1	149886886	149889648	149887584	2762	149888267	-1381	1381	-683
chr1	32202502	32207732	32203925	5230	32205117	-2615	2615	-1192
chr1	108199119	108201441	108200029	2322	108200280	-1161	1161	-251
chr1	109490617	109492495	109491164	1878	109491556	-939	939	-392
chr1	45002551	45008655	45008366	6104	45005603	-3052	3052	2763
chr1	6577938	6581497	6579224	3559	6579717	-1779	1780	-493
chr1	151042476	151049117	151048729	6641	151045796	-3320	3321	2933
chr1	155258652	155262911	155260487	4259	155260781	-2129	2130	-294
chr1	155561671	155563733	155562125	2062	155562702	-1031	1031	-577
chr1	151252731	151255073	151254764	2342	151253902	-1171	1171	862
chr1	32202502	32207732	32207279	5230	32205117	-2615	2615	2162
chr1	109248872	109255065	109251449	6193	109251968	-3096	3097	-519
chr1	151042476	151049117	151048711	6641	151045796	-3320	3321	2915
chr1	155258652	155262911	155258931	4259	155260781	-2129	2130	-1850
chr1	153951063	153956383	153954889	5320	153953723	-2660	2660	1166
chr1	160342439	160345019	160344500	2580	160343729	-1290	1290	771
chr1	151538765	151545989	151540355	7224	151542377	-3612	3612	-2022
chr1	145923787	145930293	145927411	6506	145927040	-3253	3253	371
chr1	6211044	6214118	6213167	3074	6212581	-1537	1537	586
chr1	37805349	37809614	37806902	4265	37807481	-2132	2133	-579
chr1	43934167	43937911	43935602	3744	43936039	-1872	1872	-437
chr1	109248872	109255065	109253086	6193	109251968	-3096	3097	1118
chr1	110337341	110342887	110342023	5546	110340114	-2773	2773	1909
chr1	113903555	113906812	113904657	3257	113905183	-1628	1629	-526
chr1	117366145	117368601	117368303	2456	117367373	-1228	1228	930
chr1	149926901	149928413	149927840	1512	149927657	-756	756	183
chr1	151034134	151038502	151034295	4368	151036318	-2184	2184	-2023
chr1	151198717	151202076	151199079	3359	151200396	-1679	1680	-1317
chr1	155319387	155320229	155319905	842	155319808	-421	421	97
chr1	155561671	155563733	155562141	2062	155562702	-1031	1031	-561
chr1	181088390	181090557	181088777	2167	181089473	-1083	1084	-696
chr1	181088390	181090557	181089808	2167	181089473	-1083	1084	335
chr1	151456262	151459723	151459444	3461	151457992	-1730	1731	1452
chr1	23979715	23982041	23980312	2326	23980878	-1163	1163	-566
chr1	200407901	200411046	200408596	3145	200409473	-1572	1573	-877
chr1	149886886	149889648	149887226	2762	149888267	-1381	1381	-1041
chr1	179881808	179884251	179882581	2443	179883029	-1221	1222	-448
chr1	45341885	45343973	45343750	2088	45342929	-1044	1044	821
chr1	154220157	154222264	154220456	2107	154221210	-1053	1054	-754
chr1	26889215	26895939	26892705	6724	26892577	-3362	3362	128
chr1	145845583	145848365	145847629	2782	145846974	-1391	1391	655
chr1	145923787	145930293	145925919	6506	145927040	-3253	3253	-1121
chr1	150148311	150155523	150150956	7212	150151917	-3606	3606	-961
chr1	150234337	150236508	150235860	2171	150235422	-1085	1086	438
chr1	151042476	151049117	151046089	6641	151045796	-3320	3321	293
chr1	159928025	159930684	159928586	2659	159929354	-1329	1330	-768
chr1	161155682	161163352	161163061	7670	161159517	-3835	3835	3544
chr1	161169074	161171462	161169660	2388	161170268	-1194	1194	-608
chr1	161173127	161176094	161175966	2967	161174610	-1483	1484	1356
chr1	161212057	161216693	161214188	4636	161214375	-2318	2318	-187
chr1	200737832	200740952	200739937	3120	200739392	-1560	1560	545
chr1	244862886	244865743	244864004	2857	244864314	-1428	1429	-310
chr1	45002551	45008655	45008334	6104	45005603	-3052	3052	2731
chr1	153957573	153959110	153958529	1537	153958341	-768	769	188
chr1	154967340	154975235	154974883	7895	154971287	-3947	3948	3596
chr1	161155682	161163352	161162623	7670	161159517	-3835	3835	3106
chr1	151034134	151038502	151037523	4368	151036318	-2184	2184	1205
chr1	155135584	155137932	155136931	2348	155136758	-1174	1174	173
chr1	62435646	62438023	62437139	2377	62436834	-1188	1189	305
chr1	151397194	151402348	151400862	5154	151399771	-2577	2577	1091
chr1	26470760	26473631	26473504	2871	26472195	-1435	1436	1309
chr1	150263349	150266356	150264851	3007	150264852	-1503	1504	-1
chr1	150281278	150286016	150283329	4738	150283647	-2369	2369	-318
chr1	151252731	151255073	151254792	2342	151253902	-1171	1171	890
chr1	155561671	155563733	155562177	2062	155562702	-1031	1031	-525
chr1	6577938	6581497	6580703	3559	6579717	-1779	1780	986
chr1	247328471	247333305	247329364	4834	247330888	-2417	2417	-1524
chr1	155258652	155262911	155262115	4259	155260781	-2129	2130	1334
chr1	27363084	27367245	27364874	4161	27365164	-2080	2081	-290
chr1	2388166	2392941	2388258	4775	2390553	-2387	2388	-2295
chr1	36087282	36090966	36087974	3684	36089124	-1842	1842	-1150
chr1	963535	968263	966556	4728	965899	-2364	2364	657
chr1	37552317	37555665	37552687	3348	37553991	-1674	1674	-1304
chr1	109248872	109255065	109252998	6193	109251968	-3096	3097	1030
chr1	150267428	150270167	150268720	2739	150268797	-1369	1370	-77
chr1	155608482	155610865	155610258	2383	155609673	-1191	1192	585
chr1	161114984	161121140	161118053	6156	161118062	-3078	3078	-9
chr1	156010655	156011805	156010949	1150	156011230	-575	575	-281
chr1	58575507	58578070	58576516	2563	58576788	-1281	1282	-272
chr1	151005150	151006875	151006325	1725	151006012	-862	863	313
chr1	153987648	153993163	153991226	5515	153990405	-2757	2758	821
chr1	155258652	155262911	155260520	4259	155260781	-2129	2130	-261
chr1	200407901	200411046	200408388	3145	200409473	-1572	1573	-1085
chr1	151760202	151763951	151762451	3749	151762076	-1874	1875	375
chr1	150628852	150629945	150629438	1093	150629398	-546	547	40
chr1	111755209	111757687	111755842	2478	111756448	-1239	1239	-606
chr1	2388166	2392941	2388291	4775	2390553	-2387	2388	-2262
chr1	233612940	233615921	233614217	2981	233614430	-1490	1491	-213
chr1	151760202	151763951	151763399	3749	151762076	-1874	1875	1323
chr1	200407901	200411046	200408924	3145	200409473	-1572	1573	-549
chr1	6211044	6214118	6212824	3074	6212581	-1537	1537	243
chr1	45340452	45341797	45341536	1345	45341124	-672	673	412
chr1	151397194	151402348	151401509	5154	151399771	-2577	2577	1738
chr1	161121454	161124393	161121830	2939	161122923	-1469	1470	-1093
chr1	6211044	6214118	6212869	3074	6212581	-1537	1537	288
chr1	145845583	145848365	145846039	2782	145846974	-1391	1391	-935
chr1	151760202	151763951	151762382	3749	151762076	-1874	1875	306
chr1	37805349	37809614	37809109	4265	37807481	-2132	2133	1628
chr1	156050621	156055890	156051798	5269	156053255	-2634	2635	-1457
chr1	182598739	182601148	182600396	2409	182599943	-1204	1205	453
chr1	6577938	6581497	6580741	3559	6579717	-1779	1780	1024
chr1	156050621	156055890	156051755	5269	156053255	-2634	2635	-1500
chr1	149886886	149889648	149887261	2762	149888267	-1381	1381	-1006
chr1	154271572	154273307	154272677	1735	154272439	-867	868	238
chr1	202003943	202005525	202004445	1582	202004734	-791	791	-289
chr1	150281278	150286016	150283549	4738	150283647	-2369	2369	-98
chr1	26274456	26277298	26277147	2842	26275877	-1421	1421	1270
chr1	150576214	150582535	150578883	6321	150579374	-3160	3161	-491
chr1	150267428	150270167	150268061	2739	150268797	-1369	1370	-736
chr1	58780835	58786137	58782737	5302	58783486	-2651	2651	-749
chr1	6211044	6214118	6212368	3074	6212581	-1537	1537	-213
chr1	149886886	149889648	149887004	2762	149888267	-1381	1381	-1263
chr1	26889215	26895939	26891047	6724	26892577	-3362	3362	-1530
chr1	151252731	151255073	151254781	2342	151253902	-1171	1171	879
chr1	43446678	43454364	43451622	7686	43450521	-3843	3843	1101
chr1	109248872	109255065	109252099	6193	109251968	-3096	3097	131
chr1	109248872	109255065	109253158	6193	109251968	-3096	3097	1190
chr1	114716234	114719986	114719652	3752	114718110	-1876	1876	1542
chr1	155319387	155320229	155319905	842	155319808	-421	421	97
chr1	167220890	167222995	167220939	2105	167221942	-1052	1053	-1003
chr2	20446344	20449414	20447368	3070	20447879	-1535	1535	-511
chr2	74458304	74463041	74458494	4737	74460672	-2368	2369	-2178
chr2	27366916	27371519	27369462	4603	27369217	-2301	2302	245
chr2	3573921	3577932	3576853	4011	3575926	-2005	2006	927
chr2	3573921	3577932	3577807	4011	3575926	-2005	2006	1881
chr2	43224041	43227934	43226311	3893	43225987	-1946	1947	324
chr2	206158618	206161366	206159979	2748	206159992	-1374	1374	-13
chr2	27326247	27330333	27327185	4086	27328290	-2043	2043	-1105
chr2	152716422	152719307	152717343	2885	152717864	-1442	1443	-521
chr2	152716422	152719307	152718833	2885	152717864	-1442	1443	969
chr2	47173347	47177506	47176461	4159	47175426	-2079	2080	1035
chr2	152716422	152719307	152717456	2885	152717864	-1442	1443	-408
chr2	226796044	226800731	226798253	4687	226798387	-2343	2344	-134
chr2	108786116	108787294	108786763	1178	108786705	-589	589	58
chr2	27441100	27445824	27443253	4724	27443462	-2362	2362	-209
chr2	74458304	74463041	74461781	4737	74460672	-2368	2369	1109
chr2	101004627	101006806	101005979	2179	101005716	-1089	1090	263
chr2	27366916	27371519	27368418	4603	27369217	-2301	2302	-799
chr2	27326247	27330333	27329482	4086	27328290	-2043	2043	1192
chr2	131478248	131480456	131478256	2208	131479352	-1104	1104	-1096
chr2	219246512	219249251	219247119	2739	219247881	-1369	1370	-762
chr2	27441100	27445824	27441838	4724	27443462	-2362	2362	-1624
chr2	219565701	219567894	219567059	2193	219566797	-1096	1097	262
chr2	207164426	207167377	207165501	2951	207165901	-1475	1476	-400
chr2	177209719	177217070	177215620	7351	177213394	-3675	3676	2226
chr2	27215021	27218605	27217419	3584	27216813	-1792	1792	606
chr2	241352456	241356928	241353906	4472	241354692	-2236	2236	-786
chr2	20446344	20449414	20448392	3070	20447879	-1535	1535	513
chr2	74523191	74527879	74527875	4688	74525535	-2344	2344	2340
chr2	226796044	226800731	226798447	4687	226798387	-2343	2344	60
chr2	27366916	27371519	27368425	4603	27369217	-2301	2302	-792
chr2	74523191	74527879	74525070	4688	74525535	-2344	2344	-465
chr2	96326373	96329308	96328231	2935	96327840	-1467	1468	391
chr2	10042391	10047312	10046256	4921	10044851	-2460	2461	1405
chr2	120345537	120351187	120349419	5650	120348362	-2825	2825	1057
chr2	46539551	46543340	46543040	3789	46541445	-1894	1895	1595
chr2	109613137	109617205	109615915	4068	109615171	-2034	2034	744
chr2	27326247	27330333	27328849	4086	27328290	-2043	2043	559
chr2	85538709	85541563	85539257	2854	85540136	-1427	1427	-879
chr2	3573921	3577932	3576580	4011	3575926	-2005	2006	654
chr2	9629799	9632328	9630241	2529	9631063	-1264	1265	-822
chr2	74832746	74839228	74834539	6482	74835987	-3241	3241	-1448
chr2	216497666	216500537	216499268	2871	216499101	-1435	1436	167
chr2	108786116	108787294	108786876	1178	108786705	-589	589	171
chr2	27366916	27371519	27370051	4603	27369217	-2301	2302	834
chr2	219565701	219567894	219567301	2193	219566797	-1096	1097	504
chr2	27326247	27330333	27327274	4086	27328290	-2043	2043	-1016
chr2	173962204	173968116	173965169	5912	173965160	-2956	2956	9
chr2	20446344	20449414	20447783	3070	20447879	-1535	1535	-96
chr2	85542495	85543249	85542739	754	85542872	-377	377	-133
chr2	226796044	226800731	226796540	4687	226798387	-2343	2344	-1847
chr2	226796044	226800731	226798070	4687	226798387	-2343	2344	-317
chr2	27366916	27371519	27369035	4603	27369217	-2301	2302	-182
chr2	27441100	27445824	27441758	4724	27443462	-2362	2362	-1704
chr2	74528971	74532102	74530932	3131	74530536	-1565	1566	396
chr2	85598558	85601400	85601283	2842	85599979	-1421	1421	1304
chr2	24791358	24793484	24793269	2126	24792421	-1063	1063	848
chr2	96815293	96821977	96817311	6684	96818635	-3342	3342	-1324
chr2	74458304	74463041	74462039	4737	74460672	-2368	2369	1367
chr2	131478248	131480456	131480074	2208	131479352	-1104	1104	722
chr2	43224041	43227934	43225731	3893	43225987	-1946	1947	-256
chr2	96326373	96329308	96327719	2935	96327840	-1467	1468	-121
chr2	105338984	105340234	105339684	1250	105339609	-625	625	75
chr2	38749423	38751729	38751479	2306	38750576	-1153	1153	903
chr2	130341831	130348782	130345654	6951	130345306	-3475	3476	348
chr2	85538709	85541563	85541336	2854	85540136	-1427	1427	1200
chr2	10121372	10124040	10123386	2668	10122706	-1334	1334	680
chr2	130341831	130348782	130346270	6951	130345306	-3475	3476	964
chr2	219561722	219565673	219565357	3951	219563697	-1975	1976	1660
chr2	226796044	226800731	226797909	4687	226798387	-2343	2344	-478
chr2	85538709	85541563	85541139	2854	85540136	-1427	1427	1003
chr2	74523191	74527879	74523471	4688	74525535	-2344	2344	-2064
chr2	27033742	27038741	27036505	4999	27036241	-2499	2500	264
chr2	43224041	43227934	43226295	3893	43225987	-1946	1947	308
chr2	20446344	20449414	20447828	3070	20447879	-1535	1535	-51
chr2	216497666	216500537	216498809	2871	216499101	-1435	1436	-292
chr2	99140686	99143872	99141560	3186	99142279	-1593	1593	-719
chr2	108786116	108787294	108786786	1178	108786705	-589	589	81
chr2	226796044	226800731	226798375	4687	226798387	-2343	2344	-12
chr2	27215021	27218605	27215699	3584	27216813	-1792	1792	-1114
chr2	27081301	27087831	27083600	6530	27084566	-3265	3265	-966
chr2	20446344	20449414	20447429	3070	20447879	-1535	1535	-450
chr2	24075775	24078550	24076286	2775	24077162	-1387	1388	-876
chr2	24791358	24793484	24793392	2126	24792421	-1063	1063	971
chr2	74958378	74960406	74958670	2028	74959392	-1014	1014	-722
chr2	74958378	74960406	74958812	2028	74959392	-1014	1014	-580
chr2	101252195	101254541	101253281	2346	101253368	-1173	1173	-87
chr2	120345537	120351187	120349556	5650	120348362	-2825	2825	1194
chr2	148643731	148646267	148645153	2536	148644999	-1268	1268	154
chr2	152716422	152719307	152718751	2885	152717864	-1442	1443	887
chr2	206158618	206161366	206159830	2748	206159992	-1374	1374	-162
chr2	177209719	177217070	177215861	7351	177213394	-3675	3676	2467
chr2	219232985	219237766	219233102	4781	219235375	-2390	2391	-2273
chr2	85598558	85601400	85599918	2842	85599979	-1421	1421	-61
chr2	112541298	112543226	112542384	1928	112542262	-964	964	122
chr2	226796044	226800731	226798601	4687	226798387	-2343	2344	214
chr2	74528971	74532102	74531537	3131	74530536	-1565	1566	1001
chr2	85538709	85541563	85539194	2854	85540136	-1427	1427	-942
chr2	74455676	74457955	74457708	2279	74456815	-1139	1140	893
chr2	85542495	85543249	85542609	754	85542872	-377	377	-263
chr2	27033742	27038741	27035611	4999	27036241	-2499	2500	-630
chr2	37230577	37232196	37231710	1619	37231386	-809	810	324
chr2	20446344	20449414	20447502	3070	20447879	-1535	1535	-377
chr2	27441100	27445824	27444413	4724	27443462	-2362	2362	951
chr2	74458304	74463041	74462607	4737	74460672	-2368	2369	1935
chr2	27033742	27038741	27035173	4999	27036241	-2499	2500	-1068
chr2	218661919	218663653	218662575	1734	218662786	-867	867	-211
chr2	200860957	200863354	200861318	2397	200862155	-1198	1199	-837
chr2	27366916	27371519	27369010	4603	27369217	-2301	2302	-207
chr2	27441100	27445824	27444435	4724	27443462	-2362	2362	973
chr2	10121372	10124040	10122750	2668	10122706	-1334	1334	44
chr2	27326247	27330333	27328159	4086	27328290	-2043	2043	-131
chr2	27366916	27371519	27367618	4603	27369217	-2301	2302	-1599
chr2	74458304	74463041	74458530	4737	74460672	-2368	2369	-2142
chr2	74504301	74506230	74506026	1929	74505265	-964	965	761
chr2	74528971	74532102	74529111	3131	74530536	-1565	1566	-1425
chr2	85538709	85541563	85541106	2854	85540136	-1427	1427	970
chr2	96326373	96329308	96327222	2935	96327840	-1467	1468	-618
chr2	105338984	105340234	105339659	1250	105339609	-625	625	50
chr2	130341831	130348782	130346510	6951	130345306	-3475	3476	1204
chr2	203237902	203242502	203239035	4600	203240202	-2300	2300	-1167
chr2	218661919	218663653	218663268	1734	218662786	-867	867	482
chr2	226796044	226800731	226797952	4687	226798387	-2343	2344	-435
chr2	226796044	226800731	226798454	4687	226798387	-2343	2344	67
chr2	43224041	43227934	43225335	3893	43225987	-1946	1947	-652
chr2	96326373	96329308	96327950	2935	96327840	-1467	1468	110
chr2	43224041	43227934	43225428	3893	43225987	-1946	1947	-559
chr2	219561722	219565673	219565384	3951	219563697	-1975	1976	1687
chr2	20446344	20449414	20447804	3070	20447879	-1535	1535	-75
chr2	24073203	24075452	24074191	2249	24074327	-1124	1125	-136
chr2	27326247	27330333	27326647	4086	27328290	-2043	2043	-1643
chr2	219246512	219249251	219247224	2739	219247881	-1369	1370	-657
chr2	219246512	219249251	219248584	2739	219247881	-1369	1370	703
chr2	226796044	226800731	226798060	4687	226798387	-2343	2344	-327
chr2	48529017	48530819	48529958	1802	48529918	-901	901	40
chr2	74458304	74463041	74458553	4737	74460672	-2368	2369	-2119
chr2	177209719	177217070	177216534	7351	177213394	-3675	3676	3140
chr2	27033742	27038741	27035630	4999	27036241	-2499	2500	-611
chr2	96326373	96329308	96328176	2935	96327840	-1467	1468	336
chr2	218401902	218409025	218402117	7123	218405463	-3561	3562	-3346
chr2	85597496	85598241	85597531	745	85597868	-372	373	-337
chr2	27366916	27371519	27367326	4603	27369217	-2301	2302	-1891
chr2	70086204	70090364	70087762	4160	70088284	-2080	2080	-522
chr2	130341831	130348782	130346403	6951	130345306	-3475	3476	1097
chr2	74458304	74463041	74462752	4737	74460672	-2368	2369	2080
chr2	218661919	218663653	218663266	1734	218662786	-867	867	480
chr2	27033742	27038741	27035639	4999	27036241	-2499	2500	-602
chr2	61537724	61540041	61538107	2317	61538882	-1158	1159	-775
chr2	74455676	74457955	74456249	2279	74456815	-1139	1140	-566
chr2	74523191	74527879	74527495	4688	74525535	-2344	2344	1960
chr2	74523191	74527879	74527322	4688	74525535	-2344	2344	1787
chr2	96326373	96329308	96326917	2935	96327840	-1467	1468	-923
chr3	49357718	49362211	49360170	4493	49359964	-2246	2247	206
chr3	194132399	194139773	194136645	7374	194136086	-3687	3687	559
chr3	12839237	12841363	12840180	2126	12840300	-1063	1063	-120
chr3	150545034	150547848	150546763	2814	150546441	-1407	1407	322
chr3	49427492	49430017	49429224	2525	49428754	-1262	1263	470
chr3	50352944	50355092	50353632	2148	50354018	-1074	1074	-386
chr3	169965034	169967443	169966829	2409	169966238	-1204	1205	591
chr3	184185335	184186639	184186230	1304	184185987	-652	652	243
chr3	12839237	12841363	12840256	2126	12840300	-1063	1063	-44
chr3	50352944	50355092	50353704	2148	50354018	-1074	1074	-314
chr3	184300484	184302310	184301637	1826	184301397	-913	913	240
chr3	184185335	184186639	184186221	1304	184185987	-652	652	234
chr3	51388392	51393725	51393724	5333	51391058	-2666	2667	2666
chr3	49159011	49165784	49162633	6773	49162397	-3386	3387	236
chr3	49720740	49724364	49721989	3624	49722552	-1812	1812	-563
chr3	49159011	49165784	49163285	6773	49162397	-3386	3387	888
chr3	52247769	52250624	52248662	2855	52249196	-1427	1428	-534
chr3	184136679	184142648	184137903	5969	184139663	-2984	2985	-1760
chr3	12839237	12841363	12840437	2126	12840300	-1063	1063	137
chr3	52247769	52250624	52249473	2855	52249196	-1427	1428	277
chr3	127669822	127676278	127671540	6456	127673050	-3228	3228	-1510
chr3	4302554	4304775	4303812	2221	4303664	-1110	1111	148
chr3	184136679	184142648	184138234	5969	184139663	-2984	2985	-1429
chr3	49720740	49724364	49720858	3624	49722552	-1812	1812	-1694
chr3	184185335	184186639	184186623	1304	184185987	-652	652	636
chr3	184136679	184142648	184136939	5969	184139663	-2984	2985	-2724
chr3	150408034	150411332	150409585	3298	150409683	-1649	1649	-98
chr3	186779760	186785753	186784457	5993	186782756	-2996	2997	1701
chr3	72445824	72447933	72446606	2109	72446878	-1054	1055	-272
chr3	170869640	170871138	170870197	1498	170870389	-749	749	-192
chr3	184136679	184142648	184137918	5969	184139663	-2984	2985	-1745
chr3	49159011	49165784	49163127	6773	49162397	-3386	3387	730
chr3	56682437	56683034	56682800	597	56682735	-298	299	65
chr3	184136679	184142648	184138187	5969	184139663	-2984	2985	-1476
chr3	184257201	184264517	184259656	7316	184260859	-3658	3658	-1203
chr3	184169739	184172831	184170786	3092	184171285	-1546	1546	-499
chr3	184248233	184250275	184249334	2042	184249254	-1021	1021	80
chr3	49720740	49724364	49721799	3624	49722552	-1812	1812	-753
chr3	9948017	9951351	9948872	3334	9949684	-1667	1667	-812
chr3	51388392	51393725	51393534	5333	51391058	-2666	2667	2476
chr3	154120316	154123213	154122817	2897	154121764	-1448	1449	1053
chr3	154321622	154325090	154324277	3468	154323356	-1734	1734	921
chr3	170863851	170867586	170866388	3735	170865718	-1867	1868	670
chr3	186779760	186785753	186784841	5993	186782756	-2996	2997	2085
chr3	51388392	51393725	51393008	5333	51391058	-2666	2667	1950
chr3	52247769	52250624	52248407	2855	52249196	-1427	1428	-789
chr3	150408034	150411332	150409842	3298	150409683	-1649	1649	159
chr3	9790045	9796405	9793072	6360	9793225	-3180	3180	-153
chr3	150545034	150547848	150547011	2814	150546441	-1407	1407	570
chr3	186779760	186785753	186784475	5993	186782756	-2996	2997	1719
chr3	50358131	50359846	50358755	1715	50358988	-857	858	-233
chr3	184136679	184142648	184137940	5969	184139663	-2984	2985	-1723
chr3	184328776	184333744	184332043	4968	184331260	-2484	2484	783
chr3	154120316	154123213	154122590	2897	154121764	-1448	1449	826
chr3	49093123	49097590	49096046	4467	49095356	-2233	2234	690
chr3	52490775	52496966	52492752	6191	52493870	-3095	3096	-1118
chr3	154120316	154123213	154122065	2897	154121764	-1448	1449	301
chr3	184248233	184250275	184249763	2042	184249254	-1021	1021	509
chr3	184257201	184264517	184257649	7316	184260859	-3658	3658	-3210
chr3	185935735	185938282	185937976	2547	185937008	-1273	1274	968
chr3	124729765	124730910	124730549	1145	124730337	-572	573	212
chr3	9759664	9766346	9766222	6682	9763005	-3341	3341	3217
chr3	9948017	9951351	9950039	3334	9949684	-1667	1667	355
chr3	51388392	51393725	51393078	5333	51391058	-2666	2667	2020
chr3	101681369	101684832	101682786	3463	101683100	-1731	1732	-314
chr3	186779760	186785753	186784585	5993	186782756	-2996	2997	1829
chr3	9948017	9951351	9949128	3334	9949684	-1667	1667	-556
chr3	150408034	150411332	150411042	3298	150409683	-1649	1649	1359
chr3	49672439	49675329	49675288	2890	49673884	-1445	1445	1404
chr3	157157830	157162051	157159434	4221	157159940	-2110	2111	-506
chr3	160564279	160566359	160565253	2080	160565319	-1040	1040	-66
chr3	50358131	50359846	50358818	1715	50358988	-857	858	-170
chr3	186779760	186785753	186783612	5993	186782756	-2996	2997	856
chr3	156554387	156555459	156555059	1072	156554923	-536	536	136
chr3	49012331	49017316	49017245	4985	49014823	-2492	2493	2422
chr3	184334416	184335345	184334749	929	184334880	-464	465	-131
chr3	184257201	184264517	184258538	7316	184260859	-3658	3658	-2321
chr4	7038675	7044637	7041823	5962	7041656	-2981	2981	167
chr4	101344875	101350427	101348743	5552	101347651	-2776	2776	1092
chr4	6640773	6642459	6640935	1686	6641616	-843	843	-681
chr4	70686553	70690109	70689236	3556	70688331	-1778	1778	905
chr4	127880806	127882095	127881909	1289	127881450	-644	645	459
chr4	47837824	47839049	47837924	1225	47838436	-612	613	-512
chr4	99944901	99947846	99946447	2945	99946373	-1472	1473	74
chr4	986541	992403	988932	5862	989472	-2931	2931	-540
chr4	17810306	17811533	17811031	1227	17810919	-613	614	112
chr4	6640773	6642459	6641147	1686	6641616	-843	843	-469
chr4	99948140	99949308	99948711	1168	99948724	-584	584	-13
chr4	82428118	82431325	82429363	3207	82429721	-1603	1604	-358
chr4	99948140	99949308	99948732	1168	99948724	-584	584	8
chr4	73257201	73262133	73258410	4932	73259667	-2466	2466	-1257
chr4	70686553	70690109	70689300	3556	70688331	-1778	1778	969
chr4	99948140	99949308	99948895	1168	99948724	-584	584	171
chr4	173332245	173335562	173333553	3317	173333903	-1658	1659	-350
chr4	121823174	121824585	121823592	1411	121823879	-705	706	-287
chr4	84964578	84968108	84967044	3530	84966343	-1765	1765	701
chr4	182142250	182145965	182142806	3715	182144107	-1857	1858	-1301
chr4	82426148	82427556	82427469	1408	82426852	-704	704	617
chr4	173332245	173335562	173333614	3317	173333903	-1658	1659	-289
chr4	82426148	82427556	82426531	1408	82426852	-704	704	-321
chr4	173332245	173335562	173332946	3317	173333903	-1658	1659	-957
chr4	82428118	82431325	82429303	3207	82429721	-1603	1604	-418
chr4	10112922	10117658	10116131	4736	10115290	-2368	2368	841
chr4	70686553	70690109	70689368	3556	70688331	-1778	1778	1037
chr4	98257706	98262230	98261533	4524	98259968	-2262	2262	1565
chr4	99948140	99949308	99949108	1168	99948724	-584	584	384
chr4	82428118	82431325	82429344	3207	82429721	-1603	1604	-377
chr4	99948140	99949308	99948895	1168	99948724	-584	584	171
chr4	99948140	99949308	99948571	1168	99948724	-584	584	-153
chr4	6640773	6642459	6641222	1686	6641616	-843	843	-394
chr5	69166505	69168435	69167092	1930	69167470	-965	965	-378
chr5	140554648	140558866	140558672	4218	140556757	-2109	2109	1915
chr5	141634668	141638740	141635015	4072	141636704	-2036	2036	-1689
chr5	177510470	177513842	177512144	3372	177512156	-1686	1686	-12
chr5	2753778	2756353	2755114	2575	2755065	-1287	1288	49
chr5	176386394	176390852	176389328	4458	176388623	-2229	2229	705
chr5	176386394	176390852	176386624	4458	176388623	-2229	2229	-1999
chr5	141639313	141641341	141640312	2028	141640327	-1014	1014	-15
chr5	139400854	139406741	139401771	5887	139403797	-2943	2944	-2026
chr5	6378006	6379762	6378484	1756	6378884	-878	878	-400
chr5	154933804	154937334	154937181	3530	154935569	-1765	1765	1612
chr5	6378006	6379762	6378513	1756	6378884	-878	878	-371
chr5	32173327	32175862	32173822	2535	32174594	-1267	1268	-772
chr5	146446612	146448806	146447345	2194	146447709	-1097	1097	-364
chr5	140563352	140565450	140564389	2098	140564401	-1049	1049	-12
chr5	140563352	140565450	140564390	2098	140564401	-1049	1049	-11
chr5	139389361	139395326	139393614	5965	139392343	-2982	2983	1271
chr5	140640718	140644387	140643929	3669	140642552	-1834	1835	1377
chr5	140640718	140644387	140643031	3669	140642552	-1834	1835	479
chr5	157136664	157139082	157138923	2418	157137873	-1209	1209	1050
chr5	141620472	141621784	141621171	1312	141621128	-656	656	43
chr5	16463306	16467518	16463684	4212	16465412	-2106	2106	-1728
chr5	10250251	10251327	10250557	1076	10250789	-538	538	-232
chr5	157136664	157139082	157139059	2418	157137873	-1209	1209	1186
chr5	150699007	150701159	150701078	2152	150700083	-1076	1076	995
chr5	137751584	137756248	137753821	4664	137753916	-2332	2332	-95
chr5	141639313	141641341	141640384	2028	141640327	-1014	1014	57
chr5	141920748	141924577	141923824	3829	141922662	-1914	1915	1162
chr5	140640718	140644387	140642637	3669	140642552	-1834	1835	85
chr5	140667367	140674813	140668320	7446	140671090	-3723	3723	-2770
chr5	141639313	141641341	141639698	2028	141640327	-1014	1014	-629
chr5	141920748	141924577	141923909	3829	141922662	-1914	1915	1247
chr5	173326747	173328727	173328411	1980	173327737	-990	990	674
chr5	173326747	173328727	173328411	1980	173327737	-990	990	674
chr5	87412129	87414038	87412837	1909	87413083	-954	955	-246
chr5	139389361	139395326	139392337	5965	139392343	-2982	2983	-6
chr5	176383969	176385769	176385285	1800	176384869	-900	900	416
chr5	139389361	139395326	139394252	5965	139392343	-2982	2983	1909
chr5	140640718	140644387	140642065	3669	140642552	-1834	1835	-487
chr5	890976	893918	891754	2942	892447	-1471	1471	-693
chr5	58458813	58461340	58459122	2527	58460076	-1263	1264	-954
chr5	69166505	69168435	69167907	1930	69167470	-965	965	437
chr5	88268160	88269690	88268815	1530	88268925	-765	765	-110
chr5	138182320	138184694	138182438	2374	138183507	-1187	1187	-1069
chr5	139400854	139406741	139401746	5887	139403797	-2943	2944	-2051
chr5	141920748	141924577	141923846	3829	141922662	-1914	1915	1184
chr5	176386394	176390852	176389402	4458	176388623	-2229	2229	779
chr5	139389361	139395326	139393417	5965	139392343	-2982	2983	1074
chr5	140640718	140644387	140641875	3669	140642552	-1834	1835	-677
chr5	150446655	150447439	150446892	784	150447047	-392	392	-155
chr5	140640718	140644387	140642915	3669	140642552	-1834	1835	363
chr5	141318687	141319818	141319506	1131	141319252	-565	566	254
chr5	40825473	40833276	40832989	7803	40829374	-3901	3902	3615
chr5	176386394	176390852	176386842	4458	176388623	-2229	2229	-1781
chr5	141639313	141641341	141639749	2028	141640327	-1014	1014	-578
chr5	133967869	133969568	133968564	1699	133968718	-849	850	-154
chr5	2753778	2756353	2755053	2575	2755065	-1287	1288	-12
chr5	140563352	140565450	140564317	2098	140564401	-1049	1049	-84
chr5	139389361	139395326	139393351	5965	139392343	-2982	2983	1008
chr5	137751584	137756248	137752883	4664	137753916	-2332	2332	-1033
chr5	140554648	140558866	140558671	4218	140556757	-2109	2109	1914
chr5	16463306	16467518	16465510	4212	16465412	-2106	2106	98
chr5	16463306	16467518	16465511	4212	16465412	-2106	2106	99
chr5	139389361	139395326	139393978	5965	139392343	-2982	2983	1635
chr5	141639313	141641341	141640552	2028	141640327	-1014	1014	225
chr5	139400854	139406741	139402678	5887	139403797	-2943	2944	-1119
chr5	177510470	177513842	177511744	3372	177512156	-1686	1686	-412
chr6	33409254	33415405	33412304	6151	33412329	-3075	3076	-25
chr6	33273367	33281352	33276234	7985	33277359	-3992	3993	-1125
chr6	43050863	43056034	43051114	5171	43053448	-2585	2586	-2334
chr6	27866609	27868605	27867086	1996	27867607	-998	998	-521
chr6	43515747	43519195	43517177	3448	43517471	-1724	1724	-294
chr6	27836509	27838789	27838771	2280	27837649	-1140	1140	1122
chr6	33313698	33318611	33316250	4913	33316154	-2456	2457	96
chr6	27866609	27868605	27866966	1996	27867607	-998	998	-641
chr6	33401513	33407596	33406871	6083	33404554	-3041	3042	2317
chr6	33203399	33206031	33205068	2632	33204715	-1316	1316	353
chr6	33453440	33455884	33455767	2444	33454662	-1222	1222	1105
chr6	116277460	116281260	116277465	3800	116279360	-1900	1900	-1895
chr6	26155581	26158361	26157096	2780	26156971	-1390	1390	125
chr6	33211051	33212572	33211850	1521	33211811	-760	761	39
chr6	30555261	30559939	30556156	4678	30557600	-2339	2339	-1444
chr6	154832140	154833544	154833277	1404	154832842	-702	702	435
chr6	43506494	43509064	43507507	2570	43507779	-1285	1285	-272
chr6	110873964	110876079	110875003	2115	110875021	-1057	1058	-18
chr6	33313698	33318611	33315611	4913	33316154	-2456	2457	-543
chr6	132813604	132814894	132814583	1290	132814249	-645	645	334
chr6	43012312	43015271	43013252	2959	43013791	-1479	1480	-539
chr6	43011215	43012239	43011343	1024	43011727	-512	512	-384
chr6	31965231	31972717	31971114	7486	31968974	-3743	3743	2140
chr6	43039660	43041234	43040179	1574	43040447	-787	787	-268
chr6	43019606	43020880	43020765	1274	43020243	-637	637	522
chr6	33273367	33281352	33279803	7985	33277359	-3992	3993	2444
chr6	30648283	30652466	30649598	4183	30650374	-2091	2092	-776
chr6	33273367	33281352	33278080	7985	33277359	-3992	3993	721
chr6	30909531	30916450	30914853	6919	30912990	-3459	3460	1863
chr6	43506494	43509064	43507274	2570	43507779	-1285	1285	-505
chr6	169750850	169753628	169751067	2778	169752239	-1389	1389	-1172
chr6	26155581	26158361	26158165	2780	26156971	-1390	1390	1194
chr6	82363501	82365741	82365408	2240	82364621	-1120	1120	787
chr6	154832140	154833544	154832949	1404	154832842	-702	702	107
chr6	154832140	154833544	154833267	1404	154832842	-702	702	425
chr6	27145127	27146672	27146555	1545	27145899	-772	773	656
chr6	33401513	33407596	33406862	6083	33404554	-3041	3042	2308
chr6	30624414	30629765	30627230	5351	30627089	-2675	2676	141
chr6	43622505	43626984	43625513	4479	43624744	-2239	2240	769
chr6	31661405	31666726	31663857	5321	31664065	-2660	2661	-208
chr6	33273367	33281352	33277637	7985	33277359	-3992	3993	278
chr6	26155581	26158361	26156572	2780	26156971	-1390	1390	-399
chr6	33273367	33281352	33278318	7985	33277359	-3992	3993	959
chr6	159799565	159802806	159801176	3241	159801185	-1620	1621	-9
chr6	117675439	117677542	117676023	2103	117676490	-1051	1052	-467
chr6	158817553	158819936	158818125	2383	158818744	-1191	1192	-619
chr6	27836509	27838789	27838335	2280	27837649	-1140	1140	686
chr6	167825459	167828153	167826083	2694	167826806	-1347	1347	-723
chr6	30909531	30916450	30915777	6919	30912990	-3459	3460	2787
chr6	116277460	116281260	116279518	3800	116279360	-1900	1900	158
chr6	33273367	33281352	33280808	7985	33277359	-3992	3993	3449
chr6	43035525	43039315	43037711	3790	43037420	-1895	1895	291
chr6	35293564	35299843	35294483	6279	35296703	-3139	3140	-2220
chr6	116277460	116281260	116278782	3800	116279360	-1900	1900	-578
chr6	30645954	30648210	30647525	2256	30647082	-1128	1128	443
chr6	31965231	31972717	31972666	7486	31968974	-3743	3743	3692
chr6	33313698	33318611	33315849	4913	33316154	-2456	2457	-305
chr6	33409254	33415405	33414309	6151	33412329	-3075	3076	1980
chr6	43012312	43015271	43013334	2959	43013791	-1479	1480	-457
chr6	35293564	35299843	35293912	6279	35296703	-3139	3140	-2791
chr6	43012312	43015271	43012476	2959	43013791	-1479	1480	-1315
chr6	31965231	31972717	31970800	7486	31968974	-3743	3743	1826
chr6	111481516	111485033	111484811	3517	111483274	-1758	1759	1537
chr6	43035525	43039315	43038563	3790	43037420	-1895	1895	1143
chr6	27836509	27838789	27838123	2280	27837649	-1140	1140	474
chr6	26155581	26158361	26156657	2780	26156971	-1390	1390	-314
chr6	43006663	43011099	43010986	4436	43008881	-2218	2218	2105
chr6	35495749	35502112	35498299	6363	35498930	-3181	3182	-631
chr6	33273367	33281352	33280698	7985	33277359	-3992	3993	3339
chr6	30645954	30648210	30646066	2256	30647082	-1128	1128	-1016
chr6	43506494	43509064	43507538	2570	43507779	-1285	1285	-241
chr6	31965231	31972717	31968903	7486	31968974	-3743	3743	-71
chr6	43011215	43012239	43011788	1024	43011727	-512	512	61
chr6	43050863	43056034	43051051	5171	43053448	-2585	2586	-2397
chr6	26232827	26235374	26234589	2547	26234100	-1273	1274	489
chr6	31657662	31659835	31659272	2173	31658748	-1086	1087	524
chr6	31957427	31960987	31960080	3560	31959207	-1780	1780	873
chr6	43006663	43011099	43010688	4436	43008881	-2218	2218	1807
chr6	43011215	43012239	43011248	1024	43011727	-512	512	-479
chr6	26051501	26056616	26055889	5115	26054058	-2557	2558	1831
chr6	33313698	33318611	33315669	4913	33316154	-2456	2457	-485
chr6	33313698	33318611	33316713	4913	33316154	-2456	2457	559
chr6	34247481	34250908	34247792	3427	34249194	-1713	1714	-1402
chr6	28922952	28925199	28923260	2247	28924075	-1123	1124	-815
chr6	33409254	33415405	33414538	6151	33412329	-3075	3076	2209
chr6	30909531	30916450	30911179	6919	30912990	-3459	3460	-1811
chr6	33453440	33455884	33455749	2444	33454662	-1222	1222	1087
chr6	26051501	26056616	26055834	5115	26054058	-2557	2558	1776
chr6	26051501	26056616	26055878	5115	26054058	-2557	2558	1820
chr6	27836509	27838789	27838112	2280	27837649	-1140	1140	463
chr6	33203399	33206031	33204383	2632	33204715	-1316	1316	-332
chr6	118893148	118895583	118894358	2435	118894365	-1217	1218	-7
chr6	31965231	31972717	31969597	7486	31968974	-3743	3743	623
chr6	43515747	43519195	43517129	3448	43517471	-1724	1724	-342
chr6	33273367	33281352	33278119	7985	33277359	-3992	3993	760
chr6	33273367	33281352	33277432	7985	33277359	-3992	3993	73
chr6	32186623	32191245	32187142	4622	32188934	-2311	2311	-1792
chr6	34243465	34247115	34246522	3650	34245290	-1825	1825	1232
chr6	26155581	26158361	26156675	2780	26156971	-1390	1390	-296
chr6	27836509	27838789	27838306	2280	27837649	-1140	1140	657
chr6	31965231	31972717	31969828	7486	31968974	-3743	3743	854
chr6	43050863	43056034	43055804	5171	43053448	-2585	2586	2356
chr6	43050863	43056034	43054468	5171	43053448	-2585	2586	1020
chr6	31957427	31960987	31959332	3560	31959207	-1780	1780	125
chr6	30743669	30746008	30743926	2339	30744838	-1169	1170	-912
chr6	33273367	33281352	33276066	7985	33277359	-3992	3993	-1293
chr6	26232827	26235374	26234490	2547	26234100	-1273	1274	390
chr6	30071046	30078106	30075769	7060	30074576	-3530	3530	1193
chr6	43012312	43015271	43013122	2959	43013791	-1479	1480	-669
chr6	26155581	26158361	26158156	2780	26156971	-1390	1390	1185
chr6	26232827	26235374	26234459	2547	26234100	-1273	1274	359
chr6	43050863	43056034	43054357	5171	43053448	-2585	2586	909
chr6	43012312	43015271	43012961	2959	43013791	-1479	1480	-830
chr6	26232827	26235374	26234743	2547	26234100	-1273	1274	643
chr6	27836509	27838789	27838745	2280	27837649	-1140	1140	1096
chr6	32186623	32191245	32186812	4622	32188934	-2311	2311	-2122
chr6	154832140	154833544	154832392	1404	154832842	-702	702	-450
chr6	26232827	26235374	26234269	2547	26234100	-1273	1274	169
chr6	30909531	30916450	30913180	6919	30912990	-3459	3460	190
chr6	30909531	30916450	30915153	6919	30912990	-3459	3460	2163
chr6	31965231	31972717	31971606	7486	31968974	-3743	3743	2632
chr6	154832140	154833544	154833249	1404	154832842	-702	702	407
chr6	31789246	31792821	31791969	3575	31791033	-1787	1788	936
chr6	12292519	12294322	12294053	1803	12293420	-901	902	633
chr6	31957427	31960987	31959149	3560	31959207	-1780	1780	-58
chr6	169750850	169753628	169751336	2778	169752239	-1389	1389	-903
chr6	26596434	26599131	26598050	2697	26597782	-1348	1349	268
chr6	43509094	43514301	43512089	5207	43511697	-2603	2604	392
chr6	12292519	12294322	12294317	1803	12293420	-901	902	897
chr6	32186623	32191245	32187029	4622	32188934	-2311	2311	-1905
chr6	109467109	109470739	109467723	3630	109468924	-1815	1815	-1201
chr6	154832140	154833544	154833479	1404	154832842	-702	702	637
chr6	20401463	20404825	20402235	3362	20403144	-1681	1681	-909
chr6	27866609	27868605	27867101	1996	27867607	-998	998	-506
chr6	167825459	167828153	167825958	2694	167826806	-1347	1347	-848
chr6	167825459	167828153	167826035	2694	167826806	-1347	1347	-771
chr6	27836509	27838789	27837976	2280	27837649	-1140	1140	327
chr6	31965231	31972717	31970020	7486	31968974	-3743	3743	1046
chr6	43050863	43056034	43051292	5171	43053448	-2585	2586	-2156
chr6	30743669	30746008	30743972	2339	30744838	-1169	1170	-866
chr6	43506494	43509064	43508785	2570	43507779	-1285	1285	1006
chr6	13616734	13618217	13618085	1483	13617475	-741	742	610
chr6	33313698	33318611	33316004	4913	33316154	-2456	2457	-150
chr6	116277460	116281260	116278611	3800	116279360	-1900	1900	-749
chr6	26596434	26599131	26598289	2697	26597782	-1348	1349	507
chr6	132813604	132814894	132814595	1290	132814249	-645	645	346
chr6	132813604	132814894	132814596	1290	132814249	-645	645	347
chr6	158817553	158819936	158818118	2383	158818744	-1191	1192	-626
chr6	26596434	26599131	26597982	2697	26597782	-1348	1349	200
chr6	43035525	43039315	43037743	3790	43037420	-1895	1895	323
chr6	31721065	31726370	31723649	5305	31723717	-2652	2653	-68
chr6	43035525	43039315	43037773	3790	43037420	-1895	1895	353
chr6	27866609	27868605	27867416	1996	27867607	-998	998	-191
chr6	31661405	31666726	31663994	5321	31664065	-2660	2661	-71
chr6	44248826	44250885	44249733	2059	44249855	-1029	1030	-122
chr6	33273367	33281352	33279534	7985	33277359	-3992	3993	2175
chr6	27836509	27838789	27837957	2280	27837649	-1140	1140	308
chr6	33313698	33318611	33316566	4913	33316154	-2456	2457	412
chr6	32969777	32971785	32971690	2008	32970781	-1004	1004	909
chr6	33203399	33206031	33205264	2632	33204715	-1316	1316	549
chr6	21596595	21597942	21597493	1347	21597268	-673	674	225
chr6	43509094	43514301	43512822	5207	43511697	-2603	2604	1125
chr6	33453440	33455884	33455430	2444	33454662	-1222	1222	768
chr6	26051501	26056616	26055811	5115	26054058	-2557	2558	1753
chr6	167825459	167828153	167826132	2694	167826806	-1347	1347	-674
chr6	33273367	33281352	33278670	7985	33277359	-3992	3993	1311
chr6	30643862	30644987	30644482	1125	30644424	-562	563	58
chr6	26232827	26235374	26234265	2547	26234100	-1273	1274	165
chr6	31965231	31972717	31970400	7486	31968974	-3743	3743	1426
chr6	43012312	43015271	43013185	2959	43013791	-1479	1480	-606
chr6	116277460	116281260	116278922	3800	116279360	-1900	1900	-438
chr6	26596434	26599131	26598605	2697	26597782	-1348	1349	823
chr6	27145127	27146672	27146601	1545	27145899	-772	773	702
chr6	27836509	27838789	27838278	2280	27837649	-1140	1140	629
chr6	27836509	27838789	27838154	2280	27837649	-1140	1140	505
chr7	21426265	21428992	21428756	2727	21427628	-1363	1364	1128
chr7	100585182	100587178	100586639	1996	100586180	-998	998	459
chr7	139338924	139343169	139341419	4245	139341046	-2122	2123	373
chr7	73678995	73685102	73683218	6107	73682048	-3053	3054	1170
chr7	44577925	44583809	44579520	5884	44580867	-2942	2942	-1347
chr7	44571578	44574824	44572593	3246	44573201	-1623	1623	-608
chr7	143379010	143384540	143382273	5530	143381775	-2765	2765	498
chr7	44577925	44583809	44582155	5884	44580867	-2942	2942	1288
chr7	151052650	151056748	151055373	4098	151054699	-2049	2049	674
chr7	108568764	108570484	108569653	1720	108569624	-860	860	29
chr7	101249586	101252633	101251973	3047	101251109	-1523	1524	864
chr7	73678995	73685102	73683845	6107	73682048	-3053	3054	1797
chr7	98877133	98882066	98881111	4933	98879599	-2466	2467	1512
chr7	100641069	100644666	100641483	3597	100642867	-1798	1799	-1384
chr7	151045970	151050945	151049344	4975	151048457	-2487	2488	887
chr7	143379010	143384540	143383001	5530	143381775	-2765	2765	1226
chr7	44571578	44574824	44572407	3246	44573201	-1623	1623	-794
chr7	100170049	100174994	100172141	4945	100172521	-2472	2473	-380
chr7	1157912	1159246	1158252	1334	1158579	-667	667	-327
chr7	12686387	12688971	12688797	2584	12687679	-1292	1292	1118
chr7	151234921	151236954	151235247	2033	151235937	-1016	1017	-690
chr7	73733094	73739375	73737263	6281	73736234	-3140	3141	1029
chr7	2241669	2246662	2244710	4993	2244165	-2496	2497	545
chr7	151045970	151050945	151048985	4975	151048457	-2487	2488	528
chr7	1567249	1569562	1567824	2313	1568405	-1156	1157	-581
chr7	76302026	76304970	76304224	2944	76303498	-1472	1472	726
chr7	139338924	139343169	139341501	4245	139341046	-2122	2123	455
chr7	139338924	139343169	139341259	4245	139341046	-2122	2123	213
chr7	151045970	151050945	151048946	4975	151048457	-2487	2488	489
chr7	151052650	151056748	151055068	4098	151054699	-2049	2049	369
chr7	76302026	76304970	76304065	2944	76303498	-1472	1472	567
chr7	100125157	100129493	100128120	4336	100127325	-2168	2168	795
chr7	102467878	102473139	102468331	5261	102470508	-2630	2631	-2177
chr7	151045970	151050945	151049069	4975	151048457	-2487	2488	612
chr7	99403811	99407237	99404879	3426	99405524	-1713	1713	-645
chr7	151052650	151056748	151056591	4098	151054699	-2049	2049	1892
chr7	100170049	100174994	100170266	4945	100172521	-2472	2473	-2255
chr7	151045970	151050945	151048959	4975	151048457	-2487	2488	502
chr7	100170049	100174994	100172162	4945	100172521	-2472	2473	-359
chr7	73767615	73770524	73769320	2909	73769069	-1454	1455	251
chr7	44571578	44574824	44571704	3246	44573201	-1623	1623	-1497
chr7	100641069	100644666	100641209	3597	100642867	-1798	1799	-1658
chr7	106283630	106286878	106284974	3248	106285254	-1624	1624	-280
chr7	44078541	44081192	44078811	2651	44079866	-1325	1326	-1055
chr7	1157912	1159246	1158233	1334	1158579	-667	667	-346
chr7	66088889	66095431	66088914	6542	66092160	-3271	3271	-3246
chr7	151045970	151050945	151049073	4975	151048457	-2487	2488	616
chr7	128342717	128345423	128343826	2706	128344070	-1353	1353	-244
chr7	139338924	139343169	139341498	4245	139341046	-2122	2123	452
chr7	100119767	100125000	100122300	5233	100122383	-2616	2617	-83
chr7	44078541	44081192	44079720	2651	44079866	-1325	1326	-146
chr7	66992437	66995820	66995367	3383	66994128	-1691	1692	1239
chr7	87219125	87220659	87219618	1534	87219892	-767	767	-274
chr7	100089798	100094692	100092877	4894	100092245	-2447	2447	632
chr7	102467878	102473139	102468135	5261	102470508	-2630	2631	-2373
chr7	127589118	127590904	127589958	1786	127590011	-893	893	-53
chr7	151045970	151050945	151049095	4975	151048457	-2487	2488	638
chr7	151045970	151050945	151050226	4975	151048457	-2487	2488	1769
chr7	101249586	101252633	101252002	3047	101251109	-1523	1524	893
chr7	36388851	36391198	36389838	2347	36390024	-1173	1174	-186
chr7	143379010	143384540	143382591	5530	143381775	-2765	2765	816
chr7	143379010	143384540	143382592	5530	143381775	-2765	2765	817
chr7	74171280	74175517	74174395	4237	74173398	-2118	2119	997
chr7	2241669	2246662	2244655	4993	2244165	-2496	2497	490
chr7	151052650	151056748	151056597	4098	151054699	-2049	2049	1898
chr7	92589313	92591195	92590349	1882	92590254	-941	941	95
chr7	100089798	100094692	100091470	4894	100092245	-2447	2447	-775
chr7	100170049	100174994	100170194	4945	100172521	-2472	2473	-2327
chr7	100641069	100644666	100641558	3597	100642867	-1798	1799	-1309
chr7	151045970	151050945	151049277	4975	151048457	-2487	2488	820
chr7	99463503	99471413	99466166	7910	99467458	-3955	3955	-1292
chr7	100089798	100094692	100091277	4894	100092245	-2447	2447	-968
chr7	73669918	73675013	73670054	5095	73672465	-2547	2548	-2411
chr7	73733094	73739375	73737593	6281	73736234	-3140	3141	1359
chr7	100089798	100094692	100092835	4894	100092245	-2447	2447	590
chr7	12686387	12688971	12688669	2584	12687679	-1292	1292	990
chr7	100089798	100094692	100092918	4894	100092245	-2447	2447	673
chr7	100119767	100125000	100124891	5233	100122383	-2616	2617	2508
chr7	100641069	100644666	100643215	3597	100642867	-1798	1799	348
chr7	151234921	151236954	151235573	2033	151235937	-1016	1017	-364
chr7	128342717	128345423	128343753	2706	128344070	-1353	1353	-317
chr7	101318155	101322560	101318988	4405	101320357	-2202	2203	-1369
chr7	44120339	44124302	44122099	3963	44122320	-1981	1982	-221
chr7	100089798	100094692	100089818	4894	100092245	-2447	2447	-2427
chr7	73733094	73739375	73736338	6281	73736234	-3140	3141	104
chr7	100170049	100174994	100173965	4945	100172521	-2472	2473	1444
chr7	1567249	1569562	1569414	2313	1568405	-1156	1157	1009
chr8	47734857	47739132	47735411	4275	47736994	-2137	2138	-1583
chr8	102653248	102658660	102653494	5412	102655954	-2706	2706	-2460
chr8	124537864	124539649	124539206	1785	124538756	-892	893	450
chr8	97274351	97279248	97277329	4897	97276799	-2448	2449	530
chr8	126555222	126556650	126556398	1428	126555936	-714	714	462
chr8	37693616	37698922	37698037	5306	37696269	-2653	2653	1768
chr8	37693616	37698922	37698039	5306	37696269	-2653	2653	1770
chr8	74319987	74322390	74320963	2403	74321188	-1201	1202	-225
chr8	144431485	144437772	144432423	6287	144434628	-3143	3144	-2205
chr8	23246354	23247624	23246635	1270	23246989	-635	635	-354
chr8	144082058	144088146	144084827	6088	144085102	-3044	3044	-275
chr8	97274351	97279248	97277380	4897	97276799	-2448	2449	581
chr8	9555074	9556818	9556143	1744	9555946	-872	872	197
chr8	22689056	22696052	22690594	6996	22692554	-3498	3498	-1960
chr8	22136577	22139163	22138782	2586	22137870	-1293	1293	912
chr8	80485424	80487928	80487247	2504	80486676	-1252	1252	571
chr8	118109724	118112622	118111081	2898	118111173	-1449	1449	-92
chr8	37693616	37698922	37698543	5306	37696269	-2653	2653	2274
chr8	144082058	144088146	144085671	6088	144085102	-3044	3044	569
chr8	118109724	118112622	118110266	2898	118111173	-1449	1449	-907
chr8	94640999	94643119	94641971	2120	94642059	-1060	1060	-88
chr8	144461983	144469253	144464139	7270	144465618	-3635	3635	-1479
chr8	143249113	143251772	143250140	2659	143250442	-1329	1330	-302
chr8	124537864	124539649	124539089	1785	124538756	-892	893	333
chr8	144850795	144853362	144851098	2567	144852078	-1283	1284	-980
chr8	22689056	22696052	22689612	6996	22692554	-3498	3498	-2942
chr8	63167178	63169534	63169399	2356	63168356	-1178	1178	1043
chr8	144404700	144409146	144409036	4446	144406923	-2223	2223	2113
chr8	38267327	38269820	38268399	2493	38268573	-1246	1247	-174
chr8	144079324	144081891	144080587	2567	144080607	-1283	1284	-20
chr8	97274351	97279248	97276514	4897	97276799	-2448	2449	-285
chr8	144082058	144088146	144084514	6088	144085102	-3044	3044	-588
chr8	144461983	144469253	144464948	7270	144465618	-3635	3635	-670
chr8	125433112	125433578	125433380	466	125433345	-233	233	35
chr8	22247747	22249521	22248641	1774	22248634	-887	887	7
chr8	144461983	144469253	144468356	7270	144465618	-3635	3635	2738
chr8	120444475	120446081	120445355	1606	120445278	-803	803	77
chr8	143249113	143251772	143250345	2659	143250442	-1329	1330	-97
chr8	102653248	102658660	102655580	5412	102655954	-2706	2706	-374
chr8	47734857	47739132	47735560	4275	47736994	-2137	2138	-1434
chr8	144082058	144088146	144083295	6088	144085102	-3044	3044	-1807
chr8	22136577	22139163	22138528	2586	22137870	-1293	1293	658
chr8	22247747	22249521	22248212	1774	22248634	-887	887	-422
chr8	97274351	97279248	97276951	4897	97276799	-2448	2449	152
chr8	143249113	143251772	143250035	2659	143250442	-1329	1330	-407
chr8	23223000	23226900	23224771	3900	23224950	-1950	1950	-179
chr8	37693616	37698922	37696129	5306	37696269	-2653	2653	-140
chr8	37693616	37698922	37696138	5306	37696269	-2653	2653	-131
chr8	85176762	85178501	85177648	1739	85177631	-869	870	17
chr8	144461983	144469253	144467317	7270	144465618	-3635	3635	1699
chr8	63167178	63169534	63168844	2356	63168356	-1178	1178	488
chr8	47734857	47739132	47735356	4275	47736994	-2137	2138	-1638
chr8	9555074	9556818	9556215	1744	9555946	-872	872	269
chr8	97274351	97279248	97276617	4897	97276799	-2448	2449	-182
chr8	91069501	91071834	91070331	2333	91070667	-1166	1167	-336
chr8	144082058	144088146	144085985	6088	144085102	-3044	3044	883
chr8	97274351	97279248	97276799	4897	97276799	-2448	2449	0
chr8	80485424	80487928	80487672	2504	80486676	-1252	1252	996
chr8	94640999	94643119	94642053	2120	94642059	-1060	1060	-6
chr8	9555074	9556818	9556340	1744	9555946	-872	872	394
chr8	142661312	142666909	142666336	5597	142664110	-2798	2799	2226
chr8	22689056	22696052	22691091	6996	22692554	-3498	3498	-1463
chr8	120444475	120446081	120445122	1606	120445278	-803	803	-156
chr8	9555074	9556818	9556605	1744	9555946	-872	872	659
chr9	95874487	95876792	95875263	2305	95875639	-1152	1153	-376
chr9	113372153	113375572	113374003	3419	113373862	-1709	1710	141
chr9	35731772	35739402	35735124	7630	35735587	-3815	3815	-463
chr9	35731772	35739402	35732818	7630	35735587	-3815	3815	-2769
chr9	35094794	35095711	35095512	917	35095252	-458	459	260
chr9	38619483	38622702	38620237	3219	38621092	-1609	1610	-855
chr9	137609842	137616204	137615837	6362	137613023	-3181	3181	2814
chr9	137609842	137616204	137615917	6362	137613023	-3181	3181	2894
chr9	135502860	135507578	135503571	4718	135505219	-2359	2359	-1648
chr9	33264050	33266662	33266047	2612	33265356	-1306	1306	691
chr9	109012506	109013858	109013319	1352	109013182	-676	676	137
chr9	133457800	133461719	133458032	3919	133459759	-1959	1960	-1727
chr9	35659126	35661228	35660618	2102	35660177	-1051	1051	441
chr9	35659126	35661228	35660352	2102	35660177	-1051	1051	175
chr9	35659126	35661228	35660650	2102	35660177	-1051	1051	473
chr9	136403269	136409177	136407167	5908	136406223	-2954	2954	944
chr9	137554334	137556029	137555419	1695	137555181	-847	848	238
chr9	127705572	127712055	127707137	6483	127708813	-3241	3242	-1676
chr9	135502860	135507578	135503192	4718	135505219	-2359	2359	-2027
chr9	137554334	137556029	137555536	1695	137555181	-847	848	355
chr9	35753744	35757958	35754073	4214	35755851	-2107	2107	-1778
chr9	35094794	35095711	35095229	917	35095252	-458	459	-23
chr9	133344602	133351371	133349427	6769	133347986	-3384	3385	1441
chr9	137187190	137192973	137189119	5783	137190081	-2891	2892	-962
chr9	38392156	38397683	38395917	5527	38394919	-2763	2764	998
chr9	125240162	125241260	125240819	1098	125240711	-549	549	108
chr9	78030328	78032927	78031161	2599	78031627	-1299	1300	-466
chr9	122911708	122916757	122911863	5049	122914232	-2524	2525	-2369
chr9	135502860	135507578	135503929	4718	135505219	-2359	2359	-1290
chr9	37420497	37424314	37422823	3817	37422405	-1908	1909	418
chr9	137187190	137192973	137187332	5783	137190081	-2891	2892	-2749
chr9	136371374	136374903	136371907	3529	136373138	-1764	1765	-1231
chr9	93449471	93452662	93451004	3191	93451066	-1595	1596	-62
chr9	133344602	133351371	133348236	6769	133347986	-3384	3385	250
chr9	135502860	135507578	135503911	4718	135505219	-2359	2359	-1308
chr9	133351389	133354160	133353795	2771	133352774	-1385	1386	1021
chr9	128064058	128069519	128066970	5461	128066788	-2730	2731	182
chr9	35731772	35739402	35733106	7630	35735587	-3815	3815	-2481
chr9	136790561	136793156	136792835	2595	136791858	-1297	1298	977
chr9	6006800	6009152	6007299	2352	6007976	-1176	1176	-677
chr9	137187190	137192973	137187552	5783	137190081	-2891	2892	-2529
chr9	35659126	35661228	35660409	2102	35660177	-1051	1051	232
chr9	135502860	135507578	135503777	4718	135505219	-2359	2359	-1442
chr9	136371374	136374903	136372011	3529	136373138	-1764	1765	-1127
chr9	137609842	137616204	137616011	6362	137613023	-3181	3181	2988
chr9	19375543	19376683	19376336	1140	19376113	-570	570	223
chr9	113372153	113375572	113374523	3419	113373862	-1709	1710	661
chr9	6006800	6009152	6007235	2352	6007976	-1176	1176	-741
chr9	35073595	35075945	35074435	2350	35074770	-1175	1175	-335
chr9	113372153	113375572	113373491	3419	113373862	-1709	1710	-371
chr9	122911708	122916757	122912036	5049	122914232	-2524	2525	-2196
chr9	133351389	133354160	133351937	2771	133352774	-1385	1386	-837
chr9	133358709	133362004	133360091	3295	133360356	-1647	1648	-265
chr9	135502860	135507578	135503839	4718	135505219	-2359	2359	-1380
chr9	136403269	136409177	136407236	5908	136406223	-2954	2954	1013
chr9	137609842	137616204	137616055	6362	137613023	-3181	3181	3032
chr9	128064058	128069519	128066798	5461	128066788	-2730	2731	10
chr9	128064058	128069519	128067144	5461	128066788	-2730	2731	356
chr9	128266983	128273996	128273847	7013	128270489	-3506	3507	3358
chr9	35659126	35661228	35660321	2102	35660177	-1051	1051	144
chr9	125240162	125241260	125240250	1098	125240711	-549	549	-461
chr9	136402127	136403154	136402808	1027	136402640	-513	514	168
chr9	129828983	129831284	129830869	2301	129830133	-1150	1151	736
chr9	125240162	125241260	125240269	1098	125240711	-549	549	-442
chr9	113372153	113375572	113374129	3419	113373862	-1709	1710	267
chr9	136114816	136119949	136116688	5133	136117382	-2566	2567	-694
chr9	37425522	37429783	37426624	4261	37427652	-2130	2131	-1028
chr9	133351389	133354160	133354056	2771	133352774	-1385	1386	1282
chr9	137609842	137616204	137615070	6362	137613023	-3181	3181	2047
chr9	128064058	128069519	128067107	5461	128066788	-2730	2731	319
chr9	19375543	19376683	19376264	1140	19376113	-570	570	151
chr9	122911708	122916757	122911909	5049	122914232	-2524	2525	-2323
chr9	133344602	133351371	133345249	6769	133347986	-3384	3385	-2737
chr10	12195374	12197459	12196198	2085	12196416	-1042	1043	-218
chr10	112444949	112447865	112445485	2916	112446407	-1458	1458	-922
chr10	132783128	132790105	132784918	6977	132786616	-3488	3489	-1698
chr10	119031513	119033567	119033308	2054	119032540	-1027	1027	768
chr10	73813723	73815547	73815018	1824	73814635	-912	912	383
chr10	100986087	100990396	100988668	4309	100988241	-2154	2155	427
chr10	119031513	119033567	119032701	2054	119032540	-1027	1027	161
chr10	102066283	102069433	102066525	3150	102067858	-1575	1575	-1333
chr10	73764207	73770278	73768829	6071	73767242	-3035	3036	1587
chr10	87227833	87234382	87228537	6549	87231107	-3274	3275	-2570
chr10	87861059	87865585	87864497	4526	87863322	-2263	2263	1175
chr10	102452020	102457634	102454310	5614	102454827	-2807	2807	-517
chr10	102066283	102069433	102067128	3150	102067858	-1575	1575	-730
chr10	987317	989625	988464	2308	988471	-1154	1154	-7
chr10	102431010	102436531	102436521	5521	102433770	-2760	2761	2751
chr10	28529684	28534500	28532694	4816	28532092	-2408	2408	602
chr10	14838022	14839373	14838519	1351	14838697	-675	676	-178
chr10	87227833	87234382	87228637	6549	87231107	-3274	3275	-2470
chr10	73771408	73774536	73773397	3128	73772972	-1564	1564	425
chr10	100986087	100990396	100988985	4309	100988241	-2154	2155	744
chr10	100992682	100995828	100993313	3146	100994255	-1573	1573	-942
chr10	14838022	14839373	14838421	1351	14838697	-675	676	-276
chr10	12195374	12197459	12196269	2085	12196416	-1042	1043	-147
chr10	100986087	100990396	100986583	4309	100988241	-2154	2155	-1658
chr10	102066283	102069433	102067991	3150	102067858	-1575	1575	133
chr10	100986087	100990396	100987286	4309	100988241	-2154	2155	-955
chr10	94400130	94404116	94402611	3986	94402123	-1993	1993	488
chr10	133307438	133311938	133311870	4500	133309688	-2250	2250	2182
chr10	73771408	73774536	73773796	3128	73772972	-1564	1564	824
chr10	12195374	12197459	12196096	2085	12196416	-1042	1043	-320
chr10	73771408	73774536	73771736	3128	73772972	-1564	1564	-1236
chr10	73771408	73774536	73772091	3128	73772972	-1564	1564	-881
chr10	101782147	101783711	101782334	1564	101782929	-782	782	-595
chr10	73771408	73774536	73772457	3128	73772972	-1564	1564	-515
chr10	100986087	100990396	100988316	4309	100988241	-2154	2155	75
chr10	123153882	123155905	123155086	2023	123154893	-1011	1012	193
chr10	100986087	100990396	100989270	4309	100988241	-2154	2155	1029
chr10	100986087	100990396	100988154	4309	100988241	-2154	2155	-87
chr10	100986087	100990396	100988702	4309	100988241	-2154	2155	461
chr10	68471928	68473450	68471949	1522	68472689	-761	761	-740
chr10	101782147	101783711	101782484	1564	101782929	-782	782	-445
chr10	70885159	70886937	70885909	1778	70886048	-889	889	-139
chr10	87861059	87865585	87862303	4526	87863322	-2263	2263	-1019
chr10	100986087	100990396	100989796	4309	100988241	-2154	2155	1555
chr10	102448768	102451084	102450458	2316	102449926	-1158	1158	532
chr10	22319041	22323062	22319967	4021	22321051	-2010	2011	-1084
chr10	73771408	73774536	73773571	3128	73772972	-1564	1564	599
chr10	98414108	98416840	98415074	2732	98415474	-1366	1366	-400
chr10	73496535	73500087	73498662	3552	73498311	-1776	1776	351
chr10	100992682	100995828	100993593	3146	100994255	-1573	1573	-662
chr10	73764207	73770278	73769125	6071	73767242	-3035	3036	1883
chr10	73764207	73770278	73769833	6071	73767242	-3035	3036	2591
chr10	1048191	1049054	1048876	863	1048622	-431	432	254
chr10	18658475	18660772	18659666	2297	18659623	-1148	1149	43
chr10	73771408	73774536	73771828	3128	73772972	-1564	1564	-1144
chr10	3777815	3782398	3782077	4583	3780106	-2291	2292	1971
chr10	73496535	73500087	73498743	3552	73498311	-1776	1776	432
chr10	7787329	7789162	7788160	1833	7788245	-916	917	-85
chr10	28529684	28534500	28533595	4816	28532092	-2408	2408	1503
chr10	112444949	112447865	112445406	2916	112446407	-1458	1458	-1001
chr10	73771408	73774536	73772969	3128	73772972	-1564	1564	-3
chr10	100283027	100287226	100286145	4199	100285126	-2099	2100	1019
chr10	100992682	100995828	100993465	3146	100994255	-1573	1573	-790
chr10	102066283	102069433	102067527	3150	102067858	-1575	1575	-331
chr10	101060343	101065453	101064952	5110	101062898	-2555	2555	2054
chr10	101060343	101065453	101064345	5110	101062898	-2555	2555	1447
chr11	73307065	73312027	73311230	4962	73309546	-2481	2481	1684
chr11	6606944	6613110	6609144	6166	6610027	-3083	3083	-883
chr11	65914927	65922841	65917250	7914	65918884	-3957	3957	-1634
chr11	66254364	66259748	66258739	5384	66257056	-2692	2692	1683
chr11	65775055	65783036	65778100	7981	65779045	-3990	3991	-945
chr11	119026377	119029152	119028300	2775	119027764	-1387	1388	536
chr11	812545	816832	812762	4287	814688	-2143	2144	-1926
chr11	6479889	6482315	6480450	2426	6481102	-1213	1213	-652
chr11	124625342	124627603	124625683	2261	124626472	-1130	1131	-789
chr11	77586711	77590563	77590555	3852	77588637	-1926	1926	1918
chr11	66335067	66338108	66335835	3041	66336587	-1520	1521	-752
chr11	65086044	65089150	65086444	3106	65087597	-1553	1553	-1153
chr11	62660241	62667273	62666503	7032	62663757	-3516	3516	2746
chr11	57527187	57529455	57528852	2268	57528321	-1134	1134	531
chr11	64223872	64227729	64225865	3857	64225800	-1928	1929	65
chr11	65876177	65883826	65882237	7649	65880001	-3824	3825	2236
chr11	556590	563950	561784	7360	560270	-3680	3680	1514
chr11	65775055	65783036	65779379	7981	65779045	-3990	3991	334
chr11	64285202	64287348	64286714	2146	64286275	-1073	1073	439
chr11	6606944	6613110	6613040	6166	6610027	-3083	3083	3013
chr11	62830580	62833151	62831235	2571	62831865	-1285	1286	-630
chr11	65996412	66000833	66000377	4421	65998622	-2210	2211	1755
chr11	62804927	62807252	62805387	2325	62806089	-1162	1163	-702
chr11	64223872	64227729	64224568	3857	64225800	-1928	1929	-1232
chr11	66464852	66470360	66468876	5508	66467606	-2754	2754	1270
chr11	66254364	66259748	66258814	5384	66257056	-2692	2692	1758
chr11	73869721	73875470	73873156	5749	73872595	-2874	2875	561
chr11	65914927	65922841	65920372	7914	65918884	-3957	3957	1488
chr11	65876177	65883826	65883406	7649	65880001	-3824	3825	3405
chr11	68749969	68754612	68750474	4643	68752290	-2321	2322	-1816
chr11	62786458	62792801	62789031	6343	62789629	-3171	3172	-598
chr11	60850951	60854746	60853334	3795	60852848	-1897	1898	486
chr11	62660241	62667273	62667108	7032	62663757	-3516	3516	3351
chr11	64316793	64322457	64319843	5664	64319625	-2832	2832	218
chr11	119335052	119338374	119336214	3322	119336713	-1661	1661	-499
chr11	6606944	6613110	6610036	6166	6610027	-3083	3083	9
chr11	65876177	65883826	65883679	7649	65880001	-3824	3825	3678
chr11	126262717	126268473	126265070	5756	126265595	-2878	2878	-525
chr11	117194753	117200716	117195941	5963	117197734	-2981	2982	-1793
chr11	61964171	61969736	61968246	5565	61966953	-2782	2783	1293
chr11	556590	563950	557881	7360	560270	-3680	3680	-2389
chr11	64303510	64307796	64304566	4286	64305653	-2143	2143	-1087
chr11	62786458	62792801	62792141	6343	62789629	-3171	3172	2512
chr11	119335052	119338374	119335683	3322	119336713	-1661	1661	-1030
chr11	66052012	66054985	66052494	2973	66053498	-1486	1487	-1004
chr11	64223872	64227729	64227203	3857	64225800	-1928	1929	1403
chr11	65890396	65896612	65891203	6216	65893504	-3108	3108	-2301
chr11	64316793	64322457	64316922	5664	64319625	-2832	2832	-2703
chr11	119335052	119338374	119335110	3322	119336713	-1661	1661	-1603
chr11	64316793	64322457	64317114	5664	64319625	-2832	2832	-2511
chr11	95788260	95790889	95790650	2629	95789574	-1314	1315	1076
chr11	65996412	66000833	65999665	4421	65998622	-2210	2211	1043
chr11	130912908	130916972	130914855	4064	130914940	-2032	2032	-85
chr11	62835457	62837633	62835573	2176	62836545	-1088	1088	-972
chr11	65876177	65883826	65883759	7649	65880001	-3824	3825	3758
chr11	95788260	95790889	95788515	2629	95789574	-1314	1315	-1059
chr11	3796635	3799013	3798089	2378	3797824	-1189	1189	265
chr11	66335067	66338108	66337719	3041	66336587	-1520	1521	1132
chr11	556590	563950	563307	7360	560270	-3680	3680	3037
chr11	65914927	65922841	65917294	7914	65918884	-3957	3957	-1590
chr11	112086564	112088770	112087963	2206	112087667	-1103	1103	296
chr11	69672745	69675417	69673254	2672	69674081	-1336	1336	-827
chr11	67297068	67304049	67299885	6981	67300558	-3490	3491	-673
chr11	66335067	66338108	66336330	3041	66336587	-1520	1521	-257
chr11	47421874	47424667	47422584	2793	47423270	-1396	1397	-686
chr11	4094095	4100411	4095019	6316	4097253	-3158	3158	-2234
chr11	34051294	34053643	34052397	2349	34052468	-1174	1175	-71
chr11	119092225	119095843	119092416	3618	119094034	-1809	1809	-1618
chr11	64316793	64322457	64318246	5664	64319625	-2832	2832	-1379
chr11	6606944	6613110	6609770	6166	6610027	-3083	3083	-257
chr11	3796635	3799013	3798010	2378	3797824	-1189	1189	186
chr11	57330046	57332546	57332233	2500	57331296	-1250	1250	937
chr11	62786458	62792801	62786559	6343	62789629	-3171	3172	-3070
chr11	64205593	64210148	64207400	4555	64207870	-2277	2278	-470
chr11	63911228	63919010	63913997	7782	63915119	-3891	3891	-1122
chr11	73869721	73875470	73872805	5749	73872595	-2874	2875	210
chr11	119092225	119095843	119093158	3618	119094034	-1809	1809	-876
chr11	62786458	62792801	62786628	6343	62789629	-3171	3172	-3001
chr11	126262717	126268473	126265421	5756	126265595	-2878	2878	-174
chr11	62645684	62649727	62648063	4043	62647705	-2021	2022	358
chr11	20387058	20388266	20388031	1208	20387662	-604	604	369
chr11	64316793	64322457	64316912	5664	64319625	-2832	2832	-2713
chr11	72813681	72815376	72814518	1695	72814528	-847	848	-10
chr11	45920272	45926469	45923505	6197	45923370	-3098	3099	135
chr11	47267926	47271655	47267977	3729	47269790	-1864	1865	-1813
chr11	68749969	68754612	68750528	4643	68752290	-2321	2322	-1762
chr11	62598883	62605203	62604027	6320	62602043	-3160	3160	1984
chr11	64316793	64322457	64317092	5664	64319625	-2832	2832	-2533
chr11	126262717	126268473	126266866	5756	126265595	-2878	2878	1271
chr11	67467743	67471352	67468018	3609	67469547	-1804	1805	-1529
chr11	72105292	72112069	72110481	6777	72108680	-3388	3389	1801
chr11	126262717	126268473	126265099	5756	126265595	-2878	2878	-496
chr11	62835457	62837633	62835981	2176	62836545	-1088	1088	-564
chr11	3796635	3799013	3797949	2378	3797824	-1189	1189	125
chr11	124625342	124627603	124625899	2261	124626472	-1130	1131	-573
chr11	46375539	46383449	46379011	7910	46379494	-3955	3955	-483
chr11	61342227	61346063	61345527	3836	61344145	-1918	1918	1382
chr11	126262717	126268473	126266529	5756	126265595	-2878	2878	934
chr11	66254364	66259748	66258645	5384	66257056	-2692	2692	1589
chr11	66001614	66005880	66003368	4266	66003747	-2133	2133	-379
chr11	6680696	6683979	6682178	3283	6682337	-1641	1642	-159
chr11	64316793	64322457	64319767	5664	64319625	-2832	2832	142
chr11	57330046	57332546	57332396	2500	57331296	-1250	1250	1100
chr11	62645684	62649727	62647027	4043	62647705	-2021	2022	-678
chr11	73307065	73312027	73311225	4962	73309546	-2481	2481	1679
chr11	62804927	62807252	62805386	2325	62806089	-1162	1163	-703
chr11	63911228	63919010	63915576	7782	63915119	-3891	3891	457
chr11	526957	534085	533450	7128	530521	-3564	3564	2929
chr11	6606944	6613110	6610165	6166	6610027	-3083	3083	138
chr11	57321490	57325061	57321798	3571	57323275	-1785	1786	-1477
chr11	61342227	61346063	61345901	3836	61344145	-1918	1918	1756
chr11	63911228	63919010	63914488	7782	63915119	-3891	3891	-631
chr11	64201600	64204790	64204236	3190	64203195	-1595	1595	1041
chr11	64271351	64275589	64271640	4238	64273470	-2119	2119	-1830
chr11	65890396	65896612	65894032	6216	65893504	-3108	3108	528
chr11	526957	534085	533787	7128	530521	-3564	3564	3266
chr11	66339780	66343268	66341215	3488	66341524	-1744	1744	-309
chr11	64310996	64316646	64314910	5650	64313821	-2825	2825	1089
chr11	61342227	61346063	61344239	3836	61344145	-1918	1918	94
chr11	62598883	62605203	62603216	6320	62602043	-3160	3160	1173
chr11	119026377	119029152	119028251	2775	119027764	-1387	1388	487
chr11	62668867	62670380	62669930	1513	62669623	-756	757	307
chr11	556590	563950	563350	7360	560270	-3680	3680	3080
chr11	64223872	64227729	64227639	3857	64225800	-1928	1929	1839
chr11	62645684	62649727	62648688	4043	62647705	-2021	2022	983
chr11	3796635	3799013	3797920	2378	3797824	-1189	1189	96
chr11	62660241	62667273	62665452	7032	62663757	-3516	3516	1695
chr11	45920272	45926469	45924229	6197	45923370	-3098	3099	859
chr11	65124683	65127219	65125967	2536	65125951	-1268	1268	16
chr11	6606944	6613110	6609077	6166	6610027	-3083	3083	-950
chr11	62645684	62649727	62648995	4043	62647705	-2021	2022	1290
chr11	62668867	62670380	62670027	1513	62669623	-756	757	404
chr11	65086044	65089150	65087351	3106	65087597	-1553	1553	-246
chr11	119087377	119092039	119088262	4662	119089708	-2331	2331	-1446
chr11	65876177	65883826	65881460	7649	65880001	-3824	3825	1459
chr11	119092225	119095843	119095272	3618	119094034	-1809	1809	1238
chr11	119015794	119017017	119015874	1223	119016405	-611	612	-531
chr11	46375539	46383449	46382098	7910	46379494	-3955	3955	2604
chr11	61342227	61346063	61344168	3836	61344145	-1918	1918	23
chr11	57330046	57332546	57332389	2500	57331296	-1250	1250	1093
chr11	62668867	62670380	62669895	1513	62669623	-756	757	272
chr11	68027744	68032802	68027772	5058	68030273	-2529	2529	-2501
chr11	62786458	62792801	62791722	6343	62789629	-3171	3172	2093
chr11	6479889	6482315	6481491	2426	6481102	-1213	1213	389
chr11	126262717	126268473	126266794	5756	126265595	-2878	2878	1199
chr11	126262717	126268473	126267695	5756	126265595	-2878	2878	2100
chr11	126262717	126268473	126268029	5756	126265595	-2878	2878	2434
chr11	66052012	66054985	66052402	2973	66053498	-1486	1487	-1096
chr11	46703637	46709031	46704611	5394	46706334	-2697	2697	-1723
chr11	112086564	112088770	112086714	2206	112087667	-1103	1103	-953
chr11	65086044	65089150	65086770	3106	65087597	-1553	1553	-827
chr11	65086044	65089150	65087060	3106	65087597	-1553	1553	-537
chr11	58578278	58580336	58579566	2058	58579307	-1029	1029	259
chr11	57321490	57325061	57321922	3571	57323275	-1785	1786	-1353
chr11	66273975	66280041	66276134	6066	66277008	-3033	3033	-874
chr11	57330046	57332546	57332151	2500	57331296	-1250	1250	855
chr11	62786458	62792801	62790632	6343	62789629	-3171	3172	1003
chr11	64201600	64204790	64203208	3190	64203195	-1595	1595	13
chr11	35615897	35621324	35619828	5427	35618610	-2713	2714	1218
chr11	63911228	63919010	63914320	7782	63915119	-3891	3891	-799
chr11	119092225	119095843	119093946	3618	119094034	-1809	1809	-88
chr11	62598883	62605203	62604189	6320	62602043	-3160	3160	2146
chr11	119087377	119092039	119088843	4662	119089708	-2331	2331	-865
chr11	57527187	57529455	57528645	2268	57528321	-1134	1134	324
chr12	57600406	57603426	57600907	3020	57601916	-1510	1510	-1009
chr12	57600406	57603426	57601676	3020	57601916	-1510	1510	-240
chr12	54278785	54284447	54283121	5662	54281616	-2831	2831	1505
chr12	120196260	120198087	120196821	1827	120197173	-913	914	-352
chr12	56317368	56321971	56317581	4603	56319669	-2301	2302	-2088
chr12	56001962	56008616	56003837	6654	56005289	-3327	3327	-1452
chr12	119987958	119991032	119990196	3074	119989495	-1537	1537	701
chr12	56097722	56102514	56102184	4792	56100118	-2396	2396	2066
chr12	6969236	6974302	6970885	5066	6971769	-2533	2533	-884
chr12	56001962	56008616	56005004	6654	56005289	-3327	3327	-285
chr12	49323871	49326498	49323957	2627	49325184	-1313	1314	-1227
chr12	7017287	7019686	7018425	2399	7018486	-1199	1200	-61
chr12	121802646	121805968	121804811	3322	121804307	-1661	1661	504
chr12	66304157	66305903	66304737	1746	66305030	-873	873	-293
chr12	6199467	6204063	6200497	4596	6201765	-2298	2298	-1268
chr12	92143582	92146790	92144277	3208	92145186	-1604	1604	-909
chr12	57744865	57750409	57745220	5544	57747637	-2772	2772	-2417
chr12	6938733	6943679	6941424	4946	6941206	-2473	2473	218
chr12	124908910	124915502	124913484	6592	124912206	-3296	3296	1278
chr12	6554777	6557418	6557101	2641	6556097	-1320	1321	1004
chr12	100266150	100268029	100266975	1879	100267089	-939	940	-114
chr12	1592135	1595391	1593719	3256	1593763	-1628	1628	-44
chr12	100266150	100268029	100266952	1879	100267089	-939	940	-137
chr12	1592135	1595391	1593207	3256	1593763	-1628	1628	-556
chr12	14773939	14775891	14775769	1952	14774915	-976	976	854
chr12	79933415	79936322	79935175	2907	79934868	-1453	1454	307
chr12	56152494	56154173	56154070	1679	56153333	-839	840	737
chr12	49129252	49131928	49131374	2676	49130590	-1338	1338	784
chr12	120196260	120198087	120197330	1827	120197173	-913	914	157
chr12	120196260	120198087	120196905	1827	120197173	-913	914	-268
chr12	6199467	6204063	6200507	4596	6201765	-2298	2298	-1258
chr12	79933415	79936322	79935002	2907	79934868	-1453	1454	134
chr12	74538397	74541071	74539263	2674	74539734	-1337	1337	-471
chr12	6938733	6943679	6941471	4946	6941206	-2473	2473	265
chr12	57768586	57773918	57769071	5332	57771252	-2666	2666	-2181
chr12	120578605	120581408	120581142	2803	120580006	-1401	1402	1136
chr12	6536752	6539496	6537608	2744	6538124	-1372	1372	-516
chr12	56097722	56102514	56102295	4792	56100118	-2396	2396	2177
chr12	120578605	120581408	120579134	2803	120580006	-1401	1402	-872
chr12	56116696	56117130	56116790	434	56116913	-217	217	-123
chr12	56001962	56008616	56003869	6654	56005289	-3327	3327	-1420
chr12	56001962	56008616	56004739	6654	56005289	-3327	3327	-550
chr12	46370707	46374683	46371271	3976	46372695	-1988	1988	-1424
chr12	53290797	53294348	53292383	3551	53292572	-1775	1776	-189
chr12	46370707	46374683	46371339	3976	46372695	-1988	1988	-1356
chr12	57516638	57518417	57516892	1779	57517527	-889	890	-635
chr12	100266150	100268029	100267073	1879	100267089	-939	940	-16
chr12	130870304	130876197	130873084	5893	130873250	-2946	2947	-166
chr12	131710994	131712861	131711433	1867	131711927	-933	934	-494
chr12	53454646	53455693	53455490	1047	53455169	-523	524	321
chr12	7017287	7019686	7018418	2399	7018486	-1199	1200	-68
chr12	7017287	7019686	7018420	2399	7018486	-1199	1200	-66
chr12	48679854	48682486	48682012	2632	48681170	-1316	1316	842
chr12	53290797	53294348	53293565	3551	53292572	-1775	1776	993
chr12	46370707	46374683	46370827	3976	46372695	-1988	1988	-1868
chr12	49129252	49131928	49129664	2676	49130590	-1338	1338	-926
chr12	57519555	57526255	57525064	6700	57522905	-3350	3350	2159
chr12	49562211	49568229	49564779	6018	49565220	-3009	3009	-441
chr12	124908910	124915502	124913399	6592	124912206	-3296	3296	1193
chr12	54278785	54284447	54281703	5662	54281616	-2831	2831	87
chr12	74538397	74541071	74539447	2674	74539734	-1337	1337	-287
chr12	57519555	57526255	57525523	6700	57522905	-3350	3350	2618
chr12	56120388	56122689	56121311	2301	56121538	-1150	1151	-227
chr12	6765916	6771853	6769945	5937	6768884	-2968	2969	1061
chr12	6765916	6771853	6770156	5937	6768884	-2968	2969	1272
chr12	56314440	56316472	56314920	2032	56315456	-1016	1016	-536
chr12	71753750	71756940	71755284	3190	71755345	-1595	1595	-61
chr12	56317368	56321971	56319927	4603	56319669	-2301	2302	258
chr12	6938733	6943679	6940944	4946	6941206	-2473	2473	-262
chr12	6554777	6557418	6556967	2641	6556097	-1320	1321	870
chr12	6938733	6943679	6940931	4946	6941206	-2473	2473	-275
chr12	6938733	6943679	6941383	4946	6941206	-2473	2473	177
chr12	6938733	6943679	6941750	4946	6941206	-2473	2473	544
chr12	55817617	55820905	55817683	3288	55819261	-1644	1644	-1578
chr12	56155108	56159297	56155696	4189	56157202	-2094	2095	-1506
chr12	130870304	130876197	130874601	5893	130873250	-2946	2947	1351
chr12	6943962	6944845	6944583	883	6944403	-441	442	180
chr12	6850792	6855629	6855510	4837	6853210	-2418	2419	2300
chr12	14773939	14775891	14775263	1952	14774915	-976	976	348
chr12	55726829	55729610	55727307	2781	55728219	-1390	1391	-912
chr12	74538397	74541071	74538416	2674	74539734	-1337	1337	-1318
chr12	96908565	96910471	96909832	1906	96909518	-953	953	314
chr12	6554777	6557418	6555506	2641	6556097	-1320	1321	-591
chr12	49323871	49326498	49323892	2627	49325184	-1313	1314	-1292
chr12	56097722	56102514	56101531	4792	56100118	-2396	2396	1413
chr12	6772728	6774755	6773022	2027	6773741	-1013	1014	-719
chr12	56314440	56316472	56315142	2032	56315456	-1016	1016	-314
chr12	6938733	6943679	6941407	4946	6941206	-2473	2473	201
chr12	31323435	31326127	31325417	2692	31324781	-1346	1346	636
chr12	6772728	6774755	6773302	2027	6773741	-1013	1014	-439
chr12	69737882	69740243	69739800	2361	69739062	-1180	1181	738
chr12	6844685	6849861	6849618	5176	6847273	-2588	2588	2345
chr12	6943962	6944845	6944760	883	6944403	-441	442	357
chr12	55817617	55820905	55820514	3288	55819261	-1644	1644	1253
chr12	68806919	68809853	68808481	2934	68808386	-1467	1467	95
chr12	131714027	131715222	131714282	1195	131714624	-597	598	-342
chr12	56001962	56008616	56004786	6654	56005289	-3327	3327	-503
chr12	49562211	49568229	49566474	6018	49565220	-3009	3009	1254
chr12	56120388	56122689	56120715	2301	56121538	-1150	1151	-823
chr12	6536752	6539496	6537716	2744	6538124	-1372	1372	-408
chr12	49129252	49131928	49129271	2676	49130590	-1338	1338	-1319
chr12	57243912	57245747	57244217	1835	57244829	-917	918	-612
chr12	57731610	57736520	57734670	4910	57734065	-2455	2455	605
chr12	49129252	49131928	49129280	2676	49130590	-1338	1338	-1310
chr12	1592135	1595391	1593714	3256	1593763	-1628	1628	-49
chr12	6938733	6943679	6939149	4946	6941206	-2473	2473	-2057
chr12	49187817	49189472	49189013	1655	49188644	-827	828	369
chr12	55723690	55726332	55726206	2642	55725011	-1321	1321	1195
chr12	55828249	55835198	55828397	6949	55831723	-3474	3475	-3326
chr12	56103968	56105625	56104615	1657	56104796	-828	829	-181
chr12	56314440	56316472	56315142	2032	56315456	-1016	1016	-314
chr12	55817617	55820905	55817728	3288	55819261	-1644	1644	-1533
chr12	116276419	116279533	116277121	3114	116277976	-1557	1557	-855
chr12	100266150	100268029	100267046	1879	100267089	-939	940	-43
chr12	100266150	100268029	100267047	1879	100267089	-939	940	-42
chr12	55723690	55726332	55725829	2642	55725011	-1321	1321	818
chr12	56317368	56321971	56319111	4603	56319669	-2301	2302	-558
chr12	57519555	57526255	57525500	6700	57522905	-3350	3350	2595
chr12	57762373	57767444	57767005	5071	57764908	-2535	2536	2097
chr12	56097722	56102514	56102145	4792	56100118	-2396	2396	2027
chr12	56001962	56008616	56004652	6654	56005289	-3327	3327	-637
chr12	6969236	6974302	6971072	5066	6971769	-2533	2533	-697
chr12	57519555	57526255	57524304	6700	57522905	-3350	3350	1399
chr12	57762373	57767444	57765422	5071	57764908	-2535	2536	514
chr12	56317368	56321971	56319374	4603	56319669	-2301	2302	-295
chr12	56001962	56008616	56005141	6654	56005289	-3327	3327	-148
chr12	54278785	54284447	54280768	5662	54281616	-2831	2831	-848
chr12	56314440	56316472	56316088	2032	56315456	-1016	1016	632
chr12	56097722	56102514	56101808	4792	56100118	-2396	2396	1690
chr12	120578605	120581408	120581154	2803	120580006	-1401	1402	1148
chr12	124908910	124915502	124913404	6592	124912206	-3296	3296	1198
chr12	53454646	53455693	53454858	1047	53455169	-523	524	-311
chr12	53005020	53007090	53006402	2070	53006055	-1035	1035	347
chr12	6199467	6204063	6200505	4596	6201765	-2298	2298	-1260
chr12	57516638	57518417	57517024	1779	57517527	-889	890	-503
chr12	49323871	49326498	49324029	2627	49325184	-1313	1314	-1155
chr12	122524837	122526923	122526919	2086	122525880	-1043	1043	1039
chr12	56001962	56008616	56003766	6654	56005289	-3327	3327	-1523
chr12	54278785	54284447	54281666	5662	54281616	-2831	2831	50
chr12	6772728	6774755	6773283	2027	6773741	-1013	1014	-458
chr12	6844685	6849861	6849594	5176	6847273	-2588	2588	2321
chr12	6850792	6855629	6852282	4837	6853210	-2418	2419	-928
chr12	6536752	6539496	6538176	2744	6538124	-1372	1372	52
chr12	53972367	53976330	53975278	3963	53974348	-1981	1982	930
chr12	130870304	130876197	130875933	5893	130873250	-2946	2947	2683
chr12	6765916	6771853	6770605	5937	6768884	-2968	2969	1721
chr12	1592135	1595391	1593719	3256	1593763	-1628	1628	-44
chr12	57731610	57736520	57735412	4910	57734065	-2455	2455	1347
chr12	54278785	54284447	54280788	5662	54281616	-2831	2831	-828
chr13	51451223	51455296	51452457	4073	51453259	-2036	2037	-802
chr13	51451223	51455296	51452003	4073	51453259	-2036	2037	-1256
chr13	43878087	43881335	43881311	3248	43879711	-1624	1624	1600
chr13	36996802	37001223	37000686	4421	36999012	-2210	2211	1674
chr13	36996802	37001223	37000738	4421	36999012	-2210	2211	1726
chr13	110711040	110716889	110715581	5849	110713964	-2924	2925	1617
chr13	27619883	27622605	27621920	2722	27621244	-1361	1361	676
chr13	51451223	51455296	51452418	4073	51453259	-2036	2037	-841
chr13	19861704	19865358	19864159	3654	19863531	-1827	1827	628
chr13	110711040	110716889	110712890	5849	110713964	-2924	2925	-1074
chr13	110711040	110716889	110715418	5849	110713964	-2924	2925	1454
chr13	45339960	45341935	45340003	1975	45340947	-987	988	-944
chr13	110711040	110716889	110715592	5849	110713964	-2924	2925	1628
chr13	36996802	37001223	37000631	4421	36999012	-2210	2211	1619
chr13	45464725	45467246	45464960	2521	45465985	-1260	1261	-1025
chr13	27619883	27622605	27621907	2722	27621244	-1361	1361	663
chr13	110711040	110716889	110714207	5849	110713964	-2924	2925	243
chr13	110711040	110716889	110715833	5849	110713964	-2924	2925	1869
chr14	24438840	24443282	24442069	4442	24441061	-2221	2221	1008
chr14	24438840	24443282	24442815	4442	24441061	-2221	2221	1754
chr14	52706609	52708972	52707202	2363	52707790	-1181	1182	-588
chr14	76154423	76155344	76154741	921	76154883	-460	461	-142
chr14	73717092	73722089	73717580	4997	73719590	-2498	2499	-2010
chr14	93183208	93186174	93183317	2966	93184691	-1483	1483	-1374
chr14	20455593	20460019	20457511	4426	20457806	-2213	2213	-295
chr14	73489978	73494187	73492748	4209	73492082	-2104	2105	666
chr14	93183208	93186174	93183248	2966	93184691	-1483	1483	-1443
chr14	39173632	39176689	39175374	3057	39175160	-1528	1529	214
chr14	23554939	23558224	23556864	3285	23556581	-1642	1643	283
chr14	23554939	23558224	23557010	3285	23556581	-1642	1643	429
chr14	60720250	60724618	60723484	4368	60722434	-2184	2184	1050
chr14	68791266	68797194	68795280	5928	68794230	-2964	2964	1050
chr14	39173632	39176689	39176075	3057	39175160	-1528	1529	915
chr14	24212069	24214183	24214134	2114	24213126	-1057	1057	1008
chr14	61279399	61281740	61281699	2341	61280569	-1170	1171	1130
chr14	73711891	73715294	73713038	3403	73713592	-1701	1702	-554
chr14	20455593	20460019	20455930	4426	20457806	-2213	2213	-1876
chr14	39177397	39183054	39179098	5657	39180225	-2828	2829	-1127
chr14	103560475	103563773	103562051	3298	103562124	-1649	1649	-73
chr14	24430387	24433297	24431629	2910	24431842	-1455	1455	-213
chr14	65411591	65414608	65411943	3017	65413099	-1508	1509	-1156
chr14	22870968	22878539	22872270	7571	22874753	-3785	3786	-2483
chr14	75276674	75281886	75278873	5212	75279280	-2606	2606	-407
chr14	22928185	22930166	22929331	1981	22929175	-990	991	156
chr14	60720250	60724618	60723367	4368	60722434	-2184	2184	933
chr14	30621247	30622428	30622411	1181	30621837	-590	591	574
chr14	20455593	20460019	20457104	4426	20457806	-2213	2213	-702
chr14	68791266	68797194	68793068	5928	68794230	-2964	2964	-1162
chr14	24438840	24443282	24440201	4442	24441061	-2221	2221	-860
chr14	24214375	24216409	24215556	2034	24215392	-1017	1017	164
chr14	75002191	75005988	75002976	3797	75004089	-1898	1899	-1113
chr14	60720250	60724618	60723639	4368	60722434	-2184	2184	1205
chr14	24438840	24443282	24442207	4442	24441061	-2221	2221	1146
chr14	90396332	90398457	90397173	2125	90397394	-1062	1063	-221
chr14	20455593	20460019	20455659	4426	20457806	-2213	2213	-2147
chr14	103336379	103339025	103336760	2646	103337702	-1323	1323	-942
chr14	22928185	22930166	22928611	1981	22929175	-990	991	-564
chr14	75276674	75281886	75278993	5212	75279280	-2606	2606	-287
chr14	24438840	24443282	24439913	4442	24441061	-2221	2221	-1148
chr14	65101450	65105679	65102327	4229	65103564	-2114	2115	-1237
chr14	39177397	39183054	39177903	5657	39180225	-2828	2829	-2322
chr14	73489978	73494187	73491817	4209	73492082	-2104	2105	-265
chr14	94078726	94079814	94079131	1088	94079270	-544	544	-139
chr14	49633140	49638710	49635078	5570	49635925	-2785	2785	-847
chr14	73489978	73494187	73492018	4209	73492082	-2104	2105	-64
chr14	94078726	94079814	94079474	1088	94079270	-544	544	204
chr14	49620219	49622922	49622112	2703	49621570	-1351	1352	542
chr14	93183208	93186174	93183843	2966	93184691	-1483	1483	-848
chr14	24140365	24143873	24140893	3508	24142119	-1754	1754	-1226
chr14	24136319	24139271	24139197	2952	24137795	-1476	1476	1402
chr14	24136319	24139271	24138769	2952	24137795	-1476	1476	974
chr14	24438840	24443282	24440523	4442	24441061	-2221	2221	-538
chr14	68791266	68797194	68792905	5928	68794230	-2964	2964	-1325
chr14	103560475	103563773	103562076	3298	103562124	-1649	1649	-48
chr14	103336379	103339025	103337214	2646	103337702	-1323	1323	-488
chr14	52706609	52708972	52707179	2363	52707790	-1181	1182	-611
chr14	93183208	93186174	93184242	2966	93184691	-1483	1483	-449
chr14	20455593	20460019	20457416	4426	20457806	-2213	2213	-390
chr14	22832133	22835002	22834399	2869	22833567	-1434	1435	832
chr14	22928185	22930166	22929216	1981	22929175	-990	991	41
chr14	24140365	24143873	24141266	3508	24142119	-1754	1754	-853
chr14	24214375	24216409	24215661	2034	24215392	-1017	1017	269
chr14	39173632	39176689	39176571	3057	39175160	-1528	1529	1411
chr14	103560475	103563773	103560939	3298	103562124	-1649	1649	-1185
chr14	75002191	75005988	75003597	3797	75004089	-1898	1899	-492
chr14	92922696	92926852	92926646	4156	92924774	-2078	2078	1872
chr14	23554939	23558224	23557274	3285	23556581	-1642	1643	693
chr14	65411591	65414608	65411902	3017	65413099	-1508	1509	-1197
chr14	73489978	73494187	73493303	4209	73492082	-2104	2105	1221
chr14	75276674	75281886	75280594	5212	75279280	-2606	2606	1314
chr14	92922696	92926852	92924206	4156	92924774	-2078	2078	-568
chr14	24307134	24312575	24311608	5441	24309854	-2720	2721	1754
chr14	75276674	75281886	75281622	5212	75279280	-2606	2606	2342
chr14	24214375	24216409	24214558	2034	24215392	-1017	1017	-834
chr14	93183208	93186174	93183708	2966	93184691	-1483	1483	-983
chr14	57388722	57391864	57391559	3142	57390293	-1571	1571	1266
chr14	75002191	75005988	75004902	3797	75004089	-1898	1899	813
chr14	75002191	75005988	75003567	3797	75004089	-1898	1899	-522
chr14	68791266	68797194	68792979	5928	68794230	-2964	2964	-1251
chr14	73489978	73494187	73492158	4209	73492082	-2104	2105	76
chr14	75276674	75281886	75280062	5212	75279280	-2606	2606	782
chr14	93183208	93186174	93183837	2966	93184691	-1483	1483	-854
chr14	93183208	93186174	93184224	2966	93184691	-1483	1483	-467
chr14	75276674	75281886	75281370	5212	75279280	-2606	2606	2090
chr14	22832133	22835002	22833458	2869	22833567	-1434	1435	-109
chr14	24438840	24443282	24441019	4442	24441061	-2221	2221	-42
chr14	23554939	23558224	23557247	3285	23556581	-1642	1643	666
chr14	64939070	64940503	64939818	1433	64939786	-716	717	32
chr14	49620219	49622922	49621993	2703	49621570	-1351	1352	423
chr14	103560475	103563773	103560714	3298	103562124	-1649	1649	-1410
chr15	64702610	64705239	64703031	2629	64703924	-1314	1315	-893
chr15	89332845	89335403	89333102	2558	89334124	-1279	1279	-1022
chr15	39579908	39582628	39582296	2720	39581268	-1360	1360	1028
chr15	75336467	75339381	75338999	2914	75337924	-1457	1457	1075
chr15	64074599	64076929	64075495	2330	64075764	-1165	1165	-269
chr15	90951225	90954353	90952950	3128	90952789	-1564	1564	161
chr15	75345680	75353480	75349219	7800	75349580	-3900	3900	-361
chr15	74892307	74894485	74892775	2178	74893396	-1089	1089	-621
chr15	75371185	75374734	75371878	3549	75372959	-1774	1775	-1081
chr15	40333280	40340843	40339957	7563	40337061	-3781	3782	2896
chr15	90951225	90954353	90953239	3128	90952789	-1564	1564	450
chr15	64818953	64825315	64822291	6362	64822134	-3181	3181	157
chr15	66503113	66504166	66503435	1053	66503639	-526	527	-204
chr15	72117370	72119321	72117765	1951	72118345	-975	976	-580
chr15	39579908	39582628	39582236	2720	39581268	-1360	1360	968
chr15	43772596	43775492	43774677	2896	43774044	-1448	1448	633
chr15	43800496	43804639	43801809	4143	43802567	-2071	2072	-758
chr15	66504518	66506468	66505500	1950	66505493	-975	975	7
chr15	72473804	72475475	72474666	1671	72474639	-835	836	27
chr15	74892307	74894485	74892724	2178	74893396	-1089	1089	-672
chr15	81000190	81003342	81003239	3152	81001766	-1576	1576	1473
chr15	75336467	75339381	75338309	2914	75337924	-1457	1457	385
chr15	75842683	75844761	75844168	2078	75843722	-1039	1039	446
chr15	43788688	43796365	43795620	7677	43792526	-3838	3839	3094
chr15	72473804	72475475	72474975	1671	72474639	-835	836	336
chr15	40765226	40771496	40771419	6270	40768361	-3135	3135	3058
chr15	40333280	40340843	40339935	7563	40337061	-3781	3782	2874
chr15	75336467	75339381	75339025	2914	75337924	-1457	1457	1101
chr15	70096189	70098303	70096823	2114	70097246	-1057	1057	-423
chr15	97960175	97961981	97960871	1806	97961078	-903	903	-207
chr15	40765226	40771496	40768027	6270	40768361	-3135	3135	-334
chr15	40765226	40771496	40768036	6270	40768361	-3135	3135	-325
chr15	66503113	66504166	66503258	1053	66503639	-526	527	-381
chr15	98648041	98651751	98649636	3710	98649896	-1855	1855	-260
chr15	43788688	43796365	43795607	7677	43792526	-3838	3839	3081
chr15	40379878	40383584	40382995	3706	40381731	-1853	1853	1264
chr15	43788688	43796365	43795441	7677	43792526	-3838	3839	2915
chr15	75842683	75844761	75844344	2078	75843722	-1039	1039	622
chr15	64818953	64825315	64822491	6362	64822134	-3181	3181	357
chr15	70096189	70098303	70096702	2114	70097246	-1057	1057	-544
chr15	40333280	40340843	40338977	7563	40337061	-3781	3782	1916
chr15	75842683	75844761	75843665	2078	75843722	-1039	1039	-57
chr15	40379878	40383584	40382903	3706	40381731	-1853	1853	1172
chr15	43772596	43775492	43774246	2896	43774044	-1448	1448	202
chr15	75336467	75339381	75338276	2914	75337924	-1457	1457	352
chr15	43800496	43804639	43801770	4143	43802567	-2071	2072	-797
chr15	74841742	74842714	74842211	972	74842228	-486	486	-17
chr15	75345680	75353480	75349230	7800	75349580	-3900	3900	-350
chr15	90951225	90954353	90953170	3128	90952789	-1564	1564	381
chr15	40333280	40340843	40337751	7563	40337061	-3781	3782	690
chr15	63594448	63598402	63597452	3954	63596425	-1977	1977	1027
chr15	75345680	75353480	75348987	7800	75349580	-3900	3900	-593
chr15	64818953	64825315	64823837	6362	64822134	-3181	3181	1703
chr16	88855998	88858993	88858790	2995	88857495	-1497	1498	1295
chr16	4267571	4274244	4272763	6673	4270907	-3336	3337	1856
chr16	30581880	30587051	30583007	5171	30584465	-2585	2586	-1458
chr16	57990061	57997553	57997034	7492	57993807	-3746	3746	3227
chr16	30381003	30386326	30381464	5323	30383664	-2661	2662	-2200
chr16	30182803	30190232	30186437	7429	30186517	-3714	3715	-80
chr16	30889949	30893482	30893252	3533	30891715	-1766	1767	1537
chr16	19714030	19715936	19714229	1906	19714983	-953	953	-754
chr16	19113540	19116200	19115740	2660	19114870	-1330	1330	870
chr16	28984813	28992064	28985418	7251	28988438	-3625	3626	-3020
chr16	646228	650683	647983	4455	648455	-2227	2228	-472
chr16	646228	650683	648297	4455	648455	-2227	2228	-158
chr16	54927861	54934190	54932484	6329	54931025	-3164	3165	1459
chr16	57990061	57997553	57997019	7492	57993807	-3746	3746	3212
chr16	74997083	75000931	75000048	3848	74999007	-1924	1924	1041
chr16	1442531	1449768	1443973	7237	1446149	-3618	3619	-2176
chr16	67162542	67166189	67163040	3647	67164365	-1823	1824	-1325
chr16	173302	177107	173496	3805	175204	-1902	1903	-1708
chr16	30987284	30989002	30988185	1718	30988143	-859	859	42
chr16	70684326	70688707	70688195	4381	70686516	-2190	2191	1679
chr16	75565960	75567787	75566513	1827	75566873	-913	914	-360
chr16	28980518	28983444	28981459	2926	28981981	-1463	1463	-522
chr16	58515032	58518254	58516653	3222	58516643	-1611	1611	10
chr16	31870744	31874827	31873838	4083	31872785	-2041	2042	1053
chr16	28984813	28992064	28986164	7251	28988438	-3625	3626	-2274
chr16	19714030	19715936	19714147	1906	19714983	-953	953	-836
chr16	29801872	29808524	29807666	6652	29805198	-3326	3326	2468
chr16	28838528	28846122	28844257	7594	28842325	-3797	3797	1932
chr16	30381003	30386326	30381118	5323	30383664	-2661	2662	-2546
chr16	30381003	30386326	30381025	5323	30383664	-2661	2662	-2639
chr16	69130662	69133680	69132128	3018	69132171	-1509	1509	-43
chr16	30753550	30760117	30759682	6567	30756833	-3283	3284	2849
chr16	25256527	25258525	25257065	1998	25257526	-999	999	-461
chr16	30355160	30360133	30358445	4973	30357646	-2486	2487	799
chr16	2270436	2277308	2271798	6872	2273872	-3436	3436	-2074
chr16	57990061	57997553	57997194	7492	57993807	-3746	3746	3387
chr16	67149143	67156537	67149740	7394	67152840	-3697	3697	-3100
chr16	31198837	31201918	31201740	3081	31200377	-1540	1541	1363
chr16	19113540	19116200	19116066	2660	19114870	-1330	1330	1196
chr16	89870559	89874430	89873587	3871	89872494	-1935	1936	1093
chr16	29991887	29996915	29995441	5028	29994401	-2514	2514	1040
chr16	30381003	30386326	30381067	5323	30383664	-2661	2662	-2597
chr16	30355160	30360133	30359071	4973	30357646	-2486	2487	1425
chr16	30753550	30760117	30759044	6567	30756833	-3283	3284	2211
chr16	30651075	30657065	30652987	5990	30654070	-2995	2995	-1083
chr16	29801872	29808524	29802822	6652	29805198	-3326	3326	-2376
chr16	1492737	1499307	1494311	6570	1496022	-3285	3285	-1711
chr16	30392670	30399331	30398054	6661	30396000	-3330	3331	2054
chr16	67190909	67196477	67194743	5568	67193693	-2784	2784	1050
chr16	67277551	67283110	67280724	5559	67280330	-2779	2780	394
chr16	30392670	30399331	30398054	6661	30396000	-3330	3331	2054
chr16	30424755	30429041	30428931	4286	30426898	-2143	2143	2033
chr16	67149143	67156537	67149496	7394	67152840	-3697	3697	-3344
chr16	28838528	28846122	28842979	7594	28842325	-3797	3797	654
chr16	4688036	4694986	4693810	6950	4691511	-3475	3475	2299
chr16	29991887	29996915	29994586	5028	29994401	-2514	2514	185
chr16	20805632	20807697	20807083	2065	20806664	-1032	1033	419
chr16	67664315	67668740	67668069	4425	67666527	-2212	2213	1542
chr16	30392670	30399331	30399126	6661	30396000	-3330	3331	3126
chr16	646228	650683	648415	4455	648455	-2227	2228	-40
chr16	30651075	30657065	30654869	5990	30654070	-2995	2995	799
chr16	89870559	89874430	89873810	3871	89872494	-1935	1936	1316
chr16	79004	83212	79525	4208	81108	-2104	2104	-1583
chr16	74997083	75000931	75000088	3848	74999007	-1924	1924	1081
chr16	11913819	11916936	11915547	3117	11915377	-1558	1559	170
chr16	87866791	87870288	87868952	3497	87868539	-1748	1749	413
chr16	29991887	29996915	29994556	5028	29994401	-2514	2514	155
chr16	4267571	4274244	4272753	6673	4270907	-3336	3337	1846
chr16	31112887	31120243	31117662	7356	31116565	-3678	3678	1097
chr16	19066724	19069103	19068687	2379	19067913	-1189	1190	774
chr16	30581880	30587051	30583301	5171	30584465	-2585	2586	-1164
chr16	67149143	67156537	67149830	7394	67152840	-3697	3697	-3010
chr16	29991887	29996915	29993707	5028	29994401	-2514	2514	-694
chr16	30392670	30399331	30397950	6661	30396000	-3330	3331	1950
chr16	29991887	29996915	29993707	5028	29994401	-2514	2514	-694
chr16	646228	650683	648368	4455	648455	-2227	2228	-87
chr16	30651075	30657065	30651837	5990	30654070	-2995	2995	-2233
chr16	89870559	89874430	89873641	3871	89872494	-1935	1936	1147
chr16	5095072	5096913	5095495	1841	5095992	-920	921	-497
chr16	30984658	30987058	30985565	2400	30985858	-1200	1200	-293
chr16	633191	638855	634903	5664	636023	-2832	2832	-1120
chr16	13919696	13923003	13920187	3307	13921349	-1653	1654	-1162
chr16	70253200	70254161	70253752	961	70253680	-480	481	72
chr16	30651075	30657065	30656280	5990	30654070	-2995	2995	2210
chr16	29801872	29808524	29804027	6652	29805198	-3326	3326	-1171
chr16	173302	177107	173550	3805	175204	-1902	1903	-1654
chr16	30957778	30959774	30958800	1996	30958776	-998	998	24
chr16	67244874	67250719	67249202	5845	67247796	-2922	2923	1406
chr16	633191	638855	635285	5664	636023	-2832	2832	-738
chr16	1703559	1709854	1706525	6295	1706706	-3147	3148	-181
chr16	1492737	1499307	1497068	6570	1496022	-3285	3285	1046
chr16	28838528	28846122	28843085	7594	28842325	-3797	3797	760
chr16	28838528	28846122	28845916	7594	28842325	-3797	3797	3591
chr16	30581880	30587051	30583151	5171	30584465	-2585	2586	-1314
chr16	67162542	67166189	67163006	3647	67164365	-1823	1824	-1359
chr16	67664315	67668740	67667875	4425	67666527	-2212	2213	1348
chr16	70684326	70688707	70688228	4381	70686516	-2190	2191	1712
chr16	30381003	30386326	30381791	5323	30383664	-2661	2662	-1873
chr16	3439702	3442213	3440894	2511	3440957	-1255	1256	-63
chr16	4688036	4694986	4694362	6950	4691511	-3475	3475	2851
chr16	30392670	30399331	30398411	6661	30396000	-3330	3331	2411
chr16	87866791	87870288	87869141	3497	87868539	-1748	1749	602
chr16	30651075	30657065	30656391	5990	30654070	-2995	2995	2321
chr16	67244874	67250719	67247395	5845	67247796	-2922	2923	-401
chr16	28838528	28846122	28844093	7594	28842325	-3797	3797	1768
chr16	28980518	28983444	28982010	2926	28981981	-1463	1463	29
chr16	29898762	29901811	29901643	3049	29900286	-1524	1525	1357
chr16	77197872	77200842	77198122	2970	77199357	-1485	1485	-1235
chr16	30355160	30360133	30358121	4973	30357646	-2486	2487	475
chr16	30392670	30399331	30397634	6661	30396000	-3330	3331	1634
chr16	29801872	29808524	29805162	6652	29805198	-3326	3326	-36
chr16	30392670	30399331	30397798	6661	30396000	-3330	3331	1798
chr16	628162	632976	632837	4814	630569	-2407	2407	2268
chr16	70254291	70259651	70254626	5360	70256971	-2680	2680	-2345
chr16	30392670	30399331	30398731	6661	30396000	-3330	3331	2731
chr16	30651075	30657065	30656276	5990	30654070	-2995	2995	2206
chr16	30581880	30587051	30585171	5171	30584465	-2585	2586	706
chr16	30350971	30354406	30353225	3435	30352688	-1717	1718	537
chr16	1442531	1449768	1447551	7237	1446149	-3618	3619	1402
chr16	18798406	18802975	18798834	4569	18800690	-2284	2285	-1856
chr16	29991887	29996915	29994383	5028	29994401	-2514	2514	-18
chr16	4688036	4694986	4694070	6950	4691511	-3475	3475	2559
chr16	77197872	77200842	77198217	2970	77199357	-1485	1485	-1140
chr16	67149143	67156537	67149602	7394	67152840	-3697	3697	-3238
chr16	31182708	31187477	31183926	4769	31185092	-2384	2385	-1166
chr16	67244874	67250719	67249141	5845	67247796	-2922	2923	1345
chr16	4267571	4274244	4272743	6673	4270907	-3336	3337	1836
chr16	29801872	29808524	29807849	6652	29805198	-3326	3326	2651
chr16	30581880	30587051	30583379	5171	30584465	-2585	2586	-1086
chr16	30581880	30587051	30582674	5171	30584465	-2585	2586	-1791
chr16	28838528	28846122	28844425	7594	28842325	-3797	3797	2100
chr16	25110726	25112562	25111741	1836	25111644	-918	918	97
chr16	29991887	29996915	29995543	5028	29994401	-2514	2514	1142
chr16	77197872	77200842	77198228	2970	77199357	-1485	1485	-1129
chr16	29991887	29996915	29996819	5028	29994401	-2514	2514	2418
chr16	29801872	29808524	29808242	6652	29805198	-3326	3326	3044
chr16	30651075	30657065	30656246	5990	30654070	-2995	2995	2176
chr16	67190909	67196477	67193058	5568	67193693	-2784	2784	-635
chr16	88705275	88707482	88707210	2207	88706378	-1103	1104	832
chr16	89917661	89920700	89920216	3039	89919180	-1519	1520	1036
chr16	67169194	67171238	67169778	2044	67170216	-1022	1022	-438
chr16	396796	401800	399629	5004	399298	-2502	2502	331
chr16	4267571	4274244	4272735	6673	4270907	-3336	3337	1828
chr17	4794340	4798799	4796780	4459	4796569	-2229	2230	211
chr17	28714883	28719425	28715077	4542	28717154	-2271	2271	-2077
chr17	7564972	7566334	7565569	1362	7565653	-681	681	-84
chr17	39728765	39731741	39729470	2976	39730253	-1488	1488	-783
chr17	42569699	42571790	42570116	2091	42570744	-1045	1046	-628
chr17	76727430	76729889	76729699	2459	76728659	-1229	1230	1040
chr17	4794340	4798799	4798024	4459	4796569	-2229	2230	1455
chr17	34960667	34962395	34961261	1728	34961531	-864	864	-270
chr17	42113414	42118920	42113767	5506	42116167	-2753	2753	-2400
chr17	7702055	7707000	7702754	4945	7704527	-2472	2473	-1773
chr17	74203109	74204696	74204219	1587	74203902	-793	794	317
chr17	7592390	7597141	7592763	4751	7594765	-2375	2376	-2002
chr17	8159173	8167141	8161516	7968	8163157	-3984	3984	-1641
chr17	992445	999751	997260	7306	996098	-3653	3653	1162
chr17	51119138	51121363	51120455	2225	51120250	-1112	1113	205
chr17	62625481	62629716	62627874	4235	62627598	-2117	2118	276
chr17	75519992	75527354	75522251	7362	75523673	-3681	3681	-1422
chr17	8169536	8174503	8173586	4967	8172019	-2483	2484	1567
chr17	4930324	4936631	4934468	6307	4933477	-3153	3154	991
chr17	18316997	18318133	18318010	1136	18317565	-568	568	445
chr17	18316997	18318133	18317258	1136	18317565	-568	568	-307
chr17	5485394	5489865	5489707	4471	5487629	-2235	2236	2078
chr17	6995403	6998696	6996894	3293	6997049	-1646	1647	-155
chr17	7254469	7260166	7254682	5697	7257317	-2848	2849	-2635
chr17	42794505	42796182	42795801	1677	42795343	-838	839	458
chr17	38729063	38734813	38731363	5750	38731938	-2875	2875	-575
chr17	41688102	41693855	41690945	5753	41690978	-2876	2877	-33
chr17	7848349	7851767	7851667	3418	7850058	-1709	1709	1609
chr17	65055443	65058855	65056574	3412	65057149	-1706	1706	-575
chr17	7439163	7443547	7442672	4384	7441355	-2192	2192	1317
chr17	7439163	7443547	7443053	4384	7441355	-2192	2192	1698
chr17	42673357	42679541	42674376	6184	42676449	-3092	3092	-2073
chr17	28895284	28902159	28901049	6875	28898721	-3437	3438	2328
chr17	74776206	74777426	74777354	1220	74776816	-610	610	538
chr17	67365274	67367261	67366442	1987	67366267	-993	994	175
chr17	1681035	1685175	1681614	4140	1683105	-2070	2070	-1491
chr17	64502734	64508251	64504760	5517	64505492	-2758	2759	-732
chr17	59704790	59708662	59707447	3872	59706726	-1936	1936	721
chr17	28331454	28335234	28331912	3780	28333344	-1890	1890	-1432
chr17	4930324	4936631	4934356	6307	4933477	-3153	3154	879
chr17	7930578	7933313	7931536	2735	7931945	-1367	1368	-409
chr17	43207791	43210535	43210073	2744	43209163	-1372	1372	910
chr17	1651291	1656542	1651547	5251	1653916	-2625	2626	-2369
chr17	7235511	7240997	7237387	5486	7238254	-2743	2743	-867
chr17	74203109	74204696	74203999	1587	74203902	-793	794	97
chr17	75519992	75527354	75521490	7362	75523673	-3681	3681	-2183
chr17	45148439	45150638	45148504	2199	45149538	-1099	1100	-1034
chr17	7381896	7386027	7383315	4131	7383961	-2065	2066	-646
chr17	28641206	28647285	28643233	6079	28644245	-3039	3040	-1012
chr17	40094377	40098613	40097303	4236	40096495	-2118	2118	808
chr17	4942299	4946191	4945195	3892	4944245	-1946	1946	950
chr17	58002210	58009560	58005926	7350	58005885	-3675	3675	41
chr17	74203109	74204696	74204306	1587	74203902	-793	794	404
chr17	42999609	43004306	43002771	4697	43001957	-2348	2349	814
chr17	45148439	45150638	45149667	2199	45149538	-1099	1100	129
chr17	7930578	7933313	7930658	2735	7931945	-1367	1368	-1287
chr17	74776206	74777426	74777327	1220	74776816	-610	610	511
chr17	42794505	42796182	42795982	1677	42795343	-838	839	639
chr17	19381012	19388099	19386393	7087	19384555	-3543	3544	1838
chr17	8159173	8167141	8160829	7968	8163157	-3984	3984	-2328
chr17	43026176	43029970	43028641	3794	43028073	-1897	1897	568
chr17	76735848	76738374	76738366	2526	76737111	-1263	1263	1255
chr17	18316997	18318133	18317265	1136	18317565	-568	568	-300
chr17	42556892	42564020	42563156	7128	42560456	-3564	3564	2700
chr17	45436763	45438246	45437788	1483	45437504	-741	742	284
chr17	7345264	7349743	7348354	4479	7347503	-2239	2240	851
chr17	36598665	36602832	36602087	4167	36600748	-2083	2084	1339
chr17	39195743	39200912	39197427	5169	39198327	-2584	2585	-900
chr17	59105567	59106824	59106681	1257	59106195	-628	629	486
chr17	64502734	64508251	64506149	5517	64505492	-2758	2759	657
chr17	7279714	7286981	7284294	7267	7283347	-3633	3634	947
chr17	41688102	41693855	41688925	5753	41690978	-2876	2877	-2053
chr17	4984809	4988627	4988469	3818	4986718	-1909	1909	1751
chr17	28331454	28335234	28331887	3780	28333344	-1890	1890	-1457
chr17	78179209	78185351	78185067	6142	78182280	-3071	3071	2787
chr17	2332172	2334126	2333694	1954	2333149	-977	977	545
chr17	7279714	7286981	7283245	7267	7283347	-3633	3634	-102
chr17	47834867	47837843	47835018	2976	47836355	-1488	1488	-1337
chr17	7854768	7859350	7858719	4582	7857059	-2291	2291	1660
chr17	6995403	6998696	6996999	3293	6997049	-1646	1647	-50
chr17	41968416	41970105	41968658	1689	41969260	-844	845	-602
chr17	44004112	44010689	44008557	6577	44007400	-3288	3289	1157
chr17	75519992	75527354	75524436	7362	75523673	-3681	3681	763
chr17	7254469	7260166	7258703	5697	7257317	-2848	2849	1386
chr17	76735848	76738374	76735904	2526	76737111	-1263	1263	-1207
chr17	34960667	34962395	34961586	1728	34961531	-864	864	55
chr17	42113414	42118920	42114602	5506	42116167	-2753	2753	-1565
chr17	7852212	7853906	7853001	1694	7853059	-847	847	-58
chr17	7254469	7260166	7254723	5697	7257317	-2848	2849	-2594
chr17	42556892	42564020	42563173	7128	42560456	-3564	3564	2717
chr17	42556892	42564020	42563261	7128	42560456	-3564	3564	2805
chr17	42574049	42578307	42574193	4258	42576178	-2129	2129	-1985
chr17	78356468	78362526	78358883	6058	78359497	-3029	3029	-614
chr17	7832069	7836219	7833124	4150	7834144	-2075	2075	-1020
chr17	7832069	7836219	7833591	4150	7834144	-2075	2075	-553
chr17	45135353	45138364	45136583	3011	45136858	-1505	1506	-275
chr17	75519992	75527354	75523747	7362	75523673	-3681	3681	74
chr17	7576250	7583423	7580774	7173	7579836	-3586	3587	938
chr17	7564972	7566334	7565588	1362	7565653	-681	681	-65
chr17	7349946	7353527	7352680	3581	7351736	-1790	1791	944
chr17	15999307	16000639	15999723	1332	15999973	-666	666	-250
chr17	76735848	76738374	76737005	2526	76737111	-1263	1263	-106
chr17	42556892	42564020	42563151	7128	42560456	-3564	3564	2695
chr17	75625058	75632291	75629728	7233	75628674	-3616	3617	1054
chr17	75519992	75527354	75524389	7362	75523673	-3681	3681	716
chr17	48907836	48911306	48910872	3470	48909571	-1735	1735	1301
chr17	64502734	64508251	64503220	5517	64505492	-2758	2759	-2272
chr17	7345264	7349743	7349003	4479	7347503	-2239	2240	1500
chr17	7702055	7707000	7703081	4945	7704527	-2472	2473	-1446
chr17	42020038	42026083	42021618	6045	42023060	-3022	3023	-1442
chr17	42574049	42578307	42577098	4258	42576178	-2129	2129	920
chr17	4942299	4946191	4944879	3892	4944245	-1946	1946	634
chr17	42556892	42564020	42562733	7128	42560456	-3564	3564	2277
chr17	42673357	42679541	42674385	6184	42676449	-3092	3092	-2064
chr17	27293289	27295033	27294366	1744	27294161	-872	872	205
chr17	78356468	78362526	78358390	6058	78359497	-3029	3029	-1107
chr17	18316997	18318133	18317336	1136	18317565	-568	568	-229
chr17	42794505	42796182	42795874	1677	42795343	-838	839	531
chr17	43026176	43029970	43028584	3794	43028073	-1897	1897	511
chr17	4968225	4973236	4968807	5011	4970730	-2505	2506	-1923
chr17	16378948	16381785	16381057	2837	16380366	-1418	1419	691
chr17	38798206	38801517	38799332	3311	38799861	-1655	1656	-529
chr17	1513934	1519554	1518009	5620	1516744	-2810	2810	1265
chr17	2335876	2339742	2336518	3866	2337809	-1933	1933	-1291
chr17	4794340	4798799	4797558	4459	4796569	-2229	2230	989
chr17	7576250	7583423	7578165	7173	7579836	-3586	3587	-1671
chr17	7576250	7583423	7577482	7173	7579836	-3586	3587	-2354
chr17	42556892	42564020	42562953	7128	42560456	-3564	3564	2497
chr17	4930324	4936631	4932981	6307	4933477	-3153	3154	-496
chr17	75846036	75851256	75847819	5220	75848646	-2610	2610	-827
chr17	44195188	44201905	44197256	6717	44198546	-3358	3359	-1290
chr17	58002210	58009560	58006964	7350	58005885	-3675	3675	1079
chr17	39461301	39463284	39462809	1983	39462292	-991	992	517
chr17	7592390	7597141	7593926	4751	7594765	-2375	2376	-839
chr17	42680860	42683741	42682894	2881	42682300	-1440	1441	594
chr17	4731475	4736238	4735161	4763	4733856	-2381	2382	1305
chr17	5485394	5489865	5489258	4471	5487629	-2235	2236	1629
chr17	76735848	76738374	76736420	2526	76737111	-1263	1263	-691
chr17	42569699	42571790	42570046	2091	42570744	-1045	1046	-698
chr17	64502734	64508251	64504315	5517	64505492	-2758	2759	-1177
chr17	7235511	7240997	7235576	5486	7238254	-2743	2743	-2678
chr17	38729063	38734813	38730791	5750	38731938	-2875	2875	-1147
chr17	64499688	64502068	64500602	2380	64500878	-1190	1190	-276
chr17	50369682	50373895	50370510	4213	50371788	-2106	2107	-1278
chr17	64502734	64508251	64503190	5517	64505492	-2758	2759	-2302
chr17	42794505	42796182	42795008	1677	42795343	-838	839	-335
chr17	7015512	7016844	7015822	1332	7016178	-666	666	-356
chr17	29291693	29295031	29294053	3338	29293362	-1669	1669	691
chr17	58002210	58009560	58005742	7350	58005885	-3675	3675	-143
chr17	28895284	28902159	28898492	6875	28898721	-3437	3438	-229
chr17	7279714	7286981	7285708	7267	7283347	-3633	3634	2361
chr17	18316997	18318133	18317323	1136	18317565	-568	568	-242
chr17	7564972	7566334	7565143	1362	7565653	-681	681	-510
chr17	7564972	7566334	7565349	1362	7565653	-681	681	-304
chr17	2332172	2334126	2333014	1954	2333149	-977	977	-135
chr17	4731475	4736238	4733217	4763	4733856	-2381	2382	-639
chr17	5485394	5489865	5489153	4471	5487629	-2235	2236	1524
chr17	7439163	7443547	7441532	4384	7441355	-2192	2192	177
chr17	7576250	7583423	7579836	7173	7579836	-3586	3587	0
chr17	7854768	7859350	7858053	4582	7857059	-2291	2291	994
chr17	7854768	7859350	7858204	4582	7857059	-2291	2291	1145
chr17	17495189	17499336	17495496	4147	17497262	-2073	2074	-1766
chr17	19381012	19388099	19384405	7087	19384555	-3543	3544	-150
chr17	35118419	35120928	35119157	2509	35119673	-1254	1255	-516
chr17	58002210	58009560	58005382	7350	58005885	-3675	3675	-503
chr17	64502734	64508251	64506202	5517	64505492	-2758	2759	710
chr17	74769145	74775822	74775690	6677	74772483	-3338	3339	3207
chr17	76735848	76738374	76736996	2526	76737111	-1263	1263	-115
chr17	8203199	8208878	8207191	5679	8206038	-2839	2840	1153
chr17	7576250	7583423	7577972	7173	7579836	-3586	3587	-1864
chr17	51119138	51121363	51120530	2225	51120250	-1112	1113	280
chr17	42673357	42679541	42674411	6184	42676449	-3092	3092	-2038
chr17	74769145	74775822	74773638	6677	74772483	-3338	3339	1155
chr17	1640823	1648233	1645614	7410	1644528	-3705	3705	1086
chr17	7576250	7583423	7578876	7173	7579836	-3586	3587	-960
chr17	992445	999751	998927	7306	996098	-3653	3653	2829
chr17	2332172	2334126	2332982	1954	2333149	-977	977	-167
chr17	4930324	4936631	4932700	6307	4933477	-3153	3154	-777
chr17	4930324	4936631	4934126	6307	4933477	-3153	3154	649
chr17	7235511	7240997	7236391	5486	7238254	-2743	2743	-1863
chr17	7557803	7561047	7560824	3244	7559425	-1622	1622	1399
chr17	62064175	62065914	62065155	1739	62065044	-869	870	111
chr17	75519992	75527354	75523696	7362	75523673	-3681	3681	23
chr17	8169536	8174503	8174187	4967	8172019	-2483	2484	2168
chr17	7832069	7836219	7833666	4150	7834144	-2075	2075	-478
chr17	7381896	7386027	7383275	4131	7383961	-2065	2066	-686
chr17	7345264	7349743	7347988	4479	7347503	-2239	2240	485
chr17	64502734	64508251	64506219	5517	64505492	-2758	2759	727
chr17	7592390	7597141	7593099	4751	7594765	-2375	2376	-1666
chr17	7702055	7707000	7703123	4945	7704527	-2472	2473	-1404
chr17	57254967	57260045	57257094	5078	57257506	-2539	2539	-412
chr17	64499688	64502068	64500611	2380	64500878	-1190	1190	-267
chr17	45436763	45438246	45437088	1483	45437504	-741	742	-416
chr17	28641206	28647285	28642908	6079	28644245	-3039	3040	-1337
chr17	47943481	47946418	47944640	2937	47944949	-1468	1469	-309
chr17	7439163	7443547	7443044	4384	7441355	-2192	2192	1689
chr17	7557803	7561047	7560081	3244	7559425	-1622	1622	656
chr17	42778403	42782773	42779054	4370	42780588	-2185	2185	-1534
chr17	5485394	5489865	5489554	4471	5487629	-2235	2236	1925
chr17	28895284	28902159	28900999	6875	28898721	-3437	3438	2278
chr17	4930324	4936631	4934406	6307	4933477	-3153	3154	929
chr17	7592390	7597141	7592578	4751	7594765	-2375	2376	-2187
chr17	38729063	38734813	38731353	5750	38731938	-2875	2875	-585
chr17	36598665	36602832	36599754	4167	36600748	-2083	2084	-994
chr17	39461301	39463284	39462381	1983	39462292	-991	992	89
chr17	38672210	38674394	38673391	2184	38673302	-1092	1092	89
chr17	42556892	42564020	42563410	7128	42560456	-3564	3564	2954
chr17	7439163	7443547	7442742	4384	7441355	-2192	2192	1387
chr17	79780804	79787906	79782135	7102	79784355	-3551	3551	-2220
chr17	67824477	67827199	67826311	2722	67825838	-1361	1361	473
chr17	76307047	76311771	76307477	4724	76309409	-2362	2362	-1932
chr17	28944811	28951700	28950069	6889	28948255	-3444	3445	1814
chr17	28944811	28951700	28950071	6889	28948255	-3444	3445	1816
chr17	39461301	39463284	39462327	1983	39462292	-991	992	35
chr17	81665743	81670843	81667780	5100	81668293	-2550	2550	-513
chr17	57254967	57260045	57257490	5078	57257506	-2539	2539	-16
chr17	7832069	7836219	7832887	4150	7834144	-2075	2075	-1257
chr17	19381012	19388099	19384393	7087	19384555	-3543	3544	-162
chr17	7013679	7015432	7014222	1753	7014555	-876	877	-333
chr17	7576250	7583423	7577425	7173	7579836	-3586	3587	-2411
chr17	75667151	75669929	75667179	2778	75668540	-1389	1389	-1361
chr17	39726614	39728501	39727755	1887	39727557	-943	944	198
chr17	7557803	7561047	7560907	3244	7559425	-1622	1622	1482
chr17	64502734	64508251	64504281	5517	64505492	-2758	2759	-1211
chr17	7852212	7853906	7852251	1694	7853059	-847	847	-808
chr17	7254469	7260166	7254709	5697	7257317	-2848	2849	-2608
chr17	4968225	4973236	4969693	5011	4970730	-2505	2506	-1037
chr17	7279714	7286981	7284531	7267	7283347	-3633	3634	1184
chr17	75667151	75669929	75668539	2778	75668540	-1389	1389	-1
chr17	64502734	64508251	64504690	5517	64505492	-2758	2759	-802
chr17	4942299	4946191	4943458	3892	4944245	-1946	1946	-787
chr17	4942299	4946191	4944641	3892	4944245	-1946	1946	396
chr17	42794505	42796182	42795424	1677	42795343	-838	839	81
chr17	75519992	75527354	75521862	7362	75523673	-3681	3681	-1811
chr17	28895284	28902159	28901555	6875	28898721	-3437	3438	2834
chr17	7433856	7438927	7436666	5071	7436391	-2535	2536	275
chr17	39461301	39463284	39462193	1983	39462292	-991	992	-99
chr17	42020038	42026083	42024016	6045	42023060	-3022	3023	956
chr17	75667151	75669929	75667370	2778	75668540	-1389	1389	-1170
chr17	29291693	29295031	29294077	3338	29293362	-1669	1669	715
chr17	28895284	28902159	28898584	6875	28898721	-3437	3438	-137
chr17	4930324	4936631	4934586	6307	4933477	-3153	3154	1109
chr17	7576250	7583423	7579890	7173	7579836	-3586	3587	54
chr17	76307047	76311771	76307482	4724	76309409	-2362	2362	-1927
chr17	42020038	42026083	42021542	6045	42023060	-3022	3023	-1518
chr17	75519992	75527354	75524494	7362	75523673	-3681	3681	821
chr17	78179209	78185351	78185155	6142	78182280	-3071	3071	2875
chr18	63316647	63320820	63318380	4173	63318733	-2086	2087	-353
chr18	63316647	63320820	63318836	4173	63318733	-2086	2087	103
chr18	48948979	48951031	48949941	2052	48950005	-1026	1026	-64
chr18	35242203	35244370	35242485	2167	35243286	-1083	1084	-801
chr18	79967528	79969509	79968123	1981	79968518	-990	991	-395
chr18	49490785	49493831	49491545	3046	49492308	-1523	1523	-763
chr18	62715363	62718723	62717252	3360	62717043	-1680	1680	209
chr18	62715363	62718723	62717229	3360	62717043	-1680	1680	186
chr18	49490785	49493831	49490853	3046	49492308	-1523	1523	-1455
chr19	19532553	19539739	19535082	7186	19536146	-3593	3593	-1064
chr19	57392683	57396875	57394185	4192	57394779	-2096	2096	-594
chr19	35544801	35548370	35546707	3569	35546585	-1784	1785	122
chr19	12916407	12919779	12919268	3372	12918093	-1686	1686	1175
chr19	18570424	18576330	18574947	5906	18573377	-2953	2953	1570
chr19	40588478	40592729	40589177	4251	40590603	-2125	2126	-1426
chr19	39979850	39981574	39981435	1724	39980712	-862	862	723
chr19	19201426	19205888	19202230	4462	19203657	-2231	2231	-1427
chr19	19636969	19641556	19640153	4587	19639262	-2293	2294	891
chr19	41438867	41440516	41439535	1649	41439691	-824	825	-156
chr19	48635470	48640265	48640097	4795	48637867	-2397	2398	2230
chr19	50381641	50388603	50381987	6962	50385122	-3481	3481	-3135
chr19	32973391	32976178	32973503	2787	32974784	-1393	1394	-1281
chr19	45692409	45693684	45693556	1275	45693046	-637	638	510
chr19	39196798	39200241	39199257	3443	39198519	-1721	1722	738
chr19	15376680	15381665	15380524	4985	15379172	-2492	2493	1352
chr19	38929925	38932796	38932380	2871	38931360	-1435	1436	1020
chr19	19201426	19205888	19201969	4462	19203657	-2231	2231	-1688
chr19	45692409	45693684	45693548	1275	45693046	-637	638	502
chr19	6730133	6734723	6731082	4590	6732428	-2295	2295	-1346
chr19	52187909	52191430	52190102	3521	52189669	-1760	1761	433
chr19	49445065	49451112	49449505	6047	49448088	-3023	3024	1417
chr19	35275842	35280215	35278783	4373	35278028	-2186	2187	755
chr19	49584646	49592221	49588500	7575	49588433	-3787	3788	67
chr19	49459448	49463835	49462658	4387	49461641	-2193	2194	1017
chr19	11377286	11379250	11378013	1964	11378268	-982	982	-255
chr19	8506504	8512089	8510733	5585	8509296	-2792	2793	1437
chr19	11576125	11580366	11576976	4241	11578245	-2120	2121	-1269
chr19	39478800	39483840	39480712	5040	39481320	-2520	2520	-608
chr19	49635102	49642696	49636676	7594	49638899	-3797	3797	-2223
chr19	52187909	52191430	52190114	3521	52189669	-1760	1761	445
chr19	58510229	58517412	58511725	7183	58513820	-3591	3592	-2095
chr19	45404808	45406859	45406572	2051	45405833	-1025	1026	739
chr19	19193256	19198520	19193986	5264	19195888	-2632	2632	-1902
chr19	8322515	8323247	8322872	732	8322881	-366	366	-9
chr19	8498868	8501639	8498931	2771	8500253	-1385	1386	-1322
chr19	35611438	35615482	35615327	4044	35613460	-2022	2022	1867
chr19	55399755	55405060	55404408	5305	55402407	-2652	2653	2001
chr19	18564234	18568789	18568584	4555	18566511	-2277	2278	2073
chr19	12928245	12932866	12930338	4621	12930555	-2310	2311	-217
chr19	38299626	38307035	38304278	7409	38303330	-3704	3705	948
chr19	38384722	38391354	38385992	6632	38388038	-3316	3316	-2046
chr19	14515542	14517933	14516744	2391	14516737	-1195	1196	7
chr19	39979850	39981574	39981202	1724	39980712	-862	862	490
chr19	38299626	38307035	38304473	7409	38303330	-3704	3705	1143
chr19	19201426	19205888	19203112	4462	19203657	-2231	2231	-545
chr19	40717506	40718782	40717881	1276	40718144	-638	638	-263
chr19	43503491	43508174	43506848	4683	43505832	-2341	2342	1016
chr19	54159301	54161018	54159640	1717	54160159	-858	859	-519
chr19	54174005	54178274	54174276	4269	54176139	-2134	2135	-1863
chr19	8498868	8501639	8499320	2771	8500253	-1385	1386	-933
chr19	11354764	11358402	11357682	3638	11356583	-1819	1819	1099
chr19	39385700	39390487	39390160	4787	39388093	-2393	2394	2067
chr19	54171562	54173591	54173077	2029	54172576	-1014	1015	501
chr19	51415642	51418083	51416895	2441	51416862	-1220	1221	33
chr19	36008531	36012328	36008650	3797	36010429	-1898	1899	-1779
chr19	32973391	32976178	32973563	2787	32974784	-1393	1394	-1221
chr19	11354764	11358402	11356871	3638	11356583	-1819	1819	288
chr19	11232820	11239795	11236494	6975	11236307	-3487	3488	187
chr19	55595392	55599857	55597796	4465	55597624	-2232	2233	172
chr19	51415642	51418083	51416267	2441	51416862	-1220	1221	-595
chr19	49584646	49592221	49590575	7575	49588433	-3787	3788	2142
chr19	41355923	41362626	41357909	6703	41359274	-3351	3352	-1365
chr19	19532553	19539739	19535082	7186	19536146	-3593	3593	-1064
chr19	17072774	17076821	17075448	4047	17074797	-2023	2024	651
chr19	54183209	54187528	54187278	4319	54185368	-2159	2160	1910
chr19	40717506	40718782	40717724	1276	40718144	-638	638	-420
chr19	39973131	39976730	39974801	3599	39974930	-1799	1800	-129
chr19	8498868	8501639	8499022	2771	8500253	-1385	1386	-1231
chr19	11924281	11926152	11925119	1871	11925216	-935	936	-97
chr19	45468260	45469092	45468475	832	45468676	-416	416	-201
chr19	11924281	11926152	11925217	1871	11925216	-935	936	1
chr19	19201426	19205888	19203129	4462	19203657	-2231	2231	-528
chr19	51415642	51418083	51416797	2441	51416862	-1220	1221	-65
chr19	49660466	49665411	49661806	4945	49662938	-2472	2473	-1132
chr19	40436373	40442438	40441584	6065	40439405	-3032	3033	2179
chr19	48635470	48640265	48639388	4795	48637867	-2397	2398	1521
chr19	38384722	38391354	38386164	6632	38388038	-3316	3316	-1874
chr19	35544801	35548370	35544977	3569	35546585	-1784	1785	-1608
chr19	45468260	45469092	45468627	832	45468676	-416	416	-49
chr19	35741394	35745382	35744291	3988	35743388	-1994	1994	903
chr19	6730133	6734723	6731892	4590	6732428	-2295	2295	-536
chr19	49594175	49599158	49594896	4983	49596666	-2491	2492	-1770
chr19	54174005	54178274	54174176	4269	54176139	-2134	2135	-1963
chr19	45498437	45502365	45499226	3928	45500401	-1964	1964	-1175
chr19	48466534	48471738	48470443	5204	48469136	-2602	2602	1307
chr19	11354764	11358402	11354909	3638	11356583	-1819	1819	-1674
chr19	11377286	11379250	11378102	1964	11378268	-982	982	-166
chr19	39837326	39840825	39837740	3499	39839075	-1749	1750	-1335
chr19	41431666	41438240	41438226	6574	41434953	-3287	3287	3273
chr19	39979850	39981574	39981359	1724	39980712	-862	862	647
chr19	6730133	6734723	6731270	4590	6732428	-2295	2295	-1158
chr19	51415642	51418083	51416149	2441	51416862	-1220	1221	-713
chr19	38929925	38932796	38931310	2871	38931360	-1435	1436	-50
chr19	13104148	13107203	13105445	3055	13105675	-1527	1528	-230
chr19	6737052	6741393	6739777	4341	6739222	-2170	2171	555
chr19	51364795	51371944	51371656	7149	51368369	-3574	3575	3287
chr19	19201426	19205888	19202216	4462	19203657	-2231	2231	-1441
chr19	19201426	19205888	19202402	4462	19203657	-2231	2231	-1255
chr19	54159301	54161018	54160281	1717	54160159	-858	859	122
chr19	19201426	19205888	19201718	4462	19203657	-2231	2231	-1939
chr19	48964804	48966628	48966589	1824	48965716	-912	912	873
chr19	7532874	7534340	7533763	1466	7533607	-733	733	156
chr19	45883913	45887300	45885128	3387	45885606	-1693	1694	-478
chr19	7632022	7633600	7633527	1578	7632811	-789	789	716
chr19	54156260	54158793	54158395	2533	54157526	-1266	1267	869
chr19	1438052	1442971	1440093	4919	1440511	-2459	2460	-418
chr19	49660466	49665411	49663428	4945	49662938	-2472	2473	490
chr19	7632022	7633600	7633539	1578	7632811	-789	789	728
chr19	45498437	45502365	45499661	3928	45500401	-1964	1964	-740
chr19	48869169	48876602	48874105	7433	48872885	-3716	3717	1220
chr19	54156260	54158793	54156811	2533	54157526	-1266	1267	-715
chr19	8498868	8501639	8499181	2771	8500253	-1385	1386	-1072
chr19	35248183	35255398	35250485	7215	35251790	-3607	3608	-1305
chr19	7628501	7631491	7629824	2990	7629996	-1495	1495	-172
chr19	11344733	11347200	11346515	2467	11345966	-1233	1234	549
chr19	16322959	16327392	16327072	4433	16325175	-2216	2217	1897
chr19	50327065	50333750	50328578	6685	50330407	-3342	3343	-1829
chr19	39973131	39976730	39974354	3599	39974930	-1799	1800	-576
chr19	15229066	15234917	15231781	5851	15231991	-2925	2926	-210
chr19	11418738	11424161	11421760	5423	11421449	-2711	2712	311
chr19	35281311	35283188	35282534	1877	35282249	-938	939	285
chr19	45469520	45474285	45470835	4765	45471902	-2382	2383	-1067
chr19	54159301	54161018	54160188	1717	54160159	-858	859	29
chr19	7623093	7628030	7627806	4937	7625561	-2468	2469	2245
chr19	7871816	7878749	7872321	6933	7875282	-3466	3467	-2961
chr19	7871816	7878749	7873281	6933	7875282	-3466	3467	-2001
chr19	8506504	8512089	8510725	5585	8509296	-2792	2793	1429
chr19	39405842	39408540	39408253	2698	39407191	-1349	1349	1062
chr19	49445065	49451112	49449501	6047	49448088	-3023	3024	1413
chr19	57848940	57851378	57850374	2438	57850159	-1219	1219	215
chr19	38384722	38391354	38387249	6632	38388038	-3316	3316	-789
chr19	40436373	40442438	40441744	6065	40439405	-3032	3033	2339
chr19	17072774	17076821	17075403	4047	17074797	-2023	2024	606
chr19	7623093	7628030	7627353	4937	7625561	-2468	2469	1792
chr19	48635470	48640265	48639338	4795	48637867	-2397	2398	1471
chr19	48635470	48640265	48640207	4795	48637867	-2397	2398	2340
chr19	10833475	10836396	10835253	2921	10834935	-1460	1461	318
chr19	54174005	54178274	54174158	4269	54176139	-2134	2135	-1981
chr19	3571396	3579085	3576926	7689	3575240	-3844	3845	1686
chr19	7921420	7922948	7921702	1528	7922184	-764	764	-482
chr19	34427265	34429876	34428523	2611	34428570	-1305	1306	-47
chr19	49660466	49665411	49664818	4945	49662938	-2472	2473	1880
chr19	12921084	12923182	12922588	2098	12922133	-1049	1049	455
chr19	41431666	41438240	41432326	6574	41434953	-3287	3287	-2627
chr19	48635470	48640265	48638982	4795	48637867	-2397	2398	1115
chr19	48741980	48746493	48743452	4513	48744236	-2256	2257	-784
chr19	7628501	7631491	7629554	2990	7629996	-1495	1495	-442
chr19	7628501	7631491	7629826	2990	7629996	-1495	1495	-170
chr19	11344733	11347200	11346604	2467	11345966	-1233	1234	638
chr19	42295742	42302769	42302418	7027	42299255	-3513	3514	3163
chr19	51343807	51346388	51345252	2581	51345097	-1290	1291	155
chr19	54171562	54173591	54173248	2029	54172576	-1014	1015	672
chr19	54189943	54193442	54191944	3499	54191692	-1749	1750	252
chr19	38299626	38307035	38304469	7409	38303330	-3704	3705	1139
chr19	12940264	12946701	12940413	6437	12943482	-3218	3219	-3069
chr19	40436373	40442438	40441591	6065	40439405	-3032	3033	2186
chr19	49459448	49463835	49461986	4387	49461641	-2193	2194	345
chr19	39837326	39840825	39837756	3499	39839075	-1749	1750	-1319
chr19	45469520	45474285	45470965	4765	45471902	-2382	2383	-937
chr19	3571396	3579085	3576914	7689	3575240	-3844	3845	1674
chr19	18570424	18576330	18575073	5906	18573377	-2953	2953	1696
chr19	45407641	45408805	45408745	1164	45408223	-582	582	522
chr19	35611438	35615482	35615259	4044	35613460	-2022	2022	1799
chr19	55650836	55652099	55651383	1263	55651467	-631	632	-84
chr19	48635470	48640265	48638954	4795	48637867	-2397	2398	1087
chr19	19193256	19198520	19194043	5264	19195888	-2632	2632	-1845
chr19	55602034	55606387	55602499	4353	55604210	-2176	2177	-1711
chr19	49459448	49463835	49459681	4387	49461641	-2193	2194	-1960
chr19	11348124	11354131	11353619	6007	11351127	-3003	3004	2492
chr19	48635470	48640265	48639402	4795	48637867	-2397	2398	1535
chr19	52269329	52271603	52269598	2274	52270466	-1137	1137	-868
chr19	55229062	55232046	55231804	2984	55230554	-1492	1492	1250
chr19	49584646	49592221	49591663	7575	49588433	-3787	3788	3230
chr19	54199799	54202867	54201241	3068	54201333	-1534	1534	-92
chr19	39405842	39408540	39406865	2698	39407191	-1349	1349	-326
chr19	39412499	39418242	39415066	5743	39415370	-2871	2872	-304
chr19	40436373	40442438	40441954	6065	40439405	-3032	3033	2549
chr19	3571396	3579085	3574550	7689	3575240	-3844	3845	-690
chr19	45407641	45408805	45408159	1164	45408223	-582	582	-64
chr19	11348124	11354131	11353863	6007	11351127	-3003	3004	2736
chr19	3571396	3579085	3575620	7689	3575240	-3844	3845	380
chr19	4180603	4185406	4182583	4803	4183004	-2401	2402	-421
chr19	11344733	11347200	11346545	2467	11345966	-1233	1234	579
chr19	12928245	12932866	12930692	4621	12930555	-2310	2311	137
chr19	16184954	16191399	16185745	6445	16188176	-3222	3223	-2431
chr19	18149297	18151910	18149656	2613	18150603	-1306	1307	-947
chr19	19636969	19641556	19640549	4587	19639262	-2293	2294	1287
chr19	36112314	36116525	36115916	4211	36114419	-2105	2106	1497
chr19	38299626	38307035	38304407	7409	38303330	-3704	3705	1077
chr19	39412499	39418242	39414148	5743	39415370	-2871	2872	-1222
chr19	39973131	39976730	39974535	3599	39974930	-1799	1800	-395
chr19	45469520	45474285	45471118	4765	45471902	-2382	2383	-784
chr19	48631878	48634366	48633710	2488	48633122	-1244	1244	588
chr19	48956555	48964353	48961635	7798	48960454	-3899	3899	1181
chr19	49660466	49665411	49661980	4945	49662938	-2472	2473	-958
chr19	51364795	51371944	51368536	7149	51368369	-3574	3575	167
chr19	54199799	54202867	54201277	3068	54201333	-1534	1534	-56
chr19	4667663	4670694	4668602	3031	4669178	-1515	1516	-576
chr19	39979850	39981574	39980337	1724	39980712	-862	862	-375
chr19	39412499	39418242	39415252	5743	39415370	-2871	2872	-118
chr19	49594175	49599158	49594951	4983	49596666	-2491	2492	-1715
chr19	35539318	35544352	35542914	5034	35541835	-2517	2517	1079
chr19	35539318	35544352	35543355	5034	35541835	-2517	2517	1520
chr19	36112314	36116525	36113785	4211	36114419	-2105	2106	-634
chr19	54171562	54173591	54173248	2029	54172576	-1014	1015	672
chr19	19201426	19205888	19203085	4462	19203657	-2231	2231	-572
chr19	11576125	11580366	11576769	4241	11578245	-2120	2121	-1476
chr19	8323785	8327107	8324734	3322	8325446	-1661	1661	-712
chr19	11348124	11354131	11349165	6007	11351127	-3003	3004	-1962
chr19	11418738	11424161	11420813	5423	11421449	-2711	2712	-636
chr19	14515542	14517933	14515881	2391	14516737	-1195	1196	-856
chr19	39405842	39408540	39408371	2698	39407191	-1349	1349	1180
chr19	39973131	39976730	39974619	3599	39974930	-1799	1800	-311
chr19	43591524	43595544	43592950	4020	43593534	-2010	2010	-584
chr19	45469520	45474285	45471409	4765	45471902	-2382	2383	-493
chr19	13104148	13107203	13105553	3055	13105675	-1527	1528	-122
chr19	39385700	39390487	39390264	4787	39388093	-2393	2394	2171
chr19	40588478	40592729	40590832	4251	40590603	-2125	2126	229
chr19	45692409	45693684	45692769	1275	45693046	-637	638	-277
chr19	54159301	54161018	54160279	1717	54160159	-858	859	120
chr19	3763706	3771580	3765206	7874	3767643	-3937	3937	-2437
chr19	49584646	49592221	49590547	7575	49588433	-3787	3788	2114
chr19	54159301	54161018	54159676	1717	54160159	-858	859	-483
chr19	49665741	49669871	49665881	4130	49667806	-2065	2065	-1925
chr19	11576125	11580366	11576459	4241	11578245	-2120	2121	-1786
chr19	41305325	41307306	41306820	1981	41306315	-990	991	505
chr19	11924281	11926152	11925155	1871	11925216	-935	936	-61
chr19	48635470	48640265	48639787	4795	48637867	-2397	2398	1920
chr19	13104148	13107203	13105521	3055	13105675	-1527	1528	-154
chr19	12928245	12932866	12930672	4621	12930555	-2310	2311	117
chr19	10827416	10833436	10833007	6020	10830426	-3010	3010	2581
chr19	54156260	54158793	54156984	2533	54157526	-1266	1267	-542
chr19	35741394	35745382	35742584	3988	35743388	-1994	1994	-804
chr19	35539318	35544352	35543752	5034	35541835	-2517	2517	1917
chr19	39478800	39483840	39482916	5040	39481320	-2520	2520	1596
chr19	7532874	7534340	7533855	1466	7533607	-733	733	248
chr19	11344733	11347200	11345521	2467	11345966	-1233	1234	-445
chr19	41431666	41438240	41432502	6574	41434953	-3287	3287	-2451
chr19	48869169	48876602	48874009	7433	48872885	-3716	3717	1124
chr19	38929925	38932796	38932551	2871	38931360	-1435	1436	1191
chr19	48869169	48876602	48873915	7433	48872885	-3716	3717	1030
chr19	7628501	7631491	7629498	2990	7629996	-1495	1495	-498
chr19	40717506	40718782	40718234	1276	40718144	-638	638	90
chr19	48635470	48640265	48639797	4795	48637867	-2397	2398	1930
chr19	48616809	48620173	48617398	3364	48618491	-1682	1682	-1093
chr19	50327065	50333750	50328531	6685	50330407	-3342	3343	-1876
chr19	8498868	8501639	8499649	2771	8500253	-1385	1386	-604
chr19	7623093	7628030	7626170	4937	7625561	-2468	2469	609
chr19	38620056	38622830	38620347	2774	38621443	-1387	1387	-1096
chr19	49584646	49592221	49590684	7575	49588433	-3787	3788	2251
chr19	58510229	58517412	58512024	7183	58513820	-3591	3592	-1796
chr19	43598391	43599909	43598925	1518	43599150	-759	759	-225
chr19	35611438	35615482	35613880	4044	35613460	-2022	2022	420
chr19	54156260	54158793	54156808	2533	54157526	-1266	1267	-718
chr19	51415642	51418083	51416223	2441	51416862	-1220	1221	-639
chr19	55620999	55622720	55621179	1721	55621859	-860	861	-680
chr19	18570424	18576330	18575293	5906	18573377	-2953	2953	1916
chr19	39478800	39483840	39480728	5040	39481320	-2520	2520	-592
chr19	40436373	40442438	40441397	6065	40439405	-3032	3033	1992
chr19	45883913	45887300	45884997	3387	45885606	-1693	1694	-609
chr19	42295742	42302769	42300008	7027	42299255	-3513	3514	753
chr19	4534259	4538328	4538276	4069	4536293	-2034	2035	1983
chr19	19512235	19515169	19514831	2934	19513702	-1467	1467	1129
chr19	35248183	35255398	35248881	7215	35251790	-3607	3608	-2909
chr19	35544801	35548370	35547162	3569	35546585	-1784	1785	577
chr19	54189943	54193442	54191750	3499	54191692	-1749	1750	58
chr19	54189943	54193442	54192182	3499	54191692	-1749	1750	490
chr19	8323785	8327107	8324712	3322	8325446	-1661	1661	-734
chr19	15229066	15234917	15231281	5851	15231991	-2925	2926	-710
chr19	6730133	6734723	6732532	4590	6732428	-2295	2295	104
chr19	40421477	40424380	40422975	2903	40422928	-1451	1452	47
chr19	55387460	55391772	55387907	4312	55389616	-2156	2156	-1709
chr20	45889535	45892396	45892270	2861	45890965	-1430	1431	1305
chr20	2656802	2661952	2660721	5150	2659377	-2575	2575	1344
chr20	31947528	31951750	31950375	4222	31949639	-2111	2111	736
chr20	49279991	49281669	49280504	1678	49280830	-839	839	-326
chr20	45889535	45892396	45890496	2861	45890965	-1430	1431	-469
chr20	2653059	2656391	2654838	3332	2654725	-1666	1666	113
chr20	31947528	31951750	31948814	4222	31949639	-2111	2111	-825
chr20	45889535	45892396	45890324	2861	45890965	-1430	1431	-641
chr20	62135262	62140518	62139832	5256	62137890	-2628	2628	1942
chr20	62135262	62140518	62139832	5256	62137890	-2628	2628	1942
chr20	23363218	23366357	23365113	3139	23364787	-1569	1570	326
chr20	45967661	45972592	45972173	4931	45970126	-2465	2466	2047
chr20	2653059	2656391	2655428	3332	2654725	-1666	1666	703
chr20	56625887	56633678	56629314	7791	56629782	-3895	3896	-468
chr20	44909638	44912125	44910291	2487	44910881	-1243	1244	-590
chr20	45967661	45972592	45968349	4931	45970126	-2465	2466	-1777
chr20	62796206	62799344	62798644	3138	62797775	-1569	1569	869
chr20	1177792	1183765	1181422	5973	1180778	-2986	2987	644
chr20	35617855	35621541	35618922	3686	35619698	-1843	1843	-776
chr20	35617855	35621541	35619709	3686	35619698	-1843	1843	11
chr20	45889535	45892396	45890700	2861	45890965	-1430	1431	-265
chr20	45811476	45813729	45813357	2253	45812602	-1126	1127	755
chr20	59022448	59023383	59022919	935	59022915	-467	468	4
chr20	2653059	2656391	2655478	3332	2654725	-1666	1666	753
chr20	56625887	56633678	56631313	7791	56629782	-3895	3896	1531
chr20	2653059	2656391	2655415	3332	2654725	-1666	1666	690
chr21	25734448	25736244	25734946	1796	25735346	-898	898	-400
chr21	42878267	42879785	42879550	1518	42879026	-759	759	524
chr21	39348054	39351227	39348316	3173	39349640	-1586	1587	-1324
chr21	36132795	36139296	36132907	6501	36136045	-3250	3251	-3138
chr21	44335253	44340430	44335709	5177	44337841	-2588	2589	-2132
chr21	39348054	39351227	39348565	3173	39349640	-1586	1587	-1075
chr21	44104748	44109553	44109004	4805	44107150	-2402	2403	1854
chr21	25734448	25736244	25734946	1796	25735346	-898	898	-400
chr21	45071315	45075785	45072116	4470	45073550	-2235	2235	-1434
chr22	42126524	42131497	42130876	4973	42129010	-2486	2487	1866
chr22	38505281	38506467	38506316	1186	38505874	-593	593	442
chr22	19846599	19851512	19851385	4913	19849055	-2456	2457	2330
chr22	20110954	20116675	20112743	5721	20113814	-2860	2861	-1071
chr22	31343776	31345752	31344719	1976	31344764	-988	988	-45
chr22	19175211	19179498	19176616	4287	19177354	-2143	2144	-738
chr22	19175211	19179498	19177169	4287	19177354	-2143	2144	-185
chr22	42126524	42131497	42130872	4973	42129010	-2486	2487	1862
chr22	28795417	28801882	28796984	6465	28798649	-3232	3233	-1665
chr22	44493100	44499045	44497283	5945	44496072	-2972	2973	1211
chr22	42126524	42131497	42130617	4973	42129010	-2486	2487	1607
chr22	42126524	42131497	42128248	4973	42129010	-2486	2487	-762
chr22	23831640	23837325	23836882	5685	23834482	-2842	2843	2400
chr22	37805555	37807009	37806560	1454	37806282	-727	727	278
chr22	44493100	44499045	44497013	5945	44496072	-2972	2973	941
chr22	21663311	21670175	21666079	6864	21666743	-3432	3432	-664
chr22	42126524	42131497	42129160	4973	42129010	-2486	2487	150
chr22	20999779	21004157	21000143	4378	21001968	-2189	2189	-1825
chr22	29262656	29270060	29265476	7404	29266358	-3702	3702	-882
chr22	39519109	39522635	39521505	3526	39520872	-1763	1763	633
chr22	44493100	44499045	44497014	5945	44496072	-2972	2973	942
chr22	20999779	21004157	21000418	4378	21001968	-2189	2189	-1550
chr22	41693528	41697532	41696772	4004	41695530	-2002	2002	1242
chr22	50192943	50200183	50197324	7240	50196563	-3620	3620	761
chr22	20999779	21004157	20999978	4378	21001968	-2189	2189	-1990
chr22	20110954	20116675	20114621	5721	20113814	-2860	2861	807
chr22	42126524	42131497	42127568	4973	42129010	-2486	2487	-1442
chr22	19132341	19134142	19132460	1801	19133241	-900	901	-781
chr22	19132341	19134142	19132349	1801	19133241	-900	901	-892
chr22	38505281	38506467	38506322	1186	38505874	-593	593	448
chr22	50528900	50532352	50529524	3452	50530626	-1726	1726	-1102
chr22	19175211	19179498	19175953	4287	19177354	-2143	2144	-1401
chr22	20110954	20116675	20116126	5721	20113814	-2860	2861	2312
chr22	28741262	28742455	28742180	1193	28741858	-596	597	322
chr22	28795417	28801882	28797167	6465	28798649	-3232	3233	-1482
chr22	28795417	28801882	28799112	6465	28798649	-3232	3233	463
chr22	37851102	37853042	37851333	1940	37852072	-970	970	-739
chr22	42126524	42131497	42127968	4973	42129010	-2486	2487	-1042
chr22	20110954	20116675	20116242	5721	20113814	-2860	2861	2428
chr22	20124107	20131448	20126349	7341	20127777	-3670	3671	-1428
chr22	42126524	42131497	42128865	4973	42129010	-2486	2487	-145
chr22	39519109	39522635	39522336	3526	39520872	-1763	1763	1464
chr22	19175211	19179498	19176631	4287	19177354	-2143	2144	-723
chr22	38700055	38703502	38700182	3447	38701778	-1723	1724	-1596
chr22	23750422	23755239	23754401	4817	23752830	-2408	2409	1571
chr22	39519109	39522635	39521832	3526	39520872	-1763	1763	960
chr22	20110954	20116675	20114682	5721	20113814	-2860	2861	868
chr22	37847988	37849946	37849483	1958	37848967	-979	979	516
chr22	20110954	20116675	20114682	5721	20113814	-2860	2861	868
chr22	20124107	20131448	20127098	7341	20127777	-3670	3671	-679
chr22	19175211	19179498	19176471	4287	19177354	-2143	2144	-883
chr22	42086100	42089641	42087078	3541	42087870	-1770	1771	-792
chr22	23750422	23755239	23754327	4817	23752830	-2408	2409	1497
chr22	42086100	42089641	42087137	3541	42087870	-1770	1771	-733
chr22	30421006	30425566	30422401	4560	30423286	-2280	2280	-885
chrX	71614958	71618404	71616393	3446	71616681	-1723	1723	-288
chrX	101620277	101626356	101625822	6079	101623316	-3039	3040	2506
chrX	152911583	152918397	152914777	6814	152914990	-3407	3407	-213
chrX	71614958	71618404	71616996	3446	71616681	-1723	1723	315
chrX	76171794	76175636	76173126	3842	76173715	-1921	1921	-589
chrX	135020669	135023563	135021867	2894	135022116	-1447	1447	-249
chrX	101390026	101391668	101390985	1642	101390847	-821	821	138
chrX	101405438	101410052	101407788	4614	101407745	-2307	2307	43
chrX	154012960	154018926	154017014	5966	154015943	-2983	2983	1071
chrX	49171933	49174569	49173450	2636	49173251	-1318	1318	199
chrX	53084297	53087235	53084832	2938	53085766	-1469	1469	-934
chrX	135020669	135023563	135021925	2894	135022116	-1447	1447	-191
chrX	136874790	136882347	136879014	7557	136878568	-3778	3779	446
chrX	48897694	48903087	48902014	5393	48900390	-2696	2697	1624
chrX	72272623	72274224	72273277	1601	72273423	-800	801	-146
chrX	135020669	135023563	135022413	2894	135022116	-1447	1447	297
chrX	48897694	48903087	48898360	5393	48900390	-2696	2697	-2030
chrX	53084297	53087235	53086184	2938	53085766	-1469	1469	418
chrX	53084297	53087235	53085761	2938	53085766	-1469	1469	-5
chrX	54181632	54183876	54182599	2244	54182754	-1122	1122	-155
chrX	38803071	38805209	38805036	2138	38804140	-1069	1069	896
chrX	53084297	53087235	53084992	2938	53085766	-1469	1469	-774
chrX	48897694	48903087	48898260	5393	48900390	-2696	2697	-2130
chrX	71614958	71618404	71616925	3446	71616681	-1723	1723	244
chrX	154019078	154023143	154019234	4065	154021110	-2032	2033	-1876
chrX	103606983	103609571	103609122	2588	103608277	-1294	1294	845
chrX	47214476	47216346	47214584	1870	47215411	-935	935	-827
chrX	154407142	154413808	154412152	6666	154410475	-3333	3333	1677
chrX	71140300	71143843	71142312	3543	71142071	-1771	1772	241
chrX	47214476	47216346	47214809	1870	47215411	-935	935	-602
chrX	147910012	147912933	147912141	2921	147911472	-1460	1461	669
chrX	53084297	53087235	53084792	2938	53085766	-1469	1469	-974
chrX	135020669	135023563	135021834	2894	135022116	-1447	1447	-282
chrX	135972633	135975212	135973710	2579	135973922	-1289	1290	-212
chrX	135020669	135023563	135022007	2894	135022116	-1447	1447	-109
chrX	76171794	76175636	76173163	3842	76173715	-1921	1921	-552
chrX	103377697	103381538	103377713	3841	103379617	-1920	1921	-1904
chrX	136874790	136882347	136879053	7557	136878568	-3778	3779	485
chrX	53084297	53087235	53086106	2938	53085766	-1469	1469	340
chrX	48972287	48976151	48975176	3864	48974219	-1932	1932	957
chrX	120467985	120470020	120469243	2035	120469002	-1017	1018	241
chrX	154477863	154480212	154477867	2349	154479037	-1174	1175	-1170
chrX	53084297	53087235	53086091	2938	53085766	-1469	1469	325
chrX	72272623	72274224	72273252	1601	72273423	-800	801	-171
chrX	153943808	153947620	153943968	3812	153945714	-1906	1906	-1746
chrX	16719163	16721844	16719742	2681	16720503	-1340	1341	-761
chrX	38803071	38805209	38804882	2138	38804140	-1069	1069	742
chrX	47650969	47653922	47651813	2953	47652445	-1476	1477	-632
chrX	53084297	53087235	53085322	2938	53085766	-1469	1469	-444
chrX	71614958	71618404	71617390	3446	71616681	-1723	1723	709
chrX	154477863	154480212	154477955	2349	154479037	-1174	1175	-1082
chrX	76171794	76175636	76173648	3842	76173715	-1921	1921	-67
chrX	103685875	103687666	103686650	1791	103686770	-895	896	-120
chrX	47214476	47216346	47214548	1870	47215411	-935	935	-863
chrX	71140300	71143843	71141346	3543	71142071	-1771	1772	-725
chrX	54809728	54811714	54810839	1986	54810721	-993	993	118
chrX	48911025	48914560	48914152	3535	48912792	-1767	1768	1360
chrX	101620277	101626356	101625831	6079	101623316	-3039	3040	2515
chrX	71614958	71618404	71616598	3446	71616681	-1723	1723	-83
chrX	153970656	153973088	153970684	2432	153971872	-1216	1216	-1188
chrX	71140300	71143843	71141950	3543	71142071	-1771	1772	-121
chrX	152911583	152918397	152914740	6814	152914990	-3407	3407	-250
chrX	154407142	154413808	154413527	6666	154410475	-3333	3333	3052
chrX	70134630	70137421	70134698	2791	70136025	-1395	1396	-1327
chrX	48972287	48976151	48974057	3864	48974219	-1932	1932	-162
chrX	48570379	48576416	48575642	6037	48573397	-3018	3019	2245
chrX	135020669	135023563	135022086	2894	135022116	-1447	1447	-30
chrX	54809728	54811714	54811082	1986	54810721	-993	993	361
chrX	76171794	76175636	76174893	3842	76173715	-1921	1921	1178
chrX	103606983	103609571	103609515	2588	103608277	-1294	1294	1238
chrX	53084297	53087235	53085361	2938	53085766	-1469	1469	-405
chrX	16868747	16871846	16869149	3099	16870296	-1549	1550	-1147
chrX	49171933	49174569	49174395	2636	49173251	-1318	1318	1144
chrX	76171794	76175636	76175587	3842	76173715	-1921	1921	1872
chrX	101620277	101626356	101625583	6079	101623316	-3039	3040	2267
chrX	135020669	135023563	135021984	2894	135022116	-1447	1447	-132
chrX	136874790	136882347	136879257	7557	136878568	-3778	3779	689
chrX	48897694	48903087	48898505	5393	48900390	-2696	2697	-1885
chrX	153943808	153947620	153944624	3812	153945714	-1906	1906	-1090
chrX	49171933	49174569	49172024	2636	49173251	-1318	1318	-1227
chrX	48911025	48914560	48914106	3535	48912792	-1767	1768	1314
chrX	71614958	71618404	71616890	3446	71616681	-1723	1723	209
chrX	103377697	103381538	103377762	3841	103379617	-1920	1921	-1855
chrX	71140300	71143843	71141964	3543	71142071	-1771	1772	-107
chrX	101620277	101626356	101626204	6079	101623316	-3039	3040	2888
chrX	154012960	154018926	154016071	5966	154015943	-2983	2983	128
chrX	103606983	103609571	103609308	2588	103608277	-1294	1294	1031
chrX	54809728	54811714	54809751	1986	54810721	-993	993	-970
chrX	71614958	71618404	71617152	3446	71616681	-1723	1723	471
chrX	135020669	135023563	135022235	2894	135022116	-1447	1447	119
chrX	71614958	71618404	71617365	3446	71616681	-1723	1723	684
chrX	47222878	47229976	47229664	7098	47226427	-3549	3549	3237
chrX	154477863	154480212	154477906	2349	154479037	-1174	1175	-1131
chrX	71614958	71618404	71617575	3446	71616681	-1723	1723	894
chrX	71614958	71618404	71617390	3446	71616681	-1723	1723	709
chrX	101620277	101626356	101625908	6079	101623316	-3039	3040	2592
