Chr	Start	End	Mutation	Size	Middle	Start_C	End_C	Mutations_C
chr1	52031898	52034068	52033476	2170	52032983	-1085	1085	493
chr1	145845583	145848365	145847270	2782	145846974	-1391	1391	296
chr1	150470714	150472742	150471903	2028	150471728	-1014	1014	175
chr1	153771364	153774208	153772667	2844	153772786	-1422	1422	-119
chr1	15563214	15566160	15566105	2946	15564687	-1473	1473	1418
chr1	93582068	93585358	93582741	3290	93583713	-1645	1645	-972
chr1	117074836	117076768	117075536	1932	117075802	-966	966	-266
chr1	181088035	181090557	181088914	2522	181089296	-1261	1261	-382
chr1	183117972	183122026	183118097	4054	183119999	-2027	2027	-1902
chr1	153662647	153663921	153662780	1274	153663284	-637	637	-504
chr1	11053065	11060620	11056717	7555	11056842	-3777	3778	-125
chr1	15926508	15928947	15928519	2439	15927727	-1219	1220	792
chr1	43702147	43705575	43703590	3428	43703861	-1714	1714	-271
chr1	151050238	151052318	151050674	2080	151051278	-1040	1040	-604
chr1	153618818	153620573	153618854	1755	153619695	-877	878	-841
chr1	32202502	32207732	32207474	5230	32205117	-2615	2615	2357
chr1	3476538	3483859	3480454	7321	3480198	-3660	3661	256
chr1	39563140	39565012	39564767	1872	39564076	-936	936	691
chr1	9722296	9727529	9727085	5233	9724912	-2616	2617	2173
chr1	20637042	20640758	20637903	3716	20638900	-1858	1858	-997
chr1	108922686	108924661	108924216	1975	108923673	-987	988	543
chr1	109236669	109240530	109237770	3861	109238599	-1930	1931	-829
chr1	150337464	150338483	150338176	1019	150337973	-509	510	203
chr1	151398646	151402348	151400643	3702	151400497	-1851	1851	146
chr1	154550069	154556304	154555955	6235	154553186	-3117	3118	2769
chr1	155043623	155049605	155046085	5982	155046614	-2991	2991	-529
chr1	155266297	155267644	155266853	1347	155266970	-673	674	-117
chr1	156937683	156942123	156940313	4440	156939903	-2220	2220	410
chr1	161121454	161124393	161124279	2939	161122923	-1469	1470	1356
chr1	161173127	161176094	161173837	2967	161174610	-1483	1484	-773
chr1	165752018	165752897	165752168	879	165752457	-439	440	-289
chr1	173987274	173992978	173992960	5704	173990126	-2852	2852	2834
chr1	180014995	180017161	180015937	2166	180016078	-1083	1083	-141
chr1	214332725	214334587	214334031	1862	214333656	-931	931	375
chr1	222628290	222630361	222629475	2071	222629325	-1035	1036	150
chr1	226068609	226072173	226071473	3564	226070391	-1782	1782	1082
chr1	226378936	226383187	226383034	4251	226381061	-2125	2126	1973
chr1	244854759	244856700	244856308	1941	244855729	-970	971	579
chr1	154925015	154928076	154926408	3061	154926545	-1530	1531	-137
chr1	117366145	117368601	117368238	2456	117367373	-1228	1228	865
chr1	171541049	171542320	171542133	1271	171541684	-635	636	449
chr1	26182702	26187437	26183369	4735	26185069	-2367	2368	-1700
chr1	180273799	180275177	180274002	1378	180274488	-689	689	-486
chr1	214332725	214334587	214333953	1862	214333656	-931	931	297
chr1	1635239	1642737	1638532	7498	1638988	-3749	3749	-456
chr1	6208240	6214118	6212390	5878	6211179	-2939	2939	1211
chr1	109062892	109064738	109064634	1846	109063815	-923	923	819
chr1	150628852	150629945	150629506	1093	150629398	-546	547	108
chr1	155311963	155315533	155312373	3570	155313748	-1785	1785	-1375
chr1	171782988	171786088	171784019	3100	171784538	-1550	1550	-519
chr1	200848929	200851014	200849215	2085	200849971	-1042	1043	-756
chr1	42930860	42932476	42931078	1616	42931668	-808	808	-590
chr1	161230707	161232686	161230980	1979	161231696	-989	990	-716
chr1	160238884	160241198	160240318	2314	160240041	-1157	1157	277
chr1	52353138	52355171	52353461	2033	52354154	-1016	1017	-693
chr1	11847599	11853093	11847627	5494	11850346	-2747	2747	-2719
chr1	109236669	109240530	109237802	3861	109238599	-1930	1931	-797
chr1	108745684	108747706	108746730	2022	108746695	-1011	1011	35
chr1	225852183	225854041	225852770	1858	225853112	-929	929	-342
chr1	153987648	153993163	153992859	5515	153990405	-2757	2758	2454
chr1	11669859	11675057	11673766	5198	11672458	-2599	2599	1308
chr1	161121454	161124393	161122110	2939	161122923	-1469	1470	-813
chr1	92831277	92832587	92832079	1310	92831932	-655	655	147
chr1	153951063	153956383	153951374	5320	153953723	-2660	2660	-2349
chr1	19140358	19142431	19141740	2073	19141394	-1036	1037	346
chr1	161155682	161163352	161158123	7670	161159517	-3835	3835	-1394
chr1	26779388	26781241	26779863	1853	26780314	-926	927	-451
chr1	155279859	155286466	155285255	6607	155283162	-3303	3304	2093
chr1	179086885	179094678	179094136	7793	179090781	-3896	3897	3355
chr1	32767962	32774402	32770414	6440	32771182	-3220	3220	-768
chr1	119920811	119924379	119922642	3568	119922595	-1784	1784	47
chr1	1225987	1230307	1228592	4320	1228147	-2160	2160	445
chr1	41581314	41585334	41583567	4020	41583324	-2010	2010	243
chr1	6208240	6214118	6211894	5878	6211179	-2939	2939	715
chr1	160238884	160241198	160240245	2314	160240041	-1157	1157	204
chr1	202009453	202015827	202011158	6374	202012640	-3187	3187	-1482
chr1	204195919	204203172	204202895	7253	204199545	-3626	3627	3350
chr1	161230707	161232686	161230829	1979	161231696	-989	990	-867
chr1	149903360	149905347	149903993	1987	149904353	-993	994	-360
chr1	1756543	1761566	1758523	5023	1759054	-2511	2512	-531
chr1	145922684	145930160	145924521	7476	145926422	-3738	3738	-1901
chr1	246913175	246916262	246913360	3087	246914718	-1543	1544	-1358
chr1	117074836	117076768	117074992	1932	117075802	-966	966	-810
chr1	150628852	150629945	150629466	1093	150629398	-546	547	68
chr1	9600235	9605556	9602336	5321	9602895	-2660	2661	-559
chr1	11955687	11961786	11957002	6099	11958736	-3049	3050	-1734
chr1	205146278	205148301	205146933	2023	205147289	-1011	1012	-356
chr1	44634433	44636469	44635693	2036	44635451	-1018	1018	242
chr1	54883378	54886375	54883745	2997	54884876	-1498	1499	-1131
chr1	181047393	181052180	181050064	4787	181049786	-2393	2394	278
chr1	43991119	43992537	43992137	1418	43991828	-709	709	309
chr1	36299012	36301862	36301010	2850	36300437	-1425	1425	573
chr1	112695108	112698864	112698081	3756	112696986	-1878	1878	1095
chr1	154249041	154251725	154251647	2684	154250383	-1342	1342	1264
chr1	53270944	53275106	53271259	4162	53273025	-2081	2081	-1766
chr1	112455454	112457889	112457215	2435	112456671	-1217	1218	544
chr1	150963764	150965163	150964252	1399	150964463	-699	700	-211
chr1	182866844	182870739	182867017	3895	182868791	-1947	1948	-1774
chr1	145845583	145848365	145847587	2782	145846974	-1391	1391	613
chr1	85580671	85583428	85583095	2757	85582049	-1378	1379	1046
chr1	15931832	15937568	15934964	5736	15934700	-2868	2868	264
chr1	35191421	35193804	35193050	2383	35192612	-1191	1192	438
chr1	37481025	37484310	37483802	3285	37482667	-1642	1643	1135
chr1	117077618	117079644	117077972	2026	117078631	-1013	1013	-659
chr1	154182026	154187241	154183169	5215	154184633	-2607	2608	-1464
chr1	217630683	217631982	217631406	1299	217631332	-649	650	74
chr1	154957990	154962939	154958907	4949	154960464	-2474	2475	-1557
chr1	15931832	15937568	15935078	5736	15934700	-2868	2868	378
chr1	107055484	107058627	107057655	3143	107057055	-1571	1572	600
chr1	222628290	222630361	222629255	2071	222629325	-1035	1036	-70
chr1	23801151	23802547	23802404	1396	23801849	-698	698	555
chr1	150619757	150624493	150624483	4736	150622125	-2368	2368	2358
chr1	43171624	43173547	43172123	1923	43172585	-961	962	-462
chr1	225922594	225924596	225924126	2002	225923595	-1001	1001	531
chr1	156290990	156293471	156293366	2481	156292230	-1240	1241	1136
chr1	147622009	147626007	147625525	3998	147624008	-1999	1999	1517
chr1	36455455	36456492	36456312	1037	36455973	-518	519	339
chr1	42743398	42749281	42747258	5883	42746339	-2941	2942	919
chr1	46285493	46286806	46286350	1313	46286149	-656	657	201
chr1	179081135	179085889	179085633	4754	179083512	-2377	2377	2121
chr1	180270012	180273708	180271869	3696	180271860	-1848	1848	9
chr1	36341245	36344725	36341817	3480	36342985	-1740	1740	-1168
chr1	155279859	155286466	155282631	6607	155283162	-3303	3304	-531
chr1	17630752	17632591	17632375	1839	17631671	-919	920	704
chr1	109248872	109255065	109251479	6193	109251968	-3096	3097	-489
chr1	161212057	161216693	161214164	4636	161214375	-2318	2318	-211
chr1	41581314	41585334	41581649	4020	41583324	-2010	2010	-1675
chr1	15574143	15579410	15578867	5267	15576776	-2633	2634	2091
chr1	16989695	16995258	16992289	5563	16992476	-2781	2782	-187
chr1	149886886	149889648	149887265	2762	149888267	-1381	1381	-1002
chr1	154550069	154556304	154552804	6235	154553186	-3117	3118	-382
chr1	156264470	156268536	156266571	4066	156266503	-2033	2033	68
chr1	203817334	203820919	203818580	3585	203819126	-1792	1793	-546
chr1	16628206	16635716	16630324	7510	16631961	-3755	3755	-1637
chr1	32229949	32235778	32234453	5829	32232863	-2914	2915	1590
chr1	160998900	161001224	160999977	2324	161000062	-1162	1162	-85
chr1	171782988	171786088	171786077	3100	171784538	-1550	1550	1539
chr1	150965269	150969017	150968442	3748	150967143	-1874	1874	1299
chr1	154985202	154989788	154988285	4586	154987495	-2293	2293	790
chr1	156264470	156268536	156266326	4066	156266503	-2033	2033	-177
chr1	153972617	153977782	153974817	5165	153975199	-2582	2583	-382
chr1	209796450	209799899	209796477	3449	209798174	-1724	1725	-1697
chr1	42816044	42817506	42816441	1462	42816775	-731	731	-334
chr1	43614371	43620204	43619297	5833	43617287	-2916	2917	2010
chr1	119920811	119924379	119922749	3568	119922595	-1784	1784	154
chr1	151042476	151049117	151043065	6641	151045796	-3320	3321	-2731
chr1	154550069	154556304	154552445	6235	154553186	-3117	3118	-741
chr1	113970557	113973572	113973445	3015	113972064	-1507	1508	1381
chr1	155060158	155062797	155062509	2639	155061477	-1319	1320	1032
chr1	147620244	147621915	147620775	1671	147621079	-835	836	-304
chr1	10657514	10663245	10660487	5731	10660379	-2865	2866	108
chr1	15931832	15937568	15933987	5736	15934700	-2868	2868	-713
chr1	202009453	202015827	202015368	6374	202012640	-3187	3187	2728
chr1	160238884	160241198	160240071	2314	160240041	-1157	1157	30
chr1	156264470	156268536	156268290	4066	156266503	-2033	2033	1787
chr1	1532379	1537640	1533987	5261	1535009	-2630	2631	-1022
chr1	6583468	6589608	6585882	6140	6586538	-3070	3070	-656
chr1	11793607	11795881	11794438	2274	11794744	-1137	1137	-306
chr1	11827935	11830485	11829306	2550	11829210	-1275	1275	96
chr1	19311895	19318460	19317730	6565	19315177	-3282	3283	2553
chr1	21288602	21292837	21290212	4235	21290719	-2117	2118	-507
chr1	37481025	37484310	37483603	3285	37482667	-1642	1643	936
chr1	45002551	45008655	45008510	6104	45005603	-3052	3052	2907
chr1	46188177	46190504	46189991	2327	46189340	-1163	1164	651
chr1	59857974	59859084	59858466	1110	59858529	-555	555	-63
chr1	85580671	85583428	85582466	2757	85582049	-1378	1379	417
chr1	114713576	114714496	114713920	920	114714036	-460	460	-116
chr1	149899854	149902672	149900052	2818	149901263	-1409	1409	-1211
chr1	150994454	150995245	150994635	791	150994849	-395	396	-214
chr1	153951063	153956383	153952022	5320	153953723	-2660	2660	-1701
chr1	155135584	155138430	155137693	2846	155137007	-1423	1423	686
chr1	156076583	156083753	156077339	7170	156080168	-3585	3585	-2829
chr1	156730411	156736365	156732329	5954	156733388	-2977	2977	-1059
chr1	156730411	156736365	156733414	5954	156733388	-2977	2977	26
chr1	156804501	156807235	156807214	2734	156805868	-1367	1367	1346
chr1	156937683	156942123	156938455	4440	156939903	-2220	2220	-1448
chr1	161114984	161121140	161118016	6156	161118062	-3078	3078	-46
chr1	179081135	179085889	179085752	4754	179083512	-2377	2377	2240
chr1	180184461	180188640	180186141	4179	180186550	-2089	2090	-409
chr1	200407901	200411046	200408991	3145	200409473	-1572	1573	-482
chr1	204121640	204124898	204123678	3258	204123269	-1629	1629	409
chr1	204257122	204262139	204257428	5017	204259630	-2508	2509	-2202
chr1	205717681	205719715	205718337	2034	205718698	-1017	1017	-361
chr1	16617050	16621870	16619828	4820	16619460	-2410	2410	368
chr1	11827935	11830485	11829288	2550	11829210	-1275	1275	78
chr1	16989695	16995258	16990179	5563	16992476	-2781	2782	-2297
chr1	31433438	31437448	31434185	4010	31435443	-2005	2005	-1258
chr1	41581314	41585334	41583612	4020	41583324	-2010	2010	288
chr1	110337341	110343026	110342101	5685	110340183	-2842	2843	1918
chr1	228367917	228374092	228372781	6175	228371004	-3087	3088	1777
chr1	13781767	13782719	13782074	952	13782243	-476	476	-169
chr1	183561553	183563778	183563502	2225	183562665	-1112	1113	837
chr1	226983256	226987161	226984118	3905	226985208	-1952	1953	-1090
chr1	1915137	1918067	1916828	2930	1916602	-1465	1465	226
chr1	147622009	147626007	147624078	3998	147624008	-1999	1999	70
chr1	58575507	58578070	58576516	2563	58576788	-1281	1282	-272
chr1	2371363	2379018	2372498	7655	2375190	-3827	3828	-2692
chr1	8354824	8361599	8356115	6775	8358211	-3387	3388	-2096
chr1	17626204	17628252	17627408	2048	17627228	-1024	1024	180
chr1	32380113	32384605	32383964	4492	32382359	-2246	2246	1605
chr1	44776008	44781385	44777615	5377	44778696	-2688	2689	-1081
chr1	54871169	54872741	54871490	1572	54871955	-786	786	-465
chr1	147170461	147173383	147172039	2922	147171922	-1461	1461	117
chr1	147622009	147626007	147624877	3998	147624008	-1999	1999	869
chr1	150806278	150808039	150806710	1761	150807158	-880	881	-448
chr1	153660205	153662626	153662399	2421	153661415	-1210	1211	984
chr1	153972617	153977782	153973257	5165	153975199	-2582	2583	-1942
chr1	154205320	154207175	154205607	1855	154206247	-927	928	-640
chr1	154957990	154962939	154959512	4949	154960464	-2474	2475	-952
chr1	154985202	154989788	154988738	4586	154987495	-2293	2293	1243
chr1	154990293	154995153	154993642	4860	154992723	-2430	2430	919
chr1	155060158	155062797	155062548	2639	155061477	-1319	1320	1071
chr1	155182105	155186992	155183813	4887	155184548	-2443	2444	-735
chr1	156234408	156238188	156236468	3780	156236298	-1890	1890	170
chr1	179591159	179593494	179592602	2335	179592326	-1167	1168	276
chr1	181047393	181052180	181049160	4787	181049786	-2393	2394	-626
chr1	202728742	202730459	202729967	1717	202729600	-858	859	367
chr1	202965290	202968233	202966775	2943	202966761	-1471	1472	14
chr1	204128958	204132439	204132042	3481	204130698	-1740	1741	1344
chr1	204241153	204245848	204241726	4695	204243500	-2347	2348	-1774
chr1	204257122	204262139	204261354	5017	204259630	-2508	2509	1724
chr1	244854759	244856700	244855946	1941	244855729	-970	971	217
chr1	112455454	112457889	112456856	2435	112456671	-1217	1218	185
chr1	156152263	156157077	156154690	4814	156154670	-2407	2407	20
chr1	11125077	11127582	11127059	2505	11126329	-1252	1253	730
chr1	41581314	41585334	41584001	4020	41583324	-2010	2010	677
chr1	1635239	1642737	1636957	7498	1638988	-3749	3749	-2031
chr1	16617050	16621870	16619911	4820	16619460	-2410	2410	451
chr1	33363297	33368841	33368589	5544	33366069	-2772	2772	2520
chr1	150281278	150286016	150283554	4738	150283647	-2369	2369	-93
chr1	155287790	155295192	155287948	7402	155291491	-3701	3701	-3543
chr1	156724943	156729343	156729215	4400	156727143	-2200	2200	2072
chr1	166848613	166852355	166850135	3742	166850484	-1871	1871	-349
chr1	54852761	54856917	54854172	4156	54854839	-2078	2078	-667
chr1	206912426	206915527	206913930	3101	206913976	-1550	1551	-46
chr1	151263884	151267448	151263929	3564	151265666	-1782	1782	-1737
chr1	205748437	205751180	205750235	2743	205749808	-1371	1372	427
chr1	228156444	228161317	228159387	4873	228158880	-2436	2437	507
chr1	112695108	112698864	112695484	3756	112696986	-1878	1878	-1502
chr1	117074836	117076768	117075074	1932	117075802	-966	966	-728
chr1	155268705	155270001	155269552	1296	155269353	-648	648	199
chr1	28714314	28716590	28714769	2276	28715452	-1138	1138	-683
chr1	155123365	155128727	155127956	5362	155126046	-2681	2681	1910
chr1	108192508	108194064	108192636	1556	108193286	-778	778	-650
chr1	21278532	21281447	21279290	2915	21279989	-1457	1458	-699
chr1	45565962	45569792	45568563	3830	45567877	-1915	1915	686
chr1	112699838	112704154	112703675	4316	112701996	-2158	2158	1679
chr1	181088035	181090557	181088945	2522	181089296	-1261	1261	-351
chr1	222628290	222630361	222629857	2071	222629325	-1035	1036	532
chr1	32767962	32774402	32772872	6440	32771182	-3220	3220	1690
chr1	200737832	200740952	200739795	3120	200739392	-1560	1560	403
chr1	161173127	161176094	161173632	2967	161174610	-1483	1484	-978
chr1	37477910	37480523	37480420	2613	37479216	-1306	1307	1204
chr1	88980788	88985066	88983410	4278	88982927	-2139	2139	483
chr1	147612595	147614818	147614474	2223	147613706	-1111	1112	768
chr1	156172283	156178465	156176616	6182	156175374	-3091	3091	1242
chr1	20644338	20650240	20644541	5902	20647289	-2951	2951	-2748
chr1	236858076	236860228	236859836	2152	236859152	-1076	1076	684
chr1	6463969	6471224	6470561	7255	6467596	-3627	3628	2965
chr1	202774818	202778229	202777042	3411	202776523	-1705	1706	519
chr1	201871552	201875720	201874936	4168	201873636	-2084	2084	1300
chr1	17027230	17029901	17028706	2671	17028565	-1335	1336	141
chr1	107055484	107058627	107057976	3143	107057055	-1571	1572	921
chr1	16393045	16399658	16395878	6613	16396351	-3306	3307	-473
chr1	6208240	6214118	6210593	5878	6211179	-2939	2939	-586
chr1	26182702	26187437	26184404	4735	26185069	-2367	2368	-665
chr1	26182702	26187437	26187188	4735	26185069	-2367	2368	2119
chr1	112455454	112457889	112457299	2435	112456671	-1217	1218	628
chr1	150958356	150963712	150960675	5356	150961034	-2678	2678	-359
chr1	153625857	153626978	153626323	1121	153626417	-560	561	-94
chr1	154967340	154975235	154969388	7895	154971287	-3947	3948	-1899
chr1	156290990	156293471	156293074	2481	156292230	-1240	1241	844
chr1	153660205	153662626	153662545	2421	153661415	-1210	1211	1130
chr1	15938907	15940021	15939322	1114	15939464	-557	557	-142
chr1	22125966	22130867	22129736	4901	22128416	-2450	2451	1320
chr1	44217008	44222829	44219188	5821	44219918	-2910	2911	-730
chr1	112455454	112457889	112457386	2435	112456671	-1217	1218	715
chr1	155941011	155944906	155942473	3895	155942958	-1947	1948	-485
chr1	52356523	52361225	52359097	4702	52358874	-2351	2351	223
chr1	15931832	15937568	15935688	5736	15934700	-2868	2868	988
chr1	149886886	149889648	149887475	2762	149888267	-1381	1381	-792
chr1	26853009	26858472	26853845	5463	26855740	-2731	2732	-1895
chr1	153660205	153662626	153661255	2421	153661415	-1210	1211	-160
chr1	153660205	153662626	153662324	2421	153661415	-1210	1211	909
chr1	155022216	155024150	155023141	1934	155023183	-967	967	-42
chr1	182598739	182602667	182600369	3928	182600703	-1964	1964	-334
chr1	13778190	13779172	13778735	982	13778681	-491	491	54
chr1	155316281	155318924	155318278	2643	155317602	-1321	1322	676
chr1	45507958	45509395	45508918	1437	45508676	-718	719	242
chr1	151398646	151402348	151400649	3702	151400497	-1851	1851	152
chr1	200848929	200851014	200849773	2085	200849971	-1042	1043	-198
chr1	22118960	22123510	22120234	4550	22121235	-2275	2275	-1001
chr1	204409849	204412233	204410071	2384	204411041	-1192	1192	-970
chr1	15931832	15937568	15937302	5736	15934700	-2868	2868	2602
chr1	150965269	150969017	150966604	3748	150967143	-1874	1874	-539
chr1	42849144	42852262	42851737	3118	42850703	-1559	1559	1034
chr1	207753759	207757241	207757019	3482	207755500	-1741	1741	1519
chr1	43975882	43977538	43976304	1656	43976710	-828	828	-406
chr1	1487022	1491544	1490662	4522	1489283	-2261	2261	1379
chr1	103525990	103528626	103526221	2636	103527308	-1318	1318	-1087
chr1	211577062	211579845	211578515	2783	211578453	-1391	1392	62
chr1	147622009	147626007	147625087	3998	147624008	-1999	1999	1079
chr1	11053065	11060620	11059273	7555	11056842	-3777	3778	2431
chr1	151404031	151405712	151405417	1681	151404871	-840	841	546
chr1	228305612	228311209	228307494	5597	228308410	-2798	2799	-916
chr1	44353257	44355666	44354913	2409	44354461	-1204	1205	452
chr1	114570179	114573859	114570731	3680	114572019	-1840	1840	-1288
chr1	145845583	145848365	145846633	2782	145846974	-1391	1391	-341
chr1	154267602	154273307	154268785	5705	154270454	-2852	2853	-1669
chr1	156929492	156933388	156932549	3896	156931440	-1948	1948	1109
chr1	27849031	27850920	27850215	1889	27849975	-944	945	240
chr1	41581314	41585334	41584618	4020	41583324	-2010	2010	1294
chr1	117082648	117084503	117084042	1855	117083575	-927	928	467
chr1	154350293	154353924	154351193	3631	154352108	-1815	1816	-915
chr1	161097517	161099932	161098646	2415	161098724	-1207	1208	-78
chr1	161169074	161171462	161169695	2388	161170268	-1194	1194	-573
chr1	155279859	155286466	155282415	6607	155283162	-3303	3304	-747
chr1	36318477	36324682	36319897	6205	36321579	-3102	3103	-1682
chr1	180190802	180196518	180196443	5716	180193660	-2858	2858	2783
chr1	161052219	161055279	161052469	3060	161053749	-1530	1530	-1280
chr1	202878042	202885602	202881174	7560	202881822	-3780	3780	-648
chr1	149903360	149905347	149905059	1987	149904353	-993	994	706
chr1	145845583	145848365	145846069	2782	145846974	-1391	1391	-905
chr1	31005473	31006797	31006009	1324	31006135	-662	662	-126
chr1	228357796	228364461	228360588	6665	228361128	-3332	3333	-540
chr1	43614371	43620204	43618695	5833	43617287	-2916	2917	1408
chr1	119731083	119737544	119737263	6461	119734313	-3230	3231	2950
chr1	155263029	155264030	155263318	1001	155263529	-500	501	-211
chr1	244862886	244865743	244864013	2857	244864314	-1428	1429	-301
chr1	27546962	27551688	27547430	4726	27549325	-2363	2363	-1895
chr1	44217008	44222829	44221539	5821	44219918	-2910	2911	1621
chr1	160207714	160211604	160208588	3890	160209659	-1945	1945	-1071
chr1	44010291	44015039	44010883	4748	44012665	-2374	2374	-1782
chr1	202749902	202751291	202750763	1389	202750596	-694	695	167
chr1	205598502	205599770	205599208	1268	205599136	-634	634	72
chr1	247299776	247301255	247301091	1479	247300515	-739	740	576
chr1	6218152	6220871	6219246	2719	6219511	-1359	1360	-265
chr1	19255468	19258083	19255995	2615	19256775	-1307	1308	-780
chr1	11999217	12002921	12001998	3704	12001069	-1852	1852	929
chr1	11827935	11830485	11828568	2550	11829210	-1275	1275	-642
chr1	3780434	3783270	3781140	2836	3781852	-1418	1418	-712
chr1	17647498	17649362	17648569	1864	17648430	-932	932	139
chr1	26468716	26469811	26469326	1095	26469263	-547	548	63
chr1	43544715	43547149	43545139	2434	43545932	-1217	1217	-793
chr1	23309722	23312270	23310999	2548	23310996	-1274	1274	3
chr1	1915137	1918067	1916819	2930	1916602	-1465	1465	217
chr1	45617194	45623000	45621953	5806	45620097	-2903	2903	1856
chr1	153771364	153774208	153773762	2844	153772786	-1422	1422	976
chr1	162365114	162367962	162367868	2848	162366538	-1424	1424	1330
chr1	204121640	204124898	204124640	3258	204123269	-1629	1629	1371
chr1	1756543	1761566	1756596	5023	1759054	-2511	2512	-2458
chr1	15563214	15566160	15564326	2946	15564687	-1473	1473	-361
chr1	58780835	58786137	58782713	5302	58783486	-2651	2651	-773
chr1	155043623	155049605	155046158	5982	155046614	-2991	2991	-456
chr1	179881808	179884251	179882722	2443	179883029	-1221	1222	-307
chr1	150263349	150270167	150266105	6818	150266758	-3409	3409	-653
chr1	150263349	150270167	150268047	6818	150266758	-3409	3409	1289
chr1	12007696	12013475	12011546	5779	12010585	-2889	2890	961
chr1	12027707	12031947	12029101	4240	12029827	-2120	2120	-726
chr1	32767962	32774402	32771338	6440	32771182	-3220	3220	156
chr1	33321856	33324631	33323806	2775	33323243	-1387	1388	563
chr1	153726126	153729276	153728498	3150	153727701	-1575	1575	797
chr1	179881808	179884251	179882928	2443	179883029	-1221	1222	-101
chr1	13778190	13779172	13779089	982	13778681	-491	491	408
chr1	156290990	156293471	156292926	2481	156292230	-1240	1241	696
chr1	179042279	179044662	179043868	2383	179043470	-1191	1192	398
chr1	179106463	179112083	179108338	5620	179109273	-2810	2810	-935
chr1	46034800	46037804	46034937	3004	46036302	-1502	1502	-1365
chr1	156264470	156268536	156266592	4066	156266503	-2033	2033	89
chr1	2382589	2388032	2387496	5443	2385310	-2721	2722	2186
chr1	153662647	153663921	153663030	1274	153663284	-637	637	-254
chr1	40837314	40840664	40837708	3350	40838989	-1675	1675	-1281
chr1	41510017	41512457	41510572	2440	41511237	-1220	1220	-665
chr1	963535	968263	964004	4728	965899	-2364	2364	-1895
chr1	161173127	161176094	161175132	2967	161174610	-1483	1484	522
chr1	111723024	111728566	111727527	5542	111725795	-2771	2771	1732
chr1	115688564	115691939	115691365	3375	115690251	-1687	1688	1114
chr1	165827331	165829350	165827843	2019	165828340	-1009	1010	-497
chr1	26779388	26781241	26779863	1853	26780314	-926	927	-451
chr1	32767962	32774402	32772909	6440	32771182	-3220	3220	1727
chr1	42816044	42817506	42816492	1462	42816775	-731	731	-283
chr1	149809835	149812197	149812029	2362	149811016	-1181	1181	1013
chr1	149809835	149812197	149812186	2362	149811016	-1181	1181	1170
chr1	212791154	212795138	212791541	3984	212793146	-1992	1992	-1605
chr1	149886886	149889648	149887046	2762	149888267	-1381	1381	-1221
chr1	153951063	153956383	153954255	5320	153953723	-2660	2660	532
chr1	155263029	155264030	155263227	1001	155263529	-500	501	-302
chr1	156961979	156964379	156963564	2400	156963179	-1200	1200	385
chr1	154967340	154975235	154970341	7895	154971287	-3947	3948	-946
chr1	228367917	228374092	228371942	6175	228371004	-3087	3088	938
chr1	236858076	236860228	236859840	2152	236859152	-1076	1076	688
chr1	150470714	150472742	150471933	2028	150471728	-1014	1014	205
chr1	156076583	156083753	156077207	7170	156080168	-3585	3585	-2961
chr1	43995728	43999052	43997618	3324	43997390	-1662	1662	228
chr1	119139880	119141436	119140477	1556	119140658	-778	778	-181
chr1	145838264	145841785	145840953	3521	145840024	-1760	1761	929
chr1	180190802	180196518	180196507	5716	180193660	-2858	2858	2847
chr1	36299012	36301862	36300963	2850	36300437	-1425	1425	526
chr1	149886886	149889648	149887316	2762	149888267	-1381	1381	-951
chr1	43667193	43669459	43669212	2266	43668326	-1133	1133	886
chr1	212857309	212858910	212858612	1601	212858109	-800	801	503
chr1	2371363	2379018	2374471	7655	2375190	-3827	3828	-719
chr1	155941011	155944906	155942618	3895	155942958	-1947	1948	-340
chr1	12383520	12385387	12385288	1867	12384453	-933	934	835
chr1	154220157	154222474	154220535	2317	154221315	-1158	1159	-780
chr1	6666185	6670231	6667754	4046	6668208	-2023	2023	-454
chr1	107055484	107058627	107057145	3143	107057055	-1571	1572	90
chr1	217619752	217620656	217620132	904	217620204	-452	452	-72
chr1	45002551	45008655	45004879	6104	45005603	-3052	3052	-724
chr1	151170822	151175655	151170920	4833	151173238	-2416	2417	-2318
chr1	27965231	27967452	27966935	2221	27966341	-1110	1111	594
chr1	30932953	30935482	30933212	2529	30934217	-1264	1265	-1005
chr1	109605792	109606713	109606045	921	109606252	-460	461	-207
chr1	119139880	119141436	119140614	1556	119140658	-778	778	-44
chr1	150958356	150963712	150963013	5356	150961034	-2678	2678	1979
chr1	155258652	155262911	155262143	4259	155260781	-2129	2130	1362
chr1	155910293	155913049	155910768	2756	155911671	-1378	1378	-903
chr1	225842442	225850428	225848915	7986	225846435	-3993	3993	2480
chr1	108698729	108700025	108699260	1296	108699377	-648	648	-117
chr1	119996423	120000695	119997098	4272	119998559	-2136	2136	-1461
chr1	175014629	175015734	175014752	1105	175015181	-552	553	-429
chr1	182602793	182605370	182603327	2577	182604081	-1288	1289	-754
chr1	225852183	225854041	225853675	1858	225853112	-929	929	563
chr1	228305612	228311209	228309520	5597	228308410	-2798	2799	1110
chr1	15832555	15835973	15835617	3418	15834264	-1709	1709	1353
chr1	179591159	179593494	179592848	2335	179592326	-1167	1168	522
chr1	231335731	231337193	231336323	1462	231336462	-731	731	-139
chr1	27098865	27104977	27101259	6112	27101921	-3056	3056	-662
chr1	6208240	6214118	6211967	5878	6211179	-2939	2939	788
chr1	43995728	43999052	43996173	3324	43997390	-1662	1662	-1217
chr1	150619757	150624493	150624479	4736	150622125	-2368	2368	2354
chr1	156740046	156745779	156742576	5733	156742912	-2866	2867	-336
chr1	155129000	155131746	155131361	2746	155130373	-1373	1373	988
chr1	11532269	11535771	11534386	3502	11534020	-1751	1751	366
chr1	6666185	6670231	6667771	4046	6668208	-2023	2023	-437
chr1	151398646	151402348	151399711	3702	151400497	-1851	1851	-786
chr1	156264470	156268536	156266345	4066	156266503	-2033	2033	-158
chr1	155043623	155049605	155046398	5982	155046614	-2991	2991	-216
chr1	11283865	11286455	11285790	2590	11285160	-1295	1295	630
chr1	150576214	150582535	150578456	6321	150579374	-3160	3161	-918
chr1	42926888	42928496	42927698	1608	42927692	-804	804	6
chr1	153726126	153729276	153728607	3150	153727701	-1575	1575	906
chr1	154255129	154258514	154257092	3385	154256821	-1692	1693	271
chr1	179095452	179096989	179095666	1537	179096220	-768	769	-554
chr1	154964996	154967213	154966053	2217	154966104	-1108	1109	-51
chr1	147622009	147626007	147622432	3998	147624008	-1999	1999	-1576
chr1	151170822	151175655	151171457	4833	151173238	-2416	2417	-1781
chr1	207753759	207757241	207757094	3482	207755500	-1741	1741	1594
chr1	27403227	27407478	27405668	4251	27405352	-2125	2126	316
chr1	112455454	112457889	112456267	2435	112456671	-1217	1218	-404
chr1	39561879	39563128	39562383	1249	39562503	-624	625	-120
chr1	43614371	43620204	43619392	5833	43617287	-2916	2917	2105
chr1	154573141	154576605	154575804	3464	154574873	-1732	1732	931
chr1	156937683	156942123	156940230	4440	156939903	-2220	2220	327
chr1	200848929	200851014	200849191	2085	200849971	-1042	1043	-780
chr1	27546962	27551688	27551509	4726	27549325	-2363	2363	2184
chr1	36318477	36324682	36320719	6205	36321579	-3102	3103	-860
chr1	43690823	43694915	43690989	4092	43692869	-2046	2046	-1880
chr1	45617194	45623000	45622814	5806	45620097	-2903	2903	2717
chr1	46029095	46030352	46029492	1257	46029723	-628	629	-231
chr1	51293446	51298597	51294427	5151	51296021	-2575	2576	-1594
chr1	51788248	51793467	51789641	5219	51790857	-2609	2610	-1216
chr1	67684293	67689096	67687841	4803	67686694	-2401	2402	1147
chr1	109506641	109510014	109507542	3373	109508327	-1686	1687	-785
chr1	150263349	150270167	150268720	6818	150266758	-3409	3409	1962
chr1	151240409	151242835	151242149	2426	151241622	-1213	1213	527
chr1	154550069	154556304	154555518	6235	154553186	-3117	3118	2332
chr1	206583457	206588575	206586739	5118	206586016	-2559	2559	723
chr1	206583457	206588575	206586912	5118	206586016	-2559	2559	896
chr1	226378936	226383187	226379184	4251	226381061	-2125	2126	-1877
chr1	151263884	151267448	151266518	3564	151265666	-1782	1782	852
chr1	26779388	26781241	26779645	1853	26780314	-926	927	-669
chr1	22118960	22123510	22120460	4550	22121235	-2275	2275	-775
chr1	151189230	151192864	151190166	3634	151191047	-1817	1817	-881
chr1	228301684	228304962	228304433	3278	228303323	-1639	1639	1110
chr1	26889215	26895939	26893404	6724	26892577	-3362	3362	827
chr1	156737293	156739225	156738361	1932	156738259	-966	966	102
chr1	20644338	20650240	20645556	5902	20647289	-2951	2951	-1733
chr1	23084750	23085698	23085361	948	23085224	-474	474	137
chr1	35922776	35924207	35923457	1431	35923491	-715	716	-34
chr1	108690135	108693399	108692600	3264	108691767	-1632	1632	833
chr1	154967340	154975235	154974854	7895	154971287	-3947	3948	3567
chr1	156730411	156736365	156734385	5954	156733388	-2977	2977	997
chr1	206583457	206588575	206584456	5118	206586016	-2559	2559	-1560
chr1	153775045	153776516	153775375	1471	153775780	-735	736	-405
chr1	222628290	222630361	222628379	2071	222629325	-1035	1036	-946
chr1	15926508	15928947	15928410	2439	15927727	-1219	1220	683
chr1	41510017	41512457	41510468	2440	41511237	-1220	1220	-769
chr1	16393045	16399658	16393318	6613	16396351	-3306	3307	-3033
chr1	145922684	145930160	145926820	7476	145926422	-3738	3738	398
chr1	45565962	45569792	45567957	3830	45567877	-1915	1915	80
chr1	180273799	180275177	180274252	1378	180274488	-689	689	-236
chr1	153932478	153937928	153932959	5450	153935203	-2725	2725	-2244
chr1	155015279	155019083	155016348	3804	155017181	-1902	1902	-833
chr1	41581314	41585334	41583044	4020	41583324	-2010	2010	-280
chr1	154985202	154989788	154988248	4586	154987495	-2293	2293	753
chr1	155656988	155660432	155659787	3444	155658710	-1722	1722	1077
chr1	112699838	112704154	112701698	4316	112701996	-2158	2158	-298
chr1	88980788	88985066	88981765	4278	88982927	-2139	2139	-1162
chr1	117074836	117076768	117075412	1932	117075802	-966	966	-390
chr1	204257122	204262139	204261406	5017	204259630	-2508	2509	1776
chr1	156050621	156055890	156054935	5269	156053255	-2634	2635	1680
chr1	8354824	8361599	8355053	6775	8358211	-3387	3388	-3158
chr1	23090076	23092006	23091543	1930	23091041	-965	965	502
chr1	179106463	179112083	179108062	5620	179109273	-2810	2810	-1211
chr1	37564877	37566486	37565042	1609	37565681	-804	805	-639
chr1	109271659	109273949	109272937	2290	109272804	-1145	1145	133
chr1	154323517	154328328	154327817	4811	154325922	-2405	2406	1895
chr1	151170822	151175655	151174830	4833	151173238	-2416	2417	1592
chr1	43446678	43454364	43447947	7686	43450521	-3843	3843	-2574
chr1	26468716	26469811	26468962	1095	26469263	-547	548	-301
chr1	150263349	150270167	150266092	6818	150266758	-3409	3409	-666
chr1	161169074	161171462	161170444	2388	161170268	-1194	1194	176
chr1	16628206	16635716	16630060	7510	16631961	-3755	3755	-1901
chr1	29148472	29149940	29148880	1468	29149206	-734	734	-326
chr1	32892842	32898619	32893601	5777	32895730	-2888	2889	-2129
chr1	113903555	113906812	113904697	3257	113905183	-1628	1629	-486
chr1	113970557	113973572	113972008	3015	113972064	-1507	1508	-56
chr1	149926901	149928413	149927847	1512	149927657	-756	756	190
chr1	228367917	228374092	228373994	6175	228371004	-3087	3088	2990
chr1	6094063	6100872	6097434	6809	6097467	-3404	3405	-33
chr1	15931832	15937568	15937461	5736	15934700	-2868	2868	2761
chr1	160342439	160347117	160344806	4678	160344778	-2339	2339	28
chr1	2303710	2307934	2304504	4224	2305822	-2112	2112	-1318
chr1	10464788	10467423	10467206	2635	10466105	-1317	1318	1101
chr1	151760202	151763951	151763073	3749	151762076	-1874	1875	997
chr1	222628290	222630361	222628496	2071	222629325	-1035	1036	-829
chr1	147290533	147292547	147291515	2014	147291540	-1007	1007	-25
chr1	156724943	156729343	156727239	4400	156727143	-2200	2200	96
chr1	23755812	23757154	23755969	1342	23756483	-671	671	-514
chr1	43667193	43669459	43667899	2266	43668326	-1133	1133	-427
chr1	205598502	205599770	205599134	1268	205599136	-634	634	-2
chr1	151165561	151170119	151166168	4558	151167840	-2279	2279	-1672
chr1	151404031	151405712	151404640	1681	151404871	-840	841	-231
chr1	200407901	200411046	200409095	3145	200409473	-1572	1573	-378
chr1	109248872	109255065	109250590	6193	109251968	-3096	3097	-1378
chr1	151165561	151170119	151165818	4558	151167840	-2279	2279	-2022
chr1	155015279	155019083	155018599	3804	155017181	-1902	1902	1418
chr1	203846755	203847731	203847259	976	203847243	-488	488	16
chr1	1544767	1546221	1544993	1454	1545494	-727	727	-501
chr1	32767962	32774402	32773120	6440	32771182	-3220	3220	1938
chr1	186306282	186309312	186308766	3030	186307797	-1515	1515	969
chr1	226983256	226987161	226986479	3905	226985208	-1952	1953	1271
chr1	39561879	39563128	39562082	1249	39562503	-624	625	-421
chr1	151189230	151192864	151190052	3634	151191047	-1817	1817	-995
chr1	19108082	19113043	19113041	4961	19110562	-2480	2481	2479
chr1	156133796	156135500	156134458	1704	156134648	-852	852	-190
chr1	43446678	43454364	43451332	7686	43450521	-3843	3843	811
chr1	153932478	153937928	153934781	5450	153935203	-2725	2725	-422
chr1	40064232	40066244	40064533	2012	40065238	-1006	1006	-705
chr1	186306282	186309312	186308113	3030	186307797	-1515	1515	316
chr1	228367917	228374092	228368753	6175	228371004	-3087	3088	-2251
chr1	204133228	204135356	204134574	2128	204134292	-1064	1064	282
chr1	2519538	2525707	2520820	6169	2522622	-3084	3085	-1802
chr1	42743398	42749281	42748304	5883	42746339	-2941	2942	1965
chr1	200407901	200411046	200408787	3145	200409473	-1572	1573	-686
chr1	160293844	160294960	160294552	1116	160294402	-558	558	150
chr1	206583457	206588575	206586678	5118	206586016	-2559	2559	662
chr1	43362511	43368474	43363133	5963	43365492	-2981	2982	-2359
chr1	150263349	150270167	150266043	6818	150266758	-3409	3409	-715
chr1	153775045	153776516	153775320	1471	153775780	-735	736	-460
chr1	153951063	153956383	153953355	5320	153953723	-2660	2660	-368
chr1	110337341	110343026	110341965	5685	110340183	-2842	2843	1782
chr1	150963764	150965163	150964048	1399	150964463	-699	700	-415
chr1	179106463	179112083	179110310	5620	179109273	-2810	2810	1037
chr1	1054391	1061712	1055442	7321	1058051	-3660	3661	-2609
chr1	116959855	116962907	116961412	3052	116961381	-1526	1526	31
chr1	45341885	45343973	45342530	2088	45342929	-1044	1044	-399
chr1	220150861	220152725	220151735	1864	220151793	-932	932	-58
chr1	204409849	204412233	204410670	2384	204411041	-1192	1192	-371
chr1	10032263	10034091	10033647	1828	10033177	-914	914	470
chr1	43171624	43173547	43172808	1923	43172585	-961	962	223
chr1	204227725	204230127	204228759	2402	204228926	-1201	1201	-167
chr1	32188076	32195407	32192342	7331	32191741	-3665	3666	601
chr1	44634433	44636469	44635274	2036	44635451	-1018	1018	-177
chr1	151170822	151175655	151174492	4833	151173238	-2416	2417	1254
chr1	3488653	3493713	3490581	5060	3491183	-2530	2530	-602
chr1	112699838	112704154	112700226	4316	112701996	-2158	2158	-1770
chr1	155129000	155131746	155131400	2746	155130373	-1373	1373	1027
chr1	155803581	155806366	155804964	2785	155804973	-1392	1393	-9
chr1	160295616	160298614	160297652	2998	160297115	-1499	1499	537
chr1	201488085	201490412	201488878	2327	201489248	-1163	1164	-370
chr1	222628290	222630361	222629696	2071	222629325	-1035	1036	371
chr1	236545972	236548039	236548009	2067	236547005	-1033	1034	1004
chr1	247310394	247312103	247310414	1709	247311248	-854	855	-834
chr1	64834844	64838247	64836148	3403	64836545	-1701	1702	-397
chr1	181088035	181090557	181089816	2522	181089296	-1261	1261	520
chr1	225842442	225850428	225845166	7986	225846435	-3993	3993	-1269
chr1	9730426	9732155	9731127	1729	9731290	-864	865	-163
chr1	1635239	1642737	1637884	7498	1638988	-3749	3749	-1104
chr1	43702147	43705575	43704508	3428	43703861	-1714	1714	647
chr1	204195919	204203172	204202986	7253	204199545	-3626	3627	3441
chr1	228374689	228378764	228378660	4075	228376726	-2037	2038	1934
chr1	77941576	77944071	77942949	2495	77942823	-1247	1248	126
chr1	155043623	155049605	155048102	5982	155046614	-2991	2991	1488
chr1	15563214	15566160	15566081	2946	15564687	-1473	1473	1394
chr1	119961895	119964119	119963791	2224	119963007	-1112	1112	784
chr1	112695108	112698864	112696758	3756	112696986	-1878	1878	-228
chr1	154964996	154967213	154965639	2217	154966104	-1108	1109	-465
chr1	171794116	171798938	171794400	4822	171796527	-2411	2411	-2127
chr1	1744310	1749459	1745772	5149	1746884	-2574	2575	-1112
chr1	43934167	43937911	43936688	3744	43936039	-1872	1872	649
chr1	156019260	156021904	156020137	2644	156020582	-1322	1322	-445
chr1	204409849	204412233	204409881	2384	204411041	-1192	1192	-1160
chr1	151700935	151708597	151702656	7662	151704766	-3831	3831	-2110
chr1	166848613	166852355	166849545	3742	166850484	-1871	1871	-939
chr1	181088035	181090557	181089838	2522	181089296	-1261	1261	542
chr1	16393045	16399658	16393326	6613	16396351	-3306	3307	-3025
chr1	85580671	85583428	85582140	2757	85582049	-1378	1379	91
chr1	43386394	43389005	43386600	2611	43387699	-1305	1306	-1099
chr1	154210790	154213769	154212595	2979	154212279	-1489	1490	316
chr1	46360605	46363482	46362306	2877	46362043	-1438	1439	263
chr1	151404031	151405712	151405658	1681	151404871	-840	841	787
chr1	151042476	151049117	151046113	6641	151045796	-3320	3321	317
chr1	154171496	154174026	154173178	2530	154172761	-1265	1265	417
chr1	171485337	171486697	171485616	1360	171486017	-680	680	-401
chr1	46285493	46286806	46285572	1313	46286149	-656	657	-577
chr1	19255468	19258083	19257972	2615	19256775	-1307	1308	1197
chr1	2371363	2379018	2372521	7655	2375190	-3827	3828	-2669
chr1	2519538	2525707	2520821	6169	2522622	-3084	3085	-1801
chr1	2519538	2525707	2521173	6169	2522622	-3084	3085	-1449
chr1	9722296	9727529	9726939	5233	9724912	-2616	2617	2027
chr1	13779455	13780388	13780094	933	13779921	-466	467	173
chr1	15931832	15937568	15932800	5736	15934700	-2868	2868	-1900
chr1	23755812	23757154	23756297	1342	23756483	-671	671	-186
chr1	37979082	37984045	37980632	4963	37981563	-2481	2482	-931
chr1	42743398	42749281	42747409	5883	42746339	-2941	2942	1070
chr1	43667193	43669459	43669220	2266	43668326	-1133	1133	894
chr1	46285493	46286806	46285712	1313	46286149	-656	657	-437
chr1	53875037	53879009	53878680	3972	53877023	-1986	1986	1657
chr1	64856990	64859327	64857708	2337	64858158	-1168	1169	-450
chr1	75794744	75798401	75797098	3657	75796572	-1828	1829	526
chr1	77941576	77944071	77942884	2495	77942823	-1247	1248	61
chr1	110337341	110343026	110339967	5685	110340183	-2842	2843	-216
chr1	112699838	112704154	112700263	4316	112701996	-2158	2158	-1733
chr1	151760202	151763951	151762836	3749	151762076	-1874	1875	760
chr1	153932478	153937928	153932921	5450	153935203	-2725	2725	-2282
chr1	153951063	153956383	153952159	5320	153953723	-2660	2660	-1564
chr1	154985202	154989788	154988939	4586	154987495	-2293	2293	1444
chr1	155060158	155062797	155060270	2639	155061477	-1319	1320	-1207
chr1	155910293	155913049	155910801	2756	155911671	-1378	1378	-870
chr1	156720957	156723598	156723290	2641	156722277	-1320	1321	1013
chr1	161121454	161124393	161123184	2939	161122923	-1469	1470	261
chr1	206908996	206910465	206910326	1469	206909730	-734	735	596
chr1	226378936	226383187	226383089	4251	226381061	-2125	2126	2028
chr1	226389680	226391636	226390478	1956	226390658	-978	978	-180
chr1	229656586	229660219	229659326	3633	229658402	-1816	1817	924
chr1	231335731	231337193	231336641	1462	231336462	-731	731	179
chr1	26779388	26781241	26780325	1853	26780314	-926	927	11
chr1	37704543	37708210	37705565	3667	37706376	-1833	1834	-811
chr1	149922555	149924928	149923867	2373	149923741	-1186	1187	126
chr1	161037575	161039474	161038626	1899	161038524	-949	950	102
chr1	43386394	43389005	43386588	2611	43387699	-1305	1306	-1111
chr1	26182702	26187437	26185161	4735	26185069	-2367	2368	92
chr1	182885434	182888937	182887372	3503	182887185	-1751	1752	187
chr1	221738029	221743527	221739148	5498	221740778	-2749	2749	-1630
chr1	1385742	1390941	1387308	5199	1388341	-2599	2600	-1033
chr1	2303710	2307934	2304579	4224	2305822	-2112	2112	-1243
chr1	3783881	3787569	3787022	3688	3785725	-1844	1844	1297
chr1	15926508	15928947	15928198	2439	15927727	-1219	1220	471
chr1	15926508	15928947	15928467	2439	15927727	-1219	1220	740
chr1	15931832	15937568	15932874	5736	15934700	-2868	2868	-1826
chr1	21259951	21265988	21260304	6037	21262969	-3018	3019	-2665
chr1	28580825	28583729	28580876	2904	28582277	-1452	1452	-1401
chr1	37704543	37708210	37705532	3667	37706376	-1833	1834	-844
chr1	39004107	39005596	39004145	1489	39004851	-744	745	-706
chr1	40691214	40692994	40691830	1780	40692104	-890	890	-274
chr1	41581314	41585334	41581679	4020	41583324	-2010	2010	-1645
chr1	44782831	44785213	44784666	2382	44784022	-1191	1191	644
chr1	114721547	114727343	114725237	5796	114724445	-2898	2898	792
chr1	154182026	154187241	154183053	5215	154184633	-2607	2608	-1580
chr1	155287790	155295192	155288471	7402	155291491	-3701	3701	-3020
chr1	159914459	159920601	159918967	6142	159917530	-3071	3071	1437
chr1	160212880	160214597	160213578	1717	160213738	-858	859	-160
chr1	170539489	170541418	170539527	1929	170540453	-964	965	-926
chr1	182877113	182878382	182878024	1269	182877747	-634	635	277
chr1	204248669	204251092	204248961	2423	204249880	-1211	1212	-919
chr1	204257122	204262139	204259607	5017	204259630	-2508	2509	-23
chr1	247299776	247301255	247301041	1479	247300515	-739	740	526
chr1	211577062	211579845	211578403	2783	211578453	-1391	1392	-50
chr1	150624553	150628092	150627541	3539	150626322	-1769	1770	1219
chr1	156937683	156942123	156939828	4440	156939903	-2220	2220	-75
chr1	186306282	186309312	186306798	3030	186307797	-1515	1515	-999
chr1	160207714	160211604	160208571	3890	160209659	-1945	1945	-1088
chr1	52353138	52355171	52354897	2033	52354154	-1016	1017	743
chr1	109271659	109273949	109272335	2290	109272804	-1145	1145	-469
chr1	155941011	155944906	155942696	3895	155942958	-1947	1948	-262
chr1	35191421	35193804	35192966	2383	35192612	-1191	1192	354
chr1	1254620	1258777	1255246	4157	1256698	-2078	2079	-1452
chr1	150958356	150963712	150960598	5356	150961034	-2678	2678	-436
chr1	202965290	202968233	202965934	2943	202966761	-1471	1472	-827
chr1	16617050	16621870	16618722	4820	16619460	-2410	2410	-738
chr1	16617050	16621870	16619734	4820	16619460	-2410	2410	274
chr1	182389903	182392762	182390627	2859	182391332	-1429	1430	-705
chr1	155263029	155264030	155263978	1001	155263529	-500	501	449
chr1	109248872	109255065	109250506	6193	109251968	-3096	3097	-1462
chr1	10650964	10654076	10653333	3112	10652520	-1556	1556	813
chr1	161173127	161176094	161173828	2967	161174610	-1483	1484	-782
chr1	9730426	9732155	9730558	1729	9731290	-864	865	-732
chr1	13778190	13779172	13778789	982	13778681	-491	491	108
chr1	32226367	32228013	32226498	1646	32227190	-823	823	-692
chr1	45344391	45348608	45344938	4217	45346499	-2108	2109	-1561
chr1	46285493	46286806	46285666	1313	46286149	-656	657	-483
chr1	52361472	52364917	52361578	3445	52363194	-1722	1723	-1616
chr1	85580671	85583428	85582550	2757	85582049	-1378	1379	501
chr1	108690135	108693399	108692841	3264	108691767	-1632	1632	1074
chr1	109248872	109255065	109252821	6193	109251968	-3096	3097	853
chr1	110337341	110343026	110341651	5685	110340183	-2842	2843	1468
chr1	111723024	111728566	111727524	5542	111725795	-2771	2771	1729
chr1	111755209	111757687	111755777	2478	111756448	-1239	1239	-671
chr1	145922684	145930160	145927069	7476	145926422	-3738	3738	647
chr1	150997427	150999757	150997680	2330	150998592	-1165	1165	-912
chr1	151263884	151267448	151266559	3564	151265666	-1782	1782	893
chr1	154990293	154995153	154993959	4860	154992723	-2430	2430	1236
chr1	155345061	155347087	155346367	2026	155346074	-1013	1013	293
chr1	156724943	156729343	156727227	4400	156727143	-2200	2200	84
chr1	156961979	156964379	156963543	2400	156963179	-1200	1200	364
chr1	186325004	186326300	186326175	1296	186325652	-648	648	523
chr1	116402960	116405670	116404508	2710	116404315	-1355	1355	193
chr1	181001424	181004341	181002692	2917	181002882	-1458	1459	-190
chr1	11970636	11974018	11970739	3382	11972327	-1691	1691	-1588
chr1	150994454	150995245	150994603	791	150994849	-395	396	-246
chr1	151175675	151178927	151176917	3252	151177301	-1626	1626	-384
chr1	153644489	153649461	153645124	4972	153646975	-2486	2486	-1851
chr1	161114984	161121140	161119186	6156	161118062	-3078	3078	1124
chr1	2519538	2525707	2521297	6169	2522622	-3084	3085	-1325
chr1	6641825	6647250	6644629	5425	6644537	-2712	2713	92
chr1	6641825	6647250	6645921	5425	6644537	-2712	2713	1384
chr1	15931832	15937568	15934074	5736	15934700	-2868	2868	-626
chr1	15931832	15937568	15934782	5736	15934700	-2868	2868	82
chr1	26779388	26781241	26779732	1853	26780314	-926	927	-582
chr1	27330620	27331788	27331123	1168	27331204	-584	584	-81
chr1	28736003	28738275	28737576	2272	28737139	-1136	1136	437
chr1	35187124	35189104	35188076	1980	35188114	-990	990	-38
chr1	40071605	40072678	40072341	1073	40072141	-536	537	200
chr1	42849144	42852262	42851085	3118	42850703	-1559	1559	382
chr1	44217008	44222829	44220558	5821	44219918	-2910	2911	640
chr1	52356523	52361225	52359075	4702	52358874	-2351	2351	201
chr1	113389727	113392011	113391110	2284	113390869	-1142	1142	241
chr1	145838264	145841785	145840130	3521	145840024	-1760	1761	106
chr1	147622009	147626007	147623861	3998	147624008	-1999	1999	-147
chr1	149886886	149889648	149887097	2762	149888267	-1381	1381	-1170
chr1	149886886	149889648	149887749	2762	149888267	-1381	1381	-518
chr1	150010034	150011228	150010534	1194	150010631	-597	597	-97
chr1	154557208	154559359	154558274	2151	154558283	-1075	1076	-9
chr1	154601678	154604193	154602610	2515	154602935	-1257	1258	-325
chr1	154985202	154989788	154988528	4586	154987495	-2293	2293	1033
chr1	155123365	155128727	155127922	5362	155126046	-2681	2681	1876
chr1	156323403	156325118	156324992	1715	156324260	-857	858	732
chr1	160293844	160294960	160294582	1116	160294402	-558	558	180
chr1	166848613	166852355	166849375	3742	166850484	-1871	1871	-1109
chr1	170530649	170532969	170532249	2320	170531809	-1160	1160	440
chr1	173486835	173488183	173487888	1348	173487509	-674	674	379
chr1	182598739	182602667	182600287	3928	182600703	-1964	1964	-416
chr1	202806770	202810255	202808327	3485	202808512	-1742	1743	-185
chr1	204257122	204262139	204259299	5017	204259630	-2508	2509	-331
chr1	206732860	206739146	206733818	6286	206736003	-3143	3143	-2185
chr1	207753759	207757241	207757116	3482	207755500	-1741	1741	1616
chr1	213013687	213015882	213015757	2195	213014784	-1097	1098	973
chr1	230867944	230869662	230868263	1718	230868803	-859	859	-540
chr1	233612940	233615921	233614348	2981	233614430	-1490	1491	-82
chr1	247328471	247333305	247329571	4834	247330888	-2417	2417	-1317
chr1	43671121	43676631	43671636	5510	43673876	-2755	2755	-2240
chr1	11787002	11792722	11792352	5720	11789862	-2860	2860	2490
chr1	11793607	11795881	11793975	2274	11794744	-1137	1137	-769
chr1	13781767	13782719	13782534	952	13782243	-476	476	291
chr1	36092903	36094963	36093481	2060	36093933	-1030	1030	-452
chr1	77941576	77944071	77942573	2495	77942823	-1247	1248	-250
chr1	109248872	109255065	109252282	6193	109251968	-3096	3097	314
chr1	153972617	153977782	153972784	5165	153975199	-2582	2583	-2415
chr1	154573141	154576605	154575783	3464	154574873	-1732	1732	910
chr1	156740046	156745779	156744187	5733	156742912	-2866	2867	1275
chr1	161052219	161055279	161053348	3060	161053749	-1530	1530	-401
chr1	161212057	161216693	161213712	4636	161214375	-2318	2318	-663
chr1	180190802	180196518	180196446	5716	180193660	-2858	2858	2786
chr1	180273799	180275177	180274220	1378	180274488	-689	689	-268
chr1	183565132	183566156	183565765	1024	183565644	-512	512	121
chr1	212791154	212795138	212795101	3984	212793146	-1992	1992	1955
chr1	228156444	228161317	228157825	4873	228158880	-2436	2437	-1055
chr1	1054391	1061712	1055374	7321	1058051	-3660	3661	-2677
chr1	1054391	1061712	1055376	7321	1058051	-3660	3661	-2675
chr1	11787002	11792722	11788615	5720	11789862	-2860	2860	-1247
chr1	51788248	51793467	51790962	5219	51790857	-2609	2610	105
chr1	204241153	204245848	204244988	4695	204243500	-2347	2348	1488
chr1	150965269	150969017	150966597	3748	150967143	-1874	1874	-546
chr1	41581314	41585334	41582804	4020	41583324	-2010	2010	-520
chr1	228392126	228399671	228394823	7545	228395898	-3772	3773	-1075
chr1	28201084	28204894	28203791	3810	28202989	-1905	1905	802
chr1	2371363	2379018	2372562	7655	2375190	-3827	3828	-2628
chr1	26779388	26781241	26779872	1853	26780314	-926	927	-442
chr1	153640966	153644403	153643504	3437	153642684	-1718	1719	820
chr1	43975882	43977538	43976634	1656	43976710	-828	828	-76
chr1	93551826	93553941	93552408	2115	93552883	-1057	1058	-475
chr1	150965269	150969017	150968958	3748	150967143	-1874	1874	1815
chr1	236897169	236899094	236897610	1925	236898131	-962	963	-521
chr1	153664973	153671246	153668547	6273	153668109	-3136	3137	438
chr1	70221263	70222561	70221462	1298	70221912	-649	649	-450
chr1	156172283	156178465	156176453	6182	156175374	-3091	3091	1079
chr1	45002551	45008655	45006978	6104	45005603	-3052	3052	1375
chr1	151240409	151242835	151242553	2426	151241622	-1213	1213	931
chr1	151404031	151405712	151404917	1681	151404871	-840	841	46
chr1	26779388	26781241	26781026	1853	26780314	-926	927	712
chr1	43991119	43992537	43992225	1418	43991828	-709	709	397
chr1	155336680	155338615	155337568	1935	155337647	-967	968	-79
chr1	161209393	161211349	161210127	1956	161210371	-978	978	-244
chr1	19147189	19148534	19148006	1345	19147861	-672	673	145
chr1	19108082	19113043	19112841	4961	19110562	-2480	2481	2279
chr1	155608482	155610865	155610305	2383	155609673	-1191	1192	632
chr1	161169074	161171462	161170495	2388	161170268	-1194	1194	227
chr1	148952756	148953994	148953642	1238	148953375	-619	619	267
chr1	150950587	150954609	150951439	4022	150952598	-2011	2011	-1159
chr1	149886886	149889648	149887584	2762	149888267	-1381	1381	-683
chr1	32202502	32207732	32203925	5230	32205117	-2615	2615	-1192
chr1	119920811	119924379	119923684	3568	119922595	-1784	1784	1089
chr1	154573141	154576605	154575961	3464	154574873	-1732	1732	1088
chr1	155941011	155944906	155942707	3895	155942958	-1947	1948	-251
chr1	26848439	26850504	26850439	2065	26849471	-1032	1033	968
chr1	53211036	53214421	53211182	3385	53212728	-1692	1693	-1546
chr1	1348458	1355319	1354445	6861	1351888	-3430	3431	2557
chr1	153662647	153663921	153663050	1274	153663284	-637	637	-234
chr1	151042476	151049117	151043025	6641	151045796	-3320	3321	-2771
chr1	108196022	108202974	108200029	6952	108199498	-3476	3476	531
chr1	154985202	154989788	154988833	4586	154987495	-2293	2293	1338
chr1	154171496	154174026	154172038	2530	154172761	-1265	1265	-723
chr1	205717681	205719715	205718377	2034	205718698	-1017	1017	-321
chr1	52031898	52034068	52032804	2170	52032983	-1085	1085	-179
chr1	99968800	99972302	99970596	3502	99970551	-1751	1751	45
chr1	109490617	109492495	109491164	1878	109491556	-939	939	-392
chr1	228367917	228374092	228369980	6175	228371004	-3087	3088	-1024
chr1	43362511	43368474	43363058	5963	43365492	-2981	2982	-2434
chr1	46685921	46689083	46688351	3162	46687502	-1581	1581	849
chr1	11787002	11792722	11790692	5720	11789862	-2860	2860	830
chr1	46342274	46344456	46343745	2182	46343365	-1091	1091	380
chr1	23093114	23095000	23093473	1886	23094057	-943	943	-584
chr1	25825434	25829953	25826644	4519	25827693	-2259	2260	-1049
chr1	36318477	36324682	36319741	6205	36321579	-3102	3103	-1838
chr1	45002551	45008655	45008366	6104	45005603	-3052	3052	2763
chr1	117074836	117076768	117075564	1932	117075802	-966	966	-238
chr1	156929492	156933388	156932516	3896	156931440	-1948	1948	1076
chr1	202965290	202968233	202966024	2943	202966761	-1471	1472	-737
chr1	8354824	8361599	8361372	6775	8358211	-3387	3388	3161
chr1	228305612	228311209	228307028	5597	228308410	-2798	2799	-1382
chr1	111723024	111728566	111727382	5542	111725795	-2771	2771	1587
chr1	153972617	153977782	153973244	5165	153975199	-2582	2583	-1955
chr1	204241153	204245848	204241684	4695	204243500	-2347	2348	-1816
chr1	150958356	150963712	150962604	5356	150961034	-2678	2678	1570
chr1	223761955	223767112	223762221	5157	223764533	-2578	2579	-2312
chr1	23093114	23095000	23093422	1886	23094057	-943	943	-635
chr1	43975882	43977538	43977242	1656	43976710	-828	828	532
chr1	220150861	220152725	220151227	1864	220151793	-932	932	-566
chr1	20637042	20640758	20637978	3716	20638900	-1858	1858	-922
chr1	151404031	151405712	151405154	1681	151404871	-840	841	283
chr1	25825434	25829953	25826160	4519	25827693	-2259	2260	-1533
chr1	26779388	26781241	26779739	1853	26780314	-926	927	-575
chr1	15053334	15057431	15056183	4097	15055382	-2048	2049	801
chr1	160238884	160241198	160239951	2314	160240041	-1157	1157	-90
chr1	44644163	44647770	44644727	3607	44645966	-1803	1804	-1239
chr1	155287790	155295192	155291782	7402	155291491	-3701	3701	291
chr1	10650964	10654076	10653958	3112	10652520	-1556	1556	1438
chr1	154182026	154187241	154183108	5215	154184633	-2607	2608	-1525
chr1	10140995	10145272	10145019	4277	10143133	-2138	2139	1886
chr1	21212514	21220370	21220009	7856	21216442	-3928	3928	3567
chr1	11970636	11974018	11970785	3382	11972327	-1691	1691	-1542
chr1	26861549	26865396	26863246	3847	26863472	-1923	1924	-226
chr1	43995728	43999052	43995828	3324	43997390	-1662	1662	-1562
chr1	88980788	88985066	88983112	4278	88982927	-2139	2139	185
chr1	179106463	179112083	179108637	5620	179109273	-2810	2810	-636
chr1	109493684	109496694	109496394	3010	109495189	-1505	1505	1205
chr1	3476538	3483859	3479535	7321	3480198	-3660	3661	-663
chr1	6577938	6581497	6579224	3559	6579717	-1779	1780	-493
chr1	226068609	226072173	226071375	3564	226070391	-1782	1782	984
chr1	154990293	154995153	154990329	4860	154992723	-2430	2430	-2394
chr1	32767962	32774402	32768105	6440	32771182	-3220	3220	-3077
chr1	52353138	52355171	52354610	2033	52354154	-1016	1017	456
chr1	109098047	109103174	109100466	5127	109100610	-2563	2564	-144
chr1	156076583	156083753	156077270	7170	156080168	-3585	3585	-2898
chr1	159914459	159920601	159918701	6142	159917530	-3071	3071	1171
chr1	27098865	27104977	27103403	6112	27101921	-3056	3056	1482
chr1	155287790	155295192	155293212	7402	155291491	-3701	3701	1721
chr1	11669859	11675057	11674660	5198	11672458	-2599	2599	2202
chr1	22125966	22130867	22127284	4901	22128416	-2450	2451	-1132
chr1	1254620	1258777	1255342	4157	1256698	-2078	2079	-1356
chr1	151042476	151049117	151048729	6641	151045796	-3320	3321	2933
chr1	155258652	155262911	155260487	4259	155260781	-2129	2130	-294
chr1	155561671	155563733	155562125	2062	155562702	-1031	1031	-577
chr1	156172283	156178465	156172985	6182	156175374	-3091	3091	-2389
chr1	156172283	156178465	156176578	6182	156175374	-3091	3091	1204
chr1	183541732	183544662	183542367	2930	183543197	-1465	1465	-830
chr1	226983256	226987161	226984902	3905	226985208	-1952	1953	-306
chr1	114409028	114412203	114410244	3175	114410615	-1587	1588	-371
chr1	179095452	179096989	179095656	1537	179096220	-768	769	-564
chr1	46351620	46354011	46352963	2391	46352815	-1195	1196	148
chr1	151252731	151255073	151254764	2342	151253902	-1171	1171	862
chr1	159914459	159920601	159919335	6142	159917530	-3071	3071	1805
chr1	206583457	206588575	206586942	5118	206586016	-2559	2559	926
chr1	153972617	153977782	153974637	5165	153975199	-2582	2583	-562
chr1	32202502	32207732	32207279	5230	32205117	-2615	2615	2162
chr1	183117972	183122026	183121765	4054	183119999	-2027	2027	1766
chr1	109248872	109255065	109251449	6193	109251968	-3096	3097	-519
chr1	151042476	151049117	151048711	6641	151045796	-3320	3321	2915
chr1	160998900	161001224	161000737	2324	161000062	-1162	1162	675
chr1	200848929	200851014	200849295	2085	200849971	-1042	1043	-676
chr1	40837314	40840664	40837684	3350	40838989	-1675	1675	-1305
chr1	51788248	51793467	51792044	5219	51790857	-2609	2610	1187
chr1	160238884	160241198	160239537	2314	160240041	-1157	1157	-504
chr1	16403248	16408218	16403807	4970	16405733	-2485	2485	-1926
chr1	46031948	46034532	46032636	2584	46033240	-1292	1292	-604
chr1	52687835	52688642	52688073	807	52688238	-403	404	-165
chr1	88980788	88985066	88983348	4278	88982927	-2139	2139	421
chr1	15574143	15579410	15574944	5267	15576776	-2633	2634	-1832
chr1	200848929	200851014	200850129	2085	200849971	-1042	1043	158
chr1	42849144	42852262	42849474	3118	42850703	-1559	1559	-1229
chr1	26938176	26942437	26941591	4261	26940306	-2130	2131	1285
chr1	155258652	155262911	155258931	4259	155260781	-2129	2130	-1850
chr1	205720339	205722771	205720627	2432	205721555	-1216	1216	-928
chr1	34855299	34857231	34855394	1932	34856265	-966	966	-871
chr1	212791154	212795138	212791682	3984	212793146	-1992	1992	-1464
chr1	26779388	26781241	26780007	1853	26780314	-926	927	-307
chr1	153951063	153956383	153954889	5320	153953723	-2660	2660	1166
chr1	160342439	160347117	160344500	4678	160344778	-2339	2339	-278
chr1	1487022	1491544	1487900	4522	1489283	-2261	2261	-1383
chr1	151538666	151545989	151540355	7323	151542327	-3661	3662	-1972
chr1	149903360	149905347	149904948	1987	149904353	-993	994	595
chr1	161169074	161171462	161170442	2388	161170268	-1194	1194	174
chr1	52031898	52034068	52033234	2170	52032983	-1085	1085	251
chr1	145922684	145930160	145927411	7476	145926422	-3738	3738	989
chr1	30717222	30720043	30718812	2821	30718632	-1410	1411	180
chr1	16989695	16995258	16989994	5563	16992476	-2781	2782	-2482
chr1	109112823	109115086	109114315	2263	109113954	-1131	1132	361
chr1	6208240	6214118	6213167	5878	6211179	-2939	2939	1988
chr1	6635174	6638504	6637273	3330	6636839	-1665	1665	434
chr1	10459951	10463397	10463085	3446	10461674	-1723	1723	1411
chr1	10464788	10467423	10467206	2635	10466105	-1317	1318	1101
chr1	13781767	13782719	13782466	952	13782243	-476	476	223
chr1	15926508	15928947	15928239	2439	15927727	-1219	1220	512
chr1	16617050	16621870	16619229	4820	16619460	-2410	2410	-231
chr1	23090076	23092006	23091472	1930	23091041	-965	965	431
chr1	26861549	26865396	26863230	3847	26863472	-1923	1924	-242
chr1	26861549	26865396	26863581	3847	26863472	-1923	1924	109
chr1	36136361	36137913	36137904	1552	36137137	-776	776	767
chr1	36455455	36456492	36455779	1037	36455973	-518	519	-194
chr1	37805349	37809614	37806902	4265	37807481	-2132	2133	-579
chr1	40986812	40990156	40988590	3344	40988484	-1672	1672	106
chr1	41581314	41585334	41581676	4020	41583324	-2010	2010	-1648
chr1	41581314	41585334	41582103	4020	41583324	-2010	2010	-1221
chr1	41581314	41585334	41582919	4020	41583324	-2010	2010	-405
chr1	43434942	43440030	43437182	5088	43437486	-2544	2544	-304
chr1	43440399	43442565	43442335	2166	43441482	-1083	1083	853
chr1	43934167	43937911	43935602	3744	43936039	-1872	1872	-437
chr1	43944302	43948590	43947641	4288	43946446	-2144	2144	1195
chr1	44644163	44647770	44645273	3607	44645966	-1803	1804	-693
chr1	45565962	45569792	45568482	3830	45567877	-1915	1915	605
chr1	109248872	109255065	109253086	6193	109251968	-3096	3097	1118
chr1	109414247	109415718	109415307	1471	109414982	-735	736	325
chr1	110337341	110343026	110342023	5685	110340183	-2842	2843	1840
chr1	113903555	113906812	113904657	3257	113905183	-1628	1629	-526
chr1	113970557	113973572	113973324	3015	113972064	-1507	1508	1260
chr1	117366145	117368601	117368303	2456	117367373	-1228	1228	930
chr1	147612595	147614818	147612969	2223	147613706	-1111	1112	-737
chr1	149809835	149812197	149811694	2362	149811016	-1181	1181	678
chr1	149809835	149812197	149812114	2362	149811016	-1181	1181	1098
chr1	149926901	149928413	149927840	1512	149927657	-756	756	183
chr1	150958356	150963712	150963001	5356	150961034	-2678	2678	1967
chr1	150965269	150969017	150968175	3748	150967143	-1874	1874	1032
chr1	151034134	151037655	151034295	3521	151035894	-1760	1761	-1599
chr1	151198717	151202076	151199079	3359	151200396	-1679	1680	-1317
chr1	151700935	151708597	151705940	7662	151704766	-3831	3831	1174
chr1	153932478	153937928	153934173	5450	153935203	-2725	2725	-1030
chr1	154255129	154258514	154255279	3385	154256821	-1692	1693	-1542
chr1	154587349	154588545	154588251	1196	154587947	-598	598	304
chr1	154967340	154975235	154970222	7895	154971287	-3947	3948	-1065
chr1	155043623	155049605	155046175	5982	155046614	-2991	2991	-439
chr1	155251269	155253682	155253554	2413	155252475	-1206	1207	1079
chr1	155319387	155320229	155319905	842	155319808	-421	421	97
chr1	155561671	155563733	155562141	2062	155562702	-1031	1031	-561
chr1	156276477	156278027	156277987	1550	156277252	-775	775	735
chr1	156720957	156723598	156723324	2641	156722277	-1320	1321	1047
chr1	156929492	156933388	156930613	3896	156931440	-1948	1948	-827
chr1	156929492	156933388	156932633	3896	156931440	-1948	1948	1193
chr1	156937683	156942123	156939906	4440	156939903	-2220	2220	3
chr1	161097517	161099932	161099669	2415	161098724	-1207	1208	945
chr1	175015862	175019108	175018566	3246	175017485	-1623	1623	1081
chr1	176159464	176163752	176162971	4288	176161608	-2144	2144	1363
chr1	181047393	181052180	181050016	4787	181049786	-2393	2394	230
chr1	181088035	181090557	181088777	2522	181089296	-1261	1261	-519
chr1	181088035	181090557	181089808	2522	181089296	-1261	1261	512
chr1	183634877	183636779	183635581	1902	183635828	-951	951	-247
chr1	200848929	200851014	200849275	2085	200849971	-1042	1043	-696
chr1	200848929	200851014	200849458	2085	200849971	-1042	1043	-513
chr1	201488085	201490412	201490391	2327	201489248	-1163	1164	1143
chr1	204227725	204230127	204228203	2402	204228926	-1201	1201	-723
chr1	204248669	204251092	204249226	2423	204249880	-1211	1212	-654
chr1	204257122	204262139	204259736	5017	204259630	-2508	2509	106
chr1	206901378	206903066	206901553	1688	206902222	-844	844	-669
chr1	206912426	206915527	206913921	3101	206913976	-1550	1551	-55
chr1	226159794	226161998	226161583	2204	226160896	-1102	1102	687
chr1	228305612	228311209	228306572	5597	228308410	-2798	2799	-1838
chr1	51293446	51298597	51296161	5151	51296021	-2575	2576	140
chr1	26779388	26781241	26780065	1853	26780314	-926	927	-249
chr1	115688564	115691939	115691533	3375	115690251	-1687	1688	1282
chr1	37481025	37484310	37481742	3285	37482667	-1642	1643	-925
chr1	151457515	151459723	151459444	2208	151458619	-1104	1104	825
chr1	31422002	31427039	31425790	5037	31424520	-2518	2519	1270
chr1	31630676	31632967	31630750	2291	31631821	-1145	1146	-1071
chr1	225842442	225850428	225847139	7986	225846435	-3993	3993	704
chr1	23979715	23982041	23980312	2326	23980878	-1163	1163	-566
chr1	200407901	200411046	200408596	3145	200409473	-1572	1573	-877
chr1	149886886	149889648	149887226	2762	149888267	-1381	1381	-1041
chr1	186341176	186342703	186341275	1527	186341939	-763	764	-664
chr1	156737293	156739225	156738733	1932	156738259	-966	966	474
chr1	226975554	226983200	226982900	7646	226979377	-3823	3823	3523
chr1	11019361	11022694	11022371	3333	11021027	-1666	1667	1344
chr1	181047393	181052180	181050476	4787	181049786	-2393	2394	690
chr1	222628290	222630361	222629083	2071	222629325	-1035	1036	-242
chr1	39565622	39567892	39567801	2270	39566757	-1135	1135	1044
chr1	179881808	179884251	179882581	2443	179883029	-1221	1222	-448
chr1	180094245	180094632	180094563	387	180094438	-193	194	125
chr1	6635174	6638504	6635213	3330	6636839	-1665	1665	-1626
chr1	43421431	43425759	43424296	4328	43423595	-2164	2164	701
chr1	45341885	45343973	45343750	2088	45342929	-1044	1044	821
chr1	45344391	45348608	45344454	4217	45346499	-2108	2109	-2045
chr1	154220157	154222474	154220456	2317	154221315	-1158	1159	-859
chr1	156172283	156178465	156176926	6182	156175374	-3091	3091	1552
chr1	16393045	16399658	16395103	6613	16396351	-3306	3307	-1248
chr1	1635239	1642737	1636374	7498	1638988	-3749	3749	-2614
chr1	8354824	8361599	8361394	6775	8358211	-3387	3388	3183
chr1	10657514	10663245	10659736	5731	10660379	-2865	2866	-643
chr1	11827935	11830485	11829288	2550	11829210	-1275	1275	78
chr1	15574143	15579410	15574784	5267	15576776	-2633	2634	-1992
chr1	15926508	15928947	15928150	2439	15927727	-1219	1220	423
chr1	16403248	16408218	16403766	4970	16405733	-2485	2485	-1967
chr1	26889215	26895939	26892705	6724	26892577	-3362	3362	128
chr1	40837314	40840664	40838357	3350	40838989	-1675	1675	-632
chr1	41510017	41512457	41510997	2440	41511237	-1220	1220	-240
chr1	41581314	41585334	41583355	4020	41583324	-2010	2010	31
chr1	41581314	41585334	41583834	4020	41583324	-2010	2010	510
chr1	42849144	42852262	42851885	3118	42850703	-1559	1559	1182
chr1	43702147	43705575	43704453	3428	43703861	-1714	1714	592
chr1	51784487	51786053	51784577	1566	51785270	-783	783	-693
chr1	51788248	51793467	51792064	5219	51790857	-2609	2610	1207
chr1	109506641	109510014	109507830	3373	109508327	-1686	1687	-497
chr1	112455454	112457889	112456128	2435	112456671	-1217	1218	-543
chr1	112699838	112704154	112703698	4316	112701996	-2158	2158	1702
chr1	145845583	145848365	145847629	2782	145846974	-1391	1391	655
chr1	145922684	145930160	145925919	7476	145926422	-3738	3738	-503
chr1	150148311	150155523	150150956	7212	150151917	-3606	3606	-961
chr1	150345851	150346661	150346022	810	150346256	-405	405	-234
chr1	150950587	150954609	150950815	4022	150952598	-2011	2011	-1783
chr1	150963764	150965163	150964547	1399	150964463	-699	700	84
chr1	151042476	151049117	151046089	6641	151045796	-3320	3321	293
chr1	151170822	151175655	151174776	4833	151173238	-2416	2417	1538
chr1	151404031	151405712	151405340	1681	151404871	-840	841	469
chr1	153640966	153644403	153643138	3437	153642684	-1718	1719	454
chr1	153928238	153930241	153930225	2003	153929239	-1001	1002	986
chr1	153959395	153964497	153962702	5102	153961946	-2551	2551	756
chr1	154550069	154556304	154552450	6235	154553186	-3117	3118	-736
chr1	154573141	154576605	154575797	3464	154574873	-1732	1732	924
chr1	156785199	156787058	156786703	1859	156786128	-929	930	575
chr1	161121454	161124393	161123125	2939	161122923	-1469	1470	202
chr1	161155682	161163352	161163061	7670	161159517	-3835	3835	3544
chr1	161169074	161171462	161169660	2388	161170268	-1194	1194	-608
chr1	161173127	161176094	161175966	2967	161174610	-1483	1484	1356
chr1	161212057	161216693	161214188	4636	161214375	-2318	2318	-187
chr1	168067182	168068852	168068373	1670	168068017	-835	835	356
chr1	180264808	180266531	180266528	1723	180265669	-861	862	859
chr1	182878695	182881924	182881353	3229	182880309	-1614	1615	1044
chr1	183541732	183544662	183542448	2930	183543197	-1465	1465	-749
chr1	186306282	186309312	186306581	3030	186307797	-1515	1515	-1216
chr1	200737832	200740952	200739937	3120	200739392	-1560	1560	545
chr1	201871552	201875720	201872828	4168	201873636	-2084	2084	-808
chr1	202749902	202751291	202750771	1389	202750596	-694	695	175
chr1	204133228	204135356	204134569	2128	204134292	-1064	1064	277
chr1	206583457	206588575	206585260	5118	206586016	-2559	2559	-756
chr1	206904674	206908008	206904892	3334	206906341	-1667	1667	-1449
chr1	207800679	207802824	207802355	2145	207801751	-1072	1073	604
chr1	217619752	217620656	217619949	904	217620204	-452	452	-255
chr1	225858706	225863107	225860987	4401	225860906	-2200	2201	81
chr1	226378936	226383187	226383093	4251	226381061	-2125	2126	2032
chr1	228305612	228311209	228307278	5597	228308410	-2798	2799	-1132
chr1	244862886	244865743	244864004	2857	244864314	-1428	1429	-310
chr1	246913175	246916262	246913339	3087	246914718	-1543	1544	-1379
chr1	1655356	1657018	1655433	1662	1656187	-831	831	-754
chr1	15563214	15566160	15564004	2946	15564687	-1473	1473	-683
chr1	43667193	43669459	43669212	2266	43668326	-1133	1133	886
chr1	45002551	45008655	45008334	6104	45005603	-3052	3052	2731
chr1	119996423	120000695	119997297	4272	119998559	-2136	2136	-1262
chr1	153957573	153959110	153958529	1537	153958341	-768	769	188
chr1	154967340	154975235	154974883	7895	154971287	-3947	3948	3596
chr1	161121454	161124393	161124151	2939	161122923	-1469	1470	1228
chr1	161155682	161163352	161162623	7670	161159517	-3835	3835	3106
chr1	202728742	202730459	202729709	1717	202729600	-858	859	109
chr1	212614760	212617989	212615083	3229	212616374	-1614	1615	-1291
chr1	244854759	244856700	244856057	1941	244855729	-970	971	328
chr1	37481025	37484310	37483268	3285	37482667	-1642	1643	601
chr1	10657514	10663245	10660013	5731	10660379	-2865	2866	-366
chr1	43544715	43547149	43545050	2434	43545932	-1217	1217	-882
chr1	148952756	148953994	148953158	1238	148953375	-619	619	-217
chr1	151034134	151037655	151037523	3521	151035894	-1760	1761	1629
chr1	153771364	153774208	153772674	2844	153772786	-1422	1422	-112
chr1	166848613	166852355	166849989	3742	166850484	-1871	1871	-495
chr1	109506641	109510014	109507883	3373	109508327	-1686	1687	-444
chr1	10657514	10663245	10659928	5731	10660379	-2865	2866	-451
chr1	64834844	64838247	64835497	3403	64836545	-1701	1702	-1048
chr1	1705512	1709869	1707419	4357	1707690	-2178	2179	-271
chr1	16617050	16621870	16618843	4820	16619460	-2410	2410	-617
chr1	182878695	182881924	182880572	3229	182880309	-1614	1615	263
chr1	217619752	217620656	217619855	904	217620204	-452	452	-349
chr1	20637042	20640758	20637865	3716	20638900	-1858	1858	-1035
chr1	155135584	155138430	155136931	2846	155137007	-1423	1423	-76
chr1	11669859	11675057	11672003	5198	11672458	-2599	2599	-455
chr1	109236669	109240530	109237924	3861	109238599	-1930	1931	-675
chr1	111723024	111728566	111727381	5542	111725795	-2771	2771	1586
chr1	15931832	15937568	15933609	5736	15934700	-2868	2868	-1091
chr1	15931832	15937568	15933738	5736	15934700	-2868	2868	-962
chr1	15931832	15937568	15933987	5736	15934700	-2868	2868	-713
chr1	15931832	15937568	15934319	5736	15934700	-2868	2868	-381
chr1	15931832	15937568	15935825	5736	15934700	-2868	2868	1125
chr1	52356523	52361225	52359790	4702	52358874	-2351	2351	916
chr1	154339976	154344708	154341000	4732	154342342	-2366	2366	-1342
chr1	43975882	43977538	43976100	1656	43976710	-828	828	-610
chr1	62435646	62438023	62437139	2377	62436834	-1188	1189	305
chr1	151398646	151402348	151400862	3702	151400497	-1851	1851	365
chr1	153932478	153937928	153934173	5450	153935203	-2725	2725	-1030
chr1	26470760	26473631	26473504	2871	26472195	-1435	1436	1309
chr1	59857974	59859084	59858446	1110	59858529	-555	555	-83
chr1	150965269	150969017	150967423	3748	150967143	-1874	1874	280
chr1	45507958	45509395	45508876	1437	45508676	-718	719	200
chr1	204241153	204245848	204245633	4695	204243500	-2347	2348	2133
chr1	156172283	156178465	156176810	6182	156175374	-3091	3091	1436
chr1	156785199	156787058	156786918	1859	156786128	-929	930	790
chr1	205146278	205148301	205147681	2023	205147289	-1011	1012	392
chr1	19336557	19343499	19339724	6942	19340028	-3471	3471	-304
chr1	108922686	108924661	108924071	1975	108923673	-987	988	398
chr1	150263349	150270167	150264851	6818	150266758	-3409	3409	-1907
chr1	150281278	150286016	150283329	4738	150283647	-2369	2369	-318
chr1	226983256	226987161	226986569	3905	226985208	-1952	1953	1361
chr1	149899854	149902672	149900393	2818	149901263	-1409	1409	-870
chr1	109414247	109415718	109415307	1471	109414982	-735	736	325
chr1	151252731	151255073	151254792	2342	151253902	-1171	1171	890
chr1	155279859	155286466	155285743	6607	155283162	-3303	3304	2581
chr1	39524987	39527640	39525183	2653	39526313	-1326	1327	-1130
chr1	27098865	27104977	27102690	6112	27101921	-3056	3056	769
chr1	155561671	155563733	155562177	2062	155562702	-1031	1031	-525
chr1	2519538	2525707	2521747	6169	2522622	-3084	3085	-875
chr1	6577938	6581497	6580703	3559	6579717	-1779	1780	986
chr1	182873466	182875989	182874945	2523	182874727	-1261	1262	218
chr1	17637384	17639830	17637916	2446	17638607	-1223	1223	-691
chr1	150982595	150987210	150986604	4615	150984902	-2307	2308	1702
chr1	115688564	115691939	115691860	3375	115690251	-1687	1688	1609
chr1	3467165	3474002	3467276	6837	3470583	-3418	3419	-3307
chr1	147622009	147626007	147624290	3998	147624008	-1999	1999	282
chr1	52356523	52361225	52357085	4702	52358874	-2351	2351	-1789
chr1	247328471	247333305	247329364	4834	247330888	-2417	2417	-1524
chr1	93582068	93585358	93582844	3290	93583713	-1645	1645	-869
chr1	150352777	150354604	150352978	1827	150353690	-913	914	-712
chr1	150950587	150954609	150951439	4022	150952598	-2011	2011	-1159
chr1	155258652	155262911	155262115	4259	155260781	-2129	2130	1334
chr1	26938176	26942437	26941752	4261	26940306	-2130	2131	1446
chr1	27363084	27367245	27364874	4161	27365164	-2080	2081	-290
chr1	34866029	34867981	34867567	1952	34867005	-976	976	562
chr1	43614371	43620204	43620184	5833	43617287	-2916	2917	2897
chr1	160998900	161001224	161000183	2324	161000062	-1162	1162	121
chr1	32380113	32384605	32383937	4492	32382359	-2246	2246	1578
chr1	9722296	9727529	9724337	5233	9724912	-2616	2617	-575
chr1	150965269	150969017	150968416	3748	150967143	-1874	1874	1273
chr1	2388166	2392941	2388258	4775	2390553	-2387	2388	-2295
chr1	13781767	13782719	13782191	952	13782243	-476	476	-52
chr1	15931832	15937568	15934471	5736	15934700	-2868	2868	-229
chr1	32100261	32104545	32102486	4284	32102403	-2142	2142	83
chr1	37793304	37796034	37795729	2730	37794669	-1365	1365	1060
chr1	37954333	37961731	37958216	7398	37958032	-3699	3699	184
chr1	112699838	112704154	112702599	4316	112701996	-2158	2158	603
chr1	153932478	153937928	153937796	5450	153935203	-2725	2725	2593
chr1	154255129	154258514	154257389	3385	154256821	-1692	1693	568
chr1	155182105	155186992	155182132	4887	155184548	-2443	2444	-2416
chr1	161209393	161211349	161210622	1956	161210371	-978	978	251
chr1	201989366	201992412	201989530	3046	201990889	-1523	1523	-1359
chr1	221738029	221743527	221739725	5498	221740778	-2749	2749	-1053
chr1	225842442	225850428	225844529	7986	225846435	-3993	3993	-1906
chr1	246913175	246916262	246916139	3087	246914718	-1543	1544	1421
chr1	16989695	16995258	16993678	5563	16992476	-2781	2782	1202
chr1	109230916	109232203	109230960	1287	109231559	-643	644	-599
chr1	16604899	16606844	16606645	1945	16605871	-972	973	774
chr1	247299776	247301255	247301200	1479	247300515	-739	740	685
chr1	15926508	15928947	15928184	2439	15927727	-1219	1220	457
chr1	46309248	46312470	46310316	3222	46310859	-1611	1611	-543
chr1	36087282	36090966	36087974	3684	36089124	-1842	1842	-1150
chr1	108922686	108924661	108924177	1975	108923673	-987	988	504
chr1	963535	968263	966556	4728	965899	-2364	2364	657
chr1	3820878	3823843	3823467	2965	3822360	-1482	1483	1107
chr1	36350063	36356261	36355280	6198	36353162	-3099	3099	2118
chr1	37552317	37555665	37552687	3348	37553991	-1674	1674	-1304
chr1	37814175	37819625	37815338	5450	37816900	-2725	2725	-1562
chr1	109248872	109255065	109252998	6193	109251968	-3096	3097	1030
chr1	150263349	150270167	150268720	6818	150266758	-3409	3409	1962
chr1	155608482	155610865	155610258	2383	155609673	-1191	1192	585
chr1	202965290	202968233	202965456	2943	202966761	-1471	1472	-1305
chr1	15931832	15937568	15936120	5736	15934700	-2868	2868	1420
chr1	203817334	203820919	203818681	3585	203819126	-1792	1793	-445
chr1	206583457	206588575	206585138	5118	206586016	-2559	2559	-878
chr1	228357796	228364461	228359841	6665	228361128	-3332	3333	-1287
chr1	37814175	37819625	37815263	5450	37816900	-2725	2725	-1637
chr1	31433438	31437448	31434349	4010	31435443	-2005	2005	-1094
chr1	37481025	37484310	37482540	3285	37482667	-1642	1643	-127
chr1	156069611	156073584	156073226	3973	156071597	-1986	1987	1629
chr1	161114984	161121140	161118053	6156	161118062	-3078	3078	-9
chr1	16617050	16621870	16618513	4820	16619460	-2410	2410	-947
chr1	17663698	17666043	17664526	2345	17664870	-1172	1173	-344
chr1	156010655	156011406	156010949	751	156011030	-375	376	-81
chr1	228392126	228399671	228395130	7545	228395898	-3772	3773	-768
chr1	165752018	165752897	165752136	879	165752457	-439	440	-321
chr1	30932953	30935482	30933187	2529	30934217	-1264	1265	-1030
chr1	46188177	46190504	46188803	2327	46189340	-1163	1164	-537
chr1	21224380	21225797	21225363	1417	21225088	-708	709	275
chr1	23093114	23095000	23093204	1886	23094057	-943	943	-853
chr1	58575507	58578070	58576516	2563	58576788	-1281	1282	-272
chr1	42926888	42928496	42927701	1608	42927692	-804	804	9
chr1	153987648	153993163	153991226	5515	153990405	-2757	2758	821
chr1	155258652	155262911	155260520	4259	155260781	-2129	2130	-261
chr1	200407901	200411046	200408388	3145	200409473	-1572	1573	-1085
chr1	226378936	226383187	226381159	4251	226381061	-2125	2126	98
chr1	151404031	151405712	151405109	1681	151404871	-840	841	238
chr1	151760202	151763951	151762451	3749	151762076	-1874	1875	375
chr1	51320779	51322269	51322214	1490	51321524	-745	745	690
chr1	93582068	93585358	93582559	3290	93583713	-1645	1645	-1154
chr1	150628852	150629945	150629438	1093	150629398	-546	547	40
chr1	1655356	1657018	1655385	1662	1656187	-831	831	-802
chr1	15931832	15937568	15933441	5736	15934700	-2868	2868	-1259
chr1	108745684	108747706	108746761	2022	108746695	-1011	1011	66
chr1	151263884	151267448	151265522	3564	151265666	-1782	1782	-144
chr1	2371363	2379018	2372505	7655	2375190	-3827	3828	-2685
chr1	2371363	2379018	2372506	7655	2375190	-3827	3828	-2684
chr1	151263884	151267448	151267308	3564	151265666	-1782	1782	1642
chr1	111755209	111757687	111755842	2478	111756448	-1239	1239	-606
chr1	3780434	3783270	3781267	2836	3781852	-1418	1418	-585
chr1	115688564	115691939	115691347	3375	115690251	-1687	1688	1096
chr1	156069611	156073584	156069747	3973	156071597	-1986	1987	-1850
chr1	2388166	2392941	2388291	4775	2390553	-2387	2388	-2262
chr1	45002551	45008655	45003925	6104	45005603	-3052	3052	-1678
chr1	156264470	156268536	156268181	4066	156266503	-2033	2033	1678
chr1	1635239	1642737	1637474	7498	1638988	-3749	3749	-1514
chr1	31366713	31369611	31367444	2898	31368162	-1449	1449	-718
chr1	233612940	233615921	233614217	2981	233614430	-1490	1491	-213
chr1	45617194	45623000	45622606	5806	45620097	-2903	2903	2509
chr1	228367917	228374092	228371962	6175	228371004	-3087	3088	958
chr1	16628206	16635716	16628633	7510	16631961	-3755	3755	-3328
chr1	162365114	162367962	162367369	2848	162366538	-1424	1424	831
chr1	6094063	6100872	6098600	6809	6097467	-3404	3405	1133
chr1	21212514	21220370	21219978	7856	21216442	-3928	3928	3536
chr1	151760202	151763951	151763399	3749	151762076	-1874	1875	1323
chr1	200407901	200411046	200408924	3145	200409473	-1572	1573	-549
chr1	93582068	93585358	93582736	3290	93583713	-1645	1645	-977
chr1	6208240	6214118	6212824	5878	6211179	-2939	2939	1645
chr1	26879037	26880845	26879657	1808	26879941	-904	904	-284
chr1	32779231	32781118	32780082	1887	32780174	-943	944	-92
chr1	45340452	45341797	45341536	1345	45341124	-672	673	412
chr1	114570179	114573859	114570708	3680	114572019	-1840	1840	-1311
chr1	183541732	183544662	183542252	2930	183543197	-1465	1465	-945
chr1	151398646	151402348	151401509	3702	151400497	-1851	1851	1012
chr1	15931832	15937568	15933926	5736	15934700	-2868	2868	-774
chr1	155914983	155917155	155916663	2172	155916069	-1086	1086	594
chr1	156063891	156068501	156068292	4610	156066196	-2305	2305	2096
chr1	15931832	15937568	15932309	5736	15934700	-2868	2868	-2391
chr1	27965231	27967452	27966603	2221	27966341	-1110	1111	262
chr1	28714314	28716590	28714568	2276	28715452	-1138	1138	-884
chr1	156063891	156068501	156068393	4610	156066196	-2305	2305	2197
chr1	161121454	161124393	161121830	2939	161122923	-1469	1470	-1093
chr1	11283865	11286455	11285957	2590	11285160	-1295	1295	797
chr1	23093114	23095000	23093993	1886	23094057	-943	943	-64
chr1	27546962	27551688	27551615	4726	27549325	-2363	2363	2290
chr1	116400218	116401763	116401067	1545	116400990	-772	773	77
chr1	6208240	6214118	6212869	5878	6211179	-2939	2939	1690
chr1	145845583	145848365	145846039	2782	145846974	-1391	1391	-935
chr1	148952756	148953994	148952952	1238	148953375	-619	619	-423
chr1	151760202	151763951	151762382	3749	151762076	-1874	1875	306
chr1	156929492	156933388	156932005	3896	156931440	-1948	1948	565
chr1	154925015	154928076	154925161	3061	154926545	-1530	1531	-1384
chr1	16628206	16635716	16632358	7510	16631961	-3755	3755	397
chr1	119920811	119924379	119922300	3568	119922595	-1784	1784	-295
chr1	37805349	37809614	37809109	4265	37807481	-2132	2133	1628
chr1	156050621	156055890	156051798	5269	156053255	-2634	2635	-1457
chr1	160212880	160214597	160213258	1717	160213738	-858	859	-480
chr1	155135584	155138430	155137999	2846	155137007	-1423	1423	992
chr1	182598739	182602667	182600396	3928	182600703	-1964	1964	-307
chr1	204241153	204245848	204241439	4695	204243500	-2347	2348	-2061
chr1	10633649	10638161	10637243	4512	10635905	-2256	2256	1338
chr1	119920811	119924379	119922381	3568	119922595	-1784	1784	-214
chr1	28272933	28275243	28274860	2310	28274088	-1155	1155	772
chr1	204409849	204412233	204410137	2384	204411041	-1192	1192	-904
chr1	204409849	204412233	204411241	2384	204411041	-1192	1192	200
chr1	10639798	10644018	10643164	4220	10641908	-2110	2110	1256
chr1	159914459	159920601	159919019	6142	159917530	-3071	3071	1489
chr1	204257122	204262139	204259502	5017	204259630	-2508	2509	-128
chr1	109230916	109232203	109231770	1287	109231559	-643	644	211
chr1	6577938	6581497	6580741	3559	6579717	-1779	1780	1024
chr1	43991119	43992537	43992213	1418	43991828	-709	709	385
chr1	220270289	220273013	220272240	2724	220271651	-1362	1362	589
chr1	15926508	15928947	15928637	2439	15927727	-1219	1220	910
chr1	156050621	156055890	156051755	5269	156053255	-2634	2635	-1500
chr1	149886886	149889648	149887261	2762	149888267	-1381	1381	-1006
chr1	119920811	119924379	119922750	3568	119922595	-1784	1784	155
chr1	154267602	154273307	154272677	5705	154270454	-2852	2853	2223
chr1	2226608	2232196	2229410	5588	2229402	-2794	2794	8
chr1	43702147	43705575	43704093	3428	43703861	-1714	1714	232
chr1	154550069	154556304	154551807	6235	154553186	-3117	3118	-1379
chr1	221738029	221743527	221739699	5498	221740778	-2749	2749	-1079
chr1	228374689	228378764	228377157	4075	228376726	-2037	2038	431
chr1	110378794	110380749	110379335	1955	110379771	-977	978	-436
chr1	41510017	41512457	41510507	2440	41511237	-1220	1220	-730
chr1	170539489	170541418	170539527	1929	170540453	-964	965	-926
chr1	43446678	43454364	43447037	7686	43450521	-3843	3843	-3484
chr1	179042279	179044662	179043869	2383	179043470	-1191	1192	399
chr1	202003943	202005525	202004445	1582	202004734	-791	791	-289
chr1	150281278	150286016	150283549	4738	150283647	-2369	2369	-98
chr1	154985202	154989788	154988766	4586	154987495	-2293	2293	1271
chr1	13779455	13780388	13779682	933	13779921	-466	467	-239
chr1	150352777	150354604	150352968	1827	150353690	-913	914	-722
chr1	45002551	45008655	45004909	6104	45005603	-3052	3052	-694
chr1	11970636	11974018	11970727	3382	11972327	-1691	1691	-1600
chr1	45617194	45623000	45622793	5806	45620097	-2903	2903	2696
chr1	15931832	15937568	15934394	5736	15934700	-2868	2868	-306
chr1	16965856	16967921	16966072	2065	16966888	-1032	1033	-816
chr1	26274456	26277298	26277147	2842	26275877	-1421	1421	1270
chr1	150965269	150969017	150965793	3748	150967143	-1874	1874	-1350
chr1	150965269	150969017	150965794	3748	150967143	-1874	1874	-1349
chr1	170530649	170532969	170532262	2320	170531809	-1160	1160	453
chr1	185297919	185298701	185298616	782	185298310	-391	391	306
chr1	150576214	150582535	150578883	6321	150579374	-3160	3161	-491
chr1	160238884	160241198	160239995	2314	160240041	-1157	1157	-46
chr1	116390203	116391435	116390782	1232	116390819	-616	616	-37
chr1	39563140	39565012	39564533	1872	39564076	-936	936	457
chr1	52356523	52361225	52358353	4702	52358874	-2351	2351	-521
chr1	171794116	171798938	171796495	4822	171796527	-2411	2411	-32
chr1	151175675	151178927	151178084	3252	151177301	-1626	1626	783
chr1	150263349	150270167	150268061	6818	150266758	-3409	3409	1303
chr1	41006670	41009053	41007513	2383	41007861	-1191	1192	-348
chr1	58780835	58786137	58782737	5302	58783486	-2651	2651	-749
chr1	202728742	202730459	202728972	1717	202729600	-858	859	-628
chr1	6208240	6214118	6212368	5878	6211179	-2939	2939	1189
chr1	221738029	221743527	221739023	5498	221740778	-2749	2749	-1755
chr1	6457814	6463312	6462072	5498	6460563	-2749	2749	1509
chr1	149886886	149889648	149887004	2762	149888267	-1381	1381	-1263
chr1	6619076	6621798	6621494	2722	6620437	-1361	1361	1057
chr1	28575091	28579511	28577606	4420	28577301	-2210	2210	305
chr1	1480558	1484876	1482563	4318	1482717	-2159	2159	-154
chr1	23081109	23082746	23082347	1637	23081927	-818	819	420
chr1	44874149	44881224	44874563	7075	44877686	-3537	3538	-3123
chr1	100896224	100897238	100896248	1014	100896731	-507	507	-483
chr1	110020650	110021624	110020808	974	110021137	-487	487	-329
chr1	150982595	150987210	150986392	4615	150984902	-2307	2308	1490
chr1	154171496	154174026	154173161	2530	154172761	-1265	1265	400
chr1	207753759	207757241	207757054	3482	207755500	-1741	1741	1554
chr1	228365299	228367611	228366138	2312	228366455	-1156	1156	-317
chr1	32229949	32235778	32234492	5829	32232863	-2914	2915	1629
chr1	1635239	1642737	1637812	7498	1638988	-3749	3749	-1176
chr1	225987754	225988833	225987982	1079	225988293	-539	540	-311
chr1	228305612	228311209	228309528	5597	228308410	-2798	2799	1118
chr1	15931832	15937568	15932169	5736	15934700	-2868	2868	-2531
chr1	20644338	20650240	20644492	5902	20647289	-2951	2951	-2797
chr1	26779388	26781241	26779517	1853	26780314	-926	927	-797
chr1	26889215	26895939	26891047	6724	26892577	-3362	3362	-1530
chr1	32892842	32898619	32898128	5777	32895730	-2888	2889	2398
chr1	37481025	37484310	37483522	3285	37482667	-1642	1643	855
chr1	37954333	37961731	37957896	7398	37958032	-3699	3699	-136
chr1	46188177	46190504	46188846	2327	46189340	-1163	1164	-494
chr1	150470714	150472742	150470790	2028	150471728	-1014	1014	-938
chr1	150965269	150969017	150967176	3748	150967143	-1874	1874	33
chr1	151406103	151407085	151406630	982	151406594	-491	491	36
chr1	154249041	154251725	154251192	2684	154250383	-1342	1342	809
chr1	154990293	154995153	154992746	4860	154992723	-2430	2430	23
chr1	154990293	154995153	154993659	4860	154992723	-2430	2430	936
chr1	156069611	156073584	156070366	3973	156071597	-1986	1987	-1231
chr1	170530649	170532969	170532179	2320	170531809	-1160	1160	370
chr1	185297919	185298701	185298556	782	185298310	-391	391	246
chr1	185308524	185311446	185309081	2922	185309985	-1461	1461	-904
chr1	206583457	206588575	206584713	5118	206586016	-2559	2559	-1303
chr1	217619752	217620656	217620243	904	217620204	-452	452	39
chr1	222628290	222630361	222629056	2071	222629325	-1035	1036	-269
chr1	156152263	156157077	156154681	4814	156154670	-2407	2407	11
chr1	23309722	23312270	23310559	2548	23310996	-1274	1274	-437
chr1	151252731	151255073	151254781	2342	151253902	-1171	1171	879
chr1	41510017	41512457	41510419	2440	41511237	-1220	1220	-818
chr1	155279859	155286466	155284754	6607	155283162	-3303	3304	1592
chr1	204257122	204262139	204259378	5017	204259630	-2508	2509	-252
chr1	43446678	43454364	43451622	7686	43450521	-3843	3843	1101
chr1	212791154	212795138	212791784	3984	212793146	-1992	1992	-1362
chr1	8362460	8365361	8364115	2901	8363910	-1450	1451	205
chr1	26182702	26187437	26185037	4735	26185069	-2367	2368	-32
chr1	42926888	42928496	42927170	1608	42927692	-804	804	-522
chr1	88980788	88985066	88982178	4278	88982927	-2139	2139	-749
chr1	109248872	109255065	109252099	6193	109251968	-3096	3097	131
chr1	109248872	109255065	109253158	6193	109251968	-3096	3097	1190
chr1	114715912	114720053	114719652	4141	114717982	-2070	2071	1670
chr1	151406103	151407085	151406297	982	151406594	-491	491	-297
chr1	154985202	154989788	154988242	4586	154987495	-2293	2293	747
chr1	155319387	155320229	155319905	842	155319808	-421	421	97
chr1	156264470	156268536	156266179	4066	156266503	-2033	2033	-324
chr1	160212880	160214597	160213448	1717	160213738	-858	859	-290
chr1	166848613	166852355	166849584	3742	166850484	-1871	1871	-900
chr1	167220890	167222995	167220939	2105	167221942	-1052	1053	-1003
chr1	212614760	212617989	212615222	3229	212616374	-1614	1615	-1152
chr1	226159794	226161998	226161625	2204	226160896	-1102	1102	729
chr1	35184118	35185892	35184275	1774	35185005	-887	887	-730
chr1	111723024	111728566	111727739	5542	111725795	-2771	2771	1944
chr1	180270012	180273708	180271494	3696	180271860	-1848	1848	-366
chr2	61188274	61189901	61189055	1627	61189087	-813	814	-32
chr2	27033742	27040251	27037678	6509	27036996	-3254	3255	682
chr2	20446206	20449414	20447368	3208	20447810	-1604	1604	-442
chr2	74455676	74463041	74458494	7365	74459358	-3682	3683	-864
chr2	113234836	113236917	113235475	2081	113235876	-1040	1041	-401
chr2	11610411	11613370	11612543	2959	11611890	-1479	1480	653
chr2	27366916	27371519	27369462	4603	27369217	-2301	2302	245
chr2	111119713	111125232	111123896	5519	111122472	-2759	2760	1424
chr2	231459368	231462267	231461572	2899	231460817	-1449	1450	755
chr2	3573921	3577932	3576853	4011	3575926	-2005	2006	927
chr2	74877191	74879227	74878816	2036	74878209	-1018	1018	607
chr2	3387185	3390546	3388184	3361	3388865	-1680	1681	-681
chr2	3573921	3577932	3577807	4011	3575926	-2005	2006	1881
chr2	61482103	61483574	61482437	1471	61482838	-735	736	-401
chr2	85342915	85344880	85343637	1965	85343897	-982	983	-260
chr2	96282945	96290380	96284549	7435	96286662	-3717	3718	-2113
chr2	219232985	219237766	219233867	4781	219235375	-2390	2391	-1508
chr2	232884461	232887122	232885350	2661	232885791	-1330	1331	-441
chr2	238251407	238255316	238251623	3909	238253361	-1954	1955	-1738
chr2	219232985	219237766	219236643	4781	219235375	-2390	2391	1268
chr2	43224041	43228188	43226311	4147	43226114	-2073	2074	197
chr2	96269085	96272848	96271120	3763	96270966	-1881	1882	154
chr2	128266095	128270816	128268474	4721	128268455	-2360	2361	19
chr2	206158618	206161366	206159979	2748	206159992	-1374	1374	-13
chr2	86482086	86483487	86482550	1401	86482786	-700	701	-236
chr2	74099354	74102430	74101529	3076	74100892	-1538	1538	637
chr2	197408959	197410253	197409786	1294	197409606	-647	647	180
chr2	27326247	27330333	27327185	4086	27328290	-2043	2043	-1105
chr2	152716422	152719307	152717343	2885	152717864	-1442	1443	-521
chr2	152716422	152719307	152718833	2885	152717864	-1442	1443	969
chr2	47173347	47177506	47176461	4159	47175426	-2079	2080	1035
chr2	62221947	62223744	62223385	1797	62222845	-898	899	540
chr2	152716422	152719307	152717456	2885	152717864	-1442	1443	-408
chr2	152658938	152660886	152659185	1948	152659912	-974	974	-727
chr2	218274375	218277927	218277661	3552	218276151	-1776	1776	1510
chr2	117829512	117830979	117830790	1467	117830245	-733	734	545
chr2	219219419	219226383	219223683	6964	219222901	-3482	3482	782
chr2	74470318	74473144	74472691	2826	74471731	-1413	1413	960
chr2	96018500	96022325	96021958	3825	96020412	-1912	1913	1546
chr2	219165702	219171061	219168223	5359	219168381	-2679	2680	-158
chr2	241228090	241230283	241228533	2193	241229186	-1096	1097	-653
chr2	74045867	74048738	74048062	2871	74047302	-1435	1436	760
chr2	88733073	88735350	88734566	2277	88734211	-1138	1139	355
chr2	241223790	241228069	241227445	4279	241225929	-2139	2140	1516
chr2	96276021	96282791	96276663	6770	96279406	-3385	3385	-2743
chr2	74559786	74562184	74560289	2398	74560985	-1199	1199	-696
chr2	226794931	226800731	226798253	5800	226797831	-2900	2900	422
chr2	131216710	131219308	131218646	2598	131218009	-1299	1299	637
chr2	241440205	241444769	241441326	4564	241442487	-2282	2282	-1161
chr2	233448422	233453584	233449321	5162	233451003	-2581	2581	-1682
chr2	27237822	27242472	27239375	4650	27240147	-2325	2325	-772
chr2	108786116	108787294	108786763	1178	108786705	-589	589	58
chr2	202033536	202035574	202035314	2038	202034555	-1019	1019	759
chr2	27441100	27445824	27443253	4724	27443462	-2362	2362	-209
chr2	27653173	27655215	27653689	2042	27654194	-1021	1021	-505
chr2	61240169	61242559	61241573	2390	61241364	-1195	1195	209
chr2	74455676	74463041	74461781	7365	74459358	-3682	3683	2423
chr2	74470318	74473144	74472591	2826	74471731	-1413	1413	860
chr2	11585743	11587463	11587421	1720	11586603	-860	860	818
chr2	131216710	131219308	131218781	2598	131218009	-1299	1299	772
chr2	74367653	74372889	74368743	5236	74370271	-2618	2618	-1528
chr2	96276021	96282791	96277551	6770	96279406	-3385	3385	-1855
chr2	97647674	97648428	97648053	754	97648051	-377	377	2
chr2	101004627	101006806	101005979	2179	101005716	-1089	1090	263
chr2	219219419	219226383	219224520	6964	219222901	-3482	3482	1619
chr2	219284396	219289683	219284940	5287	219287039	-2643	2644	-2099
chr2	237553467	237555508	237553651	2041	237554487	-1020	1021	-836
chr2	238096683	238101037	238096850	4354	238098860	-2177	2177	-2010
chr2	238259954	238265582	238263003	5628	238262768	-2814	2814	235
chr2	241678971	241680378	241680289	1407	241679674	-703	704	615
chr2	27366916	27371519	27368418	4603	27369217	-2301	2302	-799
chr2	8730506	8731512	8730821	1006	8731009	-503	503	-188
chr2	25743642	25745015	25744224	1373	25744328	-686	687	-104
chr2	27326247	27330333	27329482	4086	27328290	-2043	2043	1192
chr2	99402692	99405167	99402771	2475	99403929	-1237	1238	-1158
chr2	131478248	131480456	131478256	2208	131479352	-1104	1104	-1096
chr2	219246512	219249251	219247119	2739	219247881	-1369	1370	-762
chr2	219605817	219610114	219608302	4297	219607965	-2148	2149	337
chr2	231455868	231456466	231456461	598	231456167	-299	299	294
chr2	232333915	232341350	232334707	7435	232337632	-3717	3718	-2925
chr2	241228090	241230283	241229420	2193	241229186	-1096	1097	234
chr2	27441100	27445824	27441838	4724	27443462	-2362	2362	-1624
chr2	28410211	28412950	28412163	2739	28411580	-1369	1370	583
chr2	219565701	219567894	219567059	2193	219566797	-1096	1097	262
chr2	27224798	27229413	27225857	4615	27227105	-2307	2308	-1248
chr2	202033536	202035574	202034915	2038	202034555	-1019	1019	360
chr2	27224798	27229413	27226224	4615	27227105	-2307	2308	-881
chr2	219165702	219171061	219168235	5359	219168381	-2679	2680	-146
chr2	207164426	207167377	207165501	2951	207165901	-1475	1476	-400
chr2	74470318	74473144	74472241	2826	74471731	-1413	1413	510
chr2	108483957	108486004	108484296	2047	108484980	-1023	1024	-684
chr2	177209719	177217070	177215620	7351	177213394	-3675	3676	2226
chr2	95414586	95416610	95415511	2024	95415598	-1012	1012	-87
chr2	27215021	27218605	27217419	3584	27216813	-1792	1792	606
chr2	127504633	127505875	127504804	1242	127505254	-621	621	-450
chr2	241352456	241356928	241353906	4472	241354692	-2236	2236	-786
chr2	72891130	72893233	72891516	2103	72892181	-1051	1052	-665
chr2	20446206	20449414	20448392	3208	20447810	-1604	1604	582
chr2	219549870	219552079	219550310	2209	219550974	-1104	1105	-664
chr2	96282945	96290380	96284462	7435	96286662	-3717	3718	-2200
chr2	27224798	27229413	27226246	4615	27227105	-2307	2308	-859
chr2	62221947	62223744	62223620	1797	62222845	-898	899	775
chr2	74523191	74527879	74527875	4688	74525535	-2344	2344	2340
chr2	226794931	226800731	226798447	5800	226797831	-2900	2900	616
chr2	219232985	219237766	219235540	4781	219235375	-2390	2391	165
chr2	28403050	28405628	28404132	2578	28404339	-1289	1289	-207
chr2	108470028	108471915	108471601	1887	108470971	-943	944	630
chr2	27366916	27371519	27368425	4603	27369217	-2301	2302	-792
chr2	38852591	38854274	38854165	1683	38853432	-841	842	733
chr2	64635367	64639324	64636482	3957	64637345	-1978	1979	-863
chr2	74523191	74527879	74525070	4688	74525535	-2344	2344	-465
chr2	97772331	97780241	97775929	7910	97776286	-3955	3955	-357
chr2	201379731	201381156	201380771	1425	201380443	-712	713	328
chr2	219561722	219565673	219562555	3951	219563697	-1975	1976	-1142
chr2	219561722	219565673	219563397	3951	219563697	-1975	1976	-300
chr2	231459368	231462267	231460505	2899	231460817	-1449	1450	-312
chr2	233448422	233453584	233450938	5162	233451003	-2581	2581	-65
chr2	27033742	27040251	27039803	6509	27036996	-3254	3255	2807
chr2	101010560	101012034	101010936	1474	101011297	-737	737	-361
chr2	105398658	105401278	105399366	2620	105399968	-1310	1310	-602
chr2	219535489	219538367	219538034	2878	219536928	-1439	1439	1106
chr2	207081084	207083901	207081238	2817	207082492	-1408	1409	-1254
chr2	33584712	33585813	33585125	1101	33585262	-550	551	-137
chr2	61880298	61881285	61880332	987	61880791	-493	494	-459
chr2	219215254	219219311	219216081	4057	219217282	-2028	2029	-1201
chr2	219215254	219219311	219217687	4057	219217282	-2028	2029	405
chr2	46539551	46543340	46543040	3789	46541445	-1894	1895	1595
chr2	201281866	201286440	201285224	4574	201284153	-2287	2287	1071
chr2	117825923	117827881	117826363	1958	117826902	-979	979	-539
chr2	53811728	53813133	53813054	1405	53812430	-702	703	624
chr2	96265583	96268882	96267626	3299	96267232	-1649	1650	394
chr2	109613137	109617205	109615915	4068	109615171	-2034	2034	744
chr2	218640437	218645480	218644998	5043	218642958	-2521	2522	2040
chr2	74099354	74102430	74100636	3076	74100892	-1538	1538	-256
chr2	218640437	218645480	218643144	5043	218642958	-2521	2522	186
chr2	27326247	27330333	27328849	4086	27328290	-2043	2043	559
chr2	65226749	65229182	65227866	2433	65227965	-1216	1217	-99
chr2	203439366	203441482	203439704	2116	203440424	-1058	1058	-720
chr2	219561722	219565673	219562529	3951	219563697	-1975	1976	-1168
chr2	65071468	65073009	65072148	1541	65072238	-770	771	-90
chr2	85551382	85553210	85552979	1828	85552296	-914	914	683
chr2	85538709	85541992	85539257	3283	85540350	-1641	1642	-1093
chr2	11585743	11587463	11587430	1720	11586603	-860	860	827
chr2	112519076	112522028	112520377	2952	112520552	-1476	1476	-175
chr2	233440055	233443083	233442086	3028	233441569	-1514	1514	517
chr2	233448422	233453584	233449151	5162	233451003	-2581	2581	-1852
chr2	65071468	65073009	65071737	1541	65072238	-770	771	-501
chr2	3573921	3577932	3576580	4011	3575926	-2005	2006	654
chr2	27220027	27224181	27222983	4154	27222104	-2077	2077	879
chr2	130369613	130374880	130369809	5267	130372246	-2633	2634	-2437
chr2	231456720	231458196	231456998	1476	231457458	-738	738	-460
chr2	232857670	232861167	232858386	3497	232859418	-1748	1749	-1032
chr2	219380842	219386501	219385992	5659	219383671	-2829	2830	2321
chr2	45649161	45653796	45652302	4635	45651478	-2317	2318	824
chr2	95409716	95413999	95411020	4283	95411857	-2141	2142	-837
chr2	233448422	233453584	233450935	5162	233451003	-2581	2581	-68
chr2	219485733	219490660	219489670	4927	219488196	-2463	2464	1474
chr2	9629799	9632328	9630241	2529	9631063	-1264	1265	-822
chr2	27363778	27366262	27364731	2484	27365020	-1242	1242	-289
chr2	45649161	45653796	45652356	4635	45651478	-2317	2318	878
chr2	74470318	74473144	74472642	2826	74471731	-1413	1413	911
chr2	74832746	74839228	74834539	6482	74835987	-3241	3241	-1448
chr2	108532659	108535728	108534135	3069	108534193	-1534	1535	-58
chr2	127717962	127720417	127719300	2455	127719189	-1227	1228	111
chr2	216497666	216500537	216499268	2871	216499101	-1435	1436	167
chr2	85550538	85551200	85550703	662	85550869	-331	331	-166
chr2	71426090	71427576	71427344	1486	71426833	-743	743	511
chr2	108786116	108787294	108786876	1178	108786705	-589	589	171
chr2	181914012	181916734	181916227	2722	181915373	-1361	1361	854
chr2	222557498	222560671	222558714	3173	222559084	-1586	1587	-370
chr2	25743642	25745015	25744346	1373	25744328	-686	687	18
chr2	42762524	42765782	42762862	3258	42764153	-1629	1629	-1291
chr2	24797992	24800681	24799700	2689	24799336	-1344	1345	364
chr2	27366916	27371519	27370051	4603	27369217	-2301	2302	834
chr2	218752966	218755040	218754360	2074	218754003	-1037	1037	357
chr2	241228090	241230283	241229316	2193	241229186	-1096	1097	130
chr2	96253024	96255514	96254073	2490	96254269	-1245	1245	-196
chr2	218238289	218241355	218238837	3066	218239822	-1533	1533	-985
chr2	96282945	96290380	96290376	7435	96286662	-3717	3718	3714
chr2	27653173	27655215	27653695	2042	27654194	-1021	1021	-499
chr2	219565701	219567894	219567301	2193	219566797	-1096	1097	504
chr2	27326247	27330333	27327274	4086	27328290	-2043	2043	-1016
chr2	65312607	65314976	65313366	2369	65313791	-1184	1185	-425
chr2	231459368	231462267	231461642	2899	231460817	-1449	1450	825
chr2	46579154	46581217	46580978	2063	46580185	-1031	1032	793
chr2	173962204	173968116	173965169	5912	173965160	-2956	2956	9
chr2	201136180	201140226	201138108	4046	201138203	-2023	2023	-95
chr2	238271972	238275075	238273135	3103	238273523	-1551	1552	-388
chr2	20446206	20449414	20447783	3208	20447810	-1604	1604	-27
chr2	28410211	28412950	28412145	2739	28411580	-1369	1370	565
chr2	232564973	232567253	232566959	2280	232566113	-1140	1140	846
chr2	85542495	85543249	85542739	754	85542872	-377	377	-133
chr2	36355081	36357590	36356556	2509	36356335	-1254	1255	221
chr2	27094799	27100762	27100061	5963	27097780	-2981	2982	2281
chr2	202274911	202277561	202275134	2650	202276236	-1325	1325	-1102
chr2	61030581	61032034	61031667	1453	61031307	-726	727	360
chr2	226794931	226800731	226796540	5800	226797831	-2900	2900	-1291
chr2	241672188	241675792	241672194	3604	241673990	-1802	1802	-1796
chr2	197408959	197410253	197409953	1294	197409606	-647	647	347
chr2	231459368	231462267	231460780	2899	231460817	-1449	1450	-37
chr2	226794931	226800731	226798070	5800	226797831	-2900	2900	239
chr2	42329464	42331844	42330128	2380	42330654	-1190	1190	-526
chr2	25741715	25742956	25742371	1241	25742335	-620	621	36
chr2	27366916	27371519	27369035	4603	27369217	-2301	2302	-182
chr2	27441100	27445824	27441758	4724	27443462	-2362	2362	-1704
chr2	74528971	74532102	74530932	3131	74530536	-1565	1566	396
chr2	85598558	85604590	85601283	6032	85601574	-3016	3016	-291
chr2	96606352	96608741	96608563	2389	96607546	-1194	1195	1017
chr2	108470028	108471915	108470487	1887	108470971	-943	944	-484
chr2	219206693	219212969	219210988	6276	219209831	-3138	3138	1157
chr2	112644967	112648182	112647439	3215	112646574	-1607	1608	865
chr2	8730506	8731512	8730892	1006	8731009	-503	503	-117
chr2	113234836	113236917	113235484	2081	113235876	-1040	1041	-392
chr2	27237822	27242472	27241376	4650	27240147	-2325	2325	1229
chr2	233290412	233294181	233293290	3769	233292296	-1884	1885	994
chr2	219605817	219610114	219608703	4297	219607965	-2148	2149	738
chr2	201136180	201140226	201137391	4046	201138203	-2023	2023	-812
chr2	219485733	219490660	219489872	4927	219488196	-2463	2464	1676
chr2	24791358	24793484	24793269	2126	24792421	-1063	1063	848
chr2	74489113	74493319	74492170	4206	74491216	-2103	2103	954
chr2	219206693	219212969	219207671	6276	219209831	-3138	3138	-2160
chr2	131478248	131480456	131480306	2208	131479352	-1104	1104	954
chr2	42329464	42331844	42331165	2380	42330654	-1190	1190	511
chr2	96815293	96821977	96817311	6684	96818635	-3342	3342	-1324
chr2	24821347	24826852	24823327	5505	24824099	-2752	2753	-772
chr2	131125278	131127390	131125862	2112	131126334	-1056	1056	-472
chr2	47056325	47060919	47060876	4594	47058622	-2297	2297	2254
chr2	27237822	27242472	27242407	4650	27240147	-2325	2325	2260
chr2	27237822	27242472	27242408	4650	27240147	-2325	2325	2261
chr2	74455676	74463041	74462039	7365	74459358	-3682	3683	2681
chr2	127715735	127717364	127716103	1629	127716549	-814	815	-446
chr2	46579154	46581217	46581079	2063	46580185	-1031	1032	894
chr2	55543897	55546258	55543967	2361	55545077	-1180	1181	-1110
chr2	61188274	61189901	61188693	1627	61189087	-813	814	-394
chr2	74045867	74048738	74047427	2871	74047302	-1435	1436	125
chr2	27094799	27100762	27100473	5963	27097780	-2981	2982	2693
chr2	62705028	62707633	62707225	2605	62706330	-1302	1303	895
chr2	24917068	24923035	24918657	5967	24920051	-2983	2984	-1394
chr2	131478248	131480456	131480074	2208	131479352	-1104	1104	722
chr2	25743642	25745015	25744311	1373	25744328	-686	687	-17
chr2	54115276	54116302	54115549	1026	54115789	-513	513	-240
chr2	219206693	219212969	219209273	6276	219209831	-3138	3138	-558
chr2	43224041	43228188	43225731	4147	43226114	-2073	2074	-383
chr2	105338984	105340234	105339684	1250	105339609	-625	625	75
chr2	128189469	128190497	128189865	1028	128189983	-514	514	-118
chr2	233463939	233466470	233464277	2531	233465204	-1265	1266	-927
chr2	38749423	38751729	38751479	2306	38750576	-1153	1153	903
chr2	96276021	96282791	96278658	6770	96279406	-3385	3385	-748
chr2	226794931	226800731	226795563	5800	226797831	-2900	2900	-2268
chr2	85614961	85617749	85616213	2788	85616355	-1394	1394	-142
chr2	112644967	112648182	112647329	3215	112646574	-1607	1608	755
chr2	27391596	27396514	27392856	4918	27394055	-2459	2459	-1199
chr2	27391596	27396514	27392857	4918	27394055	-2459	2459	-1198
chr2	27094799	27100762	27100619	5963	27097780	-2981	2982	2839
chr2	20283313	20285652	20283414	2339	20284482	-1169	1170	-1068
chr2	96282945	96290380	96287514	7435	96286662	-3717	3718	852
chr2	240527978	240530531	240529319	2553	240529254	-1276	1277	65
chr2	130341831	130348782	130345654	6951	130345306	-3475	3476	348
chr2	186506755	186508216	186506760	1461	186507485	-730	731	-725
chr2	85538709	85541992	85541336	3283	85540350	-1641	1642	986
chr2	177218026	177219648	177219316	1622	177218837	-811	811	479
chr2	27040643	27041859	27041092	1216	27041251	-608	608	-159
chr2	96300281	96301743	96301015	1462	96301012	-731	731	3
chr2	241495095	241498271	241498240	3176	241496683	-1588	1588	1557
chr2	95285473	95290368	95285694	4895	95287920	-2447	2448	-2226
chr2	71067583	71069256	71068695	1673	71068419	-836	837	276
chr2	10121372	10124040	10123386	2668	10122706	-1334	1334	680
chr2	65312607	65314976	65312654	2369	65313791	-1184	1185	-1137
chr2	130341831	130348782	130346270	6951	130345306	-3475	3476	964
chr2	219485733	219490660	219488850	4927	219488196	-2463	2464	654
chr2	219561722	219565673	219565357	3951	219563697	-1975	1976	1660
chr2	27684747	27685795	27685175	1048	27685271	-524	524	-96
chr2	27224798	27229413	27226952	4615	27227105	-2307	2308	-153
chr2	218401902	218409025	218404326	7123	218405463	-3561	3562	-1137
chr2	219215254	219219311	219218581	4057	219217282	-2028	2029	1299
chr2	241495095	241498271	241498242	3176	241496683	-1588	1588	1559
chr2	219219419	219226383	219222701	6964	219222901	-3482	3482	-200
chr2	113234836	113236917	113236710	2081	113235876	-1040	1041	834
chr2	241093580	241095933	241095794	2353	241094756	-1176	1177	1038
chr2	96282945	96290380	96286330	7435	96286662	-3717	3718	-332
chr2	201136180	201140226	201136205	4046	201138203	-2023	2023	-1998
chr2	201281866	201286440	201285251	4574	201284153	-2287	2287	1098
chr2	226794931	226800731	226797909	5800	226797831	-2900	2900	78
chr2	233467955	233472025	233468496	4070	233469990	-2035	2035	-1494
chr2	201281866	201286440	201285182	4574	201284153	-2287	2287	1029
chr2	64635367	64639324	64635813	3957	64637345	-1978	1979	-1532
chr2	231455868	231456466	231456053	598	231456167	-299	299	-114
chr2	42762524	42765782	42763524	3258	42764153	-1629	1629	-629
chr2	85538709	85541992	85541139	3283	85540350	-1641	1642	789
chr2	201281866	201286440	201285028	4574	201284153	-2287	2287	875
chr2	97772331	97780241	97775899	7910	97776286	-3955	3955	-387
chr2	237553467	237555508	237553668	2041	237554487	-1020	1021	-819
chr2	27210208	27213081	27212274	2873	27211644	-1436	1437	630
chr2	74455676	74463041	74459404	7365	74459358	-3682	3683	46
chr2	74523191	74527879	74523471	4688	74525535	-2344	2344	-2064
chr2	201281866	201286440	201284842	4574	201284153	-2287	2287	689
chr2	65071468	65073009	65072306	1541	65072238	-770	771	68
chr2	73249447	73251075	73249917	1628	73250261	-814	814	-344
chr2	27033742	27040251	27036505	6509	27036996	-3254	3255	-491
chr2	152658938	152660886	152659006	1948	152659912	-974	974	-906
chr2	43224041	43228188	43226295	4147	43226114	-2073	2074	181
chr2	96831638	96833574	96832574	1936	96832606	-968	968	-32
chr2	173911034	173913308	173913198	2274	173912171	-1137	1137	1027
chr2	74535789	74538542	74536095	2753	74537165	-1376	1377	-1070
chr2	8730506	8731512	8731131	1006	8731009	-503	503	122
chr2	17713910	17715117	17715021	1207	17714513	-603	604	508
chr2	20446206	20449414	20447828	3208	20447810	-1604	1604	18
chr2	27640998	27643516	27641261	2518	27642257	-1259	1259	-996
chr2	62705028	62707633	62707256	2605	62706330	-1302	1303	926
chr2	74099354	74102430	74101376	3076	74100892	-1538	1538	484
chr2	112080721	112082105	112081414	1384	112081413	-692	692	1
chr2	130173326	130177000	130176577	3674	130175163	-1837	1837	1414
chr2	135787106	135788841	135788169	1735	135787973	-867	868	196
chr2	216497666	216500537	216498809	2871	216499101	-1435	1436	-292
chr2	219165702	219171061	219170000	5359	219168381	-2679	2680	1619
chr2	238259954	238265582	238262240	5628	238262768	-2814	2814	-528
chr2	201281866	201286440	201284960	4574	201284153	-2287	2287	807
chr2	24819390	24820510	24819641	1120	24819950	-560	560	-309
chr2	24821347	24826852	24821615	5505	24824099	-2752	2753	-2484
chr2	96205831	96210391	96208835	4560	96208111	-2280	2280	724
chr2	99140686	99143872	99141560	3186	99142279	-1593	1593	-719
chr2	108786116	108787294	108786786	1178	108786705	-589	589	81
chr2	202033536	202035574	202034731	2038	202034555	-1019	1019	176
chr2	202033536	202035574	202035041	2038	202034555	-1019	1019	486
chr2	226794931	226800731	226798375	5800	226797831	-2900	2900	544
chr2	27215021	27218605	27215699	3584	27216813	-1792	1792	-1114
chr2	45649161	45653796	45652179	4635	45651478	-2317	2318	701
chr2	131146389	131147944	131146695	1555	131147166	-777	778	-471
chr2	218633193	218635712	218633834	2519	218634452	-1259	1260	-618
chr2	47798341	47799908	47799310	1567	47799124	-783	784	186
chr2	26344842	26346550	26346224	1708	26345696	-854	854	528
chr2	27081301	27087831	27083600	6530	27084566	-3265	3265	-966
chr2	70288158	70290064	70289360	1906	70289111	-953	953	249
chr2	96276021	96282791	96278834	6770	96279406	-3385	3385	-572
chr2	97772331	97780241	97772338	7910	97776286	-3955	3955	-3948
chr2	127485710	127487545	127486619	1835	127486627	-917	918	-8
chr2	231395126	231400896	231398323	5770	231398011	-2885	2885	312
chr2	219605817	219610114	219607099	4297	219607965	-2148	2149	-866
chr2	42762524	42765782	42763714	3258	42764153	-1629	1629	-439
chr2	219380842	219386501	219383133	5659	219383671	-2829	2830	-538
chr2	241631387	241635116	241633038	3729	241633251	-1864	1865	-213
chr2	3387185	3390546	3388620	3361	3388865	-1680	1681	-245
chr2	10438911	10440432	10440397	1521	10439671	-760	761	726
chr2	20446206	20449414	20447429	3208	20447810	-1604	1604	-381
chr2	24075775	24078862	24076286	3087	24077318	-1543	1544	-1032
chr2	24791358	24793484	24793392	2126	24792421	-1063	1063	971
chr2	27024780	27027871	27025708	3091	27026325	-1545	1546	-617
chr2	64450650	64456049	64455395	5399	64453349	-2699	2700	2046
chr2	74367653	74372889	74368834	5236	74370271	-2618	2618	-1437
chr2	74367653	74372889	74369392	5236	74370271	-2618	2618	-879
chr2	74958378	74960406	74958670	2028	74959392	-1014	1014	-722
chr2	74958378	74960406	74958812	2028	74959392	-1014	1014	-580
chr2	85342915	85344880	85343280	1965	85343897	-982	983	-617
chr2	86147966	86151545	86151500	3579	86149755	-1789	1790	1745
chr2	96253024	96255514	96253693	2490	96254269	-1245	1245	-576
chr2	101252195	101254541	101253281	2346	101253368	-1173	1173	-87
chr2	127504633	127505875	127504917	1242	127505254	-621	621	-337
chr2	127696881	127702680	127702335	5799	127699780	-2899	2900	2555
chr2	148643731	148646267	148645153	2536	148644999	-1268	1268	154
chr2	152716422	152719307	152718751	2885	152717864	-1442	1443	887
chr2	201281866	201286440	201285129	4574	201284153	-2287	2287	976
chr2	206158618	206161366	206159830	2748	206159992	-1374	1374	-162
chr2	218640437	218645480	218644532	5043	218642958	-2521	2522	1574
chr2	222557498	222560671	222558370	3173	222559084	-1586	1587	-714
chr2	238276179	238278814	238277729	2635	238277496	-1317	1318	233
chr2	108470028	108471915	108470249	1887	108470971	-943	944	-722
chr2	27094799	27100762	27099511	5963	27097780	-2981	2982	1731
chr2	74877191	74879227	74878685	2036	74878209	-1018	1018	476
chr2	96302754	96304895	96304847	2141	96303824	-1070	1071	1023
chr2	177209719	177217070	177215861	7351	177213394	-3675	3676	2467
chr2	231459368	231462267	231461785	2899	231460817	-1449	1450	968
chr2	53767092	53768247	53767938	1155	53767669	-577	578	269
chr2	241440205	241444769	241442306	4564	241442487	-2282	2282	-181
chr2	233467955	233472025	233469387	4070	233469990	-2035	2035	-603
chr2	219232985	219237766	219233102	4781	219235375	-2390	2391	-2273
chr2	231395126	231400896	231397927	5770	231398011	-2885	2885	-84
chr2	33584712	33585813	33585176	1101	33585262	-550	551	-86
chr2	73830077	73831993	73830959	1916	73831035	-958	958	-76
chr2	85598558	85604590	85599918	6032	85601574	-3016	3016	-1656
chr2	73730577	73731102	73730685	525	73730839	-262	263	-154
chr2	127717962	127720417	127719422	2455	127719189	-1227	1228	233
chr2	85543763	85550478	85544640	6715	85547120	-3357	3358	-2480
chr2	218640437	218645480	218643891	5043	218642958	-2521	2522	933
chr2	24819390	24820510	24819920	1120	24819950	-560	560	-30
chr2	27040643	27041859	27040894	1216	27041251	-608	608	-357
chr2	74045867	74048738	74047896	2871	74047302	-1435	1436	594
chr2	112588139	112592721	112588811	4582	112590430	-2291	2291	-1619
chr2	226794931	226800731	226798601	5800	226797831	-2900	2900	770
chr2	74045867	74048738	74048412	2871	74047302	-1435	1436	1110
chr2	74528971	74532102	74531537	3131	74530536	-1565	1566	1001
chr2	85538709	85541992	85539194	3283	85540350	-1641	1642	-1156
chr2	135787106	135788841	135788242	1735	135787973	-867	868	269
chr2	151418148	151420439	151420299	2291	151419293	-1145	1146	1006
chr2	74455676	74463041	74457708	7365	74459358	-3682	3683	-1650
chr2	95409716	95413999	95412750	4283	95411857	-2141	2142	893
chr2	202033536	202035574	202035524	2038	202034555	-1019	1019	969
chr2	231456720	231458196	231456743	1476	231457458	-738	738	-715
chr2	99316727	99321104	99319690	4377	99318915	-2188	2189	775
chr2	240569987	240576543	240574038	6556	240573265	-3278	3278	773
chr2	85542495	85543249	85542609	754	85542872	-377	377	-263
chr2	201281866	201286440	201285026	4574	201284153	-2287	2287	873
chr2	177221201	177222863	177222758	1662	177222032	-831	831	726
chr2	47798341	47799908	47799609	1567	47799124	-783	784	485
chr2	233290412	233294181	233292399	3769	233292296	-1884	1885	103
chr2	27094799	27100762	27099799	5963	27097780	-2981	2982	2019
chr2	61240169	61242559	61241656	2390	61241364	-1195	1195	292
chr2	55543897	55546258	55545080	2361	55545077	-1180	1181	3
chr2	131146389	131147944	131146799	1555	131147166	-777	778	-367
chr2	179945046	179946156	179945190	1110	179945601	-555	555	-411
chr2	74497546	74502391	74498122	4845	74499968	-2422	2423	-1846
chr2	27033742	27040251	27035611	6509	27036996	-3254	3255	-1385
chr2	27094799	27100762	27097647	5963	27097780	-2981	2982	-133
chr2	96282945	96290380	96283305	7435	96286662	-3717	3718	-3357
chr2	74470318	74473144	74472571	2826	74471731	-1413	1413	840
chr2	96282945	96290380	96289054	7435	96286662	-3717	3718	2392
chr2	96290736	96293181	96293016	2445	96291958	-1222	1223	1058
chr2	169812412	169815621	169815493	3209	169814016	-1604	1605	1477
chr2	37230577	37232196	37231710	1619	37231386	-809	810	324
chr2	201281866	201286440	201285178	4574	201284153	-2287	2287	1025
chr2	27049973	27054179	27053007	4206	27052076	-2103	2103	931
chr2	111119713	111125232	111123929	5519	111122472	-2759	2760	1457
chr2	20446206	20449414	20447502	3208	20447810	-1604	1604	-308
chr2	74045867	74048738	74047047	2871	74047302	-1435	1436	-255
chr2	74367653	74372889	74368732	5236	74370271	-2618	2618	-1539
chr2	27237822	27242472	27242354	4650	27240147	-2325	2325	2207
chr2	108764118	108765915	108764201	1797	108765016	-898	899	-815
chr2	27441100	27445824	27444413	4724	27443462	-2362	2362	951
chr2	99402692	99405167	99402891	2475	99403929	-1237	1238	-1038
chr2	219219419	219226383	219222382	6964	219222901	-3482	3482	-519
chr2	74455676	74463041	74462607	7365	74459358	-3682	3683	3249
chr2	27033742	27040251	27035173	6509	27036996	-3254	3255	-1823
chr2	27224798	27229413	27224823	4615	27227105	-2307	2308	-2282
chr2	218661919	218663653	218662575	1734	218662786	-867	867	-211
chr2	70991671	70995260	70994722	3589	70993465	-1794	1795	1257
chr2	74455676	74463041	74459949	7365	74459358	-3682	3683	591
chr2	200860957	200863354	200861318	2397	200862155	-1198	1199	-837
chr2	27366916	27371519	27369010	4603	27369217	-2301	2302	-207
chr2	203439366	203441482	203439641	2116	203440424	-1058	1058	-783
chr2	27441100	27445824	27444435	4724	27443462	-2362	2362	973
chr2	33584712	33585813	33584819	1101	33585262	-550	551	-443
chr2	61240169	61242559	61241637	2390	61241364	-1195	1195	273
chr2	10121372	10124040	10122750	2668	10122706	-1334	1334	44
chr2	11577285	11579576	11578343	2291	11578430	-1145	1146	-87
chr2	27094799	27100762	27100039	5963	27097780	-2981	2982	2259
chr2	27101275	27104236	27102214	2961	27102755	-1480	1481	-541
chr2	27232914	27236047	27233126	3133	27234480	-1566	1567	-1354
chr2	27237822	27242472	27241943	4650	27240147	-2325	2325	1796
chr2	27304827	27308636	27305034	3809	27306731	-1904	1905	-1697
chr2	27326247	27330333	27328159	4086	27328290	-2043	2043	-131
chr2	27366916	27371519	27367618	4603	27369217	-2301	2302	-1599
chr2	47798341	47799908	47799370	1567	47799124	-783	784	246
chr2	47798341	47799908	47799772	1567	47799124	-783	784	648
chr2	65071468	65073009	65072969	1541	65072238	-770	771	731
chr2	71426090	71427576	71427216	1486	71426833	-743	743	383
chr2	74045867	74048738	74046581	2871	74047302	-1435	1436	-721
chr2	74455676	74463041	74458530	7365	74459358	-3682	3683	-828
chr2	74504301	74506230	74506026	1929	74505265	-964	965	761
chr2	74528971	74532102	74529111	3131	74530536	-1565	1566	-1425
chr2	85538709	85541992	85541106	3283	85540350	-1641	1642	756
chr2	85630205	85635114	85630783	4909	85632659	-2454	2455	-1876
chr2	96018500	96022325	96021144	3825	96020412	-1912	1913	732
chr2	96265583	96268882	96268478	3299	96267232	-1649	1650	1246
chr2	101264047	101265523	101264925	1476	101264785	-738	738	140
chr2	105338984	105340234	105339659	1250	105339609	-625	625	50
chr2	108470028	108471915	108471441	1887	108470971	-943	944	470
chr2	113499063	113501311	113499655	2248	113500187	-1124	1124	-532
chr2	127717962	127720417	127719494	2455	127719189	-1227	1228	305
chr2	128189469	128190497	128189731	1028	128189983	-514	514	-252
chr2	130341831	130348782	130346510	6951	130345306	-3475	3476	1204
chr2	131125278	131127390	131125877	2112	131126334	-1056	1056	-457
chr2	169635667	169637875	169636133	2208	169636771	-1104	1104	-638
chr2	173911034	173913308	173913192	2274	173912171	-1137	1137	1021
chr2	181914012	181916734	181916165	2722	181915373	-1361	1361	792
chr2	203237902	203240890	203239035	2988	203239396	-1494	1494	-361
chr2	218661919	218663653	218663268	1734	218662786	-867	867	482
chr2	219165702	219171061	219168568	5359	219168381	-2679	2680	187
chr2	219232985	219237766	219234132	4781	219235375	-2390	2391	-1243
chr2	219284396	219289683	219285962	5287	219287039	-2643	2644	-1077
chr2	226794931	226800731	226797952	5800	226797831	-2900	2900	121
chr2	226794931	226800731	226798454	5800	226797831	-2900	2900	623
chr2	231449579	231455690	231455261	6111	231452634	-3055	3056	2627
chr2	231449579	231455690	231455436	6111	231452634	-3055	3056	2802
chr2	238259954	238265582	238262262	5628	238262768	-2814	2814	-506
chr2	240129640	240132758	240131089	3118	240131199	-1559	1559	-110
chr2	43224041	43228188	43225335	4147	43226114	-2073	2074	-779
chr2	219232985	219237766	219235826	4781	219235375	-2390	2391	451
chr2	231459368	231462267	231461850	2899	231460817	-1449	1450	1033
chr2	135787106	135788841	135788385	1735	135787973	-867	868	412
chr2	99402692	99405167	99402891	2475	99403929	-1237	1238	-1038
chr2	47368253	47371016	47368997	2763	47369634	-1381	1382	-637
chr2	47368253	47371016	47369142	2763	47369634	-1381	1382	-492
chr2	190963343	190965218	190963550	1875	190964280	-937	938	-730
chr2	43224041	43228188	43225428	4147	43226114	-2073	2074	-686
chr2	219561722	219565673	219565384	3951	219563697	-1975	1976	1687
chr2	240569987	240576543	240574300	6556	240573265	-3278	3278	1035
chr2	99370818	99374835	99371702	4017	99372826	-2008	2009	-1124
chr2	74489113	74493319	74492646	4206	74491216	-2103	2103	1430
chr2	10125402	10127432	10127148	2030	10126417	-1015	1015	731
chr2	10774941	10776971	10774991	2030	10775956	-1015	1015	-965
chr2	17677972	17680312	17678950	2340	17679142	-1170	1170	-192
chr2	20446206	20449414	20447804	3208	20447810	-1604	1604	-6
chr2	24073203	24075452	24074191	2249	24074327	-1124	1125	-136
chr2	27054749	27056274	27055131	1525	27055511	-762	763	-380
chr2	27326247	27330333	27326647	4086	27328290	-2043	2043	-1643
chr2	33584712	33585813	33585627	1101	33585262	-550	551	365
chr2	70964828	70967836	70964983	3008	70966332	-1504	1504	-1349
chr2	71148575	71149440	71149404	865	71149007	-432	433	397
chr2	74535789	74538542	74536121	2753	74537165	-1376	1377	-1044
chr2	85630205	85635114	85630860	4909	85632659	-2454	2455	-1799
chr2	85661106	85662394	85661481	1288	85661750	-644	644	-269
chr2	86067926	86071067	86070090	3141	86069496	-1570	1571	594
chr2	97772331	97780241	97775879	7910	97776286	-3955	3955	-407
chr2	108470028	108471915	108470806	1887	108470971	-943	944	-165
chr2	108764118	108765915	108764873	1797	108765016	-898	899	-143
chr2	112519076	112522028	112520321	2952	112520552	-1476	1476	-231
chr2	112580630	112584712	112584539	4082	112582671	-2041	2041	1868
chr2	112588139	112592721	112588858	4582	112590430	-2291	2291	-1572
chr2	130369613	130374880	130371220	5267	130372246	-2633	2634	-1026
chr2	135787106	135788841	135788361	1735	135787973	-867	868	388
chr2	201379731	201381156	201381153	1425	201380443	-712	713	710
chr2	219165702	219171061	219169999	5359	219168381	-2679	2680	1618
chr2	219219419	219226383	219223668	6964	219222901	-3482	3482	767
chr2	219246512	219249251	219247224	2739	219247881	-1369	1370	-657
chr2	219246512	219249251	219248584	2739	219247881	-1369	1370	703
chr2	219538772	219540999	219540994	2227	219539885	-1113	1114	1109
chr2	229770576	229775586	229774159	5010	229773081	-2505	2505	1078
chr2	27033742	27040251	27037614	6509	27036996	-3254	3255	618
chr2	74470318	74473144	74472140	2826	74471731	-1413	1413	409
chr2	131043130	131046708	131044356	3578	131044919	-1789	1789	-563
chr2	190984524	190986154	190985646	1630	190985339	-815	815	307
chr2	207081084	207083901	207081248	2817	207082492	-1408	1409	-1244
chr2	231459368	231462267	231460690	2899	231460817	-1449	1450	-127
chr2	232564973	232567253	232567154	2280	232566113	-1140	1140	1041
chr2	173911034	173913308	173913103	2274	173912171	-1137	1137	932
chr2	85542495	85543249	85543171	754	85542872	-377	377	299
chr2	218640437	218645480	218643213	5043	218642958	-2521	2522	255
chr2	190984524	190986154	190985633	1630	190985339	-815	815	294
chr2	219538772	219540999	219539815	2227	219539885	-1113	1114	-70
chr2	74197756	74199971	74198657	2215	74198863	-1107	1108	-206
chr2	95285473	95290368	95287171	4895	95287920	-2447	2448	-749
chr2	96023613	96025809	96024680	2196	96024711	-1098	1098	-31
chr2	219561722	219565673	219562409	3951	219563697	-1975	1976	-1288
chr2	226794931	226800731	226798060	5800	226797831	-2900	2900	229
chr2	127705984	127708062	127706411	2078	127707023	-1039	1039	-612
chr2	201379731	201381156	201380894	1425	201380443	-712	713	451
chr2	219215254	219219311	219217795	4057	219217282	-2028	2029	513
chr2	219232985	219237766	219234951	4781	219235375	-2390	2391	-424
chr2	203439366	203441482	203441197	2116	203440424	-1058	1058	773
chr2	74455676	74463041	74458553	7365	74459358	-3682	3683	-805
chr2	74497546	74502391	74497969	4845	74499968	-2422	2423	-1999
chr2	177209719	177217070	177216534	7351	177213394	-3675	3676	3140
chr2	177228998	177231589	177230309	2591	177230293	-1295	1296	16
chr2	169635667	169637875	169637233	2208	169636771	-1104	1104	462
chr2	65071468	65073009	65072115	1541	65072238	-770	771	-123
chr2	73222374	73227665	73224947	5291	73225019	-2645	2646	-72
chr2	27033742	27040251	27035630	6509	27036996	-3254	3255	-1366
chr2	24821347	24826852	24824460	5505	24824099	-2752	2753	361
chr2	113634947	113637628	113635063	2681	113636287	-1340	1341	-1224
chr2	219535489	219538367	219537078	2878	219536928	-1439	1439	150
chr2	181914012	181916734	181916415	2722	181915373	-1361	1361	1042
chr2	25743642	25745015	25744221	1373	25744328	-686	687	-107
chr2	219561722	219565673	219563410	3951	219563697	-1975	1976	-287
chr2	9581578	9585382	9585073	3804	9583480	-1902	1902	1593
chr2	11164014	11166911	11164235	2897	11165462	-1448	1449	-1227
chr2	11764889	11767314	11765589	2425	11766101	-1212	1213	-512
chr2	27024780	27027871	27025899	3091	27026325	-1545	1546	-426
chr2	27384543	27385694	27384722	1151	27385118	-575	576	-396
chr2	27653173	27655215	27653711	2042	27654194	-1021	1021	-483
chr2	55616011	55617412	55617267	1401	55616711	-700	701	556
chr2	99402692	99405167	99402905	2475	99403929	-1237	1238	-1024
chr2	113197171	113199618	113197564	2447	113198394	-1223	1224	-830
chr2	218274375	218277927	218277028	3552	218276151	-1776	1776	877
chr2	219232985	219237766	219234434	4781	219235375	-2390	2391	-941
chr2	219232985	219237766	219237247	4781	219235375	-2390	2391	1872
chr2	85630205	85635114	85630741	4909	85632659	-2454	2455	-1918
chr2	28406787	28409536	28408843	2749	28408161	-1374	1375	682
chr2	130369613	130374880	130373289	5267	130372246	-2633	2634	1043
chr2	241180850	241183640	241182830	2790	241182245	-1395	1395	585
chr2	131216710	131219308	131218898	2598	131218009	-1299	1299	889
chr2	218401902	218409025	218402117	7123	218405463	-3561	3562	-3346
chr2	74473171	74478209	74475055	5038	74475690	-2519	2519	-635
chr2	169812412	169815621	169815507	3209	169814016	-1604	1605	1491
chr2	85595495	85598241	85597531	2746	85596868	-1373	1373	663
chr2	74535789	74538542	74536732	2753	74537165	-1376	1377	-433
chr2	27024780	27027871	27025702	3091	27026325	-1545	1546	-623
chr2	27366916	27371519	27367326	4603	27369217	-2301	2302	-1891
chr2	70086204	70090364	70087762	4160	70088284	-2080	2080	-522
chr2	25743642	25745015	25744362	1373	25744328	-686	687	34
chr2	105398658	105401278	105399357	2620	105399968	-1310	1310	-611
chr2	130341831	130348782	130346403	6951	130345306	-3475	3476	1097
chr2	85630205	85635114	85630759	4909	85632659	-2454	2455	-1900
chr2	96276021	96282791	96282113	6770	96279406	-3385	3385	2707
chr2	24067806	24069700	24068456	1894	24068753	-947	947	-297
chr2	28946349	28947362	28946674	1013	28946855	-506	507	-181
chr2	201131116	201134014	201133035	2898	201132565	-1449	1449	470
chr2	74455676	74463041	74462752	7365	74459358	-3682	3683	3394
chr2	74532651	74534039	74533989	1388	74533345	-694	694	644
chr2	113499063	113501311	113499651	2248	113500187	-1124	1124	-536
chr2	232564973	232567253	232566896	2280	232566113	-1140	1140	783
chr2	201379731	201381156	201381091	1425	201380443	-712	713	648
chr2	105892695	105894483	105893661	1788	105893589	-894	894	72
chr2	96282945	96290380	96283676	7435	96286662	-3717	3718	-2986
chr2	61482103	61483574	61482994	1471	61482838	-735	736	156
chr2	65071468	65073009	65071674	1541	65072238	-770	771	-564
chr2	238271972	238275075	238273069	3103	238273523	-1551	1552	-454
chr2	241093580	241095933	241095647	2353	241094756	-1176	1177	891
chr2	218661919	218663653	218663266	1734	218662786	-867	867	480
chr2	96282945	96290380	96287032	7435	96286662	-3717	3718	370
chr2	85342915	85344880	85344332	1965	85343897	-982	983	435
chr2	219206693	219212969	219210036	6276	219209831	-3138	3138	205
chr2	219485733	219490660	219489617	4927	219488196	-2463	2464	1421
chr2	105892695	105894483	105893056	1788	105893589	-894	894	-533
chr2	127705984	127708062	127706372	2078	127707023	-1039	1039	-651
chr2	240527978	240530531	240529325	2553	240529254	-1276	1277	71
chr2	219219419	219226383	219225458	6964	219222901	-3482	3482	2557
chr2	96265583	96268882	96268498	3299	96267232	-1649	1650	1266
chr2	108470028	108471915	108471864	1887	108470971	-943	944	893
chr2	27033742	27040251	27035639	6509	27036996	-3254	3255	-1357
chr2	27224798	27229413	27224842	4615	27227105	-2307	2308	-2263
chr2	65071468	65073009	65072837	1541	65072238	-770	771	599
chr2	169635667	169637875	169636902	2208	169636771	-1104	1104	131
chr2	10774941	10776971	10774988	2030	10775956	-1015	1015	-968
chr2	219485733	219490660	219489864	4927	219488196	-2463	2464	1668
chr2	73217417	73220766	73220140	3349	73219091	-1674	1675	1049
chr2	96276021	96282791	96278854	6770	96279406	-3385	3385	-552
chr2	99448308	99449801	99449485	1493	99449054	-746	747	431
chr2	74045867	74048738	74046433	2871	74047302	-1435	1436	-869
chr2	74220831	74225755	74225008	4924	74223293	-2462	2462	1715
chr2	105047933	105049787	105049170	1854	105048860	-927	927	310
chr2	61537724	61540041	61538107	2317	61538882	-1158	1159	-775
chr2	74455676	74463041	74456249	7365	74459358	-3682	3683	-3109
chr2	235054972	235057208	235055613	2236	235056090	-1118	1118	-477
chr2	74523191	74527879	74527495	4688	74525535	-2344	2344	1960
chr2	108470028	108471915	108470929	1887	108470971	-943	944	-42
chr2	11632179	11634628	11633038	2449	11633403	-1224	1225	-365
chr2	74523191	74527879	74527322	4688	74525535	-2344	2344	1787
chr2	86482086	86483487	86482670	1401	86482786	-700	701	-116
chr2	70991671	70995260	70991858	3589	70993465	-1794	1795	-1607
chr2	108764118	108765915	108764549	1797	108765016	-898	899	-467
chr2	177228998	177231589	177230932	2591	177230293	-1295	1296	639
chr2	127293170	127294468	127293544	1298	127293819	-649	649	-275
chr2	31258285	31262592	31260739	4307	31260438	-2153	2154	301
chr2	31265394	31267235	31266567	1841	31266314	-920	921	253
chr2	31265394	31267235	31266724	1841	31266314	-920	921	410
chr2	135050173	135054159	135052301	3986	135052166	-1993	1993	135
chr2	202033536	202035574	202035047	2038	202034555	-1019	1019	492
chr2	27126044	27129552	27129097	3508	27127798	-1754	1754	1299
chr2	9495758	9497685	9497139	1927	9496721	-963	964	418
chr2	27224798	27229413	27225116	4615	27227105	-2307	2308	-1989
chr2	71426090	71427576	71427121	1486	71426833	-743	743	288
chr2	177228998	177231589	177230803	2591	177230293	-1295	1296	510
chr2	65312607	65314976	65312773	2369	65313791	-1184	1185	-1018
chr2	65071468	65073009	65071501	1541	65072238	-770	771	-737
chr2	131146389	131147944	131146805	1555	131147166	-777	778	-361
chr2	159727599	159729905	159729167	2306	159728752	-1153	1153	415
chr2	17713910	17715117	17714897	1207	17714513	-603	604	384
chr2	64635367	64639324	64635975	3957	64637345	-1978	1979	-1370
chr2	70964828	70967836	70965058	3008	70966332	-1504	1504	-1274
chr2	85543763	85550478	85549969	6715	85547120	-3357	3358	2849
chr2	218636676	218637537	218637031	861	218637106	-430	431	-75
chr2	233440055	233443083	233441980	3028	233441569	-1514	1514	411
chr2	240569987	240576543	240574570	6556	240573265	-3278	3278	1305
chr2	85543763	85550478	85550120	6715	85547120	-3357	3358	3000
chr3	9501928	9507360	9506064	5432	9504644	-2716	2716	1420
chr3	42630013	42633940	42630830	3927	42631976	-1963	1964	-1146
chr3	184320405	184328196	184327694	7791	184324300	-3895	3896	3394
chr3	194133546	194139773	194136645	6227	194136659	-3113	3114	-14
chr3	9688805	9690255	9689069	1450	9689530	-725	725	-461
chr3	12839237	12841363	12840180	2126	12840300	-1063	1063	-120
chr3	14467063	14474571	14472277	7508	14470817	-3754	3754	1460
chr3	15093318	15099367	15096009	6049	15096342	-3024	3025	-333
chr3	15429790	15430931	15429982	1141	15430360	-570	571	-378
chr3	52049560	52055002	52054079	5442	52052281	-2721	2721	1798
chr3	53798579	53801768	53801246	3189	53800173	-1594	1595	1073
chr3	65354859	65357442	65356634	2583	65356150	-1291	1292	484
chr3	185494843	185498360	185496899	3517	185496601	-1758	1759	298
chr3	121687355	121691828	121691520	4473	121689591	-2236	2237	1929
chr3	10275825	10278828	10278330	3003	10277326	-1501	1502	1004
chr3	14147973	14150307	14148919	2334	14149140	-1167	1167	-221
chr3	49012331	49018943	49012951	6612	49015637	-3306	3306	-2686
chr3	52049560	52055002	52054062	5442	52052281	-2721	2721	1781
chr3	150545034	150547848	150546763	2814	150546441	-1407	1407	322
chr3	180967545	180968648	180968076	1103	180968096	-551	552	-20
chr3	51394814	51396729	51395803	1915	51395771	-957	958	32
chr3	49427492	49430017	49429224	2525	49428754	-1262	1263	470
chr3	121991761	121998022	121993370	6261	121994891	-3130	3131	-1521
chr3	185489966	185494010	185491670	4044	185491988	-2022	2022	-318
chr3	52906593	52908981	52907116	2388	52907787	-1194	1194	-671
chr3	180609074	180610761	180610058	1687	180609917	-843	844	141
chr3	50351720	50355092	50353632	3372	50353406	-1686	1686	226
chr3	52521947	52526560	52522652	4613	52524253	-2306	2307	-1601
chr3	47587377	47588966	47587755	1589	47588171	-794	795	-416
chr3	12829600	12834966	12834000	5366	12832283	-2683	2683	1717
chr3	153162904	153166764	153164473	3860	153164834	-1930	1930	-361
chr3	52693334	52695544	52695250	2210	52694439	-1105	1105	811
chr3	48500063	48505433	48501246	5370	48502748	-2685	2685	-1502
chr3	129514897	129518045	129515577	3148	129516471	-1574	1574	-894
chr3	52486704	52489738	52487208	3034	52488221	-1517	1517	-1013
chr3	121687355	121691828	121690869	4473	121689591	-2236	2237	1278
chr3	129253444	129256383	129254999	2939	129254913	-1469	1470	86
chr3	52366563	52373877	52370620	7314	52370220	-3657	3657	400
chr3	11554665	11556732	11554939	2067	11555698	-1033	1034	-759
chr3	139354666	139356305	139355716	1639	139355485	-819	820	231
chr3	169965034	169967443	169966829	2409	169966238	-1204	1205	591
chr3	47016967	47018876	47017702	1909	47017921	-954	955	-219
chr3	48629479	48634152	48629639	4673	48631815	-2336	2337	-2176
chr3	180967545	180968648	180968091	1103	180968096	-551	552	-5
chr3	13374040	13379879	13375631	5839	13376959	-2919	2920	-1328
chr3	14467063	14474571	14468161	7508	14470817	-3754	3754	-2656
chr3	47408758	47413734	47411507	4976	47411246	-2488	2488	261
chr3	52366563	52373877	52370800	7314	52370220	-3657	3657	580
chr3	52486704	52489738	52488428	3034	52488221	-1517	1517	207
chr3	52486704	52489738	52489544	3034	52488221	-1517	1517	1323
chr3	53225022	53232939	53229342	7917	53228980	-3958	3959	362
chr3	127616746	127619253	127617988	2507	127617999	-1253	1254	-11
chr3	147395754	147397440	147396403	1686	147396597	-843	843	-194
chr3	184169739	184172831	184170437	3092	184171285	-1546	1546	-848
chr3	184185335	184186639	184186230	1304	184185987	-652	652	243
chr3	184372474	184373722	184373058	1248	184373098	-624	624	-40
chr3	197019049	197022474	197019580	3425	197020761	-1712	1713	-1181
chr3	12839237	12841363	12840256	2126	12840300	-1063	1063	-44
chr3	11554665	11556732	11554817	2067	11555698	-1033	1034	-881
chr3	48694397	48695748	48694688	1351	48695072	-675	676	-384
chr3	52230797	52233460	52231960	2663	52232128	-1331	1332	-168
chr3	149150476	149154441	149153620	3965	149152458	-1982	1983	1162
chr3	50342608	50347536	50343772	4928	50345072	-2464	2464	-1300
chr3	196074194	196076202	196075252	2008	196075198	-1004	1004	54
chr3	50351720	50355092	50353704	3372	50353406	-1686	1686	298
chr3	50362940	50369128	50366061	6188	50366034	-3094	3094	27
chr3	197002033	197004248	197003921	2215	197003140	-1107	1108	781
chr3	45965548	45968116	45966384	2568	45966832	-1284	1284	-448
chr3	184300484	184302310	184301637	1826	184301397	-913	913	240
chr3	147395754	147397440	147395998	1686	147396597	-843	843	-599
chr3	197002033	197004248	197004099	2215	197003140	-1107	1108	959
chr3	15050995	15053169	15052569	2174	15052082	-1087	1087	487
chr3	45945281	45951915	45948305	6634	45948598	-3317	3317	-293
chr3	14664986	14668002	14666880	3016	14666494	-1508	1508	386
chr3	156808829	156812091	156809723	3262	156810460	-1631	1631	-737
chr3	46919796	46926940	46925532	7144	46923368	-3572	3572	2164
chr3	52377730	52383645	52383414	5915	52380687	-2957	2958	2727
chr3	48423888	48427055	48424243	3167	48425471	-1583	1584	-1228
chr3	52906593	52908981	52907597	2388	52907787	-1194	1194	-190
chr3	184185335	184186639	184186221	1304	184185987	-652	652	234
chr3	184320405	184328196	184324921	7791	184324300	-3895	3896	621
chr3	51388392	51393725	51393724	5333	51391058	-2666	2667	2666
chr3	129271452	129275174	129271855	3722	129273313	-1861	1861	-1458
chr3	48629479	48634152	48630437	4673	48631815	-2336	2337	-1378
chr3	49157901	49165037	49162633	7136	49161469	-3568	3568	1164
chr3	48417142	48422033	48419300	4891	48419587	-2445	2446	-287
chr3	48460322	48461548	48460435	1226	48460935	-613	613	-500
chr3	49720740	49724364	49721989	3624	49722552	-1812	1812	-563
chr3	51954913	51957472	51955721	2559	51956192	-1279	1280	-471
chr3	121687355	121691828	121690963	4473	121689591	-2236	2237	1372
chr3	184180196	184182412	184181122	2216	184181304	-1108	1108	-182
chr3	194656606	194659298	194659050	2692	194657952	-1346	1346	1098
chr3	53187872	53191694	53189076	3822	53189783	-1911	1911	-707
chr3	49157901	49165037	49163285	7136	49161469	-3568	3568	1816
chr3	46995629	47003621	46996290	7992	46999625	-3996	3996	-3335
chr3	49114139	49117739	49115106	3600	49115939	-1800	1800	-833
chr3	184320405	184328196	184322420	7791	184324300	-3895	3896	-1880
chr3	47405503	47407808	47407760	2305	47406655	-1152	1153	1105
chr3	184192316	184194142	184192634	1826	184193229	-913	913	-595
chr3	153162904	153166764	153162988	3860	153164834	-1930	1930	-1846
chr3	50115392	50117631	50115497	2239	50116511	-1119	1120	-1014
chr3	49668880	49671364	49669953	2484	49670122	-1242	1242	-169
chr3	126440718	126443756	126441888	3038	126442237	-1519	1519	-349
chr3	52247769	52250624	52248662	2855	52249196	-1427	1428	-534
chr3	52399677	52405144	52403147	5467	52402410	-2733	2734	737
chr3	9738278	9740426	9739660	2148	9739352	-1074	1074	308
chr3	121991761	121998022	121993461	6261	121994891	-3130	3131	-1430
chr3	9755086	9759277	9757261	4191	9757181	-2095	2096	80
chr3	191374872	191375777	191375218	905	191375324	-452	453	-106
chr3	52386191	52389123	52386250	2932	52387657	-1466	1466	-1407
chr3	126568698	126572903	126572033	4205	126570800	-2102	2103	1233
chr3	12839237	12841363	12840437	2126	12840300	-1063	1063	137
chr3	129129899	129134289	129134105	4390	129132094	-2195	2195	2011
chr3	66381260	66383533	66383323	2273	66382396	-1136	1137	927
chr3	14444246	14446513	14445813	2267	14445379	-1133	1134	434
chr3	39141496	39145537	39143494	4041	39143516	-2020	2021	-22
chr3	9759664	9762180	9760835	2516	9760922	-1258	1258	-87
chr3	75421580	75426085	75422672	4505	75423832	-2252	2253	-1160
chr3	52247769	52250624	52249473	2855	52249196	-1427	1428	277
chr3	184192316	184194142	184193683	1826	184193229	-913	913	454
chr3	4302554	4304775	4303812	2221	4303664	-1110	1111	148
chr3	9501928	9507360	9502179	5432	9504644	-2716	2716	-2465
chr3	9688805	9690255	9689970	1450	9689530	-725	725	440
chr3	9841142	9844472	9841833	3330	9842807	-1665	1665	-974
chr3	14164509	14165743	14164827	1234	14165126	-617	617	-299
chr3	15258117	15259348	15258747	1231	15258732	-615	616	15
chr3	48464602	48467908	48466956	3306	48466255	-1653	1653	701
chr3	52366563	52373877	52368888	7314	52370220	-3657	3657	-1332
chr3	169981542	169983529	169982857	1987	169982535	-993	994	322
chr3	9464409	9465913	9464742	1504	9465161	-752	752	-419
chr3	139351880	139353039	139352722	1159	139352459	-579	580	263
chr3	9740549	9745261	9740818	4712	9742905	-2356	2356	-2087
chr3	47890898	47893552	47891231	2654	47892225	-1327	1327	-994
chr3	14444246	14446513	14445823	2267	14445379	-1133	1134	444
chr3	48675163	48681213	48679073	6050	48678188	-3025	3025	885
chr3	160567237	160569953	160568175	2716	160568595	-1358	1358	-420
chr3	13498660	13505061	13504116	6401	13501860	-3200	3201	2256
chr3	13498660	13505061	13501991	6401	13501860	-3200	3201	131
chr3	49114139	49117739	49114280	3600	49115939	-1800	1800	-1659
chr3	49012331	49018943	49016324	6612	49015637	-3306	3306	687
chr3	191374872	191375777	191375456	905	191375324	-452	453	132
chr3	153162904	153166764	153162938	3860	153164834	-1930	1930	-1896
chr3	139357070	139358977	139358806	1907	139358023	-953	954	783
chr3	48264975	48268243	48267956	3268	48266609	-1634	1634	1347
chr3	196074194	196076202	196075328	2008	196075198	-1004	1004	130
chr3	149656471	149659644	149657275	3173	149658057	-1586	1587	-782
chr3	38121384	38124029	38121696	2645	38122706	-1322	1323	-1010
chr3	49012331	49018943	49017475	6612	49015637	-3306	3306	1838
chr3	49043050	49046901	49046517	3851	49044975	-1925	1926	1542
chr3	49720740	49724364	49720858	3624	49722552	-1812	1812	-1694
chr3	13498660	13505061	13504539	6401	13501860	-3200	3201	2679
chr3	126568698	126572903	126571895	4205	126570800	-2102	2103	1095
chr3	47840329	47844434	47841175	4105	47842381	-2052	2053	-1206
chr3	9932038	9934132	9932651	2094	9933085	-1047	1047	-434
chr3	184185335	184186639	184186623	1304	184185987	-652	652	636
chr3	49909457	49912778	49910536	3321	49911117	-1660	1661	-581
chr3	10308714	10313097	10312603	4383	10310905	-2191	2192	1698
chr3	46995629	47003621	46997332	7992	46999625	-3996	3996	-2293
chr3	49012331	49018943	49015226	6612	49015637	-3306	3306	-411
chr3	49658812	49666590	49664504	7778	49662701	-3889	3889	1803
chr3	191374872	191375777	191375579	905	191375324	-452	453	255
chr3	48264975	48268243	48268210	3268	48266609	-1634	1634	1601
chr3	9740549	9745261	9741373	4712	9742905	-2356	2356	-1532
chr3	141444809	141447068	141445491	2259	141445938	-1129	1130	-447
chr3	9688805	9690255	9688946	1450	9689530	-725	725	-584
chr3	9932038	9934132	9932662	2094	9933085	-1047	1047	-423
chr3	49012331	49018943	49016261	6612	49015637	-3306	3306	624
chr3	147395754	147397440	147396152	1686	147396597	-843	843	-445
chr3	52531610	52534812	52534569	3202	52533211	-1601	1601	1358
chr3	49420702	49425839	49421756	5137	49423270	-2568	2569	-1514
chr3	150408034	150411332	150409585	3298	150409683	-1649	1649	-98
chr3	147395754	147397440	147396229	1686	147396597	-843	843	-368
chr3	15254683	15258002	15256345	3319	15256342	-1659	1660	3
chr3	185926490	185928017	185926709	1527	185927253	-763	764	-544
chr3	39137968	39140340	39138613	2372	39139154	-1186	1186	-541
chr3	52693334	52695544	52695275	2210	52694439	-1105	1105	836
chr3	4976828	4984042	4983534	7214	4980435	-3607	3607	3099
chr3	49012331	49018943	49016301	6612	49015637	-3306	3306	664
chr3	14129265	14131160	14129483	1895	14130212	-947	948	-729
chr3	148991039	148995671	148994276	4632	148993355	-2316	2316	921
chr3	12835031	12838986	12836073	3955	12837008	-1977	1978	-935
chr3	52436240	52439311	52438950	3071	52437775	-1535	1536	1175
chr3	186780950	186785753	186784457	4803	186783351	-2401	2402	1106
chr3	45920969	45924093	45923760	3124	45922531	-1562	1562	1229
chr3	47408758	47413734	47409964	4976	47411246	-2488	2488	-1282
chr3	15073220	15075279	15074359	2059	15074249	-1029	1030	110
chr3	72445824	72447933	72446606	2109	72446878	-1054	1055	-272
chr3	147395754	147397440	147395899	1686	147396597	-843	843	-698
chr3	13374040	13379879	13379701	5839	13376959	-2919	2920	2742
chr3	49666626	49668324	49667997	1698	49667475	-849	849	522
chr3	170869640	170871138	170870197	1498	170870389	-749	749	-192
chr3	32137492	32140093	32138715	2601	32138792	-1300	1301	-77
chr3	10308714	10313097	10312637	4383	10310905	-2191	2192	1732
chr3	128069203	128071284	128069484	2081	128070243	-1040	1041	-759
chr3	39382889	39388169	39383773	5280	39385529	-2640	2640	-1756
chr3	50570405	50572330	50571187	1925	50571367	-962	963	-180
chr3	47408758	47413734	47412513	4976	47411246	-2488	2488	1267
chr3	47915338	47917282	47916579	1944	47916310	-972	972	269
chr3	56633011	56634119	56633596	1108	56633565	-554	554	31
chr3	50115392	50117631	50117089	2239	50116511	-1119	1120	578
chr3	49012331	49018943	49015873	6612	49015637	-3306	3306	236
chr3	14664986	14668002	14666867	3016	14666494	-1508	1508	373
chr3	49157901	49165037	49163127	7136	49161469	-3568	3568	1658
chr3	58149362	58151721	58149873	2359	58150541	-1179	1180	-668
chr3	121697054	121698865	121697661	1811	121697959	-905	906	-298
chr3	128064697	128067750	128064989	3053	128066223	-1526	1527	-1234
chr3	139360065	139361447	139361221	1382	139360756	-691	691	465
chr3	49012331	49018943	49018499	6612	49015637	-3306	3306	2862
chr3	50362940	50369128	50366037	6188	50366034	-3094	3094	3
chr3	56682437	56683034	56682800	597	56682735	-298	299	65
chr3	44916076	44918193	44918088	2117	44917134	-1058	1059	954
chr3	114076156	114077244	114076938	1088	114076700	-544	544	238
chr3	183951382	183953380	183951529	1998	183952381	-999	999	-852
chr3	48417142	48422033	48417913	4891	48419587	-2445	2446	-1674
chr3	52366563	52373877	52368803	7314	52370220	-3657	3657	-1417
chr3	128902059	128909788	128909395	7729	128905923	-3864	3865	3472
chr3	183811174	183812519	183812439	1345	183811846	-672	673	593
chr3	184257201	184264517	184259656	7316	184260859	-3658	3658	-1203
chr3	184169739	184172831	184170786	3092	184171285	-1546	1546	-499
chr3	45965548	45968116	45966786	2568	45966832	-1284	1284	-46
chr3	127571804	127573726	127573488	1922	127572765	-961	961	723
chr3	184248233	184250275	184249334	2042	184249254	-1021	1021	80
chr3	184139653	184145161	184140154	5508	184142407	-2754	2754	-2253
chr3	52049560	52055002	52054028	5442	52052281	-2721	2721	1747
chr3	184180196	184182412	184180619	2216	184181304	-1108	1108	-685
chr3	9498412	9501336	9501127	2924	9499874	-1462	1462	1253
chr3	47408758	47413734	47409476	4976	47411246	-2488	2488	-1770
chr3	9932038	9934132	9933008	2094	9933085	-1047	1047	-77
chr3	49720740	49724364	49721799	3624	49722552	-1812	1812	-753
chr3	9759664	9762180	9760968	2516	9760922	-1258	1258	46
chr3	9759664	9762180	9761734	2516	9760922	-1258	1258	812
chr3	13355331	13358430	13358221	3099	13356880	-1549	1550	1341
chr3	39141496	39145537	39143016	4041	39143516	-2020	2021	-500
chr3	39141496	39145537	39144015	4041	39143516	-2020	2021	499
chr3	45965548	45968116	45967222	2568	45966832	-1284	1284	390
chr3	49009405	49011659	49011625	2254	49010532	-1127	1127	1093
chr3	49012331	49018943	49013861	6612	49015637	-3306	3306	-1776
chr3	49275918	49282115	49278813	6197	49279016	-3098	3099	-203
chr3	50071520	50078955	50075266	7435	50075237	-3717	3718	29
chr3	52395871	52398960	52396719	3089	52397415	-1544	1545	-696
chr3	52399677	52405144	52402908	5467	52402410	-2733	2734	498
chr3	52399677	52405144	52403854	5467	52402410	-2733	2734	1444
chr3	58119253	58123571	58121433	4318	58121412	-2159	2159	21
chr3	128902059	128909788	128904404	7729	128905923	-3864	3865	-1519
chr3	192915730	192919498	192917673	3768	192917614	-1884	1884	59
chr3	9945730	9951351	9948872	5621	9948540	-2810	2811	332
chr3	48460322	48461548	48460539	1226	48460935	-613	613	-396
chr3	4976828	4984042	4979727	7214	4980435	-3607	3607	-708
chr3	9812749	9815286	9813253	2537	9814017	-1268	1269	-764
chr3	9942291	9945586	9943148	3295	9943938	-1647	1648	-790
chr3	39106591	39108467	39107835	1876	39107529	-938	938	306
chr3	49003971	49008813	49004123	4842	49006392	-2421	2421	-2269
chr3	49012331	49018943	49017779	6612	49015637	-3306	3306	2142
chr3	49697933	49702341	49699060	4408	49700137	-2204	2204	-1077
chr3	51388392	51393725	51393534	5333	51391058	-2666	2667	2476
chr3	51394814	51396729	51394902	1915	51395771	-957	958	-869
chr3	154120316	154123213	154122817	2897	154121764	-1448	1449	1053
chr3	154321622	154325090	154324277	3468	154323356	-1734	1734	921
chr3	170863851	170867586	170866388	3735	170865718	-1867	1868	670
chr3	186780950	186785753	186784841	4803	186783351	-2401	2402	1490
chr3	147412392	147413949	147413641	1557	147413170	-778	779	471
chr3	149150476	149154441	149153622	3965	149152458	-1982	1983	1164
chr3	14147973	14150307	14148605	2334	14149140	-1167	1167	-535
chr3	156808829	156812091	156810365	3262	156810460	-1631	1631	-95
chr3	52366563	52373877	52370629	7314	52370220	-3657	3657	409
chr3	49012331	49018943	49014822	6612	49015637	-3306	3306	-815
chr3	45945281	45951915	45946945	6634	45948598	-3317	3317	-1653
chr3	51388392	51393725	51393008	5333	51391058	-2666	2667	1950
chr3	49110037	49111391	49110266	1354	49110714	-677	677	-448
chr3	49110037	49111391	49111060	1354	49110714	-677	677	346
chr3	52247769	52250624	52248407	2855	52249196	-1427	1428	-789
chr3	150408034	150411332	150409842	3298	150409683	-1649	1649	159
chr3	47915338	47917282	47916234	1944	47916310	-972	972	-76
chr3	9791054	9796405	9793072	5351	9793729	-2675	2676	-657
chr3	9945730	9951351	9947333	5621	9948540	-2810	2811	-1207
chr3	13341419	13342904	13342031	1485	13342161	-742	743	-130
chr3	14145708	14147438	14146087	1730	14146573	-865	865	-486
chr3	42662731	42666152	42665308	3421	42664441	-1710	1711	867
chr3	49012331	49018943	49014983	6612	49015637	-3306	3306	-654
chr3	128064697	128067750	128064995	3053	128066223	-1526	1527	-1228
chr3	150545034	150547848	150547011	2814	150546441	-1407	1407	570
chr3	169773505	169774392	169774389	887	169773948	-443	444	441
chr3	184134957	184136093	184135272	1136	184135525	-568	568	-253
chr3	184240291	184243306	184241196	3015	184241798	-1507	1508	-602
chr3	186780950	186785753	186784475	4803	186783351	-2401	2402	1124
chr3	194425990	194427500	194427251	1510	194426745	-755	755	506
chr3	10258253	10260681	10260347	2428	10259467	-1214	1214	880
chr3	49275918	49282115	49276526	6197	49279016	-3098	3099	-2490
chr3	50358131	50359846	50358755	1715	50358988	-857	858	-233
chr3	50362940	50369128	50365814	6188	50366034	-3094	3094	-220
chr3	52906593	52908981	52907143	2388	52907787	-1194	1194	-644
chr3	9740549	9745261	9741381	4712	9742905	-2356	2356	-1524
chr3	139349245	139351262	139350293	2017	139350253	-1008	1009	40
chr3	61559501	61563591	61562334	4090	61561546	-2045	2045	788
chr3	184306992	184311577	184308719	4585	184309284	-2292	2293	-565
chr3	197019049	197022474	197021417	3425	197020761	-1712	1713	656
chr3	14664986	14668002	14667104	3016	14666494	-1508	1508	610
chr3	10308714	10313097	10312865	4383	10310905	-2191	2192	1960
chr3	14664986	14668002	14667104	3016	14666494	-1508	1508	610
chr3	147412392	147413949	147413419	1557	147413170	-778	779	249
chr3	185494843	185498360	185495374	3517	185496601	-1758	1759	-1227
chr3	51705521	51709493	51709232	3972	51707507	-1986	1986	1725
chr3	149150476	149154441	149153620	3965	149152458	-1982	1983	1162
chr3	185921203	185923516	185922105	2313	185922359	-1156	1157	-254
chr3	64018744	64020404	64018952	1660	64019574	-830	830	-622
chr3	156808829	156812091	156809723	3262	156810460	-1631	1631	-737
chr3	191374872	191375777	191375444	905	191375324	-452	453	120
chr3	50362940	50369128	50366281	6188	50366034	-3094	3094	247
chr3	124734122	124737780	124737716	3658	124735951	-1829	1829	1765
chr3	53807695	53810978	53810167	3283	53809336	-1641	1642	831
chr3	47511774	47515179	47513537	3405	47513476	-1702	1703	61
chr3	49658812	49666590	49661452	7778	49662701	-3889	3889	-1249
chr3	49658812	49666590	49660804	7778	49662701	-3889	3889	-1897
chr3	48500063	48505433	48501144	5370	48502748	-2685	2685	-1604
chr3	49012331	49018943	49018538	6612	49015637	-3306	3306	2901
chr3	49012331	49018943	49015455	6612	49015637	-3306	3306	-182
chr3	49705647	49708754	49706039	3107	49707200	-1553	1554	-1161
chr3	156808829	156812091	156810624	3262	156810460	-1631	1631	164
chr3	184328776	184333744	184332043	4968	184331260	-2484	2484	783
chr3	47408758	47413734	47411408	4976	47411246	-2488	2488	162
chr3	4976828	4984042	4983714	7214	4980435	-3607	3607	3279
chr3	11581903	11583930	11582299	2027	11582916	-1013	1014	-617
chr3	39141496	39145537	39144260	4041	39143516	-2020	2021	744
chr3	52399677	52405144	52404508	5467	52402410	-2733	2734	2098
chr3	52230797	52233460	52231481	2663	52232128	-1331	1332	-647
chr3	154120316	154123213	154122590	2897	154121764	-1448	1449	826
chr3	47587377	47588966	47588130	1589	47588171	-794	795	-41
chr3	46938335	46945680	46941056	7345	46942007	-3672	3673	-951
chr3	121697054	121698865	121697060	1811	121697959	-905	906	-899
chr3	121687355	121691828	121691776	4473	121689591	-2236	2237	2185
chr3	50342608	50347536	50343369	4928	50345072	-2464	2464	-1703
chr3	126568698	126572903	126572354	4205	126570800	-2102	2103	1554
chr3	39097662	39098616	39097816	954	39098139	-477	477	-323
chr3	53881496	53882823	53882134	1327	53882159	-663	664	-25
chr3	52366563	52373877	52368817	7314	52370220	-3657	3657	-1403
chr3	10303355	10305845	10303914	2490	10304600	-1245	1245	-686
chr3	53802522	53806775	53803519	4253	53804648	-2126	2127	-1129
chr3	10294661	10302278	10301350	7617	10298469	-3808	3809	2881
chr3	12829600	12834966	12831470	5366	12832283	-2683	2683	-813
chr3	13363610	13366834	13365949	3224	13365222	-1612	1612	727
chr3	13387031	13391551	13388321	4520	13389291	-2260	2260	-970
chr3	14147973	14150307	14148590	2334	14149140	-1167	1167	-550
chr3	15073220	15075279	15074447	2059	15074249	-1029	1030	198
chr3	15073220	15075279	15074684	2059	15074249	-1029	1030	435
chr3	45945281	45951915	45946564	6634	45948598	-3317	3317	-2034
chr3	47408758	47413734	47409692	4976	47411246	-2488	2488	-1554
chr3	49012331	49018943	49014390	6612	49015637	-3306	3306	-1247
chr3	49043050	49046901	49044465	3851	49044975	-1925	1926	-510
chr3	49093123	49097590	49096046	4467	49095356	-2233	2234	690
chr3	49658812	49666590	49661413	7778	49662701	-3889	3889	-1288
chr3	49658812	49666590	49661702	7778	49662701	-3889	3889	-999
chr3	49697933	49702341	49702111	4408	49700137	-2204	2204	1974
chr3	50570405	50572330	50571312	1925	50571367	-962	963	-55
chr3	51934214	51939799	51935364	5585	51937006	-2792	2793	-1642
chr3	52366563	52373877	52366786	7314	52370220	-3657	3657	-3434
chr3	52366563	52373877	52372956	7314	52370220	-3657	3657	2736
chr3	52490775	52496966	52492752	6191	52493870	-3095	3096	-1118
chr3	52521947	52526560	52524210	4613	52524253	-2306	2307	-43
chr3	52693334	52695544	52694234	2210	52694439	-1105	1105	-205
chr3	56633011	56634119	56633420	1108	56633565	-554	554	-145
chr3	58006053	58010001	58008727	3948	58008027	-1974	1974	700
chr3	65354859	65357442	65356514	2583	65356150	-1291	1292	364
chr3	65354859	65357442	65356642	2583	65356150	-1291	1292	492
chr3	113004581	113006125	113005530	1544	113005353	-772	772	177
chr3	113953773	113955755	113953967	1982	113954764	-991	991	-797
chr3	113965138	113966651	113965347	1513	113965894	-756	757	-547
chr3	121687355	121691828	121691797	4473	121689591	-2236	2237	2206
chr3	121697054	121698865	121698806	1811	121697959	-905	906	847
chr3	128064697	128067750	128064951	3053	128066223	-1526	1527	-1272
chr3	154120316	154123213	154122065	2897	154121764	-1448	1449	301
chr3	169773505	169774392	169774287	887	169773948	-443	444	339
chr3	184248233	184250275	184249763	2042	184249254	-1021	1021	509
chr3	184257201	184264517	184257649	7316	184260859	-3658	3658	-3210
chr3	184711107	184712289	184711590	1182	184711698	-591	591	-108
chr3	185935735	185938282	185937976	2547	185937008	-1273	1274	968
chr3	192915730	192919498	192917724	3768	192917614	-1884	1884	110
chr3	194588283	194594489	194588412	6206	194591386	-3103	3103	-2974
chr3	194652169	194653713	194652800	1544	194652941	-772	772	-141
chr3	196935356	196937934	196937042	2578	196936645	-1289	1289	397
chr3	184139653	184145161	184140623	5508	184142407	-2754	2754	-1784
chr3	185919408	185920869	185919485	1461	185920138	-730	731	-653
chr3	52366563	52373877	52373022	7314	52370220	-3657	3657	2802
chr3	52366563	52373877	52366768	7314	52370220	-3657	3657	-3452
chr3	47816340	47818933	47818021	2593	47817636	-1296	1297	385
chr3	124729765	124730910	124730549	1145	124730337	-572	573	212
chr3	153162904	153166764	153163107	3860	153164834	-1930	1930	-1727
chr3	154255192	154255604	154255534	412	154255398	-206	206	136
chr3	39141496	39145537	39145135	4041	39143516	-2020	2021	1619
chr3	153162904	153166764	153165544	3860	153164834	-1930	1930	710
chr3	184240291	184243306	184242524	3015	184241798	-1507	1508	726
chr3	9762929	9768601	9766222	5672	9765765	-2836	2836	457
chr3	9945730	9951351	9950039	5621	9948540	-2810	2811	1499
chr3	52693334	52695544	52694904	2210	52694439	-1105	1105	465
chr3	9755086	9759277	9757165	4191	9757181	-2095	2096	-16
chr3	14658580	14662533	14661592	3953	14660556	-1976	1977	1036
chr3	15073220	15075279	15074159	2059	15074249	-1029	1030	-90
chr3	32736837	32738260	32737486	1423	32737548	-711	712	-62
chr3	42630013	42633940	42630846	3927	42631976	-1963	1964	-1130
chr3	45965548	45968116	45966581	2568	45966832	-1284	1284	-251
chr3	46919796	46926940	46922265	7144	46923368	-3572	3572	-1103
chr3	47119352	47121412	47120923	2060	47120382	-1030	1030	541
chr3	48417142	48422033	48421798	4891	48419587	-2445	2446	2211
chr3	51388392	51393725	51393078	5333	51391058	-2666	2667	2020
chr3	56633011	56634119	56633092	1108	56633565	-554	554	-473
chr3	73061434	73062951	73062332	1517	73062192	-758	759	140
chr3	73061434	73062951	73062533	1517	73062192	-758	759	341
chr3	101565802	101567588	101566051	1786	101566695	-893	893	-644
chr3	101681369	101684832	101682786	3463	101683100	-1731	1732	-314
chr3	120774692	120777172	120776436	2480	120775932	-1240	1240	504
chr3	121687355	121691828	121691561	4473	121689591	-2236	2237	1970
chr3	121697054	121698865	121698530	1811	121697959	-905	906	571
chr3	121985856	121988613	121988228	2757	121987234	-1378	1379	994
chr3	126460626	126462349	126461734	1723	126461487	-861	862	247
chr3	129129899	129134289	129134133	4390	129132094	-2195	2195	2039
chr3	154255192	154255604	154255349	412	154255398	-206	206	-49
chr3	184139653	184145161	184141969	5508	184142407	-2754	2754	-438
chr3	184306992	184311577	184308740	4585	184309284	-2292	2293	-544
chr3	184320405	184328196	184320610	7791	184324300	-3895	3896	-3690
chr3	184320405	184328196	184323486	7791	184324300	-3895	3896	-814
chr3	194425990	194427500	194427135	1510	194426745	-755	755	390
chr3	195683198	195684587	195683802	1389	195683892	-694	695	-90
chr3	195970212	195975381	195974496	5169	195972796	-2584	2585	1700
chr3	9433287	9434618	9434254	1331	9433952	-665	666	302
chr3	33409091	33410452	33409512	1361	33409771	-680	681	-259
chr3	47408758	47413734	47412341	4976	47411246	-2488	2488	1095
chr3	50065559	50067596	50066332	2037	50066577	-1018	1019	-245
chr3	129436450	129438126	129436969	1676	129437288	-838	838	-319
chr3	156808829	156812091	156810453	3262	156810460	-1631	1631	-7
chr3	184180196	184182412	184180487	2216	184181304	-1108	1108	-817
chr3	184320405	184328196	184322020	7791	184324300	-3895	3896	-2280
chr3	47119352	47121412	47121305	2060	47120382	-1030	1030	923
chr3	52521947	52526560	52524819	4613	52524253	-2306	2307	566
chr3	53807695	53810978	53808680	3283	53809336	-1641	1642	-656
chr3	50362940	50369128	50367416	6188	50366034	-3094	3094	1382
chr3	196935356	196937934	196937367	2578	196936645	-1289	1289	722
chr3	9755086	9759277	9757141	4191	9757181	-2095	2096	-40
chr3	184192316	184194142	184193440	1826	184193229	-913	913	211
chr3	50187524	50189638	50187828	2114	50188581	-1057	1057	-753
chr3	49275918	49282115	49276754	6197	49279016	-3098	3099	-2262
chr3	65354859	65357442	65356805	2583	65356150	-1291	1292	655
chr3	52475514	52478831	52476587	3317	52477172	-1658	1659	-585
chr3	128080951	128084115	128081349	3164	128082533	-1582	1582	-1184
chr3	184240291	184243306	184242056	3015	184241798	-1507	1508	258
chr3	126460626	126462349	126461792	1723	126461487	-861	862	305
chr3	186780950	186785753	186784585	4803	186783351	-2401	2402	1234
chr3	49012331	49018943	49017445	6612	49015637	-3306	3306	1808
chr3	184240291	184243306	184241351	3015	184241798	-1507	1508	-447
chr3	53187872	53191694	53189057	3822	53189783	-1911	1911	-726
chr3	51984873	51989491	51985894	4618	51987182	-2309	2309	-1288
chr3	126434634	126439307	126438334	4673	126436970	-2336	2337	1364
chr3	113007244	113008711	113008554	1467	113007977	-733	734	577
chr3	101675582	101677498	101676576	1916	101676540	-958	958	36
chr3	187732552	187733950	187733631	1398	187733251	-699	699	380
chr3	49114139	49117739	49115773	3600	49115939	-1800	1800	-166
chr3	48417142	48422033	48418328	4891	48419587	-2445	2446	-1259
chr3	9945730	9951351	9949128	5621	9948540	-2810	2811	588
chr3	15254683	15258002	15256442	3319	15256342	-1659	1660	100
chr3	15254683	15258002	15256443	3319	15256342	-1659	1660	101
chr3	73061434	73062951	73062842	1517	73062192	-758	759	650
chr3	46995629	47003621	47000192	7992	46999625	-3996	3996	567
chr3	126568698	126572903	126572508	4205	126570800	-2102	2103	1708
chr3	9501928	9507360	9506095	5432	9504644	-2716	2716	1451
chr3	150408034	150411332	150411042	3298	150409683	-1649	1649	1359
chr3	124967516	124971348	124970735	3832	124969432	-1916	1916	1303
chr3	9755086	9759277	9756592	4191	9757181	-2095	2096	-589
chr3	15254683	15258002	15256112	3319	15256342	-1659	1660	-230
chr3	10289570	10292464	10289800	2894	10291017	-1447	1447	-1217
chr3	52395871	52398960	52396715	3089	52397415	-1544	1545	-700
chr3	14131927	14134256	14132582	2329	14133091	-1164	1165	-509
chr3	44925815	44928709	44926841	2894	44927262	-1447	1447	-421
chr3	128064697	128067750	128067602	3053	128066223	-1526	1527	1379
chr3	47408758	47413734	47409964	4976	47411246	-2488	2488	-1282
chr3	9759664	9762180	9761754	2516	9760922	-1258	1258	832
chr3	49672439	49675329	49675288	2890	49673884	-1445	1445	1404
chr3	50362940	50369128	50365468	6188	50366034	-3094	3094	-566
chr3	129253444	129256383	129255010	2939	129254913	-1469	1470	97
chr3	52399677	52405144	52403449	5467	52402410	-2733	2734	1039
chr3	52521947	52526560	52522560	4613	52524253	-2306	2307	-1693
chr3	47119352	47121412	47120518	2060	47120382	-1030	1030	136
chr3	157157830	157162159	157159434	4329	157159994	-2164	2165	-560
chr3	33095556	33098531	33097133	2975	33097043	-1487	1488	90
chr3	52395871	52398960	52396717	3089	52397415	-1544	1545	-698
chr3	49420702	49425839	49422102	5137	49423270	-2568	2569	-1168
chr3	160564279	160566359	160565253	2080	160565319	-1040	1040	-66
chr3	49110037	49111391	49110788	1354	49110714	-677	677	74
chr3	134363865	134368467	134366361	4602	134366166	-2301	2301	195
chr3	196059845	196060348	196060205	503	196060096	-251	252	109
chr3	56633011	56634119	56633388	1108	56633565	-554	554	-177
chr3	15258117	15259348	15258939	1231	15258732	-615	616	207
chr3	180609074	180610761	180610395	1687	180609917	-843	844	478
chr3	10289570	10292464	10289791	2894	10291017	-1447	1447	-1226
chr3	14147973	14150307	14148868	2334	14149140	-1167	1167	-272
chr3	56633011	56634119	56633565	1108	56633565	-554	554	0
chr3	10258253	10260681	10260142	2428	10259467	-1214	1214	675
chr3	65428451	65430415	65429741	1964	65429433	-982	982	308
chr3	43347551	43348918	43348357	1367	43348234	-683	684	123
chr3	56633011	56634119	56633403	1108	56633565	-554	554	-162
chr3	47408758	47413734	47409695	4976	47411246	-2488	2488	-1551
chr3	58306681	58311603	58310566	4922	58309142	-2461	2461	1424
chr3	66384487	66386798	66386111	2311	66385642	-1155	1156	469
chr3	46919796	46926940	46923423	7144	46923368	-3572	3572	55
chr3	49275918	49282115	49278862	6197	49279016	-3098	3099	-154
chr3	61559501	61563591	61562363	4090	61561546	-2045	2045	817
chr3	50358131	50359846	50358818	1715	50358988	-857	858	-170
chr3	11581903	11583930	11582322	2027	11582916	-1013	1014	-594
chr3	52521947	52526560	52523756	4613	52524253	-2306	2307	-497
chr3	49658812	49666590	49664466	7778	49662701	-3889	3889	1765
chr3	183811174	183812519	183811450	1345	183811846	-672	673	-396
chr3	186780950	186785753	186783612	4803	186783351	-2401	2402	261
chr3	46675193	46678045	46675660	2852	46676619	-1426	1426	-959
chr3	121687355	121691828	121690783	4473	121689591	-2236	2237	1192
chr3	156554387	156555459	156555059	1072	156554923	-536	536	136
chr3	121697054	121698865	121697544	1811	121697959	-905	906	-415
chr3	45965548	45968116	45966589	2568	45966832	-1284	1284	-243
chr3	57277667	57279706	57278947	2039	57278686	-1019	1020	261
chr3	141444809	141447068	141446257	2259	141445938	-1129	1130	319
chr3	13498660	13505061	13502900	6401	13501860	-3200	3201	1040
chr3	49658812	49666590	49660720	7778	49662701	-3889	3889	-1981
chr3	42657758	42660812	42658499	3054	42659285	-1527	1527	-786
chr3	49012331	49018943	49017245	6612	49015637	-3306	3306	1608
chr3	196228815	196233649	196229935	4834	196231232	-2417	2417	-1297
chr3	44985703	44991738	44989140	6035	44988720	-3017	3018	420
chr3	53225022	53232939	53226851	7917	53228980	-3958	3959	-2129
chr3	47855757	47860509	47857448	4752	47858133	-2376	2376	-685
chr3	128902059	128909788	128902570	7729	128905923	-3864	3865	-3353
chr3	134368984	134371726	134371253	2742	134370355	-1371	1371	898
chr3	197519169	197525969	197522751	6800	197522569	-3400	3400	182
chr3	15050995	15053169	15052368	2174	15052082	-1087	1087	286
chr3	15254683	15258002	15256535	3319	15256342	-1659	1660	193
chr3	45929218	45931899	45931163	2681	45930558	-1340	1341	605
chr3	47408758	47413734	47409054	4976	47411246	-2488	2488	-2192
chr3	48417142	48422033	48418325	4891	48419587	-2445	2446	-1262
chr3	113004581	113006125	113005999	1544	113005353	-772	772	646
chr3	129271452	129275174	129271830	3722	129273313	-1861	1861	-1483
chr3	184372474	184373722	184373094	1248	184373098	-624	624	-4
chr3	15258117	15259348	15258915	1231	15258732	-615	616	183
chr3	42630013	42633940	42630580	3927	42631976	-1963	1964	-1396
chr3	47587377	47588966	47588250	1589	47588171	-794	795	79
chr3	49012331	49018943	49013404	6612	49015637	-3306	3306	-2233
chr3	57858485	57861636	57860837	3151	57860060	-1575	1576	777
chr3	184257201	184264517	184258538	7316	184260859	-3658	3658	-2321
chr3	58006053	58010001	58008543	3948	58008027	-1974	1974	516
chr3	9682563	9686958	9685227	4395	9684760	-2197	2198	467
chr3	10283749	10285704	10285455	1955	10284726	-977	978	729
chr3	184320405	184328196	184323520	7791	184324300	-3895	3896	-780
chr4	75774407	75776486	75774681	2079	75775446	-1039	1040	-765
chr4	17631497	17633241	17632475	1744	17632369	-872	872	106
chr4	1801927	1807863	1806648	5936	1804895	-2968	2968	1753
chr4	76739220	76741979	76739319	2759	76740599	-1379	1380	-1280
chr4	1327028	1333008	1328692	5980	1330018	-2990	2990	-1326
chr4	7038675	7044637	7041823	5962	7041656	-2981	2981	167
chr4	101344875	101350427	101348743	5552	101347651	-2776	2776	1092
chr4	56973552	56978792	56977423	5240	56976172	-2620	2620	1251
chr4	76896040	76898728	76896589	2688	76897384	-1344	1344	-795
chr4	849301	853150	851890	3849	851225	-1924	1925	665
chr4	6297979	6305647	6301056	7668	6301813	-3834	3834	-757
chr4	68336987	68337563	68337298	576	68337275	-288	288	23
chr4	1971463	1976473	1974992	5010	1973968	-2505	2505	1024
chr4	6707308	6710080	6709497	2772	6708694	-1386	1386	803
chr4	6871514	6873127	6871660	1613	6872320	-806	807	-660
chr4	56930178	56932691	56930636	2513	56931434	-1256	1257	-798
chr4	109822784	109824642	109824534	1858	109823713	-929	929	821
chr4	109814848	109816831	109816195	1983	109815839	-991	992	356
chr4	56973552	56978792	56976515	5240	56976172	-2620	2620	343
chr4	75511355	75515049	75514353	3694	75513202	-1847	1847	1151
chr4	82458355	82460221	82460081	1866	82459288	-933	933	793
chr4	186613891	186616184	186614315	2293	186615037	-1146	1147	-722
chr4	56973552	56978792	56976579	5240	56976172	-2620	2620	407
chr4	2510245	2513668	2512020	3423	2511956	-1711	1712	64
chr4	1334392	1341733	1336933	7341	1338062	-3670	3671	-1129
chr4	3950699	3954497	3951176	3798	3952598	-1899	1899	-1422
chr4	109814848	109816831	109815972	1983	109815839	-991	992	133
chr4	6640773	6642459	6640935	1686	6641616	-843	843	-681
chr4	2699246	2701644	2700049	2398	2700445	-1199	1199	-396
chr4	70686356	70690109	70689236	3753	70688232	-1876	1877	1004
chr4	169678141	169680715	169680115	2574	169679428	-1287	1287	687
chr4	127880806	127882095	127881909	1289	127881450	-644	645	459
chr4	55877487	55878273	55877998	786	55877880	-393	393	118
chr4	47837824	47839049	47837924	1225	47838436	-612	613	-512
chr4	186613891	186616184	186614334	2293	186615037	-1146	1147	-703
chr4	163514466	163518457	163515421	3991	163516461	-1995	1996	-1040
chr4	6619439	6622104	6619977	2665	6620771	-1332	1333	-794
chr4	53458512	53459733	53458739	1221	53459122	-610	611	-383
chr4	537021	539439	539216	2418	538230	-1209	1209	986
chr4	99944901	99947846	99946447	2945	99946373	-1472	1473	74
chr4	68313663	68315737	68314263	2074	68314700	-1037	1037	-437
chr4	77011405	77015741	77011805	4336	77013573	-2168	2168	-1768
chr4	123395840	123402357	123402059	6517	123399098	-3258	3259	2961
chr4	150828299	150831747	150828434	3448	150830023	-1724	1724	-1589
chr4	88074674	88075911	88074917	1237	88075292	-618	619	-375
chr4	986541	992403	988932	5862	989472	-2931	2931	-540
chr4	55877487	55878273	55877990	786	55877880	-393	393	110
chr4	849301	853150	850941	3849	851225	-1924	1925	-284
chr4	17631497	17633241	17632395	1744	17632369	-872	872	26
chr4	17810306	17811533	17811031	1227	17810919	-613	614	112
chr4	1978139	1985629	1983612	7490	1981884	-3745	3745	1728
chr4	6640773	6642459	6641147	1686	6641616	-843	843	-469
chr4	76739220	76741979	76740652	2759	76740599	-1379	1380	53
chr4	99948140	99949308	99948711	1168	99948724	-584	584	-13
chr4	1232993	1239926	1237518	6933	1236459	-3466	3467	1059
chr4	82428118	82431325	82429363	3207	82429721	-1603	1604	-358
chr4	1978139	1985629	1984866	7490	1981884	-3745	3745	2982
chr4	7054131	7055956	7054677	1825	7055043	-912	913	-366
chr4	2062563	2065747	2065058	3184	2064155	-1592	1592	903
chr4	986541	992403	991329	5862	989472	-2931	2931	1857
chr4	128846006	128851304	128848990	5298	128848655	-2649	2649	335
chr4	124670583	124671468	124671309	885	124671025	-442	443	284
chr4	99948140	99949308	99948732	1168	99948724	-584	584	8
chr4	73257201	73262133	73258410	4932	73259667	-2466	2466	-1257
chr4	88074674	88075911	88075516	1237	88075292	-618	619	224
chr4	39295042	39296807	39295670	1765	39295924	-882	883	-254
chr4	77156455	77159475	77159428	3020	77157965	-1510	1510	1463
chr4	2062563	2065747	2063859	3184	2064155	-1592	1592	-296
chr4	4319901	4321620	4321260	1719	4320760	-859	860	500
chr4	2690707	2692584	2690744	1877	2691645	-938	939	-901
chr4	6288434	6295514	6288927	7080	6291974	-3540	3540	-3047
chr4	73117867	73119250	73118731	1383	73118558	-691	692	173
chr4	76739220	76741979	76740604	2759	76740599	-1379	1380	5
chr4	6297979	6305647	6301126	7668	6301813	-3834	3834	-687
chr4	6288434	6295514	6289073	7080	6291974	-3540	3540	-2901
chr4	6288434	6295514	6291330	7080	6291974	-3540	3540	-644
chr4	1350084	1356200	1354799	6116	1353142	-3058	3058	1657
chr4	1917398	1919300	1918502	1902	1918349	-951	951	153
chr4	70686356	70690109	70689300	3753	70688232	-1876	1877	1068
chr4	7054131	7055956	7054166	1825	7055043	-912	913	-877
chr4	3145862	3149263	3146858	3401	3147562	-1700	1701	-704
chr4	98927777	98929897	98929157	2120	98928837	-1060	1060	320
chr4	98927777	98929897	98929265	2120	98928837	-1060	1060	428
chr4	68313663	68315737	68314043	2074	68314700	-1037	1037	-657
chr4	150580312	150584789	150583320	4477	150582550	-2238	2239	770
chr4	185144007	185145494	185145019	1487	185144750	-743	744	269
chr4	123395840	123402357	123401999	6517	123399098	-3258	3259	2901
chr4	10075650	10079904	10077412	4254	10077777	-2127	2127	-365
chr4	1814325	1817673	1816813	3348	1815999	-1674	1674	814
chr4	153465116	153467913	153467236	2797	153466514	-1398	1399	722
chr4	99948140	99949308	99948895	1168	99948724	-584	584	171
chr4	173332245	173335318	173333553	3073	173333781	-1536	1537	-228
chr4	2696410	2698398	2696585	1988	2697404	-994	994	-819
chr4	53458512	53459733	53459551	1221	53459122	-610	611	429
chr4	75930846	75932367	75931239	1521	75931606	-760	761	-367
chr4	88074674	88075911	88074957	1237	88075292	-618	619	-335
chr4	110198299	110200502	110198350	2203	110199400	-1101	1102	-1050
chr4	124670583	124671468	124670922	885	124671025	-442	443	-103
chr4	145136832	145137679	145137214	847	145137255	-423	424	-41
chr4	151102159	151105918	151104553	3759	151104038	-1879	1880	515
chr4	864657	867820	866467	3163	866238	-1581	1582	229
chr4	16225735	16227572	16227477	1837	16226653	-918	919	824
chr4	87006682	87008842	87007261	2160	87007762	-1080	1080	-501
chr4	84964578	84968108	84967044	3530	84966343	-1765	1765	701
chr4	75724075	75726768	75724607	2693	75725421	-1346	1347	-814
chr4	8615794	8623265	8619522	7471	8619529	-3735	3736	-7
chr4	2062563	2065747	2065090	3184	2064155	-1592	1592	935
chr4	2331311	2336527	2335731	5216	2333919	-2608	2608	1812
chr4	3950699	3954497	3951159	3798	3952598	-1899	1899	-1439
chr4	74157542	74158693	74158063	1151	74158117	-575	576	-54
chr4	151102159	151105918	151103892	3759	151104038	-1879	1880	-146
chr4	182142250	182145965	182142806	3715	182144107	-1857	1858	-1301
chr4	2336544	2344434	2339524	7890	2340489	-3945	3945	-965
chr4	8410352	8415504	8414338	5152	8412928	-2576	2576	1410
chr4	82426148	82427556	82427469	1408	82426852	-704	704	617
chr4	6715892	6717378	6716952	1486	6716635	-743	743	317
chr4	6297979	6305647	6302376	7668	6301813	-3834	3834	563
chr4	17583161	17585406	17585032	2245	17584283	-1122	1123	749
chr4	1917398	1919300	1918567	1902	1918349	-951	951	218
chr4	185144007	185145494	185144890	1487	185144750	-743	744	140
chr4	150580312	150584789	150583629	4477	150582550	-2238	2239	1079
chr4	158716228	158719697	158719286	3469	158717962	-1734	1735	1324
chr4	109712497	109715941	109714240	3444	109714219	-1722	1722	21
chr4	173332245	173335318	173333614	3073	173333781	-1536	1537	-167
chr4	82426148	82427556	82426531	1408	82426852	-704	704	-321
chr4	6619439	6622104	6619950	2665	6620771	-1332	1333	-821
chr4	1825553	1830662	1825619	5109	1828107	-2554	2555	-2488
chr4	173332245	173335318	173332946	3073	173333781	-1536	1537	-835
chr4	39502364	39504383	39503913	2019	39503373	-1009	1010	540
chr4	965243	970528	967626	5285	967885	-2642	2643	-259
chr4	82428118	82431325	82429303	3207	82429721	-1603	1604	-418
chr4	1978139	1985629	1984882	7490	1981884	-3745	3745	2998
chr4	3129633	3132495	3131322	2862	3131064	-1431	1431	258
chr4	4273914	4276352	4274627	2438	4275133	-1219	1219	-506
chr4	6707308	6710080	6709558	2772	6708694	-1386	1386	864
chr4	7061417	7062951	7062196	1534	7062184	-767	767	12
chr4	24575215	24576515	24576469	1300	24575865	-650	650	604
chr4	70686356	70690109	70689368	3753	70688232	-1876	1877	1136
chr4	76309055	76310330	76309463	1275	76309692	-637	638	-229
chr4	76739220	76741979	76739593	2759	76740599	-1379	1380	-1006
chr4	77818500	77823503	77819368	5003	77821001	-2501	2502	-1633
chr4	98257706	98262230	98261533	4524	98259968	-2262	2262	1565
chr4	99948140	99949308	99949108	1168	99948724	-584	584	384
chr4	123395840	123402357	123402101	6517	123399098	-3258	3259	3003
chr4	139554772	139557431	139556122	2659	139556101	-1329	1330	21
chr4	185144007	185145494	185144818	1487	185144750	-743	744	68
chr4	1350084	1356200	1351794	6116	1353142	-3058	3058	-1348
chr4	1814325	1817673	1816801	3348	1815999	-1674	1674	802
chr4	1978139	1985629	1983457	7490	1981884	-3745	3745	1573
chr4	1991419	1995518	1991557	4099	1993468	-2049	2050	-1911
chr4	2693458	2695112	2695109	1654	2694285	-827	827	824
chr4	108624798	108628279	108625238	3481	108626538	-1740	1741	-1300
chr4	123395840	123402357	123401596	6517	123399098	-3258	3259	2498
chr4	123395840	123402357	123402162	6517	123399098	-3258	3259	3064
chr4	141233515	141234468	141233981	953	141233991	-476	477	-10
chr4	150580312	150584789	150583700	4477	150582550	-2238	2239	1150
chr4	152410821	152411908	152411547	1087	152411364	-543	544	183
chr4	529601	534270	530603	4669	531935	-2334	2335	-1332
chr4	75511355	75515049	75514234	3694	75513202	-1847	1847	1032
chr4	1694613	1696452	1696344	1839	1695532	-919	920	812
chr4	1960902	1963166	1961074	2264	1962034	-1132	1132	-960
chr4	145935548	145938567	145938446	3019	145937057	-1509	1510	1389
chr4	141233515	141234468	141233749	953	141233991	-476	477	-242
chr4	6707308	6710080	6709594	2772	6708694	-1386	1386	900
chr4	6585324	6590337	6587089	5013	6587830	-2506	2507	-741
chr4	82428118	82431325	82429344	3207	82429721	-1603	1604	-377
chr4	17583161	17585406	17583575	2245	17584283	-1122	1123	-708
chr4	2043389	2048798	2043889	5409	2046093	-2704	2705	-2204
chr4	139039257	139044290	139043308	5033	139041773	-2516	2517	1535
chr4	99948140	99949308	99948895	1168	99948724	-584	584	171
chr4	145172884	145175295	145174743	2411	145174089	-1205	1206	654
chr4	139532288	139533751	139533314	1463	139533019	-731	732	295
chr4	52861623	52863819	52863303	2196	52862721	-1098	1098	582
chr4	99948140	99949308	99948571	1168	99948724	-584	584	-153
chr4	17583161	17585406	17585241	2245	17584283	-1122	1123	958
chr4	4319901	4321620	4320739	1719	4320760	-859	860	-21
chr4	68316270	68319082	68316348	2812	68317676	-1406	1406	-1328
chr4	3145862	3149263	3146880	3401	3147562	-1700	1701	-682
chr4	150580312	150584789	150583551	4477	150582550	-2238	2239	1001
chr4	150580312	150584789	150583784	4477	150582550	-2238	2239	1234
chr4	17583161	17585406	17583508	2245	17584283	-1122	1123	-775
chr4	56973552	56978792	56976610	5240	56976172	-2620	2620	438
chr4	4273914	4276352	4274584	2438	4275133	-1219	1219	-549
chr4	56930178	56932691	56932047	2513	56931434	-1256	1257	613
chr4	8615794	8623265	8618468	7471	8619529	-3735	3736	-1061
chr4	2693458	2695112	2693817	1654	2694285	-827	827	-468
chr4	141233515	141234468	141233805	953	141233991	-476	477	-186
chr4	6640773	6642459	6641222	1686	6641616	-843	843	-394
chr4	2699246	2701644	2700217	2398	2700445	-1199	1199	-228
chr4	56960420	56963488	56963436	3068	56961954	-1534	1534	1482
chr4	1818666	1824924	1822184	6258	1821795	-3129	3129	389
chr4	2644262	2646935	2646709	2673	2645598	-1336	1337	1111
chr4	6297979	6305647	6301391	7668	6301813	-3834	3834	-422
chr4	68336987	68337563	68337425	576	68337275	-288	288	150
chr4	88074674	88075911	88074904	1237	88075292	-618	619	-388
chr4	123395840	123402357	123402184	6517	123399098	-3258	3259	3086
chr5	179866702	179872501	179867569	5799	179869601	-2899	2900	-2032
chr5	32231663	32234097	32233867	2434	32232880	-1217	1217	987
chr5	1877381	1884664	1881948	7283	1881022	-3641	3642	926
chr5	62390146	62391391	62390983	1245	62390768	-622	623	215
chr5	138424047	138427308	138424200	3261	138425677	-1630	1631	-1477
chr5	151489760	151492340	151491391	2580	151491050	-1290	1290	341
chr5	149835124	149837167	149836839	2043	149836145	-1021	1022	694
chr5	134197754	134199877	134197813	2123	134198815	-1061	1062	-1002
chr5	74727283	74734248	74730367	6965	74730765	-3482	3483	-398
chr5	179576894	179578009	179577075	1115	179577451	-557	558	-376
chr5	146514917	146516704	146515736	1787	146515810	-893	894	-74
chr5	617026	620046	618999	3020	618536	-1510	1510	463
chr5	32442373	32445104	32444238	2731	32443738	-1365	1366	500
chr5	133988035	133991917	133991073	3882	133989976	-1941	1941	1097
chr5	140554648	140558866	140558672	4218	140556757	-2109	2109	1915
chr5	141634668	141638740	141635015	4072	141636704	-2036	2036	-1689
chr5	146457555	146460099	146459279	2544	146458827	-1272	1272	452
chr5	177510470	177513842	177512144	3372	177512156	-1686	1686	-12
chr5	177528000	177533297	177532538	5297	177530648	-2648	2649	1890
chr5	168422722	168426079	168423857	3357	168424400	-1678	1679	-543
chr5	179834022	179839625	179836910	5603	179836823	-2801	2802	87
chr5	14462229	14465373	14462804	3144	14463801	-1572	1572	-997
chr5	181232383	181236516	181232604	4133	181234449	-2066	2067	-1845
chr5	176579183	176583671	176581529	4488	176581427	-2244	2244	102
chr5	150534692	150538656	150535753	3964	150536674	-1982	1982	-921
chr5	34914249	34916557	34914861	2308	34915403	-1154	1154	-542
chr5	140695351	140697653	140696995	2302	140696502	-1151	1151	493
chr5	2750283	2756353	2755114	6070	2753318	-3035	3035	1796
chr5	135342477	135344724	135343167	2247	135343600	-1123	1124	-433
chr5	464479	470020	465161	5541	467249	-2770	2771	-2088
chr5	154819024	154820697	154820108	1673	154819860	-836	837	248
chr5	7867602	7869970	7867743	2368	7868786	-1184	1184	-1043
chr5	138346658	138348766	138348073	2108	138347712	-1054	1054	361
chr5	141240151	141242199	141242004	2048	141241175	-1024	1024	829
chr5	141303735	141304539	141303822	804	141304137	-402	402	-315
chr5	149360094	149364600	149364054	4506	149362347	-2253	2253	1707
chr5	176386394	176390852	176389328	4458	176388623	-2229	2229	705
chr5	1465753	1470174	1466818	4421	1467963	-2210	2211	-1145
chr5	179874215	179880681	179875039	6466	179877448	-3233	3233	-2409
chr5	445895	446559	446214	664	446227	-332	332	-13
chr5	141240151	141242199	141241479	2048	141241175	-1024	1024	304
chr5	175520206	175522859	175521929	2653	175521532	-1326	1327	397
chr5	138931929	138935254	138934155	3325	138933591	-1662	1663	564
chr5	867177	871493	870555	4316	869335	-2158	2158	1220
chr5	172104956	172109678	172106647	4722	172107317	-2361	2361	-670
chr5	176386394	176390852	176386624	4458	176388623	-2229	2229	-1999
chr5	31525610	31528599	31526090	2989	31527104	-1494	1495	-1014
chr5	31525610	31528599	31526437	2989	31527104	-1494	1495	-667
chr5	34914249	34916557	34915715	2308	34915403	-1154	1154	312
chr5	43289861	43291788	43291146	1927	43290824	-963	964	322
chr5	134571750	134578212	134573677	6462	134574981	-3231	3231	-1304
chr5	140242150	140246774	140245896	4624	140244462	-2312	2312	1434
chr5	154819024	154820697	154820434	1673	154819860	-836	837	574
chr5	179834022	179839625	179836500	5603	179836823	-2801	2802	-323
chr5	180849873	180852657	180851312	2784	180851265	-1392	1392	47
chr5	181232383	181236516	181232574	4133	181234449	-2066	2067	-1875
chr5	179866702	179872501	179867845	5799	179869601	-2899	2900	-1756
chr5	10259063	10261643	10261597	2580	10260353	-1290	1290	1244
chr5	113026902	113027971	113027100	1069	113027436	-534	535	-336
chr5	141639313	141641341	141640312	2028	141640327	-1014	1014	-15
chr5	141643240	141647037	141645105	3797	141645138	-1898	1899	-33
chr5	177435258	177439052	177436418	3794	177437155	-1897	1897	-737
chr5	177439985	177444444	177441898	4459	177442214	-2229	2230	-316
chr5	177523626	177526142	177524488	2516	177524884	-1258	1258	-396
chr5	179842023	179844222	179844182	2199	179843122	-1099	1100	1060
chr5	6599498	6601275	6600034	1777	6600386	-888	889	-352
chr5	142312326	142315307	142314631	2981	142313816	-1490	1491	815
chr5	142312326	142315307	142314734	2981	142313816	-1490	1491	918
chr5	32231663	32234097	32233885	2434	32232880	-1217	1217	1005
chr5	138506133	138509103	138508373	2970	138507618	-1485	1485	755
chr5	14502356	14507833	14504483	5477	14505094	-2738	2739	-611
chr5	5461872	5464575	5464424	2703	5463223	-1351	1352	1201
chr5	32231663	32234097	32233888	2434	32232880	-1217	1217	1008
chr5	31525610	31528599	31526700	2989	31527104	-1494	1495	-404
chr5	178221194	178224881	178222394	3687	178223037	-1843	1844	-643
chr5	14397684	14400064	14399053	2380	14398874	-1190	1190	179
chr5	36984544	36986921	36985855	2377	36985732	-1188	1189	123
chr5	81304033	81306452	81304845	2419	81305242	-1209	1210	-397
chr5	149360094	149364600	149364011	4506	149362347	-2253	2253	1664
chr5	149360094	149364600	149364175	4506	149362347	-2253	2253	1828
chr5	79235816	79238452	79237680	2636	79237134	-1318	1318	546
chr5	139400291	139407086	139401771	6795	139403688	-3397	3398	-1917
chr5	168422722	168426079	168424011	3357	168424400	-1678	1679	-389
chr5	178225100	178226585	178225543	1485	178225842	-742	743	-299
chr5	179576894	179578009	179577108	1115	179577451	-557	558	-343
chr5	177513900	177515493	177515193	1593	177514696	-796	797	497
chr5	673302	679905	677794	6603	676603	-3301	3302	1191
chr5	149994930	149996994	149996033	2064	149995962	-1032	1032	71
chr5	10409608	10410404	10410172	796	10410006	-398	398	166
chr5	31525610	31528599	31526388	2989	31527104	-1494	1495	-716
chr5	181232383	181236516	181234772	4133	181234449	-2066	2067	323
chr5	6378006	6379762	6378484	1756	6378884	-878	878	-400
chr5	36984544	36986921	36984678	2377	36985732	-1188	1189	-1054
chr5	134200358	134201901	134201874	1543	134201129	-771	772	745
chr5	154933804	154937334	154937181	3530	154935569	-1765	1765	1612
chr5	150393163	150397416	150396408	4253	150395289	-2126	2127	1119
chr5	445895	446559	446186	664	446227	-332	332	-41
chr5	177523626	177526142	177524581	2516	177524884	-1258	1258	-303
chr5	113026902	113027971	113027316	1069	113027436	-534	535	-120
chr5	139321376	139322959	139322704	1583	139322167	-791	792	537
chr5	149835124	149837167	149836910	2043	149836145	-1021	1022	765
chr5	1471113	1474095	1474032	2982	1472604	-1491	1491	1428
chr5	6378006	6379762	6378513	1756	6378884	-878	878	-371
chr5	179830401	179833806	179833248	3405	179832103	-1702	1703	1145
chr5	32173327	32175862	32173822	2535	32174594	-1267	1268	-772
chr5	5466301	5467447	5466504	1146	5466874	-573	573	-370
chr5	69630597	69636560	69634878	5963	69633578	-2981	2982	1300
chr5	646619	652624	647896	6005	649621	-3002	3003	-1725
chr5	65759365	65763470	65762962	4105	65761417	-2052	2053	1545
chr5	141240151	141242199	141241099	2048	141241175	-1024	1024	-76
chr5	146446612	146448806	146447345	2194	146447709	-1097	1097	-364
chr5	177439985	177444444	177441911	4459	177442214	-2229	2230	-303
chr5	177515918	177518076	177515945	2158	177516997	-1079	1079	-1052
chr5	177515918	177518076	177516185	2158	177516997	-1079	1079	-812
chr5	179866702	179872501	179867634	5799	179869601	-2899	2900	-1967
chr5	140563352	140565450	140564389	2098	140564401	-1049	1049	-12
chr5	140563352	140565450	140564390	2098	140564401	-1049	1049	-11
chr5	126809291	126810858	126810323	1567	126810074	-783	784	249
chr5	139389361	139395326	139393614	5965	139392343	-2982	2983	1271
chr5	34914249	34916557	34915786	2308	34915403	-1154	1154	383
chr5	132865798	132867167	132866830	1369	132866482	-684	685	348
chr5	132759263	132763740	132761196	4477	132761501	-2238	2239	-305
chr5	141240151	141242199	141241392	2048	141241175	-1024	1024	217
chr5	40797198	40798704	40798086	1506	40797951	-753	753	135
chr5	31525610	31528599	31526823	2989	31527104	-1494	1495	-281
chr5	141240151	141242199	141240847	2048	141241175	-1024	1024	-328
chr5	149994930	149996994	149995977	2064	149995962	-1032	1032	15
chr5	168408090	168411780	168408582	3690	168409935	-1845	1845	-1353
chr5	40797198	40798704	40798076	1506	40797951	-753	753	125
chr5	138506133	138509103	138508299	2970	138507618	-1485	1485	681
chr5	141978477	141982387	141980224	3910	141980432	-1955	1955	-208
chr5	7867602	7869970	7869137	2368	7868786	-1184	1184	351
chr5	140640718	140644387	140643929	3669	140642552	-1834	1835	1377
chr5	138385940	138389495	138386193	3555	138387717	-1777	1778	-1524
chr5	151026301	151027765	151026972	1464	151027033	-732	732	-61
chr5	17274442	17276761	17275347	2319	17275601	-1159	1160	-254
chr5	138931929	138935254	138934092	3325	138933591	-1662	1663	501
chr5	140640718	140644387	140643031	3669	140642552	-1834	1835	479
chr5	140704198	140706701	140706235	2503	140705449	-1251	1252	786
chr5	1465753	1470174	1466787	4421	1467963	-2210	2211	-1176
chr5	33459212	33461506	33459711	2294	33460359	-1147	1147	-648
chr5	168422722	168426079	168423832	3357	168424400	-1678	1679	-568
chr5	171418588	171420872	171420434	2284	171419730	-1142	1142	704
chr5	181232383	181236516	181235245	4133	181234449	-2066	2067	796
chr5	138506133	138509103	138508169	2970	138507618	-1485	1485	551
chr5	132386625	132388447	132387059	1822	132387536	-911	911	-477
chr5	69217205	69219178	69217823	1973	69218191	-986	987	-368
chr5	177523626	177526142	177524918	2516	177524884	-1258	1258	34
chr5	138392141	138392997	138392257	856	138392569	-428	428	-312
chr5	176507078	176508621	176507087	1543	176507849	-771	772	-762
chr5	110737726	110739588	110739119	1862	110738657	-931	931	462
chr5	16463306	16467518	16463684	4212	16465412	-2106	2106	-1728
chr5	6599498	6601275	6600222	1777	6600386	-888	889	-164
chr5	168464580	168468550	168464924	3970	168466565	-1985	1985	-1641
chr5	867177	871493	870542	4316	869335	-2158	2158	1207
chr5	180849873	180852657	180849874	2784	180851265	-1392	1392	-1391
chr5	133099728	133104413	133101805	4685	133102070	-2342	2343	-265
chr5	171399976	171402552	171400198	2576	171401264	-1288	1288	-1066
chr5	176968606	176971215	176969603	2609	176969910	-1304	1305	-307
chr5	5461872	5464575	5462763	2703	5463223	-1351	1352	-460
chr5	10250251	10251327	10250557	1076	10250789	-538	538	-232
chr5	132641876	132643627	132643269	1751	132642751	-875	876	518
chr5	140546598	140551405	140550843	4807	140549001	-2403	2404	1842
chr5	181232383	181236516	181232574	4133	181234449	-2066	2067	-1875
chr5	138346658	138348766	138348141	2108	138347712	-1054	1054	429
chr5	77774632	77776846	77776270	2214	77775739	-1107	1107	531
chr5	132895937	132897731	132896684	1794	132896834	-897	897	-150
chr5	1073440	1078637	1075482	5197	1076038	-2598	2599	-556
chr5	139321376	139322959	139322712	1583	139322167	-791	792	545
chr5	10416372	10420844	10417359	4472	10418608	-2236	2236	-1249
chr5	14502356	14507833	14507138	5477	14505094	-2738	2739	2044
chr5	150699007	150701159	150701078	2152	150700083	-1076	1076	995
chr5	151803216	151804468	151804081	1252	151803842	-626	626	239
chr5	137751584	137754489	137753821	2905	137753036	-1452	1453	785
chr5	69217205	69219178	69218078	1973	69218191	-986	987	-113
chr5	69630597	69636560	69635792	5963	69633578	-2981	2982	2214
chr5	72847784	72849166	72848235	1382	72848475	-691	691	-240
chr5	134560657	134564321	134562365	3664	134562489	-1832	1832	-124
chr5	138385940	138389495	138386430	3555	138387717	-1777	1778	-1287
chr5	177402022	177405546	177405168	3524	177403784	-1762	1762	1384
chr5	141639313	141641341	141640384	2028	141640327	-1014	1014	57
chr5	141920748	141924577	141923824	3829	141922662	-1914	1915	1162
chr5	140704198	140706701	140706226	2503	140705449	-1251	1252	777
chr5	138424047	138427308	138424083	3261	138425677	-1630	1631	-1594
chr5	177332942	177340076	177337138	7134	177336509	-3567	3567	629
chr5	140640718	140644387	140642637	3669	140642552	-1834	1835	85
chr5	140667367	140674813	140668320	7446	140671090	-3723	3723	-2770
chr5	464479	470020	465195	5541	467249	-2770	2771	-2054
chr5	5461872	5464575	5462662	2703	5463223	-1351	1352	-561
chr5	36180217	36182214	36182168	1997	36181215	-998	999	953
chr5	69630597	69636560	69635225	5963	69633578	-2981	2982	1647
chr5	113026902	113027971	113027452	1069	113027436	-534	535	16
chr5	141639313	141641341	141639698	2028	141640327	-1014	1014	-629
chr5	141920748	141924577	141923909	3829	141922662	-1914	1915	1247
chr5	151028593	151032593	151030174	4000	151030593	-2000	2000	-419
chr5	151028593	151032593	151030742	4000	151030593	-2000	2000	149
chr5	151489760	151492340	151491210	2580	151491050	-1290	1290	160
chr5	154799338	154800601	154799893	1263	154799969	-631	632	-76
chr5	173326747	173328727	173328411	1980	173327737	-990	990	674
chr5	172104956	172109678	172106631	4722	172107317	-2361	2361	-686
chr5	476559	480577	480013	4018	478568	-2009	2009	1445
chr5	180571868	180574478	180574174	2610	180573173	-1305	1305	1001
chr5	98793117	98793899	98793689	782	98793508	-391	391	181
chr5	173326747	173328727	173328411	1980	173327737	-990	990	674
chr5	177439985	177444444	177441293	4459	177442214	-2229	2230	-921
chr5	5461872	5464575	5463860	2703	5463223	-1351	1352	637
chr5	5461872	5464575	5464497	2703	5463223	-1351	1352	1274
chr5	181232383	181236516	181233920	4133	181234449	-2066	2067	-529
chr5	5461872	5464575	5462818	2703	5463223	-1351	1352	-405
chr5	87412129	87414038	87412837	1909	87413083	-954	955	-246
chr5	177515918	177518076	177515946	2158	177516997	-1079	1079	-1051
chr5	5461872	5464575	5463203	2703	5463223	-1351	1352	-20
chr5	168369664	168372361	168371452	2697	168371012	-1348	1349	440
chr5	139389361	139395326	139392337	5965	139392343	-2982	2983	-6
chr5	10259063	10261643	10261612	2580	10260353	-1290	1290	1259
chr5	14397684	14400064	14399067	2380	14398874	-1190	1190	193
chr5	112918173	112923771	112922230	5598	112920972	-2799	2799	1258
chr5	154800876	154802651	154802197	1775	154801763	-887	888	434
chr5	14715793	14717260	14716729	1467	14716526	-733	734	203
chr5	1465753	1470174	1466746	4421	1467963	-2210	2211	-1217
chr5	179592287	179597030	179593634	4743	179594658	-2371	2372	-1024
chr5	140565887	140567783	140567539	1896	140566835	-948	948	704
chr5	179576894	179578009	179577093	1115	179577451	-557	558	-358
chr5	5461872	5464575	5463642	2703	5463223	-1351	1352	419
chr5	6739236	6741809	6739740	2573	6740522	-1286	1287	-782
chr5	138385940	138389495	138386301	3555	138387717	-1777	1778	-1416
chr5	132759263	132763740	132761147	4477	132761501	-2238	2239	-354
chr5	141240151	141242199	141242080	2048	141241175	-1024	1024	905
chr5	154819024	154820697	154820534	1673	154819860	-836	837	674
chr5	150393163	150397416	150393478	4253	150395289	-2126	2127	-1811
chr5	36984544	36986921	36985680	2377	36985732	-1188	1189	-52
chr5	141978477	141982387	141980224	3910	141980432	-1955	1955	-208
chr5	157786787	157788585	157787882	1798	157787686	-899	899	196
chr5	179598446	179605114	179601898	6668	179601780	-3334	3334	118
chr5	181232383	181236516	181235333	4133	181234449	-2066	2067	884
chr5	132339921	132342122	132340629	2201	132341021	-1100	1101	-392
chr5	181232383	181236516	181233402	4133	181234449	-2066	2067	-1047
chr5	138561563	138564772	138561721	3209	138563167	-1604	1605	-1446
chr5	177537934	177539216	177537985	1282	177538575	-641	641	-590
chr5	177515918	177518076	177515965	2158	177516997	-1079	1079	-1032
chr5	875823	880528	878388	4705	878175	-2352	2353	213
chr5	97170548	97172967	97171282	2419	97171757	-1209	1210	-475
chr5	14301651	14304492	14304492	2841	14303071	-1420	1421	1421
chr5	176383969	176385769	176385285	1800	176384869	-900	900	416
chr5	34189995	34193814	34190388	3819	34191904	-1909	1910	-1516
chr5	2746426	2748988	2748638	2562	2747707	-1281	1281	931
chr5	139389361	139395326	139394252	5965	139392343	-2982	2983	1909
chr5	141999648	142002091	142001949	2443	142000869	-1221	1222	1080
chr5	140640718	140644387	140642065	3669	140642552	-1834	1835	-487
chr5	132895937	132897731	132897174	1794	132896834	-897	897	340
chr5	673302	679905	677752	6603	676603	-3301	3302	1149
chr5	471905	476228	475659	4323	474066	-2161	2162	1593
chr5	890976	893918	891754	2942	892447	-1471	1471	-693
chr5	1479533	1481669	1479654	2136	1480601	-1068	1068	-947
chr5	5459878	5461102	5460894	1224	5460490	-612	612	404
chr5	5461872	5464575	5463517	2703	5463223	-1351	1352	294
chr5	5466301	5467447	5466382	1146	5466874	-573	573	-492
chr5	58458813	58461340	58459122	2527	58460076	-1263	1264	-954
chr5	88268160	88269690	88268815	1530	88268925	-765	765	-110
chr5	132865798	132867167	132866923	1369	132866482	-684	685	441
chr5	138385940	138389495	138386254	3555	138387717	-1777	1778	-1463
chr5	139400291	139407086	139401746	6795	139403688	-3397	3398	-1942
chr5	141240151	141242199	141242095	2048	141241175	-1024	1024	920
chr5	141509682	141512921	141511158	3239	141511301	-1619	1620	-143
chr5	141643240	141647037	141646181	3797	141645138	-1898	1899	1043
chr5	141920748	141924577	141923846	3829	141922662	-1914	1915	1184
chr5	146144351	146145887	146144494	1536	146145119	-768	768	-625
chr5	150551062	150554118	150553294	3056	150552590	-1528	1528	704
chr5	176383969	176385769	176384136	1800	176384869	-900	900	-733
chr5	176386394	176390852	176389402	4458	176388623	-2229	2229	779
chr5	177466554	177468837	177466963	2283	177467695	-1141	1142	-732
chr5	179834022	179839625	179837713	5603	179836823	-2801	2802	890
chr5	180849873	180852657	180850231	2784	180851265	-1392	1392	-1034
chr5	180849873	180852657	180850605	2784	180851265	-1392	1392	-660
chr5	181232383	181236516	181234694	4133	181234449	-2066	2067	245
chr5	32388877	32391485	32390403	2608	32390181	-1304	1304	222
chr5	138424047	138427308	138424250	3261	138425677	-1630	1631	-1427
chr5	150695660	150697654	150696806	1994	150696657	-997	997	149
chr5	1877381	1884664	1877673	7283	1881022	-3641	3642	-3349
chr5	180849873	180852657	180851287	2784	180851265	-1392	1392	22
chr5	181222842	181224494	181224352	1652	181223668	-826	826	684
chr5	139389361	139395326	139393417	5965	139392343	-2982	2983	1074
chr5	181222842	181224494	181224357	1652	181223668	-826	826	689
chr5	141643240	141647037	141646182	3797	141645138	-1898	1899	1044
chr5	5461872	5464575	5464069	2703	5463223	-1351	1352	846
chr5	140640718	140644387	140641875	3669	140642552	-1834	1835	-677
chr5	476559	480577	479953	4018	478568	-2009	2009	1385
chr5	907277	909238	908632	1961	908257	-980	981	375
chr5	6620010	6622147	6620263	2137	6621078	-1068	1069	-815
chr5	14397684	14400064	14398961	2380	14398874	-1190	1190	87
chr5	32096192	32101121	32098615	4929	32098656	-2464	2465	-41
chr5	36984544	36986921	36985430	2377	36985732	-1188	1189	-302
chr5	36984544	36986921	36986057	2377	36985732	-1188	1189	325
chr5	79235816	79238452	79237451	2636	79237134	-1318	1318	317
chr5	132759263	132763740	132760804	4477	132761501	-2238	2239	-697
chr5	134965766	134968096	134968081	2330	134966931	-1165	1165	1150
chr5	135368958	135371177	135369549	2219	135370067	-1109	1110	-518
chr5	140242150	140246774	140246036	4624	140244462	-2312	2312	1574
chr5	141643240	141647037	141644881	3797	141645138	-1898	1899	-257
chr5	141643240	141647037	141646276	3797	141645138	-1898	1899	1138
chr5	146514917	146516704	146515288	1787	146515810	-893	894	-522
chr5	151122371	151126273	151123003	3902	151124322	-1951	1951	-1319
chr5	151122371	151126273	151124307	3902	151124322	-1951	1951	-15
chr5	154376183	154378935	154376413	2752	154377559	-1376	1376	-1146
chr5	154800876	154802651	154802310	1775	154801763	-887	888	547
chr5	168408090	168411780	168408592	3690	168409935	-1845	1845	-1343
chr5	172104956	172109678	172107830	4722	172107317	-2361	2361	513
chr5	177466554	177468837	177468199	2283	177467695	-1141	1142	504
chr5	177603988	177606289	177604435	2301	177605138	-1150	1151	-703
chr5	179834022	179839625	179836530	5603	179836823	-2801	2802	-293
chr5	179874215	179880681	179875161	6466	179877448	-3233	3233	-2287
chr5	177593939	177596219	177595333	2280	177595079	-1140	1140	254
chr5	140111504	140115514	140115202	4010	140113509	-2005	2005	1693
chr5	172088732	172092965	172090326	4233	172090848	-2116	2117	-522
chr5	179723158	179726604	179724732	3446	179724881	-1723	1723	-149
chr5	140661698	140662597	140662381	899	140662147	-449	450	234
chr5	61542477	61544991	61543708	2514	61543734	-1257	1257	-26
chr5	177603988	177606289	177604458	2301	177605138	-1150	1151	-680
chr5	179774333	179775889	179774416	1556	179775111	-778	778	-695
chr5	180849873	180852657	180850760	2784	180851265	-1392	1392	-505
chr5	180849873	180852657	180850762	2784	180851265	-1392	1392	-503
chr5	150446655	150447439	150446892	784	150447047	-392	392	-155
chr5	32231663	32234097	32233887	2434	32232880	-1217	1217	1007
chr5	141509682	141512921	141511103	3239	141511301	-1619	1620	-198
chr5	179723158	179726604	179723683	3446	179724881	-1723	1723	-1198
chr5	69514052	69516678	69514092	2626	69515365	-1313	1313	-1273
chr5	140640718	140644387	140642915	3669	140642552	-1834	1835	363
chr5	177515918	177518076	177516428	2158	177516997	-1079	1079	-569
chr5	141318687	141321064	141319506	2377	141319875	-1188	1189	-369
chr5	40825473	40833276	40832989	7803	40829374	-3901	3902	3615
chr5	176386394	176390852	176386842	4458	176388623	-2229	2229	-1781
chr5	32590418	32594087	32591660	3669	32592252	-1834	1835	-592
chr5	133973272	133978481	133975922	5209	133975876	-2604	2605	46
chr5	141639313	141641341	141639749	2028	141640327	-1014	1014	-578
chr5	71523197	71527007	71524056	3810	71525102	-1905	1905	-1046
chr5	135368958	135371177	135370057	2219	135370067	-1109	1110	-10
chr5	133967869	133969568	133968564	1699	133968718	-849	850	-154
chr5	179889495	179894811	179891427	5316	179892153	-2658	2658	-726
chr5	177513900	177515493	177515000	1593	177514696	-796	797	304
chr5	2750283	2756353	2755053	6070	2753318	-3035	3035	1735
chr5	71508687	71512081	71509753	3394	71510384	-1697	1697	-631
chr5	140563352	140565450	140564317	2098	140564401	-1049	1049	-84
chr5	134560657	134564321	134560791	3664	134562489	-1832	1832	-1698
chr5	181222842	181224494	181224084	1652	181223668	-826	826	416
chr5	126599973	126603986	126603939	4013	126601979	-2006	2007	1960
chr5	170890805	170892793	170892483	1988	170891799	-994	994	684
chr5	36984544	36986921	36985477	2377	36985732	-1188	1189	-255
chr5	146144351	146145887	146144688	1536	146145119	-768	768	-431
chr5	179830401	179833806	179833660	3405	179832103	-1702	1703	1557
chr5	180571868	180574478	180574069	2610	180573173	-1305	1305	896
chr5	43289861	43291788	43291050	1927	43290824	-963	964	226
chr5	95760518	95763766	95763548	3248	95762142	-1624	1624	1406
chr5	177466554	177468837	177467045	2283	177467695	-1141	1142	-650
chr5	135342477	135344724	135343295	2247	135343600	-1123	1124	-305
chr5	151097542	151102774	151101406	5232	151100158	-2616	2616	1248
chr5	6603120	6605413	6604219	2293	6604266	-1146	1147	-47
chr5	141240151	141242199	141241538	2048	141241175	-1024	1024	363
chr5	5461872	5464575	5463745	2703	5463223	-1351	1352	522
chr5	139389361	139395326	139393351	5965	139392343	-2982	2983	1008
chr5	33459212	33461506	33460982	2294	33460359	-1147	1147	623
chr5	139374814	139379530	139378594	4716	139377172	-2358	2358	1422
chr5	137751584	137754489	137752883	2905	137753036	-1452	1453	-153
chr5	140554648	140558866	140558671	4218	140556757	-2109	2109	1914
chr5	1877381	1884664	1880762	7283	1881022	-3641	3642	-260
chr5	16463306	16467518	16465510	4212	16465412	-2106	2106	98
chr5	16463306	16467518	16465511	4212	16465412	-2106	2106	99
chr5	139389361	139395326	139393978	5965	139392343	-2982	2983	1635
chr5	140675389	140677217	140676785	1828	140676303	-914	914	482
chr5	140675389	140677217	140676994	1828	140676303	-914	914	691
chr5	177528000	177533297	177531508	5297	177530648	-2648	2649	860
chr5	132759263	132763740	132760845	4477	132761501	-2238	2239	-656
chr5	141639313	141641341	141640552	2028	141640327	-1014	1014	225
chr5	71508687	71512081	71510345	3394	71510384	-1697	1697	-39
chr5	14502356	14507833	14507163	5477	14505094	-2738	2739	2069
chr5	66170439	66171523	66170700	1084	66170981	-542	542	-281
chr5	151107694	151112297	151109787	4603	151109995	-2301	2302	-208
chr5	464479	470020	465247	5541	467249	-2770	2771	-2002
chr5	61542477	61544991	61543794	2514	61543734	-1257	1257	60
chr5	146514917	146516704	146515819	1787	146515810	-893	894	9
chr5	139400291	139407086	139402678	6795	139403688	-3397	3398	-1010
chr5	177510470	177513842	177511744	3372	177512156	-1686	1686	-412
chr5	87397827	87400737	87399485	2910	87399282	-1455	1455	203
chr5	875823	880528	876161	4705	878175	-2352	2353	-2014
chr5	5461872	5464575	5463370	2703	5463223	-1351	1352	147
chr5	60892882	60893898	60893589	1016	60893390	-508	508	199
chr5	132759263	132763740	132760837	4477	132761501	-2238	2239	-664
chr5	148426780	148428794	148427249	2014	148427787	-1007	1007	-538
chr5	179866702	179872501	179870324	5799	179869601	-2899	2900	723
chr5	179889495	179894811	179891453	5316	179892153	-2658	2658	-700
chr5	180849873	180852657	180850409	2784	180851265	-1392	1392	-856
chr5	36984544	36986921	36986006	2377	36985732	-1188	1189	274
chr5	177402022	177405546	177402561	3524	177403784	-1762	1762	-1223
chr5	134204869	134206180	134205927	1311	134205524	-655	656	403
chr5	138424047	138427308	138425537	3261	138425677	-1630	1631	-140
chr5	178221194	178224881	178222543	3687	178223037	-1843	1844	-494
chr6	32166568	32172513	32167641	5945	32169540	-2972	2973	-1899
chr6	53293763	53295419	53294143	1656	53294591	-828	828	-448
chr6	99400749	99401834	99401260	1085	99401291	-542	543	-31
chr6	138986647	138989282	138987586	2635	138987964	-1317	1318	-378
chr6	31557413	31560659	31557833	3246	31559036	-1623	1623	-1203
chr6	33409254	33415405	33412304	6151	33412329	-3075	3076	-25
chr6	31638178	31642698	31640409	4520	31640438	-2260	2260	-29
chr6	33273367	33281352	33276234	7985	33277359	-3992	3993	-1125
chr6	35505594	35506655	35506040	1061	35506124	-530	531	-84
chr6	43049483	43056034	43051114	6551	43052758	-3275	3276	-1644
chr6	43504562	43506078	43505605	1516	43505320	-758	758	285
chr6	44305570	44307464	44307110	1894	44306517	-947	947	593
chr6	85640595	85644515	85641392	3920	85642555	-1960	1960	-1163
chr6	158073709	158076939	158076691	3230	158075324	-1615	1615	1367
chr6	167951225	167953069	167952063	1844	167952147	-922	922	-84
chr6	87257391	87258831	87258161	1440	87258111	-720	720	50
chr6	2780976	2783943	2783504	2967	2782459	-1483	1484	1045
chr6	34855748	34857103	34856398	1355	34856425	-677	678	-27
chr6	10417953	10419627	10419558	1674	10418790	-837	837	768
chr6	27866609	27868605	27867086	1996	27867607	-998	998	-521
chr6	36135906	36139526	36138878	3620	36137716	-1810	1810	1162
chr6	43515747	43519195	43517177	3448	43517471	-1724	1724	-294
chr6	27836509	27838789	27838771	2280	27837649	-1140	1140	1122
chr6	125275896	125278390	125277206	2494	125277143	-1247	1247	63
chr6	33313698	33318611	33316250	4913	33316154	-2456	2457	96
chr6	150924782	150926665	150926123	1883	150925723	-941	942	400
chr6	27866609	27868605	27866966	1996	27867607	-998	998	-641
chr6	43178224	43182477	43179433	4253	43180350	-2126	2127	-917
chr6	33203399	33206031	33205068	2632	33204715	-1316	1316	353
chr6	53543770	53545604	53544699	1834	53544687	-917	917	12
chr6	155247686	155250035	155248038	2349	155248860	-1174	1175	-822
chr6	43198328	43204274	43199971	5946	43201301	-2973	2973	-1330
chr6	33682331	33690124	33688666	7793	33686227	-3896	3897	2439
chr6	148745769	148748159	148747461	2390	148746964	-1195	1195	497
chr6	99400749	99401834	99401583	1085	99401291	-542	543	292
chr6	155247686	155250035	155249971	2349	155248860	-1174	1175	1111
chr6	33453440	33455884	33455767	2444	33454662	-1222	1222	1105
chr6	30585778	30592949	30590337	7171	30589363	-3585	3586	974
chr6	30722954	30725520	30723417	2566	30724237	-1283	1283	-820
chr6	116277460	116281260	116277465	3800	116279360	-1900	1900	-1895
chr6	34535586	34543360	34538354	7774	34539473	-3887	3887	-1119
chr6	42933127	42940952	42938621	7825	42937039	-3912	3913	1582
chr6	43198328	43204274	43198764	5946	43201301	-2973	2973	-2537
chr6	87257391	87258831	87257894	1440	87258111	-720	720	-217
chr6	10409401	10414509	10409905	5108	10411955	-2554	2554	-2050
chr6	21594179	21596385	21595901	2206	21595282	-1103	1103	619
chr6	21594179	21596385	21595706	2206	21595282	-1103	1103	424
chr6	1608302	1612223	1612073	3921	1610262	-1960	1961	1811
chr6	26155581	26159837	26157096	4256	26157709	-2128	2128	-613
chr6	33211051	33216597	33211850	5546	33213824	-2773	2773	-1974
chr6	43356405	43357959	43357653	1554	43357182	-777	777	471
chr6	43547890	43550019	43549566	2129	43548954	-1064	1065	612
chr6	30554922	30559939	30556156	5017	30557430	-2508	2509	-1274
chr6	33403257	33406099	33403521	2842	33404678	-1421	1421	-1157
chr6	43006663	43011099	43008706	4436	43008881	-2218	2218	-175
chr6	52273157	52276658	52273318	3501	52274907	-1750	1751	-1589
chr6	154832140	154833544	154833277	1404	154832842	-702	702	435
chr6	63712175	63713926	63712268	1751	63713050	-875	876	-782
chr6	150924782	150926665	150926249	1883	150925723	-941	942	526
chr6	31897851	31905019	31900218	7168	31901435	-3584	3584	-1217
chr6	33403257	33406099	33404875	2842	33404678	-1421	1421	197
chr6	33682331	33690124	33686185	7793	33686227	-3896	3897	-42
chr6	43506494	43509064	43507507	2570	43507779	-1285	1285	-272
chr6	110873964	110876079	110875003	2115	110875021	-1057	1058	-18
chr6	131948665	131951790	131950307	3125	131950227	-1562	1563	80
chr6	33694358	33698909	33695095	4551	33696633	-2275	2276	-1538
chr6	44138081	44140649	44139498	2568	44139365	-1284	1284	133
chr6	33263009	33267171	33263497	4162	33265090	-2081	2081	-1593
chr6	31504598	31510253	31509926	5655	31507425	-2827	2828	2501
chr6	33313698	33318611	33315611	4913	33316154	-2456	2457	-543
chr6	73392932	73395400	73395000	2468	73394166	-1234	1234	834
chr6	132813491	132814894	132814583	1403	132814192	-701	702	391
chr6	33263009	33267171	33264071	4162	33265090	-2081	2081	-1019
chr6	159768237	159769894	159768570	1657	159769065	-828	829	-495
chr6	131948665	131951790	131949541	3125	131950227	-1562	1563	-686
chr6	35472691	35476705	35475055	4014	35474698	-2007	2007	357
chr6	73415673	73417133	73416197	1460	73416403	-730	730	-206
chr6	31797331	31801421	31797813	4090	31799376	-2045	2045	-1563
chr6	43012312	43015271	43013252	2959	43013791	-1479	1480	-539
chr6	30599558	30603735	30600600	4177	30601646	-2088	2089	-1046
chr6	28151365	28153270	28153218	1905	28152317	-952	953	901
chr6	43011215	43012239	43011343	1024	43011727	-512	512	-384
chr6	7228907	7233207	7229052	4300	7231057	-2150	2150	-2005
chr6	31965231	31972717	31971114	7486	31968974	-3743	3743	2140
chr6	43039660	43041234	43040179	1574	43040447	-787	787	-268
chr6	31897851	31905019	31901005	7168	31901435	-3584	3584	-430
chr6	43019606	43020880	43020765	1274	43020243	-637	637	522
chr6	33682331	33690124	33687276	7793	33686227	-3896	3897	1049
chr6	33273367	33281352	33279803	7985	33277359	-3992	3993	2444
chr6	30729879	30731621	30731042	1742	30730750	-871	871	292
chr6	37479174	37486944	37479254	7770	37483059	-3885	3885	-3805
chr6	73392932	73395400	73394992	2468	73394166	-1234	1234	826
chr6	30648283	30652466	30649598	4183	30650374	-2091	2092	-776
chr6	33273367	33281352	33278080	7985	33277359	-3992	3993	721
chr6	33694358	33698909	33697776	4551	33696633	-2275	2276	1143
chr6	37479174	37486944	37483213	7770	37483059	-3885	3885	154
chr6	30909531	30916450	30914853	6919	30912990	-3459	3460	1863
chr6	87510506	87511963	87511871	1457	87511234	-728	729	637
chr6	139372988	139375125	139373725	2137	139374056	-1068	1069	-331
chr6	52273157	52276658	52273272	3501	52274907	-1750	1751	-1635
chr6	30342744	30347404	30343058	4660	30345074	-2330	2330	-2016
chr6	31531513	31537583	31535154	6070	31534548	-3035	3035	606
chr6	31887538	31889773	31888204	2235	31888655	-1117	1118	-451
chr6	41768758	41772385	41770655	3627	41770571	-1813	1814	84
chr6	43506494	43509064	43507274	2570	43507779	-1285	1285	-505
chr6	3078792	3083260	3081023	4468	3081026	-2234	2234	-3
chr6	43778203	43785877	43778394	7674	43782040	-3837	3837	-3646
chr6	169750850	169753628	169751067	2778	169752239	-1389	1389	-1172
chr6	125298532	125300702	125300608	2170	125299617	-1085	1085	991
chr6	36912538	36916262	36914632	3724	36914400	-1862	1862	232
chr6	41768758	41772385	41770999	3627	41770571	-1813	1814	428
chr6	109444358	109450716	109445246	6358	109447537	-3179	3179	-2291
chr6	3269746	3271062	3269983	1316	3270404	-658	658	-421
chr6	45421177	45425951	45422504	4774	45423564	-2387	2387	-1060
chr6	26155581	26159837	26158165	4256	26157709	-2128	2128	456
chr6	30197848	30199330	30199043	1482	30198589	-741	741	454
chr6	31504598	31510253	31506340	5655	31507425	-2827	2828	-1085
chr6	82363501	82365741	82365408	2240	82364621	-1120	1120	787
chr6	154832140	154833544	154832949	1404	154832842	-702	702	107
chr6	154832140	154833544	154833267	1404	154832842	-702	702	425
chr6	30585778	30592949	30591060	7171	30589363	-3585	3586	1697
chr6	27145127	27146672	27146555	1545	27145899	-772	773	656
chr6	34855748	34857103	34856391	1355	34856425	-677	678	-34
chr6	30887469	30893828	30891385	6359	30890648	-3179	3180	737
chr6	73392932	73395400	73394877	2468	73394166	-1234	1234	711
chr6	30704085	30709406	30705507	5321	30706745	-2660	2661	-1238
chr6	35842046	35845482	35842532	3436	35843764	-1718	1718	-1232
chr6	125275896	125278390	125277124	2494	125277143	-1247	1247	-19
chr6	41935475	41943215	41940470	7740	41939345	-3870	3870	1125
chr6	36135906	36139526	36138980	3620	36137716	-1810	1810	1264
chr6	107067737	107071691	107069202	3954	107069714	-1977	1977	-512
chr6	30585778	30592949	30589884	7171	30589363	-3585	3586	521
chr6	30624414	30629765	30627230	5351	30627089	-2675	2676	141
chr6	30599558	30603735	30603570	4177	30601646	-2088	2089	1924
chr6	28151365	28153270	28153119	1905	28152317	-952	953	802
chr6	36912538	36916262	36914281	3724	36914400	-1862	1862	-119
chr6	107067737	107071691	107070737	3954	107069714	-1977	1977	1023
chr6	4953469	4954255	4953963	786	4953862	-393	393	101
chr6	13287086	13289553	13287210	2467	13288319	-1233	1234	-1109
chr6	33682331	33690124	33690104	7793	33686227	-3896	3897	3877
chr6	43620517	43626984	43625513	6467	43623750	-3233	3234	1763
chr6	26466717	26469423	26467858	2706	26468070	-1353	1353	-212
chr6	31661405	31666726	31663857	5321	31664065	-2660	2661	-208
chr6	30599558	30603735	30602281	4177	30601646	-2088	2089	635
chr6	99400749	99401834	99401311	1085	99401291	-542	543	20
chr6	20475144	20480018	20479949	4874	20477581	-2437	2437	2368
chr6	33273367	33281352	33277637	7985	33277359	-3992	3993	278
chr6	43547890	43550019	43548408	2129	43548954	-1064	1065	-546
chr6	7582873	7585809	7583615	2936	7584341	-1468	1468	-726
chr6	158784413	158790348	158784691	5935	158787380	-2967	2968	-2689
chr6	7228907	7233207	7229735	4300	7231057	-2150	2150	-1322
chr6	28249658	28252325	28251678	2667	28250991	-1333	1334	687
chr6	26155581	26159837	26156572	4256	26157709	-2128	2128	-1137
chr6	33694358	33698909	33695721	4551	33696633	-2275	2276	-912
chr6	139372988	139375125	139373185	2137	139374056	-1068	1069	-871
chr6	43778203	43785877	43784714	7674	43782040	-3837	3837	2674
chr6	63712175	63713926	63713053	1751	63713050	-875	876	3
chr6	33682331	33690124	33690084	7793	33686227	-3896	3897	3857
chr6	56619533	56621735	56620264	2202	56620634	-1101	1101	-370
chr6	63712175	63713926	63713148	1751	63713050	-875	876	98
chr6	89690636	89691772	89690730	1136	89691204	-568	568	-474
chr6	30704085	30709406	30705898	5321	30706745	-2660	2661	-847
chr6	30898144	30899943	30899569	1799	30899043	-899	900	526
chr6	31949113	31951836	31949427	2723	31950474	-1361	1362	-1047
chr6	33273367	33281352	33278318	7985	33277359	-3992	3993	959
chr6	43431189	43436616	43435825	5427	43433902	-2713	2714	1923
chr6	131948665	131951790	131950011	3125	131950227	-1562	1563	-216
chr6	159799565	159802806	159801176	3241	159801185	-1620	1621	-9
chr6	43620517	43626984	43621253	6467	43623750	-3233	3234	-2497
chr6	21594179	21596385	21594705	2206	21595282	-1103	1103	-577
chr6	89678401	89681166	89678634	2765	89679783	-1382	1383	-1149
chr6	43024250	43028878	43025076	4628	43026564	-2314	2314	-1488
chr6	43778203	43785877	43784790	7674	43782040	-3837	3837	2750
chr6	117675439	117677542	117676023	2103	117676490	-1051	1052	-467
chr6	158814986	158819936	158818125	4950	158817461	-2475	2475	664
chr6	27836509	27838789	27838335	2280	27837649	-1140	1140	686
chr6	30585778	30592949	30590608	7171	30589363	-3585	3586	1245
chr6	167825459	167828153	167826083	2694	167826806	-1347	1347	-723
chr6	41768758	41772385	41770442	3627	41770571	-1813	1814	-129
chr6	89657901	89661623	89661536	3722	89659762	-1861	1861	1774
chr6	41935475	41943215	41935986	7740	41939345	-3870	3870	-3359
chr6	109444358	109450716	109445442	6358	109447537	-3179	3179	-2095
chr6	30909531	30916450	30915777	6919	30912990	-3459	3460	2787
chr6	7582873	7585809	7582883	2936	7584341	-1468	1468	-1458
chr6	7582873	7585809	7584887	2936	7584341	-1468	1468	546
chr6	30664389	30666944	30665151	2555	30665666	-1277	1278	-515
chr6	31783007	31788951	31784485	5944	31785979	-2972	2972	-1494
chr6	116252915	116254372	116253258	1457	116253643	-728	729	-385
chr6	39185047	39191896	39191138	6849	39188471	-3424	3425	2667
chr6	3139125	3142477	3140435	3352	3140801	-1676	1676	-366
chr6	32161806	32165985	32162571	4179	32163895	-2089	2090	-1324
chr6	116277460	116281260	116279518	3800	116279360	-1900	1900	158
chr6	3078792	3083260	3081096	4468	3081026	-2234	2234	70
chr6	33273367	33281352	33280808	7985	33277359	-3992	3993	3449
chr6	33441812	33445360	33443113	3548	33443586	-1774	1774	-473
chr6	43035525	43039315	43037711	3790	43037420	-1895	1895	291
chr6	13363742	13365740	13365187	1998	13364741	-999	999	446
chr6	31638178	31642698	31640224	4520	31640438	-2260	2260	-214
chr6	31965231	31972717	31966773	7486	31968974	-3743	3743	-2201
chr6	73415673	73417133	73416112	1460	73416403	-730	730	-291
chr6	41930586	41933158	41931486	2572	41931872	-1286	1286	-386
chr6	26463314	26466003	26465973	2689	26464658	-1344	1345	1315
chr6	43006663	43011099	43006937	4436	43008881	-2218	2218	-1944
chr6	116277460	116281260	116278782	3800	116279360	-1900	1900	-578
chr6	148745769	148748159	148747604	2390	148746964	-1195	1195	640
chr6	158769196	158774637	158769895	5441	158771916	-2720	2721	-2021
chr6	43006663	43011099	43007215	4436	43008881	-2218	2218	-1666
chr6	73519284	73521995	73519390	2711	73520639	-1355	1356	-1249
chr6	133990655	133992235	133991130	1580	133991445	-790	790	-315
chr6	158775751	158777857	158776457	2106	158776804	-1053	1053	-347
chr6	30722954	30725520	30723707	2566	30724237	-1283	1283	-530
chr6	41026923	41033476	41033112	6553	41030199	-3276	3277	2913
chr6	30645954	30648210	30647525	2256	30647082	-1128	1128	443
chr6	31965231	31972717	31972666	7486	31968974	-3743	3743	3692
chr6	33694358	33698909	33695174	4551	33696633	-2275	2276	-1459
chr6	43620517	43626984	43622129	6467	43623750	-3233	3234	-1621
chr6	33313698	33318611	33315849	4913	33316154	-2456	2457	-305
chr6	7582873	7585809	7583923	2936	7584341	-1468	1468	-418
chr6	33690725	33693754	33691910	3029	33692239	-1514	1515	-329
chr6	33409254	33415405	33414309	6151	33412329	-3075	3076	1980
chr6	10402720	10406249	10404647	3529	10404484	-1764	1765	163
chr6	63712175	63713926	63712704	1751	63713050	-875	876	-346
chr6	43198328	43204274	43203192	5946	43201301	-2973	2973	1891
chr6	35835195	35838364	35835230	3169	35836779	-1584	1585	-1549
chr6	43012312	43015271	43013334	2959	43013791	-1479	1480	-457
chr6	56606068	56607812	56606806	1744	56606940	-872	872	-134
chr6	43012312	43015271	43012476	2959	43013791	-1479	1480	-1315
chr6	31965231	31972717	31970800	7486	31968974	-3743	3743	1826
chr6	111481516	111485033	111484811	3517	111483274	-1758	1759	1537
chr6	43035525	43039315	43038563	3790	43037420	-1895	1895	1143
chr6	43778203	43785877	43785472	7674	43782040	-3837	3837	3432
chr6	39185047	39191896	39191674	6849	39188471	-3424	3425	3203
chr6	27836509	27838789	27838123	2280	27837649	-1140	1140	474
chr6	5107108	5112733	5109460	5625	5109920	-2812	2813	-460
chr6	41768758	41772385	41770812	3627	41770571	-1813	1814	241
chr6	30599558	30603735	30601501	4177	30601646	-2088	2089	-145
chr6	32166568	32172513	32170857	5945	32169540	-2972	2973	1317
chr6	26155581	26159837	26156657	4256	26157709	-2128	2128	-1052
chr6	158073709	158076939	158076651	3230	158075324	-1615	1615	1327
chr6	39185047	39191896	39190853	6849	39188471	-3424	3425	2382
chr6	43006663	43011099	43010986	4436	43008881	-2218	2218	2105
chr6	56619533	56621735	56619800	2202	56620634	-1101	1101	-834
chr6	35495749	35502112	35498299	6363	35498930	-3181	3182	-631
chr6	44305570	44307464	44307007	1894	44306517	-947	947	490
chr6	33273367	33281352	33280698	7985	33277359	-3992	3993	3339
chr6	33403257	33406099	33403316	2842	33404678	-1421	1421	-1362
chr6	3153270	3155066	3153769	1796	3154168	-898	898	-399
chr6	10397275	10401493	10398698	4218	10399384	-2109	2109	-686
chr6	30645954	30648210	30646066	2256	30647082	-1128	1128	-1016
chr6	43506494	43509064	43507538	2570	43507779	-1285	1285	-241
chr6	31965231	31972717	31968903	7486	31968974	-3743	3743	-71
chr6	167951225	167953069	167951574	1844	167952147	-922	922	-573
chr6	10397275	10401493	10398688	4218	10399384	-2109	2109	-696
chr6	3153270	3155066	3153992	1796	3154168	-898	898	-176
chr6	43011215	43012239	43011788	1024	43011727	-512	512	61
chr6	35075746	35079994	35078643	4248	35077870	-2124	2124	773
chr6	167951225	167953069	167951904	1844	167952147	-922	922	-243
chr6	37479174	37486944	37485161	7770	37483059	-3885	3885	2102
chr6	43049483	43056034	43051051	6551	43052758	-3275	3276	-1707
chr6	26232827	26234688	26234589	1861	26233757	-930	931	832
chr6	7582873	7585809	7583184	2936	7584341	-1468	1468	-1157
chr6	31504598	31510253	31507458	5655	31507425	-2827	2828	33
chr6	31657662	31659835	31659272	2173	31658748	-1086	1087	524
chr6	31860810	31862967	31862749	2157	31861888	-1078	1079	861
chr6	31949113	31951836	31950616	2723	31950474	-1361	1362	142
chr6	31957427	31960987	31960080	3560	31959207	-1780	1780	873
chr6	31965231	31972717	31966763	7486	31968974	-3743	3743	-2211
chr6	33403257	33406099	33405161	2842	33404678	-1421	1421	483
chr6	37479174	37486944	37483084	7770	37483059	-3885	3885	25
chr6	43006663	43011099	43009330	4436	43008881	-2218	2218	449
chr6	43006663	43011099	43010688	4436	43008881	-2218	2218	1807
chr6	43011215	43012239	43011248	1024	43011727	-512	512	-479
chr6	87257391	87258831	87258468	1440	87258111	-720	720	357
chr6	110814291	110816331	110815026	2040	110815311	-1020	1020	-285
chr6	63712175	63713926	63712524	1751	63713050	-875	876	-526
chr6	73519284	73521995	73520007	2711	73520639	-1355	1356	-632
chr6	87257391	87258831	87258471	1440	87258111	-720	720	360
chr6	13486540	13489619	13486770	3079	13488079	-1539	1540	-1309
chr6	26051501	26056616	26055889	5115	26054058	-2557	2558	1831
chr6	28249658	28252325	28251614	2667	28250991	-1333	1334	623
chr6	30585778	30592949	30585922	7171	30589363	-3585	3586	-3441
chr6	30887469	30893828	30893375	6359	30890648	-3179	3180	2727
chr6	31965231	31972717	31967030	7486	31968974	-3743	3743	-1944
chr6	33313698	33318611	33315669	4913	33316154	-2456	2457	-485
chr6	33313698	33318611	33316713	4913	33316154	-2456	2457	559
chr6	34247481	34250908	34247792	3427	34249194	-1713	1714	-1402
chr6	36493453	36498676	36496723	5223	36496064	-2611	2612	659
chr6	42186558	42190427	42188651	3869	42188492	-1934	1935	159
chr6	42889701	42892097	42890742	2396	42890899	-1198	1198	-157
chr6	42933127	42940952	42938125	7825	42937039	-3912	3913	1086
chr6	43526193	43528456	43526725	2263	43527324	-1131	1132	-599
chr6	110814291	110816331	110815122	2040	110815311	-1020	1020	-189
chr6	116252915	116254372	116253681	1457	116253643	-728	729	38
chr6	133990655	133992235	133991148	1580	133991445	-790	790	-297
chr6	169649698	169652122	169651939	2424	169650910	-1212	1212	1029
chr6	28922952	28925199	28923260	2247	28924075	-1123	1124	-815
chr6	136275631	136276383	136276061	752	136276007	-376	376	54
chr6	7582873	7585809	7583635	2936	7584341	-1468	1468	-706
chr6	33409254	33415405	33414538	6151	33412329	-3075	3076	2209
chr6	35842046	35845482	35842585	3436	35843764	-1718	1718	-1179
chr6	147203331	147204991	147204492	1660	147204161	-830	830	331
chr6	159742492	159745212	159743671	2720	159743852	-1360	1360	-181
chr6	138401310	138408186	138406022	6876	138404748	-3438	3438	1274
chr6	24665854	24667704	24666707	1850	24666779	-925	925	-72
chr6	30722954	30725520	30724389	2566	30724237	-1283	1283	152
chr6	30909531	30916450	30911179	6919	30912990	-3459	3460	-1811
chr6	33453440	33455884	33455749	2444	33454662	-1222	1222	1087
chr6	33682331	33690124	33688714	7793	33686227	-3896	3897	2487
chr6	34535586	34543360	34541045	7774	34539473	-3887	3887	1572
chr6	41935475	41943215	41935854	7740	41939345	-3870	3870	-3491
chr6	41935475	41943215	41936054	7740	41939345	-3870	3870	-3291
chr6	42688132	42690107	42689668	1975	42689119	-987	988	549
chr6	43006663	43011099	43007011	4436	43008881	-2218	2218	-1870
chr6	156776972	156780129	156778149	3157	156778550	-1578	1579	-401
chr6	26051501	26056616	26055834	5115	26054058	-2557	2558	1776
chr6	35477517	35480714	35478316	3197	35479115	-1598	1599	-799
chr6	35477517	35480714	35478466	3197	35479115	-1598	1599	-649
chr6	13363742	13365740	13365520	1998	13364741	-999	999	779
chr6	24418303	24419726	24418514	1423	24419014	-711	712	-500
chr6	26051501	26056616	26055878	5115	26054058	-2557	2558	1820
chr6	27836509	27838789	27838112	2280	27837649	-1140	1140	463
chr6	30549344	30553913	30553383	4569	30551628	-2284	2285	1755
chr6	30585778	30592949	30590156	7171	30589363	-3585	3586	793
chr6	30599558	30603735	30602316	4177	30601646	-2088	2089	670
chr6	31797331	31801421	31797857	4090	31799376	-2045	2045	-1519
chr6	32979795	32981302	32981128	1507	32980548	-753	754	580
chr6	33203399	33206031	33204383	2632	33204715	-1316	1316	-332
chr6	33682331	33690124	33688404	7793	33686227	-3896	3897	2177
chr6	63571883	63574084	63572589	2201	63572983	-1100	1101	-394
chr6	83195810	83200779	83196093	4969	83198294	-2484	2485	-2201
chr6	118893148	118895583	118894358	2435	118894365	-1217	1218	-7
chr6	169701646	169703832	169702603	2186	169702739	-1093	1093	-136
chr6	169701646	169703832	169703368	2186	169702739	-1093	1093	629
chr6	33403257	33406099	33403788	2842	33404678	-1421	1421	-890
chr6	136277836	136278719	136278177	883	136278277	-441	442	-100
chr6	1608302	1612223	1610818	3921	1610262	-1960	1961	556
chr6	7228907	7233207	7230187	4300	7231057	-2150	2150	-870
chr6	30585778	30592949	30589911	7171	30589363	-3585	3586	548
chr6	31965231	31972717	31966838	7486	31968974	-3743	3743	-2136
chr6	31965231	31972717	31969597	7486	31968974	-3743	3743	623
chr6	35505594	35506655	35506141	1061	35506124	-530	531	17
chr6	43431189	43436616	43432059	5427	43433902	-2713	2714	-1843
chr6	43431189	43436616	43435850	5427	43433902	-2713	2714	1948
chr6	43515747	43519195	43517129	3448	43517471	-1724	1724	-342
chr6	43547890	43550019	43548415	2129	43548954	-1064	1065	-539
chr6	33273367	33281352	33278119	7985	33277359	-3992	3993	760
chr6	33193441	33197378	33196022	3937	33195409	-1968	1969	613
chr6	33273367	33281352	33277432	7985	33277359	-3992	3993	73
chr6	10402720	10406249	10404700	3529	10404484	-1764	1765	216
chr6	10402720	10406249	10404702	3529	10404484	-1764	1765	218
chr6	31531513	31537583	31532822	6070	31534548	-3035	3035	-1726
chr6	35472691	35476705	35476361	4014	35474698	-2007	2007	1663
chr6	32186623	32191245	32187142	4622	32188934	-2311	2311	-1792
chr6	44305570	44307464	44306937	1894	44306517	-947	947	420
chr6	30258873	30263238	30259657	4365	30261055	-2182	2183	-1398
chr6	79233379	79235400	79234610	2021	79234389	-1010	1011	221
chr6	32166568	32172513	32168063	5945	32169540	-2972	2973	-1477
chr6	34243465	34247115	34246522	3650	34245290	-1825	1825	1232
chr6	26155581	26159837	26156675	4256	26157709	-2128	2128	-1034
chr6	7582873	7585809	7585460	2936	7584341	-1468	1468	1119
chr6	35477517	35480714	35478303	3197	35479115	-1598	1599	-812
chr6	41935475	41943215	41940442	7740	41939345	-3870	3870	1097
chr6	32979795	32981302	32980438	1507	32980548	-753	754	-110
chr6	15495192	15498539	15496325	3347	15496865	-1673	1674	-540
chr6	43523861	43526098	43523891	2237	43524979	-1118	1119	-1088
chr6	27836509	27838789	27838306	2280	27837649	-1140	1140	657
chr6	33682331	33690124	33686119	7793	33686227	-3896	3897	-108
chr6	31965231	31972717	31969828	7486	31968974	-3743	3743	854
chr6	43049483	43056034	43055804	6551	43052758	-3275	3276	3046
chr6	43006663	43011099	43008406	4436	43008881	-2218	2218	-475
chr6	87510506	87511963	87511448	1457	87511234	-728	729	214
chr6	7582873	7585809	7583252	2936	7584341	-1468	1468	-1089
chr6	136277836	136278719	136278406	883	136278277	-441	442	129
chr6	43049483	43056034	43054468	6551	43052758	-3275	3276	1710
chr6	31957427	31960987	31959332	3560	31959207	-1780	1780	125
chr6	56606068	56607812	56606809	1744	56606940	-872	872	-131
chr6	30743669	30746008	30743926	2339	30744838	-1169	1170	-912
chr6	33273367	33281352	33276066	7985	33277359	-3992	3993	-1293
chr6	31758171	31760781	31759893	2610	31759476	-1305	1305	417
chr6	26232827	26234688	26234490	1861	26233757	-930	931	733
chr6	30071046	30078106	30075769	7060	30074576	-3530	3530	1193
chr6	143505795	143509150	143507294	3355	143507472	-1677	1678	-178
chr6	63712175	63713926	63713045	1751	63713050	-875	876	-5
chr6	1608302	1612223	1610703	3921	1610262	-1960	1961	441
chr6	7582873	7585809	7584352	2936	7584341	-1468	1468	11
chr6	24418303	24419726	24418485	1423	24419014	-711	712	-529
chr6	28249658	28252325	28251640	2667	28250991	-1333	1334	649
chr6	43012312	43015271	43013122	2959	43013791	-1479	1480	-669
chr6	26155581	26159837	26158156	4256	26157709	-2128	2128	447
chr6	26232827	26234688	26234459	1861	26233757	-930	931	702
chr6	43049483	43056034	43054357	6551	43052758	-3275	3276	1599
chr6	87257391	87258831	87257692	1440	87258111	-720	720	-419
chr6	43012312	43015271	43012961	2959	43013791	-1479	1480	-830
chr6	75826208	75828855	75828548	2647	75827531	-1323	1324	1017
chr6	42933127	42940952	42938666	7825	42937039	-3912	3913	1627
chr6	13633779	13635414	13634506	1635	13634596	-817	818	-90
chr6	26155581	26159837	26158398	4256	26157709	-2128	2128	689
chr6	30585778	30592949	30589972	7171	30589363	-3585	3586	609
chr6	159768237	159769894	159768588	1657	159769065	-828	829	-477
chr6	27836509	27838789	27838745	2280	27837649	-1140	1140	1096
chr6	33403257	33406099	33403831	2842	33404678	-1421	1421	-847
chr6	32161806	32165985	32162571	4179	32163895	-2089	2090	-1324
chr6	43198328	43204274	43203982	5946	43201301	-2973	2973	2681
chr6	32186623	32191245	32186812	4622	32188934	-2311	2311	-2122
chr6	43043632	43047933	43044875	4301	43045782	-2150	2151	-907
chr6	56619533	56621735	56619556	2202	56620634	-1101	1101	-1078
chr6	73519284	73521995	73519993	2711	73520639	-1355	1356	-646
chr6	154832140	154833544	154832392	1404	154832842	-702	702	-450
chr6	30342744	30347404	30345361	4660	30345074	-2330	2330	287
chr6	10409401	10414509	10410135	5108	10411955	-2554	2554	-1820
chr6	26155581	26159837	26158432	4256	26157709	-2128	2128	723
chr6	26232827	26234688	26234269	1861	26233757	-930	931	512
chr6	28147480	28148872	28148604	1392	28148176	-696	696	428
chr6	28151365	28153270	28153073	1905	28152317	-952	953	756
chr6	30909531	30916450	30913180	6919	30912990	-3459	3460	190
chr6	30909531	30916450	30915153	6919	30912990	-3459	3460	2163
chr6	31409540	31416975	31411253	7435	31413257	-3717	3718	-2004
chr6	31504598	31510253	31506373	5655	31507425	-2827	2828	-1052
chr6	31622685	31625915	31625501	3230	31624300	-1615	1615	1201
chr6	31965231	31972717	31971606	7486	31968974	-3743	3743	2632
chr6	35472691	35476705	35474855	4014	35474698	-2007	2007	157
chr6	35575386	35577418	35575906	2032	35576402	-1016	1016	-496
chr6	43043632	43047933	43045331	4301	43045782	-2150	2151	-451
chr6	43049483	43056034	43050055	6551	43052758	-3275	3276	-2703
chr6	44111911	44114299	44114065	2388	44113105	-1194	1194	960
chr6	56606068	56607812	56606331	1744	56606940	-872	872	-609
chr6	56842187	56844906	56843271	2719	56843546	-1359	1360	-275
chr6	85612848	85617283	85614701	4435	85615065	-2217	2218	-364
chr6	87257391	87258831	87257533	1440	87258111	-720	720	-578
chr6	89690636	89691772	89690700	1136	89691204	-568	568	-504
chr6	109444358	109450716	109445236	6358	109447537	-3179	3179	-2301
chr6	116252915	116254372	116253681	1457	116253643	-728	729	38
chr6	136277836	136278719	136278616	883	136278277	-441	442	339
chr6	154832140	154833544	154833249	1404	154832842	-702	702	407
chr6	158073709	158076939	158074596	3230	158075324	-1615	1615	-728
chr6	30545560	30546783	30546147	1223	30546171	-611	612	-24
chr6	44305570	44307464	44306367	1894	44306517	-947	947	-150
chr6	31789246	31792821	31791969	3575	31791033	-1787	1788	936
chr6	43071351	43074201	43072193	2850	43072776	-1425	1425	-583
chr6	85640595	85644515	85641356	3920	85642555	-1960	1960	-1199
chr6	45421177	45425951	45422530	4774	45423564	-2387	2387	-1034
chr6	12292519	12294322	12294053	1803	12293420	-901	902	633
chr6	31957427	31960987	31959149	3560	31959207	-1780	1780	-58
chr6	17538832	17540131	17539295	1299	17539481	-649	650	-186
chr6	33403257	33406099	33405050	2842	33404678	-1421	1421	372
chr6	36971111	36973214	36972657	2103	36972162	-1051	1052	495
chr6	169750850	169753628	169751336	2778	169752239	-1389	1389	-903
chr6	26596434	26599131	26598050	2697	26597782	-1348	1349	268
chr6	30185135	30186475	30186101	1340	30185805	-670	670	296
chr6	143677285	143678618	143678094	1333	143677951	-666	667	143
chr6	43509094	43514301	43512089	5207	43511697	-2603	2604	392
chr6	7582873	7585809	7583741	2936	7584341	-1468	1468	-600
chr6	7582873	7585809	7584636	2936	7584341	-1468	1468	295
chr6	7582873	7585809	7584827	2936	7584341	-1468	1468	486
chr6	7582873	7585809	7585504	2936	7584341	-1468	1468	1163
chr6	7904083	7905492	7904621	1409	7904787	-704	705	-166
chr6	12292519	12294322	12294317	1803	12293420	-901	902	897
chr6	17538832	17540131	17539373	1299	17539481	-649	650	-108
chr6	30893953	30895724	30894596	1771	30894838	-885	886	-242
chr6	31638178	31642698	31641108	4520	31640438	-2260	2260	670
chr6	31758171	31760781	31760778	2610	31759476	-1305	1305	1302
chr6	32186623	32191245	32187029	4622	32188934	-2311	2311	-1905
chr6	34872072	34876463	34872388	4391	34874267	-2195	2196	-1879
chr6	41768758	41772385	41770749	3627	41770571	-1813	1814	178
chr6	43178224	43182477	43179255	4253	43180350	-2126	2127	-1095
chr6	43431189	43436616	43436236	5427	43433902	-2713	2714	2334
chr6	56606068	56607812	56606690	1744	56606940	-872	872	-250
chr6	56606068	56607812	56607452	1744	56606940	-872	872	512
chr6	56619533	56621735	56620305	2202	56620634	-1101	1101	-329
chr6	63712175	63713926	63712561	1751	63713050	-875	876	-489
chr6	82232366	82235828	82234231	3462	82234097	-1731	1731	134
chr6	107067737	107071691	107069004	3954	107069714	-1977	1977	-710
chr6	109467109	109470739	109467723	3630	109468924	-1815	1815	-1201
chr6	138410337	138413200	138413038	2863	138411768	-1431	1432	1270
chr6	154832140	154833544	154833479	1404	154832842	-702	702	637
chr6	20401463	20404825	20402235	3362	20403144	-1681	1681	-909
chr6	32161806	32165985	32163229	4179	32163895	-2089	2090	-666
chr6	31952231	31954803	31954590	2572	31953517	-1286	1286	1073
chr6	27866609	27868605	27867101	1996	27867607	-998	998	-506
chr6	167825459	167828153	167825958	2694	167826806	-1347	1347	-848
chr6	167825459	167828153	167826035	2694	167826806	-1347	1347	-771
chr6	27836509	27838789	27837976	2280	27837649	-1140	1140	327
chr6	28231344	28232817	28232602	1473	28232080	-736	737	522
chr6	30722954	30725520	30724193	2566	30724237	-1283	1283	-44
chr6	44305570	44307464	44307009	1894	44306517	-947	947	492
chr6	31504598	31510253	31506351	5655	31507425	-2827	2828	-1074
chr6	31965231	31972717	31970020	7486	31968974	-3743	3743	1046
chr6	116252915	116254372	116253813	1457	116253643	-728	729	170
chr6	30704085	30709406	30704205	5321	30706745	-2660	2661	-2540
chr6	139372988	139375125	139373952	2137	139374056	-1068	1069	-104
chr6	106325244	106326955	106325817	1711	106326099	-855	856	-282
chr6	159761249	159766020	159762111	4771	159763634	-2385	2386	-1523
chr6	31758171	31760781	31759960	2610	31759476	-1305	1305	484
chr6	43049483	43056034	43051292	6551	43052758	-3275	3276	-1466
chr6	107067737	107071691	107069024	3954	107069714	-1977	1977	-690
chr6	33441812	33445360	33442942	3548	33443586	-1774	1774	-644
chr6	30743669	30746008	30743972	2339	30744838	-1169	1170	-866
chr6	31638178	31642698	31639076	4520	31640438	-2260	2260	-1362
chr6	43506494	43509064	43508785	2570	43507779	-1285	1285	1006
chr6	31952231	31954803	31954656	2572	31953517	-1286	1286	1139
chr6	13616734	13618217	13618085	1483	13617475	-741	742	610
chr6	33313698	33318611	33316004	4913	33316154	-2456	2457	-150
chr6	159761249	159766020	159762150	4771	159763634	-2385	2386	-1484
chr6	13363742	13365740	13365012	1998	13364741	-999	999	271
chr6	24665854	24667704	24666712	1850	24666779	-925	925	-67
chr6	30258873	30263238	30260507	4365	30261055	-2182	2183	-548
chr6	31538669	31541945	31540920	3276	31540307	-1638	1638	613
chr6	33690725	33693754	33693605	3029	33692239	-1514	1515	1366
chr6	83195810	83200779	83196307	4969	83198294	-2484	2485	-1987
chr6	116277460	116281260	116278611	3800	116279360	-1900	1900	-749
chr6	136277836	136278719	136278370	883	136278277	-441	442	93
chr6	26596434	26599131	26598289	2697	26597782	-1348	1349	507
chr6	30704085	30709406	30705396	5321	30706745	-2660	2661	-1349
chr6	36683515	36684768	36684394	1253	36684141	-626	627	253
chr6	11187874	11189319	11188235	1445	11188596	-722	723	-361
chr6	107067737	107071691	107070711	3954	107069714	-1977	1977	997
chr6	56619533	56621735	56620404	2202	56620634	-1101	1101	-230
chr6	34055787	34059906	34059093	4119	34057846	-2059	2060	1247
chr6	132813491	132814894	132814595	1403	132814192	-701	702	403
chr6	132813491	132814894	132814596	1403	132814192	-701	702	404
chr6	33694358	33698909	33694999	4551	33696633	-2275	2276	-1634
chr6	158814986	158819936	158818118	4950	158817461	-2475	2475	657
chr6	159761249	159766020	159762769	4771	159763634	-2385	2386	-865
chr6	33690725	33693754	33691715	3029	33692239	-1514	1515	-524
chr6	26596434	26599131	26597982	2697	26597782	-1348	1349	200
chr6	167975701	167978608	167976073	2907	167977154	-1453	1454	-1081
chr6	43035525	43039315	43037743	3790	43037420	-1895	1895	323
chr6	32166568	32172513	32167502	5945	32169540	-2972	2973	-2038
chr6	89690636	89691772	89690717	1136	89691204	-568	568	-487
chr6	26466717	26469423	26468319	2706	26468070	-1353	1353	249
chr6	43035525	43039315	43037773	3790	43037420	-1895	1895	353
chr6	143856806	143859029	143857928	2223	143857917	-1111	1112	11
chr6	21594179	21596385	21596112	2206	21595282	-1103	1103	830
chr6	7299766	7301627	7301434	1861	7300696	-930	931	738
chr6	13363742	13365740	13365027	1998	13364741	-999	999	286
chr6	27866609	27868605	27867416	1996	27867607	-998	998	-191
chr6	43178224	43182477	43179915	4253	43180350	-2126	2127	-435
chr6	158605181	158608605	158608436	3424	158606893	-1712	1712	1543
chr6	31661405	31666726	31663994	5321	31664065	-2660	2661	-71
chr6	109480010	109481890	109481832	1880	109480950	-940	940	882
chr6	31638178	31642698	31641317	4520	31640438	-2260	2260	879
chr6	109444358	109450716	109447712	6358	109447537	-3179	3179	175
chr6	33273367	33281352	33279534	7985	33277359	-3992	3993	2175
chr6	27836509	27838789	27837957	2280	27837649	-1140	1140	308
chr6	33313698	33318611	33316566	4913	33316154	-2456	2457	412
chr6	43519924	43521112	43520701	1188	43520518	-594	594	183
chr6	30258873	30263238	30260002	4365	30261055	-2182	2183	-1053
chr6	30655845	30657551	30656701	1706	30656698	-853	853	3
chr6	10409401	10414509	10410119	5108	10411955	-2554	2554	-1836
chr6	89678401	89681166	89678635	2765	89679783	-1382	1383	-1148
chr6	32969777	32971785	32971690	2008	32970781	-1004	1004	909
chr6	10417953	10419627	10419520	1674	10418790	-837	837	730
chr6	33203399	33206031	33205264	2632	33204715	-1316	1316	549
chr6	21596595	21597942	21597493	1347	21597268	-673	674	225
chr6	32166568	32172513	32170424	5945	32169540	-2972	2973	884
chr6	43509094	43514301	43512822	5207	43511697	-2603	2604	1125
chr6	75243153	75244048	75243777	895	75243600	-447	448	177
chr6	33453440	33455884	33455430	2444	33454662	-1222	1222	768
chr6	63712175	63713926	63712858	1751	63713050	-875	876	-192
chr6	26051501	26056616	26055811	5115	26054058	-2557	2558	1753
chr6	167825459	167828153	167826132	2694	167826806	-1347	1347	-674
chr6	167951225	167953069	167952079	1844	167952147	-922	922	-68
chr6	52500189	52505101	52504679	4912	52502645	-2456	2456	2034
chr6	33273367	33281352	33278670	7985	33277359	-3992	3993	1311
chr6	26232827	26234688	26234265	1861	26233757	-930	931	508
chr6	31897851	31905019	31900059	7168	31901435	-3584	3584	-1376
chr6	158764064	158767769	158767067	3705	158765916	-1852	1853	1151
chr6	42695518	42699158	42698397	3640	42697338	-1820	1820	1059
chr6	43178224	43182477	43178444	4253	43180350	-2126	2127	-1906
chr6	52500189	52505101	52504751	4912	52502645	-2456	2456	2106
chr6	34420680	34422212	34421782	1532	34421446	-766	766	336
chr6	3153270	3155066	3153869	1796	3154168	-898	898	-299
chr6	7904083	7905492	7904639	1409	7904787	-704	705	-148
chr6	30185135	30186475	30185895	1340	30185805	-670	670	90
chr6	30340275	30342708	30341868	2433	30341491	-1216	1217	377
chr6	30585778	30592949	30586183	7171	30589363	-3585	3586	-3180
chr6	30704085	30709406	30704778	5321	30706745	-2660	2661	-1967
chr6	31965231	31972717	31970400	7486	31968974	-3743	3743	1426
chr6	43012312	43015271	43013185	2959	43013791	-1479	1480	-606
chr6	43504562	43506078	43504896	1516	43505320	-758	758	-424
chr6	85612848	85617283	85615073	4435	85615065	-2217	2218	8
chr6	116252915	116254372	116253343	1457	116253643	-728	729	-300
chr6	116277460	116281260	116278922	3800	116279360	-1900	1900	-438
chr6	73392932	73395400	73394982	2468	73394166	-1234	1234	816
chr6	107067737	107071691	107070191	3954	107069714	-1977	1977	477
chr6	109444358	109450716	109449710	6358	109447537	-3179	3179	2173
chr6	43006663	43011099	43008735	4436	43008881	-2218	2218	-146
chr6	26596434	26599131	26598605	2697	26597782	-1348	1349	823
chr6	27145127	27146672	27146601	1545	27145899	-772	773	702
chr6	27836509	27838789	27838278	2280	27837649	-1140	1140	629
chr6	42889701	42892097	42890519	2396	42890899	-1198	1198	-380
chr6	87510506	87511963	87511579	1457	87511234	-728	729	345
chr6	27836509	27838789	27838154	2280	27837649	-1140	1140	505
chr6	41026923	41033476	41031727	6553	41030199	-3276	3277	1528
chr7	65969982	65976986	65974700	7004	65973484	-3502	3502	1216
chr7	32489391	32490542	32490337	1151	32489966	-575	576	371
chr7	73441232	73447012	73442223	5780	73444122	-2890	2890	-1899
chr7	26191441	26193730	26193683	2289	26192585	-1144	1145	1098
chr7	100111737	100114186	100113661	2449	100112961	-1224	1225	700
chr7	76056664	76062013	76060384	5349	76059338	-2674	2675	1046
chr7	102423668	102430994	102425386	7326	102427331	-3663	3663	-1945
chr7	43641832	43646351	43645286	4519	43644091	-2259	2260	1195
chr7	100201576	100202414	100201613	838	100201995	-419	419	-382
chr7	151226157	151227745	151226318	1588	151226951	-794	794	-633
chr7	128390954	128395239	128392414	4285	128393096	-2142	2143	-682
chr7	72943790	72946510	72946233	2720	72945150	-1360	1360	1083
chr7	72948147	72949602	72948253	1455	72948874	-727	728	-621
chr7	98925053	98927455	98927260	2402	98926254	-1201	1201	1006
chr7	134294900	134296867	134296400	1967	134295883	-983	984	517
chr7	45077044	45084967	45084907	7923	45081005	-3961	3962	3902
chr7	44385114	44386707	44385778	1593	44385910	-796	797	-132
chr7	100062895	100064133	100064095	1238	100063514	-619	619	581
chr7	86861988	86864696	86864306	2708	86863342	-1354	1354	964
chr7	103337466	103340654	103337654	3188	103339060	-1594	1594	-1406
chr7	5311656	5317683	5316065	6027	5314669	-3013	3014	1396
chr7	154956935	154957308	154957247	373	154957121	-186	187	126
chr7	149176370	149180073	149179838	3703	149178221	-1851	1852	1617
chr7	73591138	73596772	73596178	5634	73593955	-2817	2817	2223
chr7	5620239	5624111	5622907	3872	5622175	-1936	1936	732
chr7	155680065	155680968	155680795	903	155680516	-451	452	279
chr7	98908446	98910591	98910328	2145	98909518	-1072	1073	810
chr7	128399917	128402006	128401109	2089	128400961	-1044	1045	148
chr7	140053598	140056605	140054748	3007	140055101	-1503	1504	-353
chr7	151044103	151045776	151044218	1673	151044939	-836	837	-721
chr7	44753786	44757107	44757060	3321	44755446	-1660	1661	1614
chr7	6161998	6164498	6162216	2500	6163248	-1250	1250	-1032
chr7	65979461	65981703	65980334	2242	65980582	-1121	1121	-248
chr7	155744741	155746703	155745241	1962	155745722	-981	981	-481
chr7	140694974	140701166	140698146	6192	140698070	-3096	3096	76
chr7	99494033	99496414	99494394	2381	99495223	-1190	1191	-829
chr7	152434253	152437412	152435730	3159	152435832	-1579	1580	-102
chr7	44753786	44757107	44756252	3321	44755446	-1660	1661	806
chr7	139338924	139343169	139341419	4245	139341046	-2122	2123	373
chr7	149876889	149882355	149878770	5466	149879622	-2733	2733	-852
chr7	23505929	23507493	23506151	1564	23506711	-782	782	-560
chr7	2582452	2584718	2582619	2266	2583585	-1133	1133	-966
chr7	44072267	44077171	44076478	4904	44074719	-2452	2452	1759
chr7	55400901	55404335	55401234	3434	55402618	-1717	1717	-1384
chr7	73678995	73685102	73683218	6107	73682048	-3053	3054	1170
chr7	102316598	102322365	102317309	5767	102319481	-2883	2884	-2172
chr7	128390954	128395239	128393025	4285	128393096	-2142	2143	-71
chr7	128944962	128948094	128945881	3132	128946528	-1566	1566	-647
chr7	151063028	151067417	151066928	4389	151065222	-2194	2195	1706
chr7	149197799	149199688	149198624	1889	149198743	-944	945	-119
chr7	44577925	44583809	44579520	5884	44580867	-2942	2942	-1347
chr7	47365909	47372916	47369261	7007	47369412	-3503	3504	-151
chr7	72948147	72949602	72948879	1455	72948874	-727	728	5
chr7	128773764	128777661	128774616	3897	128775712	-1948	1949	-1096
chr7	135163282	135166956	135166782	3674	135165119	-1837	1837	1663
chr7	149070533	149072455	149070879	1922	149071494	-961	961	-615
chr7	100022660	100025012	100023561	2352	100023836	-1176	1176	-275
chr7	149222015	149226140	149224569	4125	149224077	-2062	2063	492
chr7	100022660	100025012	100023758	2352	100023836	-1176	1176	-78
chr7	123684270	123685151	123684581	881	123684710	-440	441	-129
chr7	73591138	73596772	73593709	5634	73593955	-2817	2817	-246
chr7	98916455	98920144	98917640	3689	98918299	-1844	1845	-659
chr7	6597962	6605317	6599961	7355	6601639	-3677	3678	-1678
chr7	45099487	45103698	45101575	4211	45101592	-2105	2106	-17
chr7	6161998	6164498	6163060	2500	6163248	-1250	1250	-188
chr7	894899	901237	895349	6338	898068	-3169	3169	-2719
chr7	44571578	44574824	44572593	3246	44573201	-1623	1623	-608
chr7	6736023	6740696	6737822	4673	6738359	-2336	2337	-537
chr7	73303078	73304503	73303443	1425	73303790	-712	713	-347
chr7	100111737	100114186	100114126	2449	100112961	-1224	1225	1165
chr7	43950229	43953401	43952806	3172	43951815	-1586	1586	991
chr7	100201576	100202414	100201959	838	100201995	-419	419	-36
chr7	149729678	149732633	149730584	2955	149731155	-1477	1478	-571
chr7	92453674	92454738	92454571	1064	92454206	-532	532	365
chr7	100855344	100858912	100856745	3568	100857128	-1784	1784	-383
chr7	100855344	100858912	100858713	3568	100857128	-1784	1784	1585
chr7	77624535	77627158	77627106	2623	77625846	-1311	1312	1260
chr7	2585176	2588032	2586232	2856	2586604	-1428	1428	-372
chr7	6816027	6821537	6819786	5510	6818782	-2755	2755	1004
chr7	32869206	32870850	32869383	1644	32870028	-822	822	-645
chr7	45104341	45107416	45104634	3075	45105878	-1537	1538	-1244
chr7	131501554	131504934	131504314	3380	131503244	-1690	1690	1070
chr7	149430734	149434090	149432619	3356	149432412	-1678	1678	207
chr7	149729678	149732633	149730478	2955	149731155	-1477	1478	-677
chr7	151236991	151240600	151240516	3609	151238795	-1804	1805	1721
chr7	143379010	143384540	143382273	5530	143381775	-2765	2765	498
chr7	100855344	100858912	100857124	3568	100857128	-1784	1784	-4
chr7	86861988	86864696	86864286	2708	86863342	-1354	1354	944
chr7	151063028	151067417	151064313	4389	151065222	-2194	2195	-909
chr7	98192417	98195597	98193977	3180	98194007	-1590	1590	-30
chr7	98192417	98195597	98193077	3180	98194007	-1590	1590	-930
chr7	44565144	44571388	44566476	6244	44568266	-3122	3122	-1790
chr7	72835935	72837036	72836582	1101	72836485	-550	551	97
chr7	100819280	100826361	100819638	7081	100822820	-3540	3541	-3182
chr7	101087060	101094938	101087361	7878	101090999	-3939	3939	-3638
chr7	140453780	140459518	140454672	5738	140456649	-2869	2869	-1977
chr7	149265836	149267360	149266833	1524	149266598	-762	762	235
chr7	107931561	107932675	107932286	1114	107932118	-557	557	168
chr7	151208803	151215344	151213869	6541	151212073	-3270	3271	1796
chr7	56086305	56088847	56087697	2542	56087576	-1271	1271	121
chr7	151241396	151243706	151241908	2310	151242551	-1155	1155	-643
chr7	30621846	30623660	30622322	1814	30622753	-907	907	-431
chr7	100071234	100073220	100071584	1986	100072227	-993	993	-643
chr7	5373826	5380098	5377481	6272	5376962	-3136	3136	519
chr7	75418524	75421241	75418866	2717	75419882	-1358	1359	-1016
chr7	19697993	19698870	19698533	877	19698431	-438	439	102
chr7	148999698	149004039	149003219	4341	149001868	-2170	2171	1351
chr7	102193392	102198663	102197229	5271	102196027	-2635	2636	1202
chr7	44577925	44583809	44582155	5884	44580867	-2942	2942	1288
chr7	152101599	152104530	152103233	2931	152103064	-1465	1466	169
chr7	73303078	73304503	73303533	1425	73303790	-712	713	-257
chr7	130507296	130508998	130507796	1702	130508147	-851	851	-351
chr7	6736023	6740696	6737911	4673	6738359	-2336	2337	-448
chr7	141790561	141792669	141791291	2108	141791615	-1054	1054	-324
chr7	151052650	151056748	151052723	4098	151054699	-2049	2049	-1976
chr7	151052650	151056748	151055373	4098	151054699	-2049	2049	674
chr7	152851717	152855366	152853569	3649	152853541	-1824	1825	28
chr7	108568764	108570484	108569653	1720	108569624	-860	860	29
chr7	6330476	6331309	6330901	833	6330892	-416	417	9
chr7	128656753	128660240	128656805	3487	128658496	-1743	1744	-1691
chr7	102473501	102475056	102474363	1555	102474278	-777	778	85
chr7	151218269	151220910	151219084	2641	151219589	-1320	1321	-505
chr7	72948147	72949602	72948447	1455	72948874	-727	728	-427
chr7	100033223	100033950	100033812	727	100033586	-363	364	226
chr7	128395846	128397006	128396616	1160	128396426	-580	580	190
chr7	102473501	102475056	102473627	1555	102474278	-777	778	-651
chr7	73678995	73685102	73683845	6107	73682048	-3053	3054	1797
chr7	75415481	75416938	75416282	1457	75416209	-728	729	73
chr7	86861988	86864696	86864615	2708	86863342	-1354	1354	1273
chr7	98877133	98882066	98881111	4933	98879599	-2466	2467	1512
chr7	100107201	100108472	100107273	1271	100107836	-635	636	-563
chr7	100641069	100644666	100641483	3597	100642867	-1798	1799	-1384
chr7	149729678	149732633	149731686	2955	149731155	-1477	1478	531
chr7	151052650	151056748	151052667	4098	151054699	-2049	2049	-2032
chr7	75415481	75416938	75415650	1457	75416209	-728	729	-559
chr7	6153488	6155115	6154049	1627	6154301	-813	814	-252
chr7	127581998	127583646	127583005	1648	127582822	-824	824	183
chr7	151063028	151067417	151064618	4389	151065222	-2194	2195	-604
chr7	66085121	66087905	66086629	2784	66086513	-1392	1392	116
chr7	141596438	141599135	141596574	2697	141597786	-1348	1349	-1212
chr7	128773764	128777661	128775459	3897	128775712	-1948	1949	-253
chr7	92201204	92201941	92201398	737	92201572	-368	369	-174
chr7	143379010	143384540	143383001	5530	143381775	-2765	2765	1226
chr7	74818763	74821904	74819583	3141	74820333	-1570	1571	-750
chr7	6156732	6160657	6156902	3925	6158694	-1962	1963	-1792
chr7	66111858	66116259	66114852	4401	66114058	-2200	2201	794
chr7	73303078	73304503	73304333	1425	73303790	-712	713	543
chr7	112470890	112472775	112472234	1885	112471832	-942	943	402
chr7	30371428	30372475	30372030	1047	30371951	-523	524	79
chr7	72948147	72949602	72948894	1455	72948874	-727	728	20
chr7	103097172	103099632	103098356	2460	103098402	-1230	1230	-46
chr7	140453780	140459518	140454630	5738	140456649	-2869	2869	-2019
chr7	101087060	101094938	101088846	7878	101090999	-3939	3939	-2153
chr7	72943790	72946510	72945597	2720	72945150	-1360	1360	447
chr7	75882715	75886360	75883833	3645	75884537	-1822	1823	-704
chr7	42918354	42920343	42919727	1989	42919348	-994	995	379
chr7	67236795	67241918	67238402	5123	67239356	-2561	2562	-954
chr7	44571578	44574824	44572407	3246	44573201	-1623	1623	-794
chr7	151236991	151240600	151240491	3609	151238795	-1804	1805	1696
chr7	100170049	100174994	100172141	4945	100172521	-2472	2473	-380
chr7	43985103	43988395	43986674	3292	43986749	-1646	1646	-75
chr7	45077044	45084967	45084456	7923	45081005	-3961	3962	3451
chr7	100033223	100033950	100033552	727	100033586	-363	364	-34
chr7	100819280	100826361	100822479	7081	100822820	-3540	3541	-341
chr7	128944962	128948094	128947187	3132	128946528	-1566	1566	659
chr7	1495414	1502400	1495432	6986	1498907	-3493	3493	-3475
chr7	98291973	98293293	98292595	1320	98292633	-660	660	-38
chr7	74094138	74098046	74097101	3908	74096092	-1954	1954	1009
chr7	149070533	149072455	149070560	1922	149071494	-961	961	-934
chr7	92533754	92535206	92534906	1452	92534480	-726	726	426
chr7	12686387	12688971	12688797	2584	12687679	-1292	1292	1118
chr7	76327751	76330711	76330069	2960	76329231	-1480	1480	838
chr7	149070533	149072455	149071186	1922	149071494	-961	961	-308
chr7	99417614	99422766	99419929	5152	99420190	-2576	2576	-261
chr7	151231493	151236954	151235247	5461	151234223	-2730	2731	1024
chr7	73731828	73739375	73737263	7547	73735601	-3773	3774	1662
chr7	2241669	2245495	2244710	3826	2243582	-1913	1913	1128
chr7	100022660	100025012	100023735	2352	100023836	-1176	1176	-101
chr7	43875981	43879580	43878457	3599	43877780	-1799	1800	677
chr7	44072267	44077171	44076588	4904	44074719	-2452	2452	1869
chr7	100213471	100215680	100214047	2209	100214575	-1104	1105	-528
chr7	156675440	156676657	156675707	1217	156676048	-608	609	-341
chr7	106110869	106112937	106112228	2068	106111903	-1034	1034	325
chr7	102193392	102198663	102195512	5271	102196027	-2635	2636	-515
chr7	32489391	32490542	32490317	1151	32489966	-575	576	351
chr7	73838157	73842892	73841078	4735	73840524	-2367	2368	554
chr7	100109427	100110611	100110243	1184	100110019	-592	592	224
chr7	100218480	100225933	100220949	7453	100222206	-3726	3727	-1257
chr7	6736023	6740696	6737441	4673	6738359	-2336	2337	-918
chr7	92577879	92579413	92578181	1534	92578646	-767	767	-465
chr7	5373826	5380098	5376125	6272	5376962	-3136	3136	-837
chr7	105011699	105015235	105014267	3536	105013467	-1768	1768	800
chr7	128497154	128498561	128498084	1407	128497857	-703	704	227
chr7	73591138	73596772	73594270	5634	73593955	-2817	2817	315
chr7	92133132	92135168	92134391	2036	92134150	-1018	1018	241
chr7	128948324	128950243	128948679	1919	128949283	-959	960	-604
chr7	1567249	1571371	1567824	4122	1569310	-2061	2061	-1486
chr7	99032929	99034857	99033028	1928	99033893	-964	964	-865
chr7	74194020	74196350	74195293	2330	74195185	-1165	1165	108
chr7	140671633	140673974	140673540	2341	140672803	-1170	1171	737
chr7	128944962	128948094	128946607	3132	128946528	-1566	1566	79
chr7	100073305	100075967	100075570	2662	100074636	-1331	1331	934
chr7	148806319	148810614	148809098	4295	148808466	-2147	2148	632
chr7	107928297	107930135	107929783	1838	107929216	-919	919	567
chr7	66085121	66087905	66087384	2784	66086513	-1392	1392	871
chr7	76302026	76304970	76304224	2944	76303498	-1472	1472	726
chr7	139338924	139343169	139341501	4245	139341046	-2122	2123	455
chr7	26182808	26184107	26183762	1299	26183457	-649	650	305
chr7	80789437	80790819	80789486	1382	80790128	-691	691	-642
chr7	92533754	92535206	92534624	1452	92534480	-726	726	144
chr7	92533754	92535206	92535005	1452	92534480	-726	726	525
chr7	139338924	139343169	139341259	4245	139341046	-2122	2123	213
chr7	45077044	45084967	45080923	7923	45081005	-3961	3962	-82
chr7	72943790	72946510	72946438	2720	72945150	-1360	1360	1288
chr7	100022660	100025012	100023453	2352	100023836	-1176	1176	-383
chr7	36279428	36284090	36281138	4662	36281759	-2331	2331	-621
chr7	73591138	73596772	73594292	5634	73593955	-2817	2817	337
chr7	143287843	143289502	143288436	1659	143288672	-829	830	-236
chr7	151142302	151144363	151142610	2061	151143332	-1030	1031	-722
chr7	74218998	74223278	74219964	4280	74221138	-2140	2140	-1174
chr7	151052650	151056748	151055068	4098	151054699	-2049	2049	369
chr7	107928297	107930135	107929783	1838	107929216	-919	919	567
chr7	73591138	73596772	73594270	5634	73593955	-2817	2817	315
chr7	157185747	157187253	157186861	1506	157186500	-753	753	361
chr7	44753786	44757107	44756500	3321	44755446	-1660	1661	1054
chr7	76302026	76304970	76304065	2944	76303498	-1472	1472	567
chr7	4984145	4987179	4985076	3034	4985662	-1517	1517	-586
chr7	131501554	131504934	131504484	3380	131503244	-1690	1690	1240
chr7	883920	891826	891009	7906	887873	-3953	3953	3136
chr7	4993570	4997696	4996912	4126	4995633	-2063	2063	1279
chr7	29921277	29924269	29923838	2992	29922773	-1496	1496	1065
chr7	73303078	73304503	73303632	1425	73303790	-712	713	-158
chr7	73303078	73304503	73304264	1425	73303790	-712	713	474
chr7	92533754	92535206	92534905	1452	92534480	-726	726	425
chr7	98956794	98961015	98958001	4221	98958904	-2110	2111	-903
chr7	99006792	99010261	99008426	3469	99008526	-1734	1735	-100
chr7	102193392	102198663	102197257	5271	102196027	-2635	2636	1230
chr7	128390954	128395239	128394598	4285	128393096	-2142	2143	1502
chr7	128399917	128402006	128400159	2089	128400961	-1044	1045	-802
chr7	128656753	128660240	128657786	3487	128658496	-1743	1744	-710
chr7	128656753	128660240	128658275	3487	128658496	-1743	1744	-221
chr7	149151153	149154358	149154194	3205	149152755	-1602	1603	1439
chr7	156965040	156966855	156966283	1815	156965947	-907	908	336
chr7	1495414	1502400	1499600	6986	1498907	-3493	3493	693
chr7	5983982	5988667	5986862	4685	5986324	-2342	2343	538
chr7	6161998	6164498	6162137	2500	6163248	-1250	1250	-1111
chr7	6161998	6164498	6163016	2500	6163248	-1250	1250	-232
chr7	47365909	47372916	47368477	7007	47369412	-3503	3504	-935
chr7	140453780	140459518	140456649	5738	140456649	-2869	2869	0
chr7	156656944	156658376	156658203	1432	156657660	-716	716	543
chr7	102097201	102100968	102097414	3767	102099084	-1883	1884	-1670
chr7	105457621	105459934	105457819	2313	105458777	-1156	1157	-958
chr7	131501554	131504934	131504290	3380	131503244	-1690	1690	1046
chr7	43875981	43879580	43876495	3599	43877780	-1799	1800	-1285
chr7	105506973	105508295	105508275	1322	105507634	-661	661	641
chr7	135163282	135166956	135164751	3674	135165119	-1837	1837	-368
chr7	1495414	1502400	1495539	6986	1498907	-3493	3493	-3368
chr7	56072817	56080251	56078490	7434	56076534	-3717	3717	1956
chr7	76327751	76330711	76330184	2960	76329231	-1480	1480	953
chr7	99417614	99422766	99419370	5152	99420190	-2576	2576	-820
chr7	43875981	43879580	43876774	3599	43877780	-1799	1800	-1006
chr7	43968070	43973846	43973258	5776	43970958	-2888	2888	2300
chr7	98203121	98205944	98204124	2823	98204532	-1411	1412	-408
chr7	98286802	98291305	98291212	4503	98289053	-2251	2252	2159
chr7	99403811	99407237	99404879	3426	99405524	-1713	1713	-645
chr7	151052650	151056748	151056591	4098	151054699	-2049	2049	1892
chr7	2232019	2239800	2235102	7781	2235909	-3890	3891	-807
chr7	2232019	2239800	2235329	7781	2235909	-3890	3891	-580
chr7	98990432	98996569	98990604	6137	98993500	-3068	3069	-2896
chr7	100315483	100317270	100315828	1787	100316376	-893	894	-548
chr7	151208803	151215344	151214020	6541	151212073	-3270	3271	1947
chr7	5311656	5317683	5313484	6027	5314669	-3013	3014	-1185
chr7	42918354	42920343	42920066	1989	42919348	-994	995	718
chr7	100170049	100174994	100170266	4945	100172521	-2472	2473	-2255
chr7	139358990	139360757	139360266	1767	139359873	-883	884	393
chr7	140088771	140091953	140091823	3182	140090362	-1591	1591	1461
chr7	149253959	149256013	149254499	2054	149254986	-1027	1027	-487
chr7	149430734	149434090	149432395	3356	149432412	-1678	1678	-17
chr7	151231493	151236954	151233950	5461	151234223	-2730	2731	-273
chr7	5983982	5988667	5987332	4685	5986324	-2342	2343	1008
chr7	98925053	98927455	98927287	2402	98926254	-1201	1201	1033
chr7	100170049	100174994	100172162	4945	100172521	-2472	2473	-359
chr7	100855344	100858912	100855782	3568	100857128	-1784	1784	-1346
chr7	73767615	73770524	73769320	2909	73769069	-1454	1455	251
chr7	157266707	157268005	157267616	1298	157267356	-649	649	260
chr7	76056664	76062013	76060448	5349	76059338	-2674	2675	1110
chr7	100111737	100114186	100112890	2449	100112961	-1224	1225	-71
chr7	105545509	105547076	105547060	1567	105546292	-783	784	768
chr7	139620070	139621266	139620401	1196	139620668	-598	598	-267
chr7	135163282	135166956	135165000	3674	135165119	-1837	1837	-119
chr7	44571578	44574824	44571704	3246	44573201	-1623	1623	-1497
chr7	74818763	74821904	74819589	3141	74820333	-1570	1571	-744
chr7	100641069	100644666	100641209	3597	100642867	-1798	1799	-1658
chr7	106283630	106286878	106284974	3248	106285254	-1624	1624	-280
chr7	100576486	100582989	100582428	6503	100579737	-3251	3252	2691
chr7	2247477	2251316	2250994	3839	2249396	-1919	1920	1598
chr7	36152282	36155966	36154772	3684	36154124	-1842	1842	648
chr7	116210078	116211739	116210625	1661	116210908	-830	831	-283
chr7	44078541	44081192	44078811	2651	44079866	-1325	1326	-1055
chr7	36152282	36155966	36154538	3684	36154124	-1842	1842	414
chr7	6022601	6023961	6023712	1360	6023281	-680	680	431
chr7	100811564	100813688	100812939	2124	100812626	-1062	1062	313
chr7	151142302	151144363	151143848	2061	151143332	-1030	1031	516
chr7	151236991	151240600	151240116	3609	151238795	-1804	1805	1321
chr7	66088889	66095431	66088914	6542	66092160	-3271	3271	-3246
chr7	75064947	75069515	75066721	4568	75067231	-2284	2284	-510
chr7	148797611	148800533	148798651	2922	148799072	-1461	1461	-421
chr7	87196314	87197802	87196645	1488	87197058	-744	744	-413
chr7	151218269	151220910	151218839	2641	151219589	-1320	1321	-750
chr7	127589118	127592460	127591258	3342	127590789	-1671	1671	469
chr7	158909542	158911768	158911573	2226	158910655	-1113	1113	918
chr7	6468308	6472765	6469755	4457	6470536	-2228	2229	-781
chr7	73303078	73304503	73304030	1425	73303790	-712	713	240
chr7	105112135	105113420	105112348	1285	105112777	-642	643	-429
chr7	99621847	99626805	99622417	4958	99624326	-2479	2479	-1909
chr7	105478798	105484011	105482412	5213	105481404	-2606	2607	1008
chr7	128773764	128777661	128775083	3897	128775712	-1948	1949	-629
chr7	66796501	66799480	66799406	2979	66797990	-1489	1490	1416
chr7	66085121	66087905	66086824	2784	66086513	-1392	1392	311
chr7	66111858	66116259	66114850	4401	66114058	-2200	2201	792
chr7	135163282	135166956	135166577	3674	135165119	-1837	1837	1458
chr7	4984145	4987179	4984956	3034	4985662	-1517	1517	-706
chr7	75121343	75127183	75123155	5840	75124263	-2920	2920	-1108
chr7	98203121	98205944	98204086	2823	98204532	-1411	1412	-446
chr7	36152282	36155966	36154629	3684	36154124	-1842	1842	505
chr7	76421312	76428476	76425079	7164	76424894	-3582	3582	185
chr7	128342717	128345423	128343826	2706	128344070	-1353	1353	-244
chr7	26191441	26193730	26193583	2289	26192585	-1144	1145	998
chr7	38907693	38909345	38909151	1652	38908519	-826	826	632
chr7	99891781	99894018	99892288	2237	99892899	-1118	1119	-611
chr7	149070533	149072455	149070855	1922	149071494	-961	961	-639
chr7	151052650	151056748	151052738	4098	151054699	-2049	2049	-1961
chr7	139338924	139343169	139341498	4245	139341046	-2122	2123	452
chr7	100366311	100371393	100367630	5082	100368852	-2541	2541	-1222
chr7	99902601	99904472	99903271	1871	99903536	-935	936	-265
chr7	100119767	100125000	100122300	5233	100122383	-2616	2617	-83
chr7	102097201	102100968	102097465	3767	102099084	-1883	1884	-1619
chr7	1495414	1502400	1497195	6986	1498907	-3493	3493	-1712
chr7	1495414	1502400	1500350	6986	1498907	-3493	3493	1443
chr7	2573531	2578795	2578493	5264	2576163	-2632	2632	2330
chr7	2730830	2732101	2731182	1271	2731465	-635	636	-283
chr7	2730830	2732101	2731469	1271	2731465	-635	636	4
chr7	19697993	19698870	19698718	877	19698431	-438	439	287
chr7	26182808	26184107	26183777	1299	26183457	-649	650	320
chr7	26191441	26193730	26193300	2289	26192585	-1144	1145	715
chr7	43875981	43879580	43877590	3599	43877780	-1799	1800	-190
chr7	44072267	44077171	44073393	4904	44074719	-2452	2452	-1326
chr7	44078541	44081192	44079720	2651	44079866	-1325	1326	-146
chr7	45077044	45084967	45082129	7923	45081005	-3961	3962	1124
chr7	45077044	45084967	45082793	7923	45081005	-3961	3962	1788
chr7	56072817	56080251	56079689	7434	56076534	-3717	3717	3155
chr7	56104038	56106170	56104255	2132	56105104	-1066	1066	-849
chr7	65979461	65981703	65979496	2242	65980582	-1121	1121	-1086
chr7	65979461	65981703	65980257	2242	65980582	-1121	1121	-325
chr7	66808547	66809360	66809168	813	66808953	-406	407	215
chr7	66992437	66995820	66995367	3383	66994128	-1691	1692	1239
chr7	76011671	76013941	76013793	2270	76012806	-1135	1135	987
chr7	76421312	76428476	76425016	7164	76424894	-3582	3582	122
chr7	87219125	87220659	87219618	1534	87219892	-767	767	-274
chr7	98192417	98195597	98192935	3180	98194007	-1590	1590	-1072
chr7	99621847	99626805	99622560	4958	99624326	-2479	2479	-1766
chr7	100073305	100075967	100075383	2662	100074636	-1331	1331	747
chr7	100089798	100094692	100092877	4894	100092245	-2447	2447	632
chr7	100576486	100582989	100577843	6503	100579737	-3251	3252	-1894
chr7	100855344	100858912	100857111	3568	100857128	-1784	1784	-17
chr7	103316189	103320415	103316920	4226	103318302	-2113	2113	-1382
chr7	105457621	105459934	105457795	2313	105458777	-1156	1157	-982
chr7	127589118	127592460	127589958	3342	127590789	-1671	1671	-831
chr7	135163282	135166956	135164660	3674	135165119	-1837	1837	-459
chr7	140671633	140673974	140673931	2341	140672803	-1170	1171	1128
chr7	141790561	141792669	141790569	2108	141791615	-1054	1054	-1046
chr7	149070533	149072455	149071225	1922	149071494	-961	961	-269
chr7	149070533	149072455	149072069	1922	149071494	-961	961	575
chr7	149876889	149882355	149879588	5466	149879622	-2733	2733	-34
chr7	156961698	156963289	156963208	1591	156962493	-795	796	715
chr7	2252260	2259704	2255092	7444	2255982	-3722	3722	-890
chr7	131499249	131500792	131500393	1543	131500020	-771	772	373
chr7	47365909	47372916	47369591	7007	47369412	-3503	3504	179
chr7	66088889	66095431	66092601	6542	66092160	-3271	3271	441
chr7	92396886	92398815	92398567	1929	92397850	-964	965	717
chr7	47365909	47372916	47368449	7007	47369412	-3503	3504	-963
chr7	45077044	45084967	45082187	7923	45081005	-3961	3962	1182
chr7	36388851	36391198	36389838	2347	36390024	-1173	1174	-186
chr7	143379010	143384540	143382591	5530	143381775	-2765	2765	816
chr7	143379010	143384540	143382592	5530	143381775	-2765	2765	817
chr7	131477673	131480073	131478860	2400	131478873	-1200	1200	-13
chr7	43875981	43879580	43877077	3599	43877780	-1799	1800	-703
chr7	43875981	43879580	43877394	3599	43877780	-1799	1800	-386
chr7	156656944	156658376	156658208	1432	156657660	-716	716	548
chr7	101087060	101094938	101088837	7878	101090999	-3939	3939	-2162
chr7	149176370	149180073	149178978	3703	149178221	-1851	1852	757
chr7	43875981	43879580	43876612	3599	43877780	-1799	1800	-1168
chr7	43875981	43879580	43878014	3599	43877780	-1799	1800	234
chr7	43875981	43879580	43878664	3599	43877780	-1799	1800	884
chr7	43875981	43879580	43878954	3599	43877780	-1799	1800	1174
chr7	73838157	73842892	73841198	4735	73840524	-2367	2368	674
chr7	74171280	74175517	74174395	4237	74173398	-2118	2119	997
chr7	98203121	98205944	98203955	2823	98204532	-1411	1412	-577
chr7	30621846	30623660	30622417	1814	30622753	-907	907	-336
chr7	2241669	2245495	2244655	3826	2243582	-1913	1913	1073
chr7	6330476	6331309	6330728	833	6330892	-416	417	-164
chr7	6493483	6498906	6498174	5423	6496194	-2711	2712	1980
chr7	6816027	6821537	6819942	5510	6818782	-2755	2755	1160
chr7	23505929	23507493	23506144	1564	23506711	-782	782	-567
chr7	43875981	43879580	43878668	3599	43877780	-1799	1800	888
chr7	72943790	72946510	72945707	2720	72945150	-1360	1360	557
chr7	92000502	92001358	92001287	856	92000930	-428	428	357
chr7	98950909	98953971	98953229	3062	98952440	-1531	1531	789
chr7	99032929	99034857	99033051	1928	99033893	-964	964	-842
chr7	99035141	99040632	99038473	5491	99037886	-2745	2746	587
chr7	99891781	99894018	99892414	2237	99892899	-1118	1119	-485
chr7	105472151	105473642	105472176	1491	105472896	-745	746	-720
chr7	107928297	107930135	107929634	1838	107929216	-919	919	418
chr7	130507296	130508998	130508652	1702	130508147	-851	851	505
chr7	141790561	141792669	141790880	2108	141791615	-1054	1054	-735
chr7	148999698	149004039	149003828	4341	149001868	-2170	2171	1960
chr7	148999698	149004039	149003980	4341	149001868	-2170	2171	2112
chr7	149014273	149018386	149014965	4113	149016329	-2056	2057	-1364
chr7	151052650	151056748	151056597	4098	151054699	-2049	2049	1898
chr7	152851717	152855366	152854709	3649	152853541	-1824	1825	1168
chr7	155744741	155746703	155745419	1962	155745722	-981	981	-303
chr7	2730830	2732101	2731412	1271	2731465	-635	636	-53
chr7	2730830	2732101	2731563	1271	2731465	-635	636	98
chr7	5373826	5380098	5374149	6272	5376962	-3136	3136	-2813
chr7	5983982	5988667	5987352	4685	5986324	-2342	2343	1028
chr7	44753786	44757107	44756191	3321	44755446	-1660	1661	745
chr7	45077044	45084967	45083385	7923	45081005	-3961	3962	2380
chr7	75418524	75421241	75418733	2717	75419882	-1358	1359	-1149
chr7	92589313	92591195	92590349	1882	92590254	-941	941	95
chr7	100089798	100094692	100091470	4894	100092245	-2447	2447	-775
chr7	129424158	129425745	129425078	1587	129424951	-793	794	127
chr7	100170049	100174994	100170194	4945	100172521	-2472	2473	-2327
chr7	74105910	74109290	74109056	3380	74107600	-1690	1690	1456
chr7	73303078	73304503	73303466	1425	73303790	-712	713	-324
chr7	111561334	111562989	111562009	1655	111562161	-827	828	-152
chr7	149070533	149072455	149072021	1922	149071494	-961	961	527
chr7	74105910	74109290	74109145	3380	74107600	-1690	1690	1545
chr7	100811564	100813688	100812744	2124	100812626	-1062	1062	118
chr7	135678731	135684045	135681591	5314	135681388	-2657	2657	203
chr7	98291973	98293293	98292568	1320	98292633	-660	660	-65
chr7	105112135	105113420	105112234	1285	105112777	-642	643	-543
chr7	155744741	155746703	155745473	1962	155745722	-981	981	-249
chr7	5361695	5367078	5362791	5383	5364386	-2691	2692	-1595
chr7	92533754	92535206	92534763	1452	92534480	-726	726	283
chr7	128944962	128948094	128947903	3132	128946528	-1566	1566	1375
chr7	155680065	155680968	155680608	903	155680516	-451	452	92
chr7	127581998	127583646	127582504	1648	127582822	-824	824	-318
chr7	143287843	143289502	143288478	1659	143288672	-829	830	-194
chr7	152110353	152113108	152110647	2755	152111730	-1377	1378	-1083
chr7	149197799	149199688	149198588	1889	149198743	-944	945	-155
chr7	100811564	100813688	100812879	2124	100812626	-1062	1062	253
chr7	56104038	56106170	56104233	2132	56105104	-1066	1066	-871
chr7	129424158	129425745	129424940	1587	129424951	-793	794	-11
chr7	127581998	127583646	127582552	1648	127582822	-824	824	-270
chr7	42918354	42920343	42919126	1989	42919348	-994	995	-222
chr7	56068422	56072141	56068577	3719	56070281	-1859	1860	-1704
chr7	72948147	72949602	72948612	1455	72948874	-727	728	-262
chr7	73497741	73500514	73498675	2773	73499127	-1386	1387	-452
chr7	100073305	100075967	100075330	2662	100074636	-1331	1331	694
chr7	101087060	101094938	101089118	7878	101090999	-3939	3939	-1881
chr7	156675440	156676657	156676539	1217	156676048	-608	609	491
chr7	100641069	100644666	100641558	3597	100642867	-1798	1799	-1309
chr7	128773764	128777661	128775718	3897	128775712	-1948	1949	6
chr7	140088771	140091953	140090890	3182	140090362	-1591	1591	528
chr7	1811892	1818392	1815848	6500	1815142	-3250	3250	706
chr7	135678731	135684045	135681688	5314	135681388	-2657	2657	300
chr7	149253959	149256013	149255304	2054	149254986	-1027	1027	318
chr7	151236991	151240600	151240480	3609	151238795	-1804	1805	1685
chr7	1495414	1502400	1500274	6986	1498907	-3493	3493	1367
chr7	6597962	6605317	6599938	7355	6601639	-3677	3678	-1701
chr7	1087809	1092153	1092113	4344	1089981	-2172	2172	2132
chr7	100089798	100094692	100091277	4894	100092245	-2447	2447	-968
chr7	116210078	116211739	116210566	1661	116210908	-830	831	-342
chr7	32869206	32870850	32870643	1644	32870028	-822	822	615
chr7	16696496	16700740	16696993	4244	16698618	-2122	2122	-1625
chr7	100105805	100107113	100106841	1308	100106459	-654	654	382
chr7	149070533	149072455	149072065	1922	149071494	-961	961	571
chr7	149222015	149226140	149224477	4125	149224077	-2062	2063	400
chr7	5373826	5380098	5376887	6272	5376962	-3136	3136	-75
chr7	73731828	73739375	73737593	7547	73735601	-3773	3774	1992
chr7	6468308	6472765	6469718	4457	6470536	-2228	2229	-818
chr7	100201576	100202414	100202396	838	100201995	-419	419	401
chr7	73536936	73538399	73537373	1463	73537667	-731	732	-294
chr7	29921277	29924269	29924098	2992	29922773	-1496	1496	1325
chr7	102316598	102322365	102320470	5767	102319481	-2883	2884	989
chr7	151119250	151124604	151122779	5354	151121927	-2677	2677	852
chr7	102453417	102458057	102457694	4640	102455737	-2320	2320	1957
chr7	107928297	107930135	107929783	1838	107929216	-919	919	567
chr7	107922223	107925794	107924056	3571	107924008	-1785	1786	48
chr7	100089798	100094692	100092835	4894	100092245	-2447	2447	590
chr7	73591138	73596772	73594277	5634	73593955	-2817	2817	322
chr7	66088889	66095431	66092601	6542	66092160	-3271	3271	441
chr7	100071234	100073220	100071521	1986	100072227	-993	993	-706
chr7	100069831	100070822	100070795	991	100070326	-495	496	469
chr7	156656944	156658376	156658208	1432	156657660	-716	716	548
chr7	12686387	12688971	12688669	2584	12687679	-1292	1292	990
chr7	100366311	100371393	100367422	5082	100368852	-2541	2541	-1430
chr7	43875981	43879580	43878113	3599	43877780	-1799	1800	333
chr7	100089798	100094692	100092918	4894	100092245	-2447	2447	673
chr7	100218480	100225933	100221168	7453	100222206	-3726	3727	-1038
chr7	100119767	100125000	100124891	5233	100122383	-2616	2617	2508
chr7	149729678	149732633	149730534	2955	149731155	-1477	1478	-621
chr7	102187870	102190075	102189841	2205	102188972	-1102	1103	869
chr7	87192627	87194661	87193930	2034	87193644	-1017	1017	286
chr7	99891781	99894018	99891852	2237	99892899	-1118	1119	-1047
chr7	100641069	100644666	100643215	3597	100642867	-1798	1799	348
chr7	65969982	65976986	65975025	7004	65973484	-3502	3502	1541
chr7	144377439	144382006	144380010	4567	144379722	-2283	2284	288
chr7	73303078	73304503	73303379	1425	73303790	-712	713	-411
chr7	151231493	151236954	151235573	5461	151234223	-2730	2731	1350
chr7	72948147	72949602	72948190	1455	72948874	-727	728	-684
chr7	74218998	74223278	74219780	4280	74221138	-2140	2140	-1358
chr7	128342717	128345423	128343753	2706	128344070	-1353	1353	-317
chr7	155680065	155680968	155680841	903	155680516	-451	452	325
chr7	44120339	44124302	44122099	3963	44122320	-1981	1982	-221
chr7	128319637	128323684	128323576	4047	128321660	-2023	2024	1916
chr7	105112135	105113420	105113283	1285	105112777	-642	643	506
chr7	128773764	128777661	128775458	3897	128775712	-1948	1949	-254
chr7	98192417	98195597	98194401	3180	98194007	-1590	1590	394
chr7	2573531	2578795	2578282	5264	2576163	-2632	2632	2119
chr7	1811892	1818392	1816143	6500	1815142	-3250	3250	1001
chr7	2730830	2732101	2731258	1271	2731465	-635	636	-207
chr7	66111858	66116259	66114866	4401	66114058	-2200	2201	808
chr7	100089798	100094692	100089818	4894	100092245	-2447	2447	-2427
chr7	100855344	100858912	100855916	3568	100857128	-1784	1784	-1212
chr7	149430734	149434090	149432648	3356	149432412	-1678	1678	236
chr7	47365909	47372916	47368425	7007	47369412	-3503	3504	-987
chr7	98192417	98195597	98193618	3180	98194007	-1590	1590	-389
chr7	100089798	100094692	100093085	4894	100092245	-2447	2447	840
chr7	100089798	100094692	100093381	4894	100092245	-2447	2447	1136
chr7	120949393	120951470	120951135	2077	120950431	-1038	1039	704
chr7	151147112	151151228	151149117	4116	151149170	-2058	2058	-53
chr7	140688911	140691489	140689602	2578	140690200	-1289	1289	-598
chr7	6736023	6740696	6737234	4673	6738359	-2336	2337	-1125
chr7	73731828	73739375	73736338	7547	73735601	-3773	3774	737
chr7	100170049	100174994	100173965	4945	100172521	-2472	2473	1444
chr7	143398044	143400947	143399366	2903	143399495	-1451	1452	-129
chr7	1567249	1571371	1569414	4122	1569310	-2061	2061	104
chr7	99417614	99422766	99419298	5152	99420190	-2576	2576	-892
chr7	30877254	30884157	30882948	6903	30880705	-3451	3452	2243
chr8	42434721	42438210	42437370	3489	42436465	-1744	1745	905
chr8	38259170	38261972	38260117	2802	38260571	-1401	1401	-454
chr8	97719127	97724931	97724662	5804	97722029	-2902	2902	2633
chr8	8889946	8894015	8890486	4069	8891980	-2034	2035	-1494
chr8	25418051	25423104	25419348	5053	25420577	-2526	2527	-1229
chr8	38259170	38261972	38260053	2802	38260571	-1401	1401	-518
chr8	101647619	101650736	101649499	3117	101649177	-1558	1559	322
chr8	140554657	140559924	140557184	5267	140557290	-2633	2634	-106
chr8	144354974	144361416	144355625	6442	144358195	-3221	3221	-2570
chr8	144431485	144437772	144435472	6287	144434628	-3143	3144	844
chr8	11837750	11839078	11838871	1328	11838414	-664	664	457
chr8	124553254	124557983	124556054	4729	124555618	-2364	2365	436
chr8	100705659	100707597	100706914	1938	100706628	-969	969	286
chr8	102653248	102655903	102653494	2655	102654575	-1327	1328	-1081
chr8	13130103	13134506	13132984	4403	13132304	-2201	2202	680
chr8	17559126	17560561	17560443	1435	17559843	-717	718	600
chr8	100259976	100261768	100261670	1792	100260872	-896	896	798
chr8	8889946	8894015	8890366	4069	8891980	-2034	2035	-1614
chr8	22194122	22199690	22197327	5568	22196906	-2784	2784	421
chr8	66634452	66636990	66635341	2538	66635721	-1269	1269	-380
chr8	73292384	73295725	73292698	3341	73294054	-1670	1671	-1356
chr8	94528688	94529250	94529184	562	94528969	-281	281	215
chr8	116849453	116851050	116850753	1597	116850251	-798	799	502
chr8	41932287	41933946	41933087	1659	41933116	-829	830	-29
chr8	90644754	90647059	90645443	2305	90645906	-1152	1153	-463
chr8	124537864	124539649	124539206	1785	124538756	-892	893	450
chr8	142532667	142538096	142537070	5429	142535381	-2714	2715	1689
chr8	9139422	9141409	9141273	1987	9140415	-993	994	858
chr8	8376168	8379882	8376471	3714	8378025	-1857	1857	-1554
chr8	97274351	97279441	97277329	5090	97276896	-2545	2545	433
chr8	126554810	126559654	126556398	4844	126557232	-2422	2422	-834
chr8	37693616	37698922	37698037	5306	37696269	-2653	2653	1768
chr8	37693616	37698922	37698039	5306	37696269	-2653	2653	1770
chr8	42434721	42438210	42437370	3489	42436465	-1744	1745	905
chr8	74319987	74322390	74320963	2403	74321188	-1201	1202	-225
chr8	144354974	144361416	144356486	6442	144358195	-3221	3221	-1709
chr8	144431485	144437772	144432423	6287	144434628	-3143	3144	-2205
chr8	116849453	116851050	116850716	1597	116850251	-798	799	465
chr8	23246354	23247624	23246635	1270	23246989	-635	635	-354
chr8	144387627	144393263	144391400	5636	144390445	-2818	2818	955
chr8	143642901	143650193	143649828	7292	143646547	-3646	3646	3281
chr8	143642901	143650193	143650155	7292	143646547	-3646	3646	3608
chr8	144394278	144401056	144400791	6778	144397667	-3389	3389	3124
chr8	41932287	41933946	41932965	1659	41933116	-829	830	-151
chr8	11807786	11810678	11809849	2892	11809232	-1446	1446	617
chr8	93733302	93736503	93734854	3201	93734902	-1600	1601	-48
chr8	144082058	144088146	144084827	6088	144085102	-3044	3044	-275
chr8	144810103	144812858	144810489	2755	144811480	-1377	1378	-991
chr8	22247747	22252114	22249196	4367	22249930	-2183	2184	-734
chr8	38411651	38418890	38417928	7239	38415270	-3619	3620	2658
chr8	30793650	30795476	30793940	1826	30794563	-913	913	-623
chr8	97274351	97279441	97277380	5090	97276896	-2545	2545	484
chr8	96259760	96262941	96262105	3181	96261350	-1590	1591	755
chr8	9555074	9556818	9556143	1744	9555946	-872	872	197
chr8	22689056	22696052	22690594	6996	22692554	-3498	3498	-1960
chr8	144394278	144401056	144399613	6778	144397667	-3389	3389	1946
chr8	144354974	144361416	144360966	6442	144358195	-3221	3221	2771
chr8	108442352	108444054	108443682	1702	108443203	-851	851	479
chr8	22136577	22139163	22138782	2586	22137870	-1293	1293	912
chr8	144387627	144393263	144390738	5636	144390445	-2818	2818	293
chr8	144394278	144401056	144400433	6778	144397667	-3389	3389	2766
chr8	80485424	80487928	80487247	2504	80486676	-1252	1252	571
chr8	8376168	8379882	8377373	3714	8378025	-1857	1857	-652
chr8	8317521	8320417	8318179	2896	8318969	-1448	1448	-790
chr8	103328965	103331731	103330052	2766	103330348	-1383	1383	-296
chr8	103328965	103331731	103331482	2766	103330348	-1383	1383	1134
chr8	55808940	55812863	55811093	3923	55810901	-1961	1962	192
chr8	144810103	144812858	144810740	2755	144811480	-1377	1378	-740
chr8	115619105	115620132	115620046	1027	115619618	-513	514	428
chr8	142662830	142666909	142664637	4079	142664869	-2039	2040	-232
chr8	140539130	140545768	140539365	6638	140542449	-3319	3319	-3084
chr8	37871650	37875861	37873017	4211	37873755	-2105	2106	-738
chr8	100705659	100707597	100706925	1938	100706628	-969	969	297
chr8	109280941	109282496	109281146	1555	109281718	-777	778	-572
chr8	140539130	140545768	140539340	6638	140542449	-3319	3319	-3109
chr8	101647619	101650736	101649428	3117	101649177	-1558	1559	251
chr8	70574747	70578865	70574771	4118	70576806	-2059	2059	-2035
chr8	144218536	144223658	144223200	5122	144221097	-2561	2561	2103
chr8	66634452	66636990	66634828	2538	66635721	-1269	1269	-893
chr8	118109724	118112622	118111081	2898	118111173	-1449	1449	-92
chr8	47928300	47932956	47930709	4656	47930628	-2328	2328	81
chr8	67237758	67239528	67238810	1770	67238643	-885	885	167
chr8	126554810	126559654	126557189	4844	126557232	-2422	2422	-43
chr8	98156635	98158503	98157753	1868	98157569	-934	934	184
chr8	140539130	140545768	140539324	6638	140542449	-3319	3319	-3125
chr8	37693616	37698922	37698543	5306	37696269	-2653	2653	2274
chr8	37844413	37845197	37844873	784	37844805	-392	392	68
chr8	144082058	144088146	144085671	6088	144085102	-3044	3044	569
chr8	22096859	22104067	22098241	7208	22100463	-3604	3604	-2222
chr8	116755028	116755990	116755807	962	116755509	-481	481	298
chr8	22096859	22104067	22099891	7208	22100463	-3604	3604	-572
chr8	118109724	118112622	118110266	2898	118111173	-1449	1449	-907
chr8	144452784	144460425	144453231	7641	144456604	-3820	3821	-3373
chr8	94640999	94643119	94641971	2120	94642059	-1060	1060	-88
chr8	66175486	66177750	66176750	2264	66176618	-1132	1132	132
chr8	27288361	27290287	27290160	1926	27289324	-963	963	836
chr8	125434296	125437523	125436299	3227	125435909	-1613	1614	390
chr8	89969560	89971469	89971237	1909	89970514	-954	955	723
chr8	98156635	98158503	98158247	1868	98157569	-934	934	678
chr8	128049059	128051902	128049186	2843	128050480	-1421	1422	-1294
chr8	66634452	66636990	66634753	2538	66635721	-1269	1269	-968
chr8	144394278	144401056	144397993	6778	144397667	-3389	3389	326
chr8	144837069	144842048	144841689	4979	144839558	-2489	2490	2131
chr8	10053952	10055456	10054606	1504	10054704	-752	752	-98
chr8	100948290	100954043	100948792	5753	100951166	-2876	2877	-2374
chr8	41932287	41933946	41932896	1659	41933116	-829	830	-220
chr8	125022901	125025748	125024478	2847	125024324	-1423	1424	154
chr8	144387627	144393263	144391000	5636	144390445	-2818	2818	555
chr8	143249113	143251772	143250140	2659	143250442	-1329	1330	-302
chr8	93733302	93736503	93735837	3201	93734902	-1600	1601	935
chr8	108248076	108249635	108248673	1559	108248855	-779	780	-182
chr8	124537864	124539649	124539089	1785	124538756	-892	893	333
chr8	38411651	38418890	38413939	7239	38415270	-3619	3620	-1331
chr8	126554810	126559654	126556652	4844	126557232	-2422	2422	-580
chr8	144850795	144853362	144851098	2567	144852078	-1283	1284	-980
chr8	66634452	66636990	66634607	2538	66635721	-1269	1269	-1114
chr8	144394278	144401056	144400384	6778	144397667	-3389	3389	2717
chr8	28768549	28770470	28769949	1921	28769509	-960	961	440
chr8	38411651	38418890	38415966	7239	38415270	-3619	3620	696
chr8	140549986	140552966	140551328	2980	140551476	-1490	1490	-148
chr8	11807786	11810678	11809672	2892	11809232	-1446	1446	440
chr8	47928300	47932956	47930715	4656	47930628	-2328	2328	87
chr8	144837069	144842048	144838085	4979	144839558	-2489	2490	-1473
chr8	73292384	73295725	73293602	3341	73294054	-1670	1671	-452
chr8	70574747	70578865	70574930	4118	70576806	-2059	2059	-1876
chr8	116755028	116755990	116755669	962	116755509	-481	481	160
chr8	11841237	11845160	11845116	3923	11843198	-1961	1962	1918
chr8	22689056	22696052	22689612	6996	22692554	-3498	3498	-2942
chr8	37871650	37875861	37872804	4211	37873755	-2105	2106	-951
chr8	37871650	37875861	37875028	4211	37873755	-2105	2106	1273
chr8	55808940	55812863	55811015	3923	55810901	-1961	1962	114
chr8	63167178	63169534	63169399	2356	63168356	-1178	1178	1043
chr8	124553254	124557983	124555789	4729	124555618	-2364	2365	171
chr8	144404700	144409146	144409036	4446	144406923	-2223	2223	2113
chr8	126554810	126559654	126557465	4844	126557232	-2422	2422	233
chr8	140554657	140559924	140556210	5267	140557290	-2633	2634	-1080
chr8	22247747	22252114	22250902	4367	22249930	-2183	2184	972
chr8	67202642	67205053	67203224	2411	67203847	-1205	1206	-623
chr8	22403965	22407323	22404802	3358	22405644	-1679	1679	-842
chr8	28750786	28756325	28752222	5539	28753555	-2769	2770	-1333
chr8	94878635	94880322	94880188	1687	94879478	-843	844	710
chr8	103414335	103416957	103414990	2622	103415646	-1311	1311	-656
chr8	139727496	139731425	139731025	3929	139729460	-1964	1965	1565
chr8	142540178	142547582	142542129	7404	142543880	-3702	3702	-1751
chr8	144394278	144401056	144399452	6778	144397667	-3389	3389	1785
chr8	99870462	99873179	99870883	2717	99871820	-1358	1359	-937
chr8	38267327	38269820	38268399	2493	38268573	-1246	1247	-174
chr8	42434721	42438210	42437296	3489	42436465	-1744	1745	831
chr8	144431485	144437772	144437064	6287	144434628	-3143	3144	2436
chr8	144077894	144081891	144080587	3997	144079892	-1998	1999	695
chr8	8889946	8894015	8891586	4069	8891980	-2034	2035	-394
chr8	37871650	37875861	37872761	4211	37873755	-2105	2106	-994
chr8	38411651	38418890	38414824	7239	38415270	-3619	3620	-446
chr8	22615738	22622302	22618946	6564	22619020	-3282	3282	-74
chr8	22615738	22622302	22620045	6564	22619020	-3282	3282	1025
chr8	38995810	38997755	38997040	1945	38996782	-972	973	258
chr8	97274351	97279441	97276514	5090	97276896	-2545	2545	-382
chr8	123014254	123019023	123015177	4769	123016638	-2384	2385	-1461
chr8	47903124	47905536	47904922	2412	47904330	-1206	1206	592
chr8	67237758	67239528	67238752	1770	67238643	-885	885	109
chr8	67343181	67344380	67343227	1199	67343780	-599	600	-553
chr8	100263166	100265313	100264684	2147	100264239	-1073	1074	445
chr8	123783510	123785573	123785084	2063	123784541	-1031	1032	543
chr8	144082058	144088146	144084514	6088	144085102	-3044	3044	-588
chr8	109552758	109554013	109553920	1255	109553385	-627	628	535
chr8	60864523	60866995	60865321	2472	60865759	-1236	1236	-438
chr8	27609471	27612070	27610514	2599	27610770	-1299	1300	-256
chr8	42434721	42438210	42436994	3489	42436465	-1744	1745	529
chr8	115619105	115620132	115619788	1027	115619618	-513	514	170
chr8	8700818	8703276	8702914	2458	8702047	-1229	1229	867
chr8	100258523	100259472	100259132	949	100258997	-474	475	135
chr8	41611674	41615984	41614408	4310	41613829	-2155	2155	579
chr8	140560380	140561437	140560415	1057	140560908	-528	529	-493
chr8	144198762	144200651	144200460	1889	144199706	-944	945	754
chr8	124553254	124557983	124556253	4729	124555618	-2364	2365	635
chr8	143652181	143653468	143653396	1287	143652824	-643	644	572
chr8	123783510	123785573	123784478	2063	123784541	-1031	1032	-63
chr8	22247747	22252114	22248641	4367	22249930	-2183	2184	-1289
chr8	103328965	103331731	103331522	2766	103330348	-1383	1383	1174
chr8	119219435	119223048	119221635	3613	119221241	-1806	1807	394
chr8	108248076	108249635	108248673	1559	108248855	-779	780	-182
chr8	125007176	125009916	125009222	2740	125008546	-1370	1370	676
chr8	37871650	37875861	37872557	4211	37873755	-2105	2106	-1198
chr8	99870462	99873179	99870853	2717	99871820	-1358	1359	-967
chr8	37871650	37875861	37872437	4211	37873755	-2105	2106	-1318
chr8	58436849	58439904	58439725	3055	58438376	-1527	1528	1349
chr8	100705659	100707597	100706971	1938	100706628	-969	969	343
chr8	116848028	116849436	116849023	1408	116848732	-704	704	291
chr8	120444475	120446081	120445355	1606	120445278	-803	803	77
chr8	143249113	143251772	143250345	2659	143250442	-1329	1330	-97
chr8	144354974	144361416	144359834	6442	144358195	-3221	3221	1639
chr8	102653248	102655903	102655580	2655	102654575	-1327	1328	1005
chr8	56073199	56074105	56073222	906	56073652	-453	453	-430
chr8	8889946	8894015	8890690	4069	8891980	-2034	2035	-1290
chr8	37871650	37875861	37872007	4211	37873755	-2105	2106	-1748
chr8	100258523	100259472	100259240	949	100258997	-474	475	243
chr8	86442236	86444017	86442740	1781	86443126	-890	891	-386
chr8	97719127	97724931	97724728	5804	97722029	-2902	2902	2699
chr8	8889946	8894015	8891219	4069	8891980	-2034	2035	-761
chr8	22093701	22096169	22094593	2468	22094935	-1234	1234	-342
chr8	55783605	55785898	55785773	2293	55784751	-1146	1147	1022
chr8	67237758	67239528	67238405	1770	67238643	-885	885	-238
chr8	67343181	67344380	67343196	1199	67343780	-599	600	-584
chr8	100920533	100921591	100920734	1058	100921062	-529	529	-328
chr8	109280941	109282496	109281126	1555	109281718	-777	778	-592
chr8	124553254	124557983	124557839	4729	124555618	-2364	2365	2221
chr8	125434296	125437523	125436367	3227	125435909	-1613	1614	458
chr8	125434296	125437523	125436500	3227	125435909	-1613	1614	591
chr8	143838308	143842370	143838689	4062	143840339	-2031	2031	-1650
chr8	144394278	144401056	144396657	6778	144397667	-3389	3389	-1010
chr8	144837069	144842048	144841767	4979	144839558	-2489	2490	2209
chr8	100259976	100261768	100261709	1792	100260872	-896	896	837
chr8	144082058	144088146	144083295	6088	144085102	-3044	3044	-1807
chr8	144401445	144404337	144401450	2892	144402891	-1446	1446	-1441
chr8	144077894	144081891	144078735	3997	144079892	-1998	1999	-1157
chr8	144431485	144437772	144436973	6287	144434628	-3143	3144	2345
chr8	66175486	66177750	66176824	2264	66176618	-1132	1132	206
chr8	108442352	108444054	108443664	1702	108443203	-851	851	461
chr8	47963083	47967371	47966325	4288	47965227	-2144	2144	1098
chr8	22136577	22139163	22138528	2586	22137870	-1293	1293	658
chr8	22247747	22252114	22248212	4367	22249930	-2183	2184	-1718
chr8	38411651	38418890	38413690	7239	38415270	-3619	3620	-1580
chr8	93733302	93736503	93733754	3201	93734902	-1600	1601	-1148
chr8	97274351	97279441	97276951	5090	97276896	-2545	2545	55
chr8	123336007	123338427	123336400	2420	123337217	-1210	1210	-817
chr8	125364253	125367868	125367088	3615	125366060	-1807	1808	1028
chr8	143249113	143251772	143250035	2659	143250442	-1329	1330	-407
chr8	144837069	144842048	144841858	4979	144839558	-2489	2490	2300
chr8	144837069	144842048	144842016	4979	144839558	-2489	2490	2458
chr8	22096859	22104067	22099858	7208	22100463	-3604	3604	-605
chr8	23223000	23226900	23224771	3900	23224950	-1950	1950	-179
chr8	37693616	37698922	37696129	5306	37696269	-2653	2653	-140
chr8	66634452	66636990	66634539	2538	66635721	-1269	1269	-1182
chr8	47910198	47912620	47912449	2422	47911409	-1211	1211	1040
chr8	47928300	47932956	47929112	4656	47930628	-2328	2328	-1516
chr8	22416413	22421337	22419576	4924	22418875	-2462	2462	701
chr8	37693616	37698922	37696138	5306	37696269	-2653	2653	-131
chr8	60864523	60866995	60865600	2472	60865759	-1236	1236	-159
chr8	85176762	85178501	85177648	1739	85177631	-869	870	17
chr8	103297840	103300334	103300101	2494	103299087	-1247	1247	1014
chr8	63167178	63169534	63168844	2356	63168356	-1178	1178	488
chr8	27288361	27290287	27290157	1926	27289324	-963	963	833
chr8	37844413	37845197	37845004	784	37844805	-392	392	199
chr8	11852220	11854490	11852635	2270	11853355	-1135	1135	-720
chr8	119219435	119223048	119221592	3613	119221241	-1806	1807	351
chr8	67061121	67062538	67061657	1417	67061829	-708	709	-172
chr8	142662830	142666909	142664507	4079	142664869	-2039	2040	-362
chr8	94878635	94880322	94880120	1687	94879478	-843	844	642
chr8	124553254	124557983	124553342	4729	124555618	-2364	2365	-2276
chr8	9555074	9556818	9556215	1744	9555946	-872	872	269
chr8	11328178	11332268	11331684	4090	11330223	-2045	2045	1461
chr8	11846445	11850011	11849178	3566	11848228	-1783	1783	950
chr8	22416413	22421337	22417826	4924	22418875	-2462	2462	-1049
chr8	98156635	98158503	98157657	1868	98157569	-934	934	88
chr8	140530604	140533421	140531953	2817	140532012	-1408	1409	-59
chr8	97274351	97279441	97276617	5090	97276896	-2545	2545	-279
chr8	28750786	28756325	28752570	5539	28753555	-2769	2770	-985
chr8	144354974	144361416	144357049	6442	144358195	-3221	3221	-1146
chr8	60864523	60866995	60866694	2472	60865759	-1236	1236	935
chr8	89969560	89971469	89971282	1909	89970514	-954	955	768
chr8	144394278	144401056	144399627	6778	144397667	-3389	3389	1960
chr8	91069312	91071834	91070331	2522	91070573	-1261	1261	-242
chr8	96259760	96262941	96262058	3181	96261350	-1590	1591	708
chr8	144082058	144088146	144085985	6088	144085102	-3044	3044	883
chr8	97274351	97279441	97276799	5090	97276896	-2545	2545	-97
chr8	144354974	144361416	144356328	6442	144358195	-3221	3221	-1867
chr8	144439337	144440542	144440066	1205	144439939	-602	603	127
chr8	8376168	8379882	8377246	3714	8378025	-1857	1857	-779
chr8	42434721	42438210	42437527	3489	42436465	-1744	1745	1062
chr8	80518639	80519394	80519298	755	80519016	-377	378	282
chr8	144394278	144401056	144395180	6778	144397667	-3389	3389	-2487
chr8	96259760	96262941	96261952	3181	96261350	-1590	1591	602
chr8	28768549	28770470	28769915	1921	28769509	-960	961	406
chr8	80485424	80487928	80487672	2504	80486676	-1252	1252	996
chr8	22093701	22096169	22094438	2468	22094935	-1234	1234	-497
chr8	27511346	27514937	27511895	3591	27513141	-1795	1796	-1246
chr8	60864523	60866995	60865035	2472	60865759	-1236	1236	-724
chr8	94640999	94643119	94642053	2120	94642059	-1060	1060	-6
chr8	9555074	9556818	9556340	1744	9555946	-872	872	394
chr8	142662830	142666909	142666336	4079	142664869	-2039	2040	1467
chr8	144452784	144460425	144453426	7641	144456604	-3820	3821	-3178
chr8	140539130	140545768	140539349	6638	140542449	-3319	3319	-3100
chr8	52630080	52632148	52630497	2068	52631114	-1034	1034	-617
chr8	42434721	42438210	42437492	3489	42436465	-1744	1745	1027
chr8	98129878	98131353	98130158	1475	98130615	-737	738	-457
chr8	140530604	140533421	140532016	2817	140532012	-1408	1409	4
chr8	144837069	144842048	144841350	4979	144839558	-2489	2490	1792
chr8	8376168	8379882	8376873	3714	8378025	-1857	1857	-1152
chr8	22689056	22696052	22691091	6996	22692554	-3498	3498	-1463
chr8	66634452	66636990	66635107	2538	66635721	-1269	1269	-614
chr8	120444475	120446081	120445122	1606	120445278	-803	803	-156
chr8	66428798	66431197	66429180	2399	66429997	-1199	1200	-817
chr8	142657931	142661161	142659044	3230	142659546	-1615	1615	-502
chr8	9139422	9141409	9140864	1987	9140415	-993	994	449
chr8	22194122	22199690	22194858	5568	22196906	-2784	2784	-2048
chr8	22247747	22252114	22250455	4367	22249930	-2183	2184	525
chr8	93733302	93736503	93734126	3201	93734902	-1600	1601	-776
chr8	9555074	9556818	9556605	1744	9555946	-872	872	659
chr8	144394278	144401056	144400395	6778	144397667	-3389	3389	2728
chr9	133055543	133062292	133058091	6749	133058917	-3374	3375	-826
chr9	33463825	33467327	33466349	3502	33465576	-1751	1751	773
chr9	35702865	35707715	35703999	4850	35705290	-2425	2425	-1291
chr9	94565224	94569569	94567309	4345	94567396	-2172	2173	-87
chr9	95874487	95876792	95875263	2305	95875639	-1152	1153	-376
chr9	113372153	113375572	113374003	3419	113373862	-1709	1710	141
chr9	33463825	33467327	33464044	3502	33465576	-1751	1751	-1532
chr9	87966493	87968647	87967617	2154	87967570	-1077	1077	47
chr9	128634021	128638739	128636307	4718	128636380	-2359	2359	-73
chr9	19378236	19381163	19380103	2927	19379699	-1463	1464	404
chr9	34253944	34257362	34256372	3418	34255653	-1709	1709	719
chr9	35731772	35739402	35737758	7630	35735587	-3815	3815	2171
chr9	128213061	128220516	128220021	7455	128216788	-3727	3728	3233
chr9	131445554	131448853	131446593	3299	131447203	-1649	1650	-610
chr9	131626399	131631968	131628663	5569	131629183	-2784	2785	-520
chr9	83970107	83972952	83971976	2845	83971529	-1422	1423	447
chr9	35067113	35072852	35068007	5739	35069982	-2869	2870	-1975
chr9	83970107	83972952	83972104	2845	83971529	-1422	1423	575
chr9	93563054	93564624	93564281	1570	93563839	-785	785	442
chr9	133055543	133062292	133057852	6749	133058917	-3374	3375	-1065
chr9	128248487	128251752	128248557	3265	128250119	-1632	1633	-1562
chr9	33463825	33467327	33464970	3502	33465576	-1751	1751	-606
chr9	125583674	125587128	125585687	3454	125585401	-1727	1727	286
chr9	128749177	128753493	128751477	4316	128751335	-2158	2158	142
chr9	34253944	34257362	34256403	3418	34255653	-1709	1709	750
chr9	36215379	36218423	36217508	3044	36216901	-1522	1522	607
chr9	133784797	133790731	133788360	5934	133787764	-2967	2967	596
chr9	35731772	35739402	35735124	7630	35735587	-3815	3815	-463
chr9	35731772	35739402	35732818	7630	35735587	-3815	3815	-2769
chr9	137779644	137785533	137782345	5889	137782588	-2944	2945	-243
chr9	35067113	35072852	35067982	5739	35069982	-2869	2870	-2000
chr9	128993880	128995952	128995499	2072	128994916	-1036	1036	583
chr9	127505392	127509723	127508523	4331	127507557	-2165	2166	966
chr9	35094794	35095711	35095512	917	35095252	-458	459	260
chr9	37439351	37441262	37441078	1911	37440306	-955	956	772
chr9	124317878	124323405	124321503	5527	124320641	-2763	2764	862
chr9	127444592	127451214	127445165	6622	127447903	-3311	3311	-2738
chr9	133477579	133479976	133479127	2397	133478777	-1198	1199	350
chr9	135480775	135488272	135486171	7497	135484523	-3748	3749	1648
chr9	127505392	127509723	127508175	4331	127507557	-2165	2166	618
chr9	124449299	124452803	124452659	3504	124451051	-1752	1752	1608
chr9	128485383	128489700	128485471	4317	128487541	-2158	2159	-2070
chr9	131429365	131432134	131430245	2769	131430749	-1384	1385	-504
chr9	128917073	128920387	128917961	3314	128918730	-1657	1657	-769
chr9	6805457	6809301	6805599	3844	6807379	-1922	1922	-1780
chr9	134051794	134059486	134053410	7692	134055640	-3846	3846	-2230
chr9	134139017	134142858	134141947	3841	134140937	-1920	1921	1010
chr9	114340805	114343974	114341562	3169	114342389	-1584	1585	-827
chr9	35610111	35611870	35610638	1759	35610990	-879	880	-352
chr9	35555603	35563587	35563033	7984	35559595	-3992	3992	3438
chr9	35702865	35707715	35707174	4850	35705290	-2425	2425	1884
chr9	35731772	35739402	35738883	7630	35735587	-3815	3815	3296
chr9	38619483	38622702	38620237	3219	38621092	-1609	1610	-855
chr9	93576005	93579589	93576846	3584	93577797	-1792	1792	-951
chr9	93648003	93654631	93654470	6628	93651317	-3314	3314	3153
chr9	98079441	98082662	98081176	3221	98081051	-1610	1611	125
chr9	128906112	128911670	128908510	5558	128908891	-2779	2779	-381
chr9	128906112	128911670	128908948	5558	128908891	-2779	2779	57
chr9	133362037	133365675	133364905	3638	133363856	-1819	1819	1049
chr9	136461901	136463443	136463055	1542	136462672	-771	771	383
chr9	136905375	136910224	136908193	4849	136907799	-2424	2425	394
chr9	108890453	108892563	108891304	2110	108891508	-1055	1055	-204
chr9	130615482	130618572	130616419	3090	130617027	-1545	1545	-608
chr9	35731772	35739402	35739065	7630	35735587	-3815	3815	3478
chr9	89360796	89366140	89364143	5344	89363468	-2672	2672	675
chr9	89604431	89606523	89605256	2092	89605477	-1046	1046	-221
chr9	89604431	89606523	89605811	2092	89605477	-1046	1046	334
chr9	121166705	121169053	121168155	2348	121167879	-1174	1174	276
chr9	128692058	128694088	128692693	2030	128693073	-1015	1015	-380
chr9	133055543	133062292	133061982	6749	133058917	-3374	3375	3065
chr9	135502860	135507578	135503571	4718	135505219	-2359	2359	-1648
chr9	136722271	136724401	136723321	2130	136723336	-1065	1065	-15
chr9	134046841	134049394	134048455	2553	134048117	-1276	1277	338
chr9	33264050	33266662	33266047	2612	33265356	-1306	1306	691
chr9	109401145	109407016	109406520	5871	109404080	-2935	2936	2440
chr9	132675702	132679298	132678398	3596	132677500	-1798	1798	898
chr9	131434566	131437072	131436644	2506	131435819	-1253	1253	825
chr9	120855324	120856947	120856270	1623	120856135	-811	812	135
chr9	128725942	128731343	128731318	5401	128728642	-2700	2701	2676
chr9	35688890	35691662	35689722	2772	35690276	-1386	1386	-554
chr9	109012506	109013858	109013319	1352	109013182	-676	676	137
chr9	128274995	128280014	128276303	5019	128277504	-2509	2510	-1201
chr9	128996254	128999170	128998615	2916	128997712	-1458	1458	903
chr9	133457800	133461719	133458032	3919	133459759	-1959	1960	-1727
chr9	136461901	136463443	136463102	1542	136462672	-771	771	430
chr9	2810301	2812104	2811363	1803	2811202	-901	902	161
chr9	109401145	109407016	109406504	5871	109404080	-2935	2936	2424
chr9	128906112	128911670	128907372	5558	128908891	-2779	2779	-1519
chr9	133040944	133044969	133043873	4025	133042956	-2012	2013	917
chr9	134033357	134036433	134036315	3076	134034895	-1538	1538	1420
chr9	35659126	35661228	35660618	2102	35660177	-1051	1051	441
chr9	83970107	83972952	83970808	2845	83971529	-1422	1423	-721
chr9	86345382	86346506	86345671	1124	86345944	-562	562	-273
chr9	121173878	121175641	121175045	1763	121174759	-881	882	286
chr9	35659126	35661228	35660352	2102	35660177	-1051	1051	175
chr9	35659126	35661228	35660650	2102	35660177	-1051	1051	473
chr9	136403269	136409177	136407167	5908	136406223	-2954	2954	944
chr9	19378236	19381163	19379618	2927	19379699	-1463	1464	-81
chr9	33917971	33924272	33923896	6301	33921121	-3150	3151	2775
chr9	131490795	131491871	131491254	1076	131491333	-538	538	-79
chr9	32541572	32543577	32542368	2005	32542574	-1002	1003	-206
chr9	128616060	128621180	128618032	5120	128618620	-2560	2560	-588
chr9	127813708	127819260	127818300	5552	127816484	-2776	2776	1816
chr9	35555603	35563587	35558486	7984	35559595	-3992	3992	-1109
chr9	89360796	89366140	89363765	5344	89363468	-2672	2672	297
chr9	127518639	127525478	127523823	6839	127522058	-3419	3420	1765
chr9	34253944	34257362	34256502	3418	34255653	-1709	1709	849
chr9	131626399	131631968	131629218	5569	131629183	-2784	2785	35
chr9	37783500	37785171	37783986	1671	37784335	-835	836	-349
chr9	137554334	137556029	137555419	1695	137555181	-847	848	238
chr9	35731772	35739402	35739006	7630	35735587	-3815	3815	3419
chr9	92619314	92620335	92619506	1021	92619824	-510	511	-318
chr9	127803892	127810307	127804679	6415	127807099	-3207	3208	-2420
chr9	135480775	135488272	135485995	7497	135484523	-3748	3749	1472
chr9	133766234	133770700	133769485	4466	133768467	-2233	2233	1018
chr9	136475943	136477927	136477280	1984	136476935	-992	992	345
chr9	113484836	113487848	113485647	3012	113486342	-1506	1506	-695
chr9	114632657	114635942	114633866	3285	114634299	-1642	1643	-433
chr9	127705572	127712055	127707137	6483	127708813	-3241	3242	-1676
chr9	94297502	94301830	94299879	4328	94299666	-2164	2164	213
chr9	112332326	112334313	112333612	1987	112333319	-993	994	293
chr9	122850812	122854022	122853863	3210	122852417	-1605	1605	1446
chr9	127803892	127810307	127807655	6415	127807099	-3207	3208	556
chr9	128906112	128911670	128907870	5558	128908891	-2779	2779	-1021
chr9	135502860	135507578	135503192	4718	135505219	-2359	2359	-2027
chr9	132675702	132679298	132679162	3596	132677500	-1798	1798	1662
chr9	137554334	137556029	137555536	1695	137555181	-847	848	355
chr9	35753744	35757958	35754073	4214	35755851	-2107	2107	-1778
chr9	19378236	19381163	19380193	2927	19379699	-1463	1464	494
chr9	131230305	131236361	131233453	6056	131233333	-3028	3028	120
chr9	128106147	128106802	128106396	655	128106474	-327	328	-78
chr9	128996254	128999170	128998625	2916	128997712	-1458	1458	913
chr9	134033357	134036433	134033506	3076	134034895	-1538	1538	-1389
chr9	19378236	19381163	19378778	2927	19379699	-1463	1464	-921
chr9	133358709	133362004	133361115	3295	133360356	-1647	1648	759
chr9	99150798	99152448	99151674	1650	99151623	-825	825	51
chr9	121166705	121169053	121168279	2348	121167879	-1174	1174	400
chr9	128490695	128498064	128494581	7369	128494379	-3684	3685	202
chr9	35096099	35101840	35101262	5741	35098969	-2870	2871	2293
chr9	35555603	35563587	35562548	7984	35559595	-3992	3992	2953
chr9	128248487	128251752	128248655	3265	128250119	-1632	1633	-1464
chr9	35094794	35095711	35095229	917	35095252	-458	459	-23
chr9	129803520	129807304	129804152	3784	129805412	-1892	1892	-1260
chr9	133344602	133351371	133349427	6769	133347986	-3384	3385	1441
chr9	137187190	137192973	137189119	5783	137190081	-2891	2892	-962
chr9	38392156	38397683	38395917	5527	38394919	-2763	2764	998
chr9	128631998	128633664	128633295	1666	128632831	-833	833	464
chr9	33109315	33111971	33111238	2656	33110643	-1328	1328	595
chr9	137198385	137202529	137199530	4144	137200457	-2072	2072	-927
chr9	33260305	33261210	33261119	905	33260757	-452	453	362
chr9	19378236	19381163	19380073	2927	19379699	-1463	1464	374
chr9	37439351	37441262	37439623	1911	37440306	-955	956	-683
chr9	125240162	125241260	125240819	1098	125240711	-549	549	108
chr9	35555603	35563587	35560530	7984	35559595	-3992	3992	935
chr9	128213061	128220516	128218716	7455	128216788	-3727	3728	1928
chr9	37783500	37785171	37785026	1671	37784335	-835	836	691
chr9	128360412	128365600	128360441	5188	128363006	-2594	2594	-2565
chr9	113593756	113597466	113594094	3710	113595611	-1855	1855	-1517
chr9	89360796	89366140	89362363	5344	89363468	-2672	2672	-1105
chr9	78030328	78032927	78031161	2599	78031627	-1299	1300	-466
chr9	128177235	128181503	128179035	4268	128179369	-2134	2134	-334
chr9	36215379	36218423	36217535	3044	36216901	-1522	1522	634
chr9	94297502	94301830	94300097	4328	94299666	-2164	2164	431
chr9	132635605	132639815	132638362	4210	132637710	-2105	2105	652
chr9	133793292	133799798	133796435	6506	133796545	-3253	3253	-110
chr9	122911708	122916757	122911863	5049	122914232	-2524	2525	-2369
chr9	128177235	128181503	128179264	4268	128179369	-2134	2134	-105
chr9	34253944	34257362	34255757	3418	34255653	-1709	1709	104
chr9	35702865	35707715	35705646	4850	35705290	-2425	2425	356
chr9	128213061	128220516	128220259	7455	128216788	-3727	3728	3471
chr9	128490695	128498064	128494581	7369	128494379	-3684	3685	202
chr9	128733186	128740885	128733506	7699	128737035	-3849	3850	-3529
chr9	129811549	129818156	129813817	6607	129814852	-3303	3304	-1035
chr9	135502860	135507578	135503929	4718	135505219	-2359	2359	-1290
chr9	93107068	93112941	93107700	5873	93110004	-2936	2937	-2304
chr9	116078	118313	116959	2235	117195	-1117	1118	-236
chr9	128906112	128911670	128908697	5558	128908891	-2779	2779	-194
chr9	135480775	135488272	135488271	7497	135484523	-3748	3749	3748
chr9	128993880	128995952	128995451	2072	128994916	-1036	1036	535
chr9	33133703	33136653	33135288	2950	33135178	-1475	1475	110
chr9	136390023	136397942	136392695	7919	136393982	-3959	3960	-1287
chr9	137813585	137816220	137816012	2635	137814902	-1317	1318	1110
chr9	37420497	37424314	37422823	3817	37422405	-1908	1909	418
chr9	137187190	137192973	137187332	5783	137190081	-2891	2892	-2749
chr9	136671765	136677533	136672073	5768	136674649	-2884	2884	-2576
chr9	35054184	35059349	35057432	5165	35056766	-2582	2583	666
chr9	137813585	137816220	137816012	2635	137814902	-1317	1318	1110
chr9	127813708	127819260	127815924	5552	127816484	-2776	2776	-560
chr9	36215379	36218423	36217483	3044	36216901	-1522	1522	582
chr9	136371374	136374903	136371907	3529	136373138	-1764	1765	-1231
chr9	2835693	2839120	2837402	3427	2837406	-1713	1714	-4
chr9	33460563	33462615	33462164	2052	33461589	-1026	1026	575
chr9	93449471	93452662	93451004	3191	93451066	-1595	1596	-62
chr9	123113842	123117198	123114553	3356	123115520	-1678	1678	-967
chr9	123113842	123117198	123115233	3356	123115520	-1678	1678	-287
chr9	128213061	128220516	128219199	7455	128216788	-3727	3728	2411
chr9	33463825	33467327	33466364	3502	33465576	-1751	1751	788
chr9	33463825	33467327	33467131	3502	33465576	-1751	1751	1555
chr9	33463825	33467327	33467242	3502	33465576	-1751	1751	1666
chr9	33467374	33469910	33469549	2536	33468642	-1268	1268	907
chr9	133344602	133351371	133348236	6769	133347986	-3384	3385	250
chr9	135502860	135507578	135503911	4718	135505219	-2359	2359	-1308
chr9	33133703	33136653	33135289	2950	33135178	-1475	1475	111
chr9	34988932	34991958	34990604	3026	34990445	-1513	1513	159
chr9	34177439	34181290	34179011	3851	34179364	-1925	1926	-353
chr9	83025647	83029332	83025772	3685	83027489	-1842	1843	-1717
chr9	128480989	128485240	128484034	4251	128483114	-2125	2126	920
chr9	113369602	113370652	113369713	1050	113370127	-525	525	-414
chr9	124874048	124876976	124875128	2928	124875512	-1464	1464	-384
chr9	128749177	128753493	128751259	4316	128751335	-2158	2158	-76
chr9	133351389	133354160	133353795	2771	133352774	-1385	1386	1021
chr9	2827668	2830993	2829837	3325	2829330	-1662	1663	507
chr9	4661317	4663831	4662873	2514	4662574	-1257	1257	299
chr9	128213061	128220516	128220032	7455	128216788	-3727	3728	3244
chr9	34253944	34257362	34256036	3418	34255653	-1709	1709	383
chr9	100303371	100304247	100303671	876	100303809	-438	438	-138
chr9	5772838	5774487	5772982	1649	5773662	-824	825	-680
chr9	33327035	33329254	33328585	2219	33328144	-1109	1110	441
chr9	33463825	33467327	33465110	3502	33465576	-1751	1751	-466
chr9	105631876	105635585	105635050	3709	105633730	-1854	1855	1320
chr9	127459950	127463545	127461199	3595	127461747	-1797	1798	-548
chr9	128064058	128069519	128066970	5461	128066788	-2730	2731	182
chr9	128906112	128911670	128908385	5558	128908891	-2779	2779	-506
chr9	133102425	133104950	133102783	2525	133103687	-1262	1263	-904
chr9	35731772	35739402	35733106	7630	35735587	-3815	3815	-2481
chr9	35702865	35707715	35706353	4850	35705290	-2425	2425	1063
chr9	129808190	129811407	129808978	3217	129809798	-1608	1609	-820
chr9	87966493	87968647	87967276	2154	87967570	-1077	1077	-294
chr9	105631876	105635585	105635265	3709	105633730	-1854	1855	1535
chr9	136790561	136793156	136792835	2595	136791858	-1297	1298	977
chr9	6006800	6009152	6007299	2352	6007976	-1176	1176	-677
chr9	14311927	14316843	14313608	4916	14314385	-2458	2458	-777
chr9	32541572	32543577	32542898	2005	32542574	-1002	1003	324
chr9	93496301	93498098	93497468	1797	93497199	-898	899	269
chr9	123107672	123112802	123112133	5130	123110237	-2565	2565	1896
chr9	123113842	123117198	123114265	3356	123115520	-1678	1678	-1255
chr9	128274995	128280014	128276294	5019	128277504	-2509	2510	-1210
chr9	131494128	131495117	131494402	989	131494622	-494	495	-220
chr9	137301011	137302603	137301799	1592	137301807	-796	796	-8
chr9	5767347	5769282	5769149	1935	5768314	-967	968	835
chr9	33467374	33469910	33467509	2536	33468642	-1268	1268	-1133
chr9	35545856	35549406	35547491	3550	35547631	-1775	1775	-140
chr9	37425522	37429783	37429706	4261	37427652	-2130	2131	2054
chr9	37439351	37441262	37440934	1911	37440306	-955	956	628
chr9	137187190	137192973	137187552	5783	137190081	-2891	2892	-2529
chr9	4661317	4663831	4663399	2514	4662574	-1257	1257	825
chr9	127813708	127819260	127817278	5552	127816484	-2776	2776	794
chr9	98084544	98088542	98087091	3998	98086543	-1999	1999	548
chr9	136445903	136447579	136447305	1676	136446741	-838	838	564
chr9	34993008	34995253	34993356	2245	34994130	-1122	1123	-774
chr9	34988932	34991958	34990770	3026	34990445	-1513	1513	325
chr9	113593756	113597466	113596847	3710	113595611	-1855	1855	1236
chr9	128248487	128251752	128248631	3265	128250119	-1632	1633	-1488
chr9	35659126	35661228	35660409	2102	35660177	-1051	1051	232
chr9	97670837	97673442	97671276	2605	97672139	-1302	1303	-863
chr9	132398215	132399460	132398322	1245	132398837	-622	623	-515
chr9	116698144	116699002	116698293	858	116698573	-429	429	-280
chr9	136461901	136463443	136462991	1542	136462672	-771	771	319
chr9	37517769	37524685	37521596	6916	37521227	-3458	3458	369
chr9	135502860	135507578	135503777	4718	135505219	-2359	2359	-1442
chr9	19378236	19381163	19379622	2927	19379699	-1463	1464	-77
chr9	136371374	136374903	136372011	3529	136373138	-1764	1765	-1127
chr9	127489712	127493687	127492876	3975	127491699	-1987	1988	1177
chr9	32541572	32543577	32542628	2005	32542574	-1002	1003	54
chr9	130879987	130886470	130880090	6483	130883228	-3241	3242	-3138
chr9	33254770	33256688	33255288	1918	33255729	-959	959	-441
chr9	101405259	101408358	101408072	3099	101406808	-1549	1550	1264
chr9	33293180	33295451	33294962	2271	33294315	-1135	1136	647
chr9	92225397	92229227	92229112	3830	92227312	-1915	1915	1800
chr9	95110527	95113313	95111625	2786	95111920	-1393	1393	-295
chr9	113169070	113172403	113169720	3333	113170736	-1666	1667	-1016
chr9	5767347	5769282	5769087	1935	5768314	-967	968	773
chr9	35731772	35739402	35738363	7630	35735587	-3815	3815	2776
chr9	35702865	35707715	35707385	4850	35705290	-2425	2425	2095
chr9	121181504	121182592	121181545	1088	121182048	-544	544	-503
chr9	131626399	131631968	131627992	5569	131629183	-2784	2785	-1191
chr9	133099832	133101071	133100493	1239	133100451	-619	620	42
chr9	136790561	136793156	136792318	2595	136791858	-1297	1298	460
chr9	33467374	33469910	33467830	2536	33468642	-1268	1268	-812
chr9	129827563	129831284	129828204	3721	129829423	-1860	1861	-1219
chr9	129718416	129724487	129719247	6071	129721451	-3035	3036	-2204
chr9	19374569	19376683	19376336	2114	19375626	-1057	1057	710
chr9	113372153	113375572	113374523	3419	113373862	-1709	1710	661
chr9	6006800	6009152	6007235	2352	6007976	-1176	1176	-741
chr9	88543240	88544419	88544409	1179	88543829	-589	590	580
chr9	133055543	133062292	133058048	6749	133058917	-3374	3375	-869
chr9	2810301	2812104	2811570	1803	2811202	-901	902	368
chr9	34177439	34181290	34179238	3851	34179364	-1925	1926	-126
chr9	35545856	35549406	35546497	3550	35547631	-1775	1775	-1134
chr9	35610111	35611870	35610688	1759	35610990	-879	880	-302
chr9	92266486	92269067	92268171	2581	92267776	-1290	1291	395
chr9	98084544	98088542	98087315	3998	98086543	-1999	1999	772
chr9	101405259	101408358	101408297	3099	101406808	-1549	1550	1489
chr9	107329388	107330329	107329606	941	107329858	-470	471	-252
chr9	113372153	113375572	113373491	3419	113373862	-1709	1710	-371
chr9	122911708	122916757	122912036	5049	122914232	-2524	2525	-2196
chr9	124317878	124323405	124321531	5527	124320641	-2763	2764	890
chr9	128274995	128280014	128276316	5019	128277504	-2509	2510	-1188
chr9	128703853	128707745	128706763	3892	128705799	-1946	1946	964
chr9	128980253	128982139	128981300	1886	128981196	-943	943	104
chr9	130879987	130886470	130884052	6483	130883228	-3241	3242	824
chr9	131480526	131484042	131482860	3516	131482284	-1758	1758	576
chr9	133351389	133354160	133351937	2771	133352774	-1385	1386	-837
chr9	133358709	133362004	133360091	3295	133360356	-1647	1648	-265
chr9	133784797	133790731	133789296	5934	133787764	-2967	2967	1532
chr9	135502860	135507578	135503839	4718	135505219	-2359	2359	-1380
chr9	136403269	136409177	136407236	5908	136406223	-2954	2954	1013
chr9	92314822	92316211	92315512	1389	92315516	-694	695	-4
chr9	132896472	132897447	132897316	975	132896959	-487	488	357
chr9	35555603	35563587	35558282	7984	35559595	-3992	3992	-1313
chr9	35089575	35091994	35090194	2419	35090784	-1209	1210	-590
chr9	128064058	128069519	128066798	5461	128066788	-2730	2731	10
chr9	128064058	128069519	128067144	5461	128066788	-2730	2731	356
chr9	134027254	134032898	134032672	5644	134030076	-2822	2822	2596
chr9	133040944	133044969	133042203	4025	133042956	-2012	2013	-753
chr9	87966493	87968647	87967200	2154	87967570	-1077	1077	-370
chr9	19378236	19381163	19379496	2927	19379699	-1463	1464	-203
chr9	127459950	127463545	127461223	3595	127461747	-1797	1798	-524
chr9	128266983	128273996	128273847	7013	128270489	-3506	3507	3358
chr9	94297502	94301830	94299934	4328	94299666	-2164	2164	268
chr9	32541572	32543577	32542678	2005	32542574	-1002	1003	104
chr9	33348741	33354806	33354146	6065	33351773	-3032	3033	2373
chr9	34988932	34991958	34990778	3026	34990445	-1513	1513	333
chr9	35659126	35661228	35660321	2102	35660177	-1051	1051	144
chr9	68778631	68781173	68780775	2542	68779902	-1271	1271	873
chr9	83006072	83009032	83007470	2960	83007552	-1480	1480	-82
chr9	89337223	89338859	89338514	1636	89338041	-818	818	473
chr9	89354115	89359960	89358893	5845	89357037	-2922	2923	1856
chr9	92314822	92316211	92315543	1389	92315516	-694	695	27
chr9	95110527	95113313	95111592	2786	95111920	-1393	1393	-328
chr9	100441838	100443045	100442101	1207	100442441	-603	604	-340
chr9	125240162	125241260	125240250	1098	125240711	-549	549	-461
chr9	128639194	128645050	128640816	5856	128642122	-2928	2928	-1306
chr9	129803520	129807304	129807232	3784	129805412	-1892	1892	1820
chr9	129811549	129818156	129813761	6607	129814852	-3303	3304	-1091
chr9	129827563	129831284	129828176	3721	129829423	-1860	1861	-1247
chr9	131626399	131631968	131628613	5569	131629183	-2784	2785	-570
chr9	136402127	136403154	136402808	1027	136402640	-513	514	168
chr9	35702865	35707715	35704105	4850	35705290	-2425	2425	-1185
chr9	89360796	89366140	89362196	5344	89363468	-2672	2672	-1272
chr9	92314822	92316211	92316052	1389	92315516	-694	695	536
chr9	125583674	125587128	125585664	3454	125585401	-1727	1727	263
chr9	127813708	127819260	127817165	5552	127816484	-2776	2776	681
chr9	128906112	128911670	128908115	5558	128908891	-2779	2779	-776
chr9	130615482	130618572	130617876	3090	130617027	-1545	1545	849
chr9	15487820	15491372	15490028	3552	15489596	-1776	1776	432
chr9	127505392	127509723	127508154	4331	127507557	-2165	2166	597
chr9	129827563	129831284	129830869	3721	129829423	-1860	1861	1446
chr9	100441838	100443045	100442111	1207	100442441	-603	604	-330
chr9	100441838	100443045	100442113	1207	100442441	-603	604	-328
chr9	32541572	32543577	32543100	2005	32542574	-1002	1003	526
chr9	132896472	132897447	132897301	975	132896959	-487	488	342
chr9	128468990	128475189	128471313	6199	128472089	-3099	3100	-776
chr9	135480775	135488272	135487369	7497	135484523	-3748	3749	2846
chr9	15467592	15470015	15469018	2423	15468803	-1211	1212	215
chr9	126880303	126883549	126881880	3246	126881926	-1623	1623	-46
chr9	35731772	35739402	35736900	7630	35735587	-3815	3815	1313
chr9	125240162	125241260	125240269	1098	125240711	-549	549	-442
chr9	113372153	113375572	113374129	3419	113373862	-1709	1710	267
chr9	128631998	128633664	128632249	1666	128632831	-833	833	-582
chr9	113169070	113172403	113169253	3333	113170736	-1666	1667	-1483
chr9	133064416	133070067	133068761	5651	133067241	-2825	2826	1520
chr9	136671765	136677533	136672378	5768	136674649	-2884	2884	-2271
chr9	62798835	62802978	62801461	4143	62800906	-2071	2072	555
chr9	92314822	92316211	92316103	1389	92315516	-694	695	587
chr9	114340805	114343974	114341636	3169	114342389	-1584	1585	-753
chr9	136113265	136119949	136116688	6684	136116607	-3342	3342	81
chr9	132675702	132679298	132679231	3596	132677500	-1798	1798	1731
chr9	19378236	19381163	19378448	2927	19379699	-1463	1464	-1251
chr9	37425522	37429783	37426624	4261	37427652	-2130	2131	-1028
chr9	129803520	129807304	129807282	3784	129805412	-1892	1892	1870
chr9	130887675	130895048	130893471	7373	130891361	-3686	3687	2110
chr9	133099832	133101071	133100017	1239	133100451	-619	620	-434
chr9	133351389	133354160	133354056	2771	133352774	-1385	1386	1282
chr9	92714384	92719763	92719274	5379	92717073	-2689	2690	2201
chr9	32541572	32543577	32541999	2005	32542574	-1002	1003	-575
chr9	35089575	35091994	35090236	2419	35090784	-1209	1210	-548
chr9	95110527	95113313	95111547	2786	95111920	-1393	1393	-373
chr9	35688890	35691662	35689823	2772	35690276	-1386	1386	-453
chr9	128248487	128251752	128248678	3265	128250119	-1632	1633	-1441
chr9	128749177	128753493	128753380	4316	128751335	-2158	2158	2045
chr9	128906112	128911670	128908953	5558	128908891	-2779	2779	62
chr9	116698144	116699002	116698822	858	116698573	-429	429	249
chr9	127813708	127819260	127818363	5552	127816484	-2776	2776	1879
chr9	129811549	129818156	129814050	6607	129814852	-3303	3304	-802
chr9	116698144	116699002	116698298	858	116698573	-429	429	-275
chr9	124887695	124892178	124890449	4483	124889936	-2241	2242	513
chr9	15487820	15491372	15489985	3552	15489596	-1776	1776	389
chr9	128064058	128069519	128067107	5461	128066788	-2730	2731	319
chr9	133477579	133479976	133479020	2397	133478777	-1198	1199	243
chr9	89360796	89366140	89362352	5344	89363468	-2672	2672	-1116
chr9	128634021	128638739	128635187	4718	128636380	-2359	2359	-1193
chr9	37425522	37429783	37428646	4261	37427652	-2130	2131	994
chr9	34253944	34257362	34257168	3418	34255653	-1709	1709	1515
chr9	35610111	35611870	35611834	1759	35610990	-879	880	844
chr9	122983921	122984854	122984569	933	122984387	-466	467	182
chr9	19374569	19376683	19376264	2114	19375626	-1057	1057	638
chr9	92314822	92316211	92315489	1389	92315516	-694	695	-27
chr9	128485383	128489700	128485446	4317	128487541	-2158	2159	-2095
chr9	7798475	7800230	7799564	1755	7799352	-877	878	212
chr9	94297502	94301830	94301000	4328	94299666	-2164	2164	1334
chr9	34253944	34257362	34255845	3418	34255653	-1709	1709	192
chr9	113369602	113370652	113369820	1050	113370127	-525	525	-307
chr9	128480989	128485240	128484005	4251	128483114	-2125	2126	891
chr9	137079388	137083387	137082711	3999	137081387	-1999	2000	1324
chr9	128968501	128972244	128970819	3743	128970372	-1871	1872	447
chr9	128098930	128105598	128101174	6668	128102264	-3334	3334	-1090
chr9	122911708	122916757	122911909	5049	122914232	-2524	2525	-2323
chr9	92314822	92316211	92315272	1389	92315516	-694	695	-244
chr9	128274995	128280014	128275927	5019	128277504	-2509	2510	-1577
chr9	133344602	133351371	133345249	6769	133347986	-3384	3385	-2737
chr9	33467374	33469910	33469231	2536	33468642	-1268	1268	589
chr9	33917971	33924272	33923951	6301	33921121	-3150	3151	2830
chr9	35061865	35063188	35063025	1323	35062526	-661	662	499
chr9	98010444	98013252	98011369	2808	98011848	-1404	1404	-479
chr9	133766234	133770700	133770447	4466	133768467	-2233	2233	1980
chr9	128906112	128911670	128908990	5558	128908891	-2779	2779	99
chr9	137582286	137583155	137582487	869	137582720	-434	435	-233
chr9	26891252	26893269	26892707	2017	26892260	-1008	1009	447
chr9	37425522	37429783	37429746	4261	37427652	-2130	2131	2094
chr9	128274995	128280014	128276698	5019	128277504	-2509	2510	-806
chr9	132675702	132679298	132678001	3596	132677500	-1798	1798	501
chr10	73781478	73786252	73782627	4774	73783865	-2387	2387	-1238
chr10	12195374	12197459	12196198	2085	12196416	-1042	1043	-218
chr10	51698765	51700313	51698776	1548	51699539	-774	774	-763
chr10	77794038	77797175	77794881	3137	77795606	-1568	1569	-725
chr10	15094682	15099034	15096279	4352	15096858	-2176	2176	-579
chr10	69381366	69385981	69384819	4615	69383673	-2307	2308	1146
chr10	49523953	49524860	49524458	907	49524406	-453	454	52
chr10	112444949	112447865	112445485	2916	112446407	-1458	1458	-922
chr10	124993101	124994244	124993947	1143	124993672	-571	572	275
chr10	125832358	125836027	125833785	3669	125834192	-1834	1835	-407
chr10	125840860	125842622	125841410	1762	125841741	-881	881	-331
chr10	133364473	133367369	133366082	2896	133365921	-1448	1448	161
chr10	102144418	102147464	102146861	3046	102145941	-1523	1523	920
chr10	99611342	99615062	99613539	3720	99613202	-1860	1860	337
chr10	5747017	5747867	5747791	850	5747442	-425	425	349
chr10	119031513	119033567	119033308	2054	119032540	-1027	1027	768
chr10	101774119	101776904	101774750	2785	101775511	-1392	1393	-761
chr10	102480001	102482899	102480107	2898	102481450	-1449	1449	-1343
chr10	46583176	46585245	46584498	2069	46584210	-1034	1035	288
chr10	102362381	102368590	102368235	6209	102365485	-3104	3105	2750
chr10	34107770	34111668	34111526	3898	34109719	-1949	1949	1807
chr10	8067508	8074837	8069540	7329	8071172	-3664	3665	-1632
chr10	8067508	8074837	8073783	7329	8071172	-3664	3665	2611
chr10	132706436	132713238	132710362	6802	132709837	-3401	3401	525
chr10	101003135	101007790	101004017	4655	101005462	-2327	2328	-1445
chr10	73813723	73815547	73815018	1824	73814635	-912	912	383
chr10	100986087	100990396	100988668	4309	100988241	-2154	2155	427
chr10	97369356	97374385	97370953	5029	97371870	-2514	2515	-917
chr10	119031513	119033567	119032701	2054	119032540	-1027	1027	161
chr10	8067508	8074837	8069537	7329	8071172	-3664	3665	-1635
chr10	98252162	98255883	98253641	3721	98254022	-1860	1861	-381
chr10	97369356	97374385	97373847	5029	97371870	-2514	2515	1977
chr10	56357736	56359250	56357908	1514	56358493	-757	757	-585
chr10	102066283	102069433	102066525	3150	102067858	-1575	1575	-1333
chr10	13652978	13656125	13654398	3147	13654551	-1573	1574	-153
chr10	100977482	100981334	100978223	3852	100979408	-1926	1926	-1185
chr10	79300358	79307796	79307468	7438	79304077	-3719	3719	3391
chr10	73764207	73770278	73765573	6071	73767242	-3035	3036	-1669
chr10	118045637	118048174	118046145	2537	118046905	-1268	1269	-760
chr10	98256484	98260172	98257684	3688	98258328	-1844	1844	-644
chr10	100982934	100985161	100983328	2227	100984047	-1113	1114	-719
chr10	102160597	102164501	102160926	3904	102162549	-1952	1952	-1623
chr10	119831974	119833966	119832072	1992	119832970	-996	996	-898
chr10	6111642	6115331	6113560	3689	6113486	-1844	1845	74
chr10	6220330	6223942	6222980	3612	6222136	-1806	1806	844
chr10	70232143	70233679	70233320	1536	70232911	-768	768	409
chr10	43386262	43390151	43386927	3889	43388206	-1944	1945	-1279
chr10	118045637	118048174	118045920	2537	118046905	-1268	1269	-985
chr10	119057448	119060311	119058184	2863	119058879	-1431	1432	-695
chr10	12165170	12169824	12167887	4654	12167497	-2327	2327	390
chr10	42796436	42797237	42797227	801	42796836	-400	401	391
chr10	73764207	73770278	73765553	6071	73767242	-3035	3036	-1689
chr10	97448821	97452978	97452168	4157	97450899	-2078	2079	1269
chr10	100977482	100981334	100980896	3852	100979408	-1926	1926	1488
chr10	101774119	101776904	101774796	2785	101775511	-1392	1393	-715
chr10	102480001	102482899	102480885	2898	102481450	-1449	1449	-565
chr10	103419726	103422543	103421431	2817	103421134	-1408	1409	297
chr10	132706436	132713238	132710409	6802	132709837	-3401	3401	572
chr10	27164614	27166609	27165516	1995	27165611	-997	998	-95
chr10	122947834	122948996	122948741	1162	122948415	-581	581	326
chr10	77805848	77811608	77805915	5760	77808728	-2880	2880	-2813
chr10	12165170	12169824	12169339	4654	12167497	-2327	2327	1842
chr10	14918577	14919850	14919810	1273	14919213	-636	637	597
chr10	73764207	73770278	73768829	6071	73767242	-3035	3036	1587
chr10	43110517	43115791	43112217	5274	43113154	-2637	2637	-937
chr10	3134847	3136902	3135829	2055	3135874	-1027	1028	-45
chr10	43386262	43390151	43387569	3889	43388206	-1944	1945	-637
chr10	102362381	102368590	102368295	6209	102365485	-3104	3105	2810
chr10	73764207	73770278	73766124	6071	73767242	-3035	3036	-1118
chr10	43117283	43123384	43119674	6101	43120333	-3050	3051	-659
chr10	133307438	133313862	133312934	6424	133310650	-3212	3212	2284
chr10	133364473	133367369	133366001	2896	133365921	-1448	1448	80
chr10	104294856	104298762	104297633	3906	104296809	-1953	1953	824
chr10	8067508	8074837	8073738	7329	8071172	-3664	3665	2566
chr10	43556647	43558851	43557757	2204	43557749	-1102	1102	8
chr10	133262574	133265861	133263100	3287	133264217	-1643	1644	-1117
chr10	132337260	132339839	132337682	2579	132338549	-1289	1290	-867
chr10	49523953	49524860	49524245	907	49524406	-453	454	-161
chr10	103415853	103417137	103416503	1284	103416495	-642	642	8
chr10	87227833	87234382	87228537	6549	87231107	-3274	3275	-2570
chr10	87861059	87865585	87864497	4526	87863322	-2263	2263	1175
chr10	72332869	72337547	72336590	4678	72335208	-2339	2339	1382
chr10	102452020	102457634	102454310	5614	102454827	-2807	2807	-517
chr10	34107770	34111668	34111208	3898	34109719	-1949	1949	1489
chr10	102725110	102727376	102726689	2266	102726243	-1133	1133	446
chr10	68074145	68075843	68075200	1698	68074994	-849	849	206
chr10	97379856	97386170	97381721	6314	97383013	-3157	3157	-1292
chr10	118045637	118048174	118047032	2537	118046905	-1268	1269	127
chr10	68341612	68342177	68342053	565	68341894	-282	283	159
chr10	8067508	8074837	8069531	7329	8071172	-3664	3665	-1641
chr10	90876415	90879126	90879065	2711	90877770	-1355	1356	1295
chr10	56357736	56359250	56358575	1514	56358493	-757	757	82
chr10	125840860	125842622	125841784	1762	125841741	-881	881	43
chr10	49523953	49524860	49524511	907	49524406	-453	454	105
chr10	49523953	49524860	49524710	907	49524406	-453	454	304
chr10	102066283	102069433	102067128	3150	102067858	-1575	1575	-730
chr10	43556647	43558851	43556708	2204	43557749	-1102	1102	-1041
chr10	97456739	97460991	97458885	4252	97458865	-2126	2126	20
chr10	131968838	131972625	131970748	3787	131970731	-1893	1894	17
chr10	131954358	131955938	131955761	1580	131955148	-790	790	613
chr10	70112348	70115202	70114938	2854	70113775	-1427	1427	1163
chr10	92347802	92349695	92349487	1893	92348748	-946	947	739
chr10	133417926	133425328	133420161	7402	133421627	-3701	3701	-1466
chr10	987317	989625	988464	2308	988471	-1154	1154	-7
chr10	101610679	101617501	101611673	6822	101614090	-3411	3411	-2417
chr10	49516752	49519064	49516763	2312	49517908	-1156	1156	-1145
chr10	124620090	124623135	124622749	3045	124621612	-1522	1523	1137
chr10	73764207	73770278	73767939	6071	73767242	-3035	3036	697
chr10	97462263	97466541	97463997	4278	97464402	-2139	2139	-405
chr10	103088178	103089911	103089380	1733	103089044	-866	867	336
chr10	3137937	3139574	3139023	1637	3138755	-818	819	268
chr10	110224569	110227517	110226200	2948	110226043	-1474	1474	157
chr10	102431010	102436531	102436521	5521	102433770	-2760	2761	2751
chr10	79292621	79295237	79293455	2616	79293929	-1308	1308	-474
chr10	34107770	34111668	34111020	3898	34109719	-1949	1949	1301
chr10	52314151	52316000	52314533	1849	52315075	-924	925	-542
chr10	28529684	28534500	28532694	4816	28532092	-2408	2408	602
chr10	27147641	27150225	27147646	2584	27148933	-1292	1292	-1287
chr10	8067508	8074837	8069534	7329	8071172	-3664	3665	-1638
chr10	103419726	103422543	103421552	2817	103421134	-1408	1409	418
chr10	133417926	133425328	133419584	7402	133421627	-3701	3701	-2043
chr10	6111642	6115331	6115154	3689	6113486	-1844	1845	1668
chr10	29488810	29492452	29490873	3642	29490631	-1821	1821	242
chr10	14838022	14839373	14838519	1351	14838697	-675	676	-178
chr10	87227833	87234382	87228637	6549	87231107	-3274	3275	-2470
chr10	102728789	102730207	102729394	1418	102729498	-709	709	-104
chr10	69399344	69406656	69401061	7312	69403000	-3656	3656	-1939
chr10	102377274	102382834	102379389	5560	102380054	-2780	2780	-665
chr10	73791792	73794781	73792435	2989	73793286	-1494	1495	-851
chr10	110297358	110297926	110297683	568	110297642	-284	284	41
chr10	56357736	56359250	56358872	1514	56358493	-757	757	379
chr10	71818321	71820131	71819522	1810	71819226	-905	905	296
chr10	8067508	8074837	8074109	7329	8071172	-3664	3665	2937
chr10	3112078	3116075	3112273	3997	3114076	-1998	1999	-1803
chr10	73771408	73774536	73773397	3128	73772972	-1564	1564	425
chr10	27184436	27186754	27186624	2318	27185595	-1159	1159	1029
chr10	12244697	12246774	12246269	2077	12245735	-1038	1039	534
chr10	96831596	96833666	96832339	2070	96832631	-1035	1035	-292
chr10	100986087	100990396	100988985	4309	100988241	-2154	2155	744
chr10	100992682	100995828	100993313	3146	100994255	-1573	1573	-942
chr10	97462263	97466541	97462670	4278	97464402	-2139	2139	-1732
chr10	8067508	8074837	8074021	7329	8071172	-3664	3665	2849
chr10	77805848	77811608	77807822	5760	77808728	-2880	2880	-906
chr10	31318248	31321219	31318955	2971	31319733	-1485	1486	-778
chr10	69394362	69396308	69395095	1946	69395335	-973	973	-240
chr10	80155673	80162938	80155780	7265	80159305	-3632	3633	-3525
chr10	14838022	14839373	14838421	1351	14838697	-675	676	-276
chr10	132445010	132448181	132448023	3171	132446595	-1585	1586	1428
chr10	43386262	43390151	43387534	3889	43388206	-1944	1945	-672
chr10	43556647	43558851	43557337	2204	43557749	-1102	1102	-412
chr10	70815659	70820574	70816850	4915	70818116	-2457	2458	-1266
chr10	996087	998958	996109	2871	997522	-1435	1436	-1413
chr10	125837054	125840580	125839015	3526	125838817	-1763	1763	198
chr10	73791792	73794781	73792319	2989	73793286	-1494	1495	-967
chr10	97369356	97374385	97370501	5029	97371870	-2514	2515	-1369
chr10	70815659	70820574	70816824	4915	70818116	-2457	2458	-1292
chr10	100977482	100981334	100981194	3852	100979408	-1926	1926	1786
chr10	43556647	43558851	43557284	2204	43557749	-1102	1102	-465
chr10	43126094	43129481	43128225	3387	43127787	-1693	1694	438
chr10	43556647	43558851	43557082	2204	43557749	-1102	1102	-667
chr10	102377274	102382834	102380313	5560	102380054	-2780	2780	259
chr10	100267011	100268794	100267656	1783	100267902	-891	892	-246
chr10	12195374	12197459	12196269	2085	12196416	-1042	1043	-147
chr10	51698765	51700313	51699571	1548	51699539	-774	774	32
chr10	56357736	56359250	56357920	1514	56358493	-757	757	-573
chr10	77805848	77811608	77805877	5760	77808728	-2880	2880	-2851
chr10	100986087	100990396	100986583	4309	100988241	-2154	2155	-1658
chr10	102066283	102069433	102067991	3150	102067858	-1575	1575	133
chr10	133262574	133265861	133263222	3287	133264217	-1643	1644	-995
chr10	95610629	95612446	95611303	1817	95611537	-908	909	-234
chr10	100986087	100990396	100987286	4309	100988241	-2154	2155	-955
chr10	102144418	102147464	102145059	3046	102145941	-1523	1523	-882
chr10	22319041	22323062	22321676	4021	22321051	-2010	2011	625
chr10	51698765	51700313	51699121	1548	51699539	-774	774	-418
chr10	75230651	75237486	75230921	6835	75234068	-3417	3418	-3147
chr10	94400130	94404116	94402611	3986	94402123	-1993	1993	488
chr10	114041029	114046343	114044571	5314	114043686	-2657	2657	885
chr10	133307438	133313862	133311870	6424	133310650	-3212	3212	1220
chr10	132706436	132713238	132708336	6802	132709837	-3401	3401	-1501
chr10	101774119	101776904	101774814	2785	101775511	-1392	1393	-697
chr10	124983256	124984125	124983540	869	124983690	-434	435	-150
chr10	15102610	15104050	15103559	1440	15103330	-720	720	229
chr10	102144418	102147464	102147376	3046	102145941	-1523	1523	1435
chr10	132748148	132752738	132749603	4590	132750443	-2295	2295	-840
chr10	102377274	102382834	102382135	5560	102380054	-2780	2780	2081
chr10	43110517	43115791	43113671	5274	43113154	-2637	2637	517
chr10	68338410	68339238	68338651	828	68338824	-414	414	-173
chr10	73771408	73774536	73773796	3128	73772972	-1564	1564	824
chr10	132748148	132752738	132749800	4590	132750443	-2295	2295	-643
chr10	69493520	69496412	69495605	2892	69494966	-1446	1446	639
chr10	12195374	12197459	12196096	2085	12196416	-1042	1043	-320
chr10	29463135	29465613	29463574	2478	29464374	-1239	1239	-800
chr10	42796436	42797237	42796844	801	42796836	-400	401	8
chr10	73771408	73774536	73771736	3128	73772972	-1564	1564	-1236
chr10	73771408	73774536	73772091	3128	73772972	-1564	1564	-881
chr10	97673765	97680985	97679803	7220	97677375	-3610	3610	2428
chr10	101782147	101784558	101782334	2411	101783352	-1205	1206	-1018
chr10	102144418	102147464	102146971	3046	102145941	-1523	1523	1030
chr10	118685211	118687823	118686106	2612	118686517	-1306	1306	-411
chr10	3081460	3083392	3082451	1932	3082426	-966	966	25
chr10	29468653	29470795	29470349	2142	29469724	-1071	1071	625
chr10	73771408	73774536	73772457	3128	73772972	-1564	1564	-515
chr10	102144418	102147464	102145024	3046	102145941	-1523	1523	-917
chr10	281350	283823	283417	2473	282586	-1236	1237	831
chr10	102370586	102371568	102370741	982	102371077	-491	491	-336
chr10	98252162	98255883	98255692	3721	98254022	-1860	1861	1670
chr10	24543416	24545180	24544223	1764	24544298	-882	882	-75
chr10	97363362	97367079	97366794	3717	97365220	-1858	1859	1574
chr10	100986087	100990396	100988316	4309	100988241	-2154	2155	75
chr10	92347802	92349695	92349487	1893	92348748	-946	947	739
chr10	98256484	98260172	98257698	3688	98258328	-1844	1844	-630
chr10	97569506	97576515	97570451	7009	97573010	-3504	3505	-2559
chr10	119036988	119038474	119038373	1486	119037731	-743	743	642
chr10	73764207	73770278	73765582	6071	73767242	-3035	3036	-1660
chr10	123153882	123155905	123155086	2023	123154893	-1011	1012	193
chr10	15094682	15099034	15096652	4352	15096858	-2176	2176	-206
chr10	125837054	125840580	125839100	3526	125838817	-1763	1763	283
chr10	11935028	11937350	11936708	2322	11936189	-1161	1161	519
chr10	12165170	12169824	12169330	4654	12167497	-2327	2327	1833
chr10	81873946	81877669	81875679	3723	81875807	-1861	1862	-128
chr10	3144920	3146996	3146970	2076	3145958	-1038	1038	1012
chr10	70144876	70147584	70146075	2708	70146230	-1354	1354	-155
chr10	100986087	100990396	100989270	4309	100988241	-2154	2155	1029
chr10	72273493	72275154	72274191	1661	72274323	-830	831	-132
chr10	126996790	126998729	126998228	1939	126997759	-969	970	469
chr10	69169977	69171690	69171344	1713	69170833	-856	857	511
chr10	101003135	101007790	101003655	4655	101005462	-2327	2328	-1807
chr10	101587094	101588917	101588481	1823	101588005	-911	912	476
chr10	125832358	125836027	125833772	3669	125834192	-1834	1835	-420
chr10	97673765	97680985	97677876	7220	97677375	-3610	3610	501
chr10	102377274	102382834	102382350	5560	102380054	-2780	2780	2296
chr10	46583176	46585245	46583849	2069	46584210	-1034	1035	-361
chr10	77794038	77797175	77796082	3137	77795606	-1568	1569	476
chr10	34107770	34111668	34111487	3898	34109719	-1949	1949	1768
chr10	100986087	100990396	100988154	4309	100988241	-2154	2155	-87
chr10	100986087	100990396	100988702	4309	100988241	-2154	2155	461
chr10	80155673	80162938	80161949	7265	80159305	-3632	3633	2644
chr10	32925313	32926612	32926110	1299	32925962	-649	650	148
chr10	73246321	73248716	73246764	2395	73247518	-1197	1198	-754
chr10	24543416	24545180	24544101	1764	24544298	-882	882	-197
chr10	68471928	68473450	68471949	1522	68472689	-761	761	-740
chr10	992041	995962	992489	3921	994001	-1960	1961	-1512
chr10	14871180	14872752	14871541	1572	14871966	-786	786	-425
chr10	43117283	43123384	43118420	6101	43120333	-3050	3051	-1913
chr10	119042137	119044220	119042614	2083	119043178	-1041	1042	-564
chr10	102362381	102368590	102368440	6209	102365485	-3104	3105	2955
chr10	22319041	22323062	22321553	4021	22321051	-2010	2011	502
chr10	124620090	124623135	124621973	3045	124621612	-1522	1523	361
chr10	74117489	74119368	74118180	1879	74118428	-939	940	-248
chr10	79705612	79712159	79711853	6547	79708885	-3273	3274	2968
chr10	101782147	101784558	101782484	2411	101783352	-1205	1206	-868
chr10	102132030	102138234	102137914	6204	102135132	-3102	3102	2782
chr10	8067508	8074837	8073760	7329	8071172	-3664	3665	2588
chr10	119035300	119036469	119036043	1169	119035884	-584	585	159
chr10	1016697	1024324	1019776	7627	1020510	-3813	3814	-734
chr10	5747017	5747867	5747846	850	5747442	-425	425	404
chr10	63464421	63466215	63465404	1794	63465318	-897	897	86
chr10	70112348	70115202	70115037	2854	70113775	-1427	1427	1262
chr10	70885159	70886937	70885909	1778	70886048	-889	889	-139
chr10	73246321	73248716	73246798	2395	73247518	-1197	1198	-720
chr10	80517006	80519475	80517916	2469	80518240	-1234	1235	-324
chr10	87861059	87865585	87862303	4526	87863322	-2263	2263	-1019
chr10	97456739	97460991	97459380	4252	97458865	-2126	2126	515
chr10	99899309	99903246	99899980	3937	99901277	-1968	1969	-1297
chr10	100977482	100981334	100979242	3852	100979408	-1926	1926	-166
chr10	100986087	100990396	100989796	4309	100988241	-2154	2155	1555
chr10	102641772	102647701	102644815	5929	102644736	-2964	2965	79
chr10	122947834	122948996	122948779	1162	122948415	-581	581	364
chr10	126996790	126998729	126996824	1939	126997759	-969	970	-935
chr10	133262574	133265861	133263022	3287	133264217	-1643	1644	-1195
chr10	124984429	124985509	124984963	1080	124984969	-540	540	-6
chr10	69367364	69370635	69369556	3271	69368999	-1635	1636	557
chr10	102448768	102451084	102450458	2316	102449926	-1158	1158	532
chr10	79300358	79307796	79304080	7438	79304077	-3719	3719	3
chr10	102138406	102140110	102139338	1704	102139258	-852	852	80
chr10	15102610	15104050	15103343	1440	15103330	-720	720	13
chr10	133301561	133304689	133302961	3128	133303125	-1564	1564	-164
chr10	21515919	21519049	21516416	3130	21517484	-1565	1565	-1068
chr10	56357736	56359250	56358275	1514	56358493	-757	757	-218
chr10	70112348	70115202	70114004	2854	70113775	-1427	1427	229
chr10	12165170	12169824	12167887	4654	12167497	-2327	2327	390
chr10	992041	995962	992527	3921	994001	-1960	1961	-1474
chr10	996087	998958	996202	2871	997522	-1435	1436	-1320
chr10	5767099	5768525	5768336	1426	5767812	-713	713	524
chr10	22319041	22323062	22319967	4021	22321051	-2010	2011	-1084
chr10	24543416	24545180	24544140	1764	24544298	-882	882	-158
chr10	43644533	43646566	43644666	2033	43645549	-1016	1017	-883
chr10	49516752	49519064	49517107	2312	49517908	-1156	1156	-801
chr10	49523953	49524860	49524616	907	49524406	-453	454	210
chr10	73246321	73248716	73246773	2395	73247518	-1197	1198	-745
chr10	73771408	73774536	73773571	3128	73772972	-1564	1564	599
chr10	78040404	78042638	78040617	2234	78041521	-1117	1117	-904
chr10	97456739	97460991	97460127	4252	97458865	-2126	2126	1262
chr10	97673765	97680985	97678022	7220	97677375	-3610	3610	647
chr10	98414108	98416840	98415074	2732	98415474	-1366	1366	-400
chr10	104001238	104002466	104002280	1228	104001852	-614	614	428
chr10	104002714	104003536	104002913	822	104003125	-411	411	-212
chr10	119500009	119501326	119500257	1317	119500667	-658	659	-410
chr10	124984429	124985509	124984877	1080	124984969	-540	540	-92
chr10	43556647	43558851	43557663	2204	43557749	-1102	1102	-86
chr10	74117489	74119368	74118180	1879	74118428	-939	940	-248
chr10	79347095	79354233	79353806	7138	79350664	-3569	3569	3142
chr10	97456739	97460991	97456990	4252	97458865	-2126	2126	-1875
chr10	132337260	132339839	132337659	2579	132338549	-1289	1290	-890
chr10	73496535	73500087	73498662	3552	73498311	-1776	1776	351
chr10	14871180	14872752	14871532	1572	14871966	-786	786	-434
chr10	97369356	97374385	97372798	5029	97371870	-2514	2515	928
chr10	5763825	5765606	5765335	1781	5764715	-890	891	620
chr10	8067508	8074837	8073914	7329	8071172	-3664	3665	2742
chr10	7801711	7803159	7802781	1448	7802435	-724	724	346
chr10	132445010	132448181	132447849	3171	132446595	-1585	1586	1254
chr10	100992682	100995828	100993593	3146	100994255	-1573	1573	-662
chr10	73764207	73770278	73769125	6071	73767242	-3035	3036	1883
chr10	73764207	73770278	73769833	6071	73767242	-3035	3036	2591
chr10	102480001	102482899	102482120	2898	102481450	-1449	1449	670
chr10	1048502	1049054	1048876	552	1048778	-276	276	98
chr10	97456739	97460991	97460920	4252	97458865	-2126	2126	2055
chr10	3134847	3136902	3136679	2055	3135874	-1027	1028	805
chr10	6225270	6228298	6226312	3028	6226784	-1514	1514	-472
chr10	18658475	18660772	18659666	2297	18659623	-1148	1149	43
chr10	29512397	29514151	29512786	1754	29513274	-877	877	-488
chr10	69399344	69406656	69405044	7312	69403000	-3656	3656	2044
chr10	80155673	80162938	80155754	7265	80159305	-3632	3633	-3551
chr10	95605068	95608041	95606902	2973	95606554	-1486	1487	348
chr10	97379856	97386170	97381424	6314	97383013	-3157	3157	-1589
chr10	102473480	102479004	102473706	5524	102476242	-2762	2762	-2536
chr10	127026228	127027883	127026355	1655	127027055	-827	828	-700
chr10	98423393	98427798	98425850	4405	98425595	-2202	2203	255
chr10	73771408	73774536	73771828	3128	73772972	-1564	1564	-1144
chr10	69399344	69406656	69405026	7312	69403000	-3656	3656	2026
chr10	3777815	3782398	3782077	4583	3780106	-2291	2292	1971
chr10	34115579	34119786	34119648	4207	34117682	-2103	2104	1966
chr10	42796436	42797237	42797110	801	42796836	-400	401	274
chr10	8067508	8074837	8074229	7329	8071172	-3664	3665	3057
chr10	133368234	133373941	133370018	5707	133371087	-2853	2854	-1069
chr10	73496535	73500087	73498743	3552	73498311	-1776	1776	432
chr10	7801711	7803159	7802859	1448	7802435	-724	724	424
chr10	125840860	125842622	125841788	1762	125841741	-881	881	47
chr10	1008935	1012885	1012599	3950	1010910	-1975	1975	1689
chr10	84144903	84146689	84144973	1786	84145796	-893	893	-823
chr10	97448821	97452978	97452179	4157	97450899	-2078	2079	1280
chr10	102362381	102368590	102362636	6209	102365485	-3104	3105	-2849
chr10	27147641	27150225	27148959	2584	27148933	-1292	1292	26
chr10	7787329	7789162	7788160	1833	7788245	-916	917	-85
chr10	101842210	101844314	101843526	2104	101843262	-1052	1052	264
chr10	72332869	72337547	72336623	4678	72335208	-2339	2339	1415
chr10	28529684	28534500	28533595	4816	28532092	-2408	2408	1503
chr10	97456739	97460991	97456996	4252	97458865	-2126	2126	-1869
chr10	43386262	43390151	43386609	3889	43388206	-1944	1945	-1597
chr10	21515919	21519049	21516316	3130	21517484	-1565	1565	-1168
chr10	86708817	86712589	86709913	3772	86710703	-1886	1886	-790
chr10	91906491	91909142	91908192	2651	91907816	-1325	1326	376
chr10	112444949	112447865	112445406	2916	112446407	-1458	1458	-1001
chr10	3144920	3146996	3145754	2076	3145958	-1038	1038	-204
chr10	71812717	71817431	71812823	4714	71815074	-2357	2357	-2251
chr10	69367364	69370635	69369599	3271	69368999	-1635	1636	600
chr10	6111642	6115331	6115002	3689	6113486	-1844	1845	1516
chr10	8067508	8074837	8069587	7329	8071172	-3664	3665	-1585
chr10	3144920	3146996	3145741	2076	3145958	-1038	1038	-217
chr10	73114249	73115749	73114395	1500	73114999	-750	750	-604
chr10	73771408	73774536	73772969	3128	73772972	-1564	1564	-3
chr10	97673765	97680985	97679826	7220	97677375	-3610	3610	2451
chr10	102725110	102727376	102726666	2266	102726243	-1133	1133	423
chr10	60029274	60030594	60029404	1320	60029934	-660	660	-530
chr10	100280921	100287226	100286145	6305	100284073	-3152	3153	2072
chr10	3137937	3139574	3138928	1637	3138755	-818	819	173
chr10	3144920	3146996	3145924	2076	3145958	-1038	1038	-34
chr10	132205650	132209561	132209075	3911	132207605	-1955	1956	1470
chr10	100992682	100995828	100993465	3146	100994255	-1573	1573	-790
chr10	101587094	101588917	101588229	1823	101588005	-911	912	224
chr10	102377274	102382834	102381162	5560	102380054	-2780	2780	1108
chr10	5758618	5759781	5758940	1163	5759199	-581	582	-259
chr10	102066283	102069433	102067527	3150	102067858	-1575	1575	-331
chr10	101060343	101065453	101064952	5110	101062898	-2555	2555	2054
chr10	43110517	43115791	43114508	5274	43113154	-2637	2637	1354
chr10	24543416	24545180	24544043	1764	24544298	-882	882	-255
chr10	42796436	42797237	42797067	801	42796836	-400	401	231
chr10	79300358	79307796	79300805	7438	79304077	-3719	3719	-3272
chr10	101610679	101617501	101611332	6822	101614090	-3411	3411	-2758
chr10	79297130	79299521	79299178	2391	79298325	-1195	1196	853
chr10	73781478	73786252	73782175	4774	73783865	-2387	2387	-1690
chr10	15102610	15104050	15103311	1440	15103330	-720	720	-19
chr10	79297130	79299521	79298520	2391	79298325	-1195	1196	195
chr10	101060343	101065453	101064345	5110	101062898	-2555	2555	1447
chr11	73307065	73312027	73311230	4962	73309546	-2481	2481	1684
chr11	1596299	1598659	1597436	2360	1597479	-1180	1180	-43
chr11	6606944	6613271	6609144	6327	6610107	-3163	3164	-963
chr11	65914927	65922841	65917250	7914	65918884	-3957	3957	-1634
chr11	66252248	66260016	66258739	7768	66256132	-3884	3884	2607
chr11	67489750	67494363	67491909	4613	67492056	-2306	2307	-147
chr11	118369592	118371779	118371522	2187	118370685	-1093	1094	837
chr11	66624045	66630417	66625630	6372	66627231	-3186	3186	-1601
chr11	2995938	3001124	3001058	5186	2998531	-2593	2593	2527
chr11	62765629	62770126	62765715	4497	62767877	-2248	2249	-2162
chr11	61814799	61815694	61815100	895	61815246	-447	448	-146
chr11	3822916	3824712	3824084	1796	3823814	-898	898	270
chr11	62558523	62560956	62560291	2433	62559739	-1216	1217	552
chr11	770928	774403	771072	3475	772665	-1737	1738	-1593
chr11	43335508	43337426	43335916	1918	43336467	-959	959	-551
chr11	57742440	57745448	57744396	3008	57743944	-1504	1504	452
chr11	61407699	61412655	61411016	4956	61410177	-2478	2478	839
chr11	65043053	65045155	65044512	2102	65044104	-1051	1051	408
chr11	65775055	65783036	65778100	7981	65779045	-3990	3991	-945
chr11	66634619	66640499	66639750	5880	66637559	-2940	2940	2191
chr11	118896786	118902999	118901061	6213	118899892	-3106	3107	1169
chr11	119024304	119029152	119028300	4848	119026728	-2424	2424	1572
chr11	67308074	67314201	67309479	6127	67311137	-3063	3064	-1658
chr11	126291097	126294776	126292603	3679	126292936	-1839	1840	-333
chr11	812545	816832	812762	4287	814688	-2143	2144	-1926
chr11	6479889	6482411	6480450	2522	6481150	-1261	1261	-700
chr11	124625342	124627603	124625683	2261	124626472	-1130	1131	-789
chr11	77586711	77590563	77590555	3852	77588637	-1926	1926	1918
chr11	62884595	62890157	62885495	5562	62887376	-2781	2781	-1881
chr11	66335067	66338108	66335835	3041	66336587	-1520	1521	-752
chr11	66484512	66486898	66485179	2386	66485705	-1193	1193	-526
chr11	67351777	67354319	67351940	2542	67353048	-1271	1271	-1108
chr11	65086044	65089150	65086444	3106	65087597	-1553	1553	-1153
chr11	62531653	62533331	62532383	1678	62532492	-839	839	-109
chr11	78573868	78576126	78574560	2258	78574997	-1129	1129	-437
chr11	116777162	116780330	116778779	3168	116778746	-1584	1584	33
chr11	47409487	47416455	47415327	6968	47412971	-3484	3484	2356
chr11	57698453	57700408	57699970	1955	57699430	-977	978	540
chr11	62624916	62632527	62630245	7611	62628721	-3805	3806	1524
chr11	57308068	57309784	57308402	1716	57308926	-858	858	-524
chr11	119046334	119051042	119048801	4708	119048688	-2354	2354	113
chr11	46375539	46383449	46376549	7910	46379494	-3955	3955	-2945
chr11	58616739	58618178	58617210	1439	58617458	-719	720	-248
chr11	71998978	72005958	72001474	6980	72002468	-3490	3490	-994
chr11	62660241	62667273	62666503	7032	62663757	-3516	3516	2746
chr11	57527187	57529455	57528852	2268	57528321	-1134	1134	531
chr11	64223872	64227729	64225865	3857	64225800	-1928	1929	65
chr11	65877645	65883826	65882237	6181	65880735	-3090	3091	1502
chr11	65775055	65783036	65779379	7981	65779045	-3990	3991	334
chr11	44077125	44080767	44079426	3642	44078946	-1821	1821	480
chr11	47416484	47421318	47418818	4834	47418901	-2417	2417	-83
chr11	64283282	64287348	64286714	4066	64285315	-2033	2033	1399
chr11	72092374	72097841	72095201	5467	72095107	-2733	2734	94
chr11	64115703	64118504	64116390	2801	64117103	-1400	1401	-713
chr11	65498987	65501167	65500187	2180	65500077	-1090	1090	110
chr11	6606944	6613271	6613040	6327	6610107	-3163	3164	2933
chr11	57815074	57817200	57816890	2126	57816137	-1063	1063	753
chr11	47235726	47241595	47237703	5869	47238660	-2934	2935	-957
chr11	67489750	67494363	67493042	4613	67492056	-2306	2307	986
chr11	62830580	62833151	62831235	2571	62831865	-1285	1286	-630
chr11	65996412	66000833	66000377	4421	65998622	-2210	2211	1755
chr11	64115703	64118504	64117422	2801	64117103	-1400	1401	319
chr11	62689555	62693132	62692403	3577	62691343	-1788	1789	1060
chr11	62804927	62807252	62805387	2325	62806089	-1162	1163	-702
chr11	64223872	64227729	64224568	3857	64225800	-1928	1929	-1232
chr11	85663225	85666526	85664420	3301	85664875	-1650	1651	-455
chr11	45869169	45872371	45869697	3202	45870770	-1601	1601	-1073
chr11	66464852	66470360	66468876	5508	66467606	-2754	2754	1270
chr11	46395872	46401244	46397495	5372	46398558	-2686	2686	-1063
chr11	68258938	68264741	68263742	5803	68261839	-2901	2902	1903
chr11	6565631	6570505	6567623	4874	6568068	-2437	2437	-445
chr11	47409487	47416455	47413438	6968	47412971	-3484	3484	467
chr11	66252248	66260016	66258814	7768	66256132	-3884	3884	2682
chr11	72233961	72240637	72238372	6676	72237299	-3338	3338	1073
chr11	65914927	65922841	65920372	7914	65918884	-3957	3957	1488
chr11	68258938	68264741	68262271	5803	68261839	-2901	2902	432
chr11	64857550	64861219	64860016	3669	64859384	-1834	1835	632
chr11	378381	382101	380165	3720	380241	-1860	1860	-76
chr11	3825330	3831190	3825379	5860	3828260	-2930	2930	-2881
chr11	57326600	57332546	57331846	5946	57329573	-2973	2973	2273
chr11	61527814	61534403	61528024	6589	61531108	-3294	3295	-3084
chr11	62531653	62533331	62532777	1678	62532492	-839	839	285
chr11	65877645	65883826	65883406	6181	65880735	-3090	3091	2671
chr11	119115779	119117410	119116140	1631	119116594	-815	816	-454
chr11	61527814	61534403	61528032	6589	61531108	-3294	3295	-3076
chr11	3124137	3128605	3126562	4468	3126371	-2234	2234	191
chr11	72092374	72097841	72093602	5467	72095107	-2733	2734	-1505
chr11	126274286	126278158	126277626	3872	126276222	-1936	1936	1404
chr11	71472863	71476527	71474481	3664	71474695	-1832	1832	-214
chr11	6565631	6570505	6566438	4874	6568068	-2437	2437	-1630
chr11	32088435	32093565	32091380	5130	32091000	-2565	2565	380
chr11	34151342	34155769	34152422	4427	34153555	-2213	2214	-1133
chr11	43319718	43323495	43320824	3777	43321606	-1888	1889	-782
chr11	59806518	59807564	59806653	1046	59807041	-523	523	-388
chr11	60850951	60854746	60853334	3795	60852848	-1897	1898	486
chr11	62624916	62632527	62627118	7611	62628721	-3805	3806	-1603
chr11	62660241	62667273	62667108	7032	62663757	-3516	3516	3351
chr11	64316793	64324072	64319843	7279	64320432	-3639	3640	-589
chr11	64857550	64861219	64860162	3669	64859384	-1834	1835	778
chr11	66692864	66696045	66692997	3181	66694454	-1590	1591	-1457
chr11	68157551	68159445	68158210	1894	68158498	-947	947	-288
chr11	68423026	68429949	68423681	6923	68426487	-3461	3462	-2806
chr11	71472863	71476527	71474403	3664	71474695	-1832	1832	-292
chr11	119335052	119338374	119336214	3322	119336713	-1661	1661	-499
chr11	123058387	123059377	123058762	990	123058882	-495	495	-120
chr11	126274286	126278158	126275389	3872	126276222	-1936	1936	-833
chr11	130195042	130201789	130198599	6747	130198415	-3373	3374	184
chr11	62572951	62576539	62575943	3588	62574745	-1794	1794	1198
chr11	72014811	72019425	72015838	4614	72017118	-2307	2307	-1280
chr11	6606944	6613271	6610036	6327	6610107	-3163	3164	-71
chr11	58616739	58618178	58616785	1439	58617458	-719	720	-673
chr11	67364256	67367946	67364838	3690	67366101	-1845	1845	-1263
chr11	3657970	3663850	3659781	5880	3660910	-2940	2940	-1129
chr11	71472863	71476527	71474606	3664	71474695	-1832	1832	-89
chr11	65877645	65883826	65883679	6181	65880735	-3090	3091	2944
chr11	126262717	126268473	126265070	5756	126265595	-2878	2878	-525
chr11	70472501	70475804	70473433	3303	70474152	-1651	1652	-719
chr11	47572424	47575817	47573413	3393	47574120	-1696	1697	-707
chr11	6217028	6220081	6218129	3053	6218554	-1526	1527	-425
chr11	61964171	61969736	61968246	5565	61966953	-2782	2783	1293
chr11	126262717	126268473	126263966	5756	126265595	-2878	2878	-1629
chr11	66624045	66630417	66624468	6372	66627231	-3186	3186	-2763
chr11	95821884	95826252	95822745	4368	95824068	-2184	2184	-1323
chr11	64303510	64307796	64304566	4286	64305653	-2143	2143	-1087
chr11	66624045	66630417	66625341	6372	66627231	-3186	3186	-1890
chr11	118893020	118894822	118894591	1802	118893921	-901	901	670
chr11	70371196	70373587	70372117	2391	70372391	-1195	1196	-274
chr11	67308074	67314201	67309533	6127	67311137	-3063	3064	-1604
chr11	72092374	72097841	72096771	5467	72095107	-2733	2734	1664
chr11	62689555	62693132	62690663	3577	62691343	-1788	1789	-680
chr11	62689555	62693132	62690862	3577	62691343	-1788	1789	-481
chr11	47475598	47477540	47477421	1942	47476569	-971	971	852
chr11	106010360	106012517	106010954	2157	106011438	-1078	1079	-484
chr11	65213235	65218970	65213930	5735	65216102	-2867	2868	-2172
chr11	66692864	66696045	66693256	3181	66694454	-1590	1591	-1198
chr11	1829076	1836891	1834549	7815	1832983	-3907	3908	1566
chr11	68026335	68033486	68033171	7151	68029910	-3575	3576	3261
chr11	72014811	72019425	72015364	4614	72017118	-2307	2307	-1754
chr11	119112234	119115580	119113962	3346	119113907	-1673	1673	55
chr11	67248238	67251335	67250119	3097	67249786	-1548	1549	333
chr11	62735693	62740158	62738329	4465	62737925	-2232	2233	404
chr11	117226132	117227330	117227182	1198	117226731	-599	599	451
chr11	67297068	67303170	67299110	6102	67300119	-3051	3051	-1009
chr11	71436861	71441992	71437935	5131	71439426	-2565	2566	-1491
chr11	119046334	119051042	119046649	4708	119048688	-2354	2354	-2039
chr11	85684967	85686382	85686135	1415	85685674	-707	708	461
chr11	119335052	119338374	119335683	3322	119336713	-1661	1661	-1030
chr11	65343887	65348080	65346317	4193	65345983	-2096	2097	334
chr11	72105292	72110713	72108667	5421	72108002	-2710	2711	665
chr11	61402075	61405178	61403172	3103	61403626	-1551	1552	-454
chr11	64229816	64232918	64230289	3102	64231367	-1551	1551	-1078
chr11	66052012	66054985	66052494	2973	66053498	-1486	1487	-1004
chr11	64223872	64227729	64227203	3857	64225800	-1928	1929	1403
chr11	119178903	119181124	119179771	2221	119180013	-1110	1111	-242
chr11	57308068	57309784	57308582	1716	57308926	-858	858	-344
chr11	119046334	119051042	119048801	4708	119048688	-2354	2354	113
chr11	65890396	65895821	65891203	5425	65893108	-2712	2713	-1905
chr11	118479131	118485719	118484297	6588	118482425	-3294	3294	1872
chr11	64316793	64324072	64316922	7279	64320432	-3639	3640	-3510
chr11	72753402	72758400	72754933	4998	72755901	-2499	2499	-968
chr11	62572951	62576539	62575905	3588	62574745	-1794	1794	1160
chr11	123729430	123730837	123730748	1407	123730133	-703	704	615
chr11	3825330	3831190	3827859	5860	3828260	-2930	2930	-401
chr11	47235726	47241595	47238166	5869	47238660	-2934	2935	-494
chr11	129436310	129439561	129436775	3251	129437935	-1625	1626	-1160
chr11	68157551	68159445	68157864	1894	68158498	-947	947	-634
chr11	78573868	78576126	78574567	2258	78574997	-1129	1129	-430
chr11	83166258	83167385	83166468	1127	83166821	-563	564	-353
chr11	119335052	119338374	119335110	3322	119336713	-1661	1661	-1603
chr11	47409487	47416455	47415290	6968	47412971	-3484	3484	2319
chr11	47282607	47285218	47282617	2611	47283912	-1305	1306	-1295
chr11	118896786	118902999	118900033	6213	118899892	-3106	3107	141
chr11	3822916	3824712	3824068	1796	3823814	-898	898	254
chr11	34136425	34139959	34139397	3534	34138192	-1767	1767	1205
chr11	64316793	64324072	64317114	7279	64320432	-3639	3640	-3318
chr11	70341994	70346464	70343873	4470	70344229	-2235	2235	-356
chr11	2661252	2664864	2662007	3612	2663058	-1806	1806	-1051
chr11	72092374	72097841	72094969	5467	72095107	-2733	2734	-138
chr11	95788260	95790889	95790650	2629	95789574	-1314	1315	1076
chr11	118907214	118908931	118907491	1717	118908072	-858	859	-581
chr11	3664560	3666878	3666475	2318	3665719	-1159	1159	756
chr11	71443313	71445790	71444192	2477	71444551	-1238	1239	-359
chr11	118580975	118583189	118581449	2214	118582082	-1107	1107	-633
chr11	67308074	67314201	67310169	6127	67311137	-3063	3064	-968
chr11	484385	490768	489997	6383	487576	-3191	3192	2421
chr11	770928	774403	770955	3475	772665	-1737	1738	-1710
chr11	61799804	61805634	61803753	5830	61802719	-2915	2915	1034
chr11	62715108	62717077	62715574	1969	62716092	-984	985	-518
chr11	65996412	66000833	65999665	4421	65998622	-2210	2211	1043
chr11	70433790	70436506	70436217	2716	70435148	-1358	1358	1069
chr11	72753402	72758400	72755002	4998	72755901	-2499	2499	-899
chr11	130912908	130916972	130914855	4064	130914940	-2032	2032	-85
chr11	3664560	3666878	3666525	2318	3665719	-1159	1159	806
chr11	63824414	63829841	63826980	5427	63827127	-2713	2714	-147
chr11	74847279	74851339	74848196	4060	74849309	-2030	2030	-1113
chr11	60900332	60902234	60901521	1902	60901283	-951	951	238
chr11	32088435	32093565	32091324	5130	32091000	-2565	2565	324
chr11	64775583	64776800	64776451	1217	64776191	-608	609	260
chr11	6389476	6395459	6391795	5983	6392467	-2991	2992	-672
chr11	94797765	94801624	94799659	3859	94799694	-1929	1930	-35
chr11	117204741	117207453	117207065	2712	117206097	-1356	1356	968
chr11	72010385	72014299	72013934	3914	72012342	-1957	1957	1592
chr11	62834068	62837633	62835573	3565	62835850	-1782	1783	-277
chr11	10805002	10806307	10806001	1305	10805654	-652	653	347
chr11	69076342	69084207	69078542	7865	69080274	-3932	3933	-1732
chr11	69649910	69656336	69651172	6426	69653123	-3213	3213	-1951
chr11	58616739	58618178	58617300	1439	58617458	-719	720	-158
chr11	2920776	2925038	2922185	4262	2922907	-2131	2131	-722
chr11	118479131	118485719	118484197	6588	118482425	-3294	3294	1772
chr11	3775702	3777698	3775967	1996	3776700	-998	998	-733
chr11	65877645	65883826	65883759	6181	65880735	-3090	3091	3024
chr11	66643357	66644044	66643757	687	66643700	-343	344	57
chr11	67308074	67314201	67309855	6127	67311137	-3063	3064	-1282
chr11	66624045	66630417	66624421	6372	66627231	-3186	3186	-2810
chr11	66624045	66630417	66624550	6372	66627231	-3186	3186	-2681
chr11	78573868	78576126	78574567	2258	78574997	-1129	1129	-430
chr11	16788792	16791744	16789126	2952	16790268	-1476	1476	-1142
chr11	61419417	61420697	61419967	1280	61420057	-640	640	-90
chr11	62531653	62533331	62531936	1678	62532492	-839	839	-556
chr11	64216964	64223381	64219748	6417	64220172	-3208	3209	-424
chr11	70433790	70436506	70435190	2716	70435148	-1358	1358	42
chr11	95788260	95790889	95788515	2629	95789574	-1314	1315	-1059
chr11	63901412	63903099	63902673	1687	63902255	-843	844	418
chr11	72014811	72019425	72018843	4614	72017118	-2307	2307	1725
chr11	134373990	134376926	134374627	2936	134375458	-1468	1468	-831
chr11	71443313	71445790	71444163	2477	71444551	-1238	1239	-388
chr11	3089033	3094249	3093604	5216	3091641	-2608	2608	1963
chr11	60903475	60905055	60903505	1580	60904265	-790	790	-760
chr11	62624916	62632527	62626622	7611	62628721	-3805	3806	-2099
chr11	68157551	68159445	68158424	1894	68158498	-947	947	-74
chr11	3796635	3799013	3798089	2378	3797824	-1189	1189	265
chr11	1596299	1598659	1597655	2360	1597479	-1180	1180	176
chr11	113850335	113853974	113852612	3639	113852154	-1819	1820	458
chr11	59788463	59794257	59792209	5794	59791360	-2897	2897	849
chr11	62624916	62632527	62631097	7611	62628721	-3805	3806	2376
chr11	85723589	85724870	85724263	1281	85724229	-640	641	34
chr11	68687360	68691247	68690916	3887	68689303	-1943	1944	1613
chr11	66335067	66338108	66337719	3041	66336587	-1520	1521	1132
chr11	65501285	65504991	65504814	3706	65503138	-1853	1853	1676
chr11	33708451	33710957	33710294	2506	33709704	-1253	1253	590
chr11	8680895	8688512	8682781	7617	8684703	-3808	3809	-1922
chr11	66686420	66688662	66687561	2242	66687541	-1121	1121	20
chr11	65914927	65922841	65917294	7914	65918884	-3957	3957	-1590
chr11	72010385	72014299	72013650	3914	72012342	-1957	1957	1308
chr11	118479131	118485719	118480187	6588	118482425	-3294	3294	-2238
chr11	64768857	64769933	64769239	1076	64769395	-538	538	-156
chr11	10803157	10804900	10803504	1743	10804028	-871	872	-524
chr11	68258938	68264741	68262610	5803	68261839	-2901	2902	771
chr11	63911228	63919010	63912679	7782	63915119	-3891	3891	-2440
chr11	64115703	64118504	64117491	2801	64117103	-1400	1401	388
chr11	66058139	66060260	66058359	2121	66059199	-1060	1061	-840
chr11	68780244	68785602	68780648	5358	68782923	-2679	2679	-2275
chr11	112086564	112088770	112087963	2206	112087667	-1103	1103	296
chr11	126301009	126304832	126304264	3823	126302920	-1911	1912	1344
chr11	34151342	34155769	34152446	4427	34153555	-2213	2214	-1109
chr11	129436310	129439561	129436784	3251	129437935	-1625	1626	-1151
chr11	71443313	71445790	71444884	2477	71444551	-1238	1239	333
chr11	73389759	73395104	73392284	5345	73392431	-2672	2673	-147
chr11	69671836	69676725	69673254	4889	69674280	-2444	2445	-1026
chr11	72824011	72827783	72824817	3772	72825897	-1886	1886	-1080
chr11	6389476	6395459	6390840	5983	6392467	-2991	2992	-1627
chr11	65498987	65501167	65499150	2180	65500077	-1090	1090	-927
chr11	3089033	3094249	3090619	5216	3091641	-2608	2608	-1022
chr11	57698453	57700408	57699097	1955	57699430	-977	978	-333
chr11	67351777	67354319	67352006	2542	67353048	-1271	1271	-1042
chr11	70272007	70272992	70272285	985	70272499	-492	493	-214
chr11	65498987	65501167	65500527	2180	65500077	-1090	1090	450
chr11	3669682	3671781	3669866	2099	3670731	-1049	1050	-865
chr11	67297068	67303170	67299885	6102	67300119	-3051	3051	-234
chr11	66335067	66338108	66336330	3041	66336587	-1520	1521	-257
chr11	117189066	117191893	117190230	2827	117190479	-1413	1414	-249
chr11	117404867	117410730	117409694	5863	117407798	-2931	2932	1896
chr11	47421874	47424667	47422584	2793	47423270	-1396	1397	-686
chr11	117204741	117207453	117206463	2712	117206097	-1356	1356	366
chr11	117213556	117219361	117219151	5805	117216458	-2902	2903	2693
chr11	34051294	34053643	34052397	2349	34052468	-1174	1175	-71
chr11	66692864	66696045	66694340	3181	66694454	-1590	1591	-114
chr11	85684967	85686382	85685546	1415	85685674	-707	708	-128
chr11	85684967	85686382	85685998	1415	85685674	-707	708	324
chr11	118893020	118894822	118893876	1802	118893921	-901	901	-45
chr11	57688859	57691757	57690048	2898	57690308	-1449	1449	-260
chr11	119024304	119029152	119025073	4848	119026728	-2424	2424	-1655
chr11	67257039	67257708	67257393	669	67257373	-334	335	20
chr11	68157551	68159445	68158673	1894	68158498	-947	947	175
chr11	72010385	72014299	72013551	3914	72012342	-1957	1957	1209
chr11	119092225	119095303	119092416	3078	119093764	-1539	1539	-1348
chr11	64316793	64324072	64318246	7279	64320432	-3639	3640	-2186
chr11	66668693	66672944	66669258	4251	66670818	-2125	2126	-1560
chr11	85663225	85666526	85664466	3301	85664875	-1650	1651	-409
chr11	65320958	65324008	65321056	3050	65322483	-1525	1525	-1427
chr11	69649910	69656336	69653084	6426	69653123	-3213	3213	-39
chr11	65501285	65504991	65502547	3706	65503138	-1853	1853	-591
chr11	130195042	130201789	130198559	6747	130198415	-3373	3374	144
chr11	6606944	6613271	6609770	6327	6610107	-3163	3164	-337
chr11	69076342	69084207	69078514	7865	69080274	-3932	3933	-1760
chr11	3796635	3799013	3798010	2378	3797824	-1189	1189	186
chr11	57326600	57332546	57332233	5946	57329573	-2973	2973	2660
chr11	65996412	66000833	65997583	4421	65998622	-2210	2211	-1039
chr11	67248238	67251335	67250414	3097	67249786	-1548	1549	628
chr11	72838624	72842714	72841455	4090	72840669	-2045	2045	786
chr11	134244189	134246771	134245474	2582	134245480	-1291	1291	-6
chr11	134244189	134246771	134245044	2582	134245480	-1291	1291	-436
chr11	62735693	62740158	62738317	4465	62737925	-2232	2233	392
chr11	57736464	57740504	57740483	4040	57738484	-2020	2020	1999
chr11	64205593	64212180	64207400	6587	64208886	-3293	3294	-1486
chr11	63911228	63919010	63913997	7782	63915119	-3891	3891	-1122
chr11	59788463	59794257	59792207	5794	59791360	-2897	2897	847
chr11	57742440	57745448	57742971	3008	57743944	-1504	1504	-973
chr11	58616739	58618178	58616764	1439	58617458	-719	720	-694
chr11	63901412	63903099	63902678	1687	63902255	-843	844	423
chr11	66470820	66473205	66471283	2385	66472012	-1192	1193	-729
chr11	68258938	68264741	68261947	5803	68261839	-2901	2902	108
chr11	130195042	130201789	130196729	6747	130198415	-3373	3374	-1686
chr11	64216964	64223381	64219914	6417	64220172	-3208	3209	-258
chr11	6616722	6618087	6617694	1365	6617404	-682	683	290
chr11	64775583	64776800	64776482	1217	64776191	-608	609	291
chr11	106010360	106012517	106011067	2157	106011438	-1078	1079	-371
chr11	119092225	119095303	119093158	3078	119093764	-1539	1539	-606
chr11	124631526	124633838	124632389	2312	124632682	-1156	1156	-293
chr11	65505028	65509115	65505373	4087	65507071	-2043	2044	-1698
chr11	65505028	65509115	65505705	4087	65507071	-2043	2044	-1366
chr11	65505028	65509115	65506461	4087	65507071	-2043	2044	-610
chr11	3701192	3703145	3702516	1953	3702168	-976	977	348
chr11	59575969	59577447	59576511	1478	59576708	-739	739	-197
chr11	45809387	45812715	45810956	3328	45811051	-1664	1664	-95
chr11	57302017	57307999	57302636	5982	57305008	-2991	2991	-2372
chr11	119112234	119115580	119113866	3346	119113907	-1673	1673	-41
chr11	126262717	126268473	126265421	5756	126265595	-2878	2878	-174
chr11	130132965	130135109	130133722	2144	130134037	-1072	1072	-315
chr11	134361498	134364453	134364393	2955	134362975	-1477	1478	1418
chr11	62645684	62651279	62648063	5595	62648481	-2797	2798	-418
chr11	639184	645283	640571	6099	642233	-3049	3050	-1662
chr11	588797	595787	591405	6990	592292	-3495	3495	-887
chr11	8680895	8688512	8682689	7617	8684703	-3808	3809	-2014
chr11	10803157	10804900	10804018	1743	10804028	-871	872	-10
chr11	20387058	20388266	20388031	1208	20387662	-604	604	369
chr11	46368773	46375416	46371484	6643	46372094	-3321	3322	-610
chr11	47171073	47175930	47171711	4857	47173501	-2428	2429	-1790
chr11	57742440	57745448	57744442	3008	57743944	-1504	1504	498
chr11	60900332	60902234	60901351	1902	60901283	-951	951	68
chr11	61513692	61521372	61516004	7680	61517532	-3840	3840	-1528
chr11	62137472	62140597	62138959	3125	62139034	-1562	1563	-75
chr11	62624916	62632527	62629610	7611	62628721	-3805	3806	889
chr11	64316793	64324072	64316912	7279	64320432	-3639	3640	-3520
chr11	66692864	66696045	66694254	3181	66694454	-1590	1591	-200
chr11	117404867	117410730	117409736	5863	117407798	-2931	2932	1938
chr11	126291097	126294776	126294163	3679	126292936	-1839	1840	1227
chr11	65537607	65538625	65538393	1018	65538116	-509	509	277
chr11	73233818	73235981	73234826	2163	73234899	-1081	1082	-73
chr11	47583589	47584446	47584386	857	47584017	-428	429	369
chr11	72776640	72782080	72781166	5440	72779360	-2720	2720	1806
chr11	72776640	72782080	72781167	5440	72779360	-2720	2720	1807
chr11	62645684	62651279	62649924	5595	62648481	-2797	2798	1443
chr11	66698047	66701336	66699062	3289	66699691	-1644	1645	-629
chr11	118907214	118908931	118908386	1717	118908072	-858	859	314
chr11	62531653	62533331	62533327	1678	62532492	-839	839	835
chr11	118758900	118759935	118758995	1035	118759417	-517	518	-422
chr11	45920272	45926469	45923505	6197	45923370	-3098	3099	135
chr11	1596299	1598659	1598255	2360	1597479	-1180	1180	776
chr11	3664560	3666878	3666300	2318	3665719	-1159	1159	581
chr11	34161571	34165542	34164704	3971	34163556	-1985	1986	1148
chr11	57795413	57798006	57796826	2593	57796709	-1296	1297	117
chr11	72010385	72014299	72014053	3914	72012342	-1957	1957	1711
chr11	72014811	72019425	72018400	4614	72017118	-2307	2307	1282
chr11	47267926	47271655	47267977	3729	47269790	-1864	1865	-1813
chr11	57688859	57691757	57690251	2898	57690308	-1449	1449	-57
chr11	66692864	66696045	66693040	3181	66694454	-1590	1591	-1414
chr11	14468092	14469943	14469551	1851	14469017	-925	926	534
chr11	47177460	47179317	47178412	1857	47178388	-928	929	24
chr11	62149540	62154249	62150205	4709	62151894	-2354	2355	-1689
chr11	62670568	62673334	62671348	2766	62671951	-1383	1383	-603
chr11	65498987	65501167	65499074	2180	65500077	-1090	1090	-1003
chr11	68026335	68033486	68033286	7151	68029910	-3575	3576	3376
chr11	72014811	72019425	72015639	4614	72017118	-2307	2307	-1479
chr11	72753402	72758400	72757856	4998	72755901	-2499	2499	1955
chr11	6616722	6618087	6616745	1365	6617404	-682	683	-659
chr11	47321428	47328300	47323675	6872	47324864	-3436	3436	-1189
chr11	62598883	62605203	62604027	6320	62602043	-3160	3160	1984
chr11	64316793	64324072	64317092	7279	64320432	-3639	3640	-3340
chr11	66058139	66060260	66058935	2121	66059199	-1060	1061	-264
chr11	66634619	66640499	66639997	5880	66637559	-2940	2940	2438
chr11	117189066	117191893	117190257	2827	117190479	-1413	1414	-222
chr11	119178903	119181124	119180272	2221	119180013	-1110	1111	259
chr11	6518053	6520138	6520122	2085	6519095	-1042	1043	1027
chr11	47475598	47477540	47476858	1942	47476569	-971	971	289
chr11	59795117	59797754	59797367	2637	59796435	-1318	1319	932
chr11	78573868	78576126	78574372	2258	78574997	-1129	1129	-625
chr11	126262717	126268473	126266866	5756	126265595	-2878	2878	1271
chr11	62531653	62533331	62533067	1678	62532492	-839	839	575
chr11	47171073	47175930	47174976	4857	47173501	-2428	2429	1475
chr11	1583608	1585427	1584748	1819	1584517	-909	910	231
chr11	65537607	65538625	65537878	1018	65538116	-509	509	-238
chr11	46395872	46401244	46397739	5372	46398558	-2686	2686	-819
chr11	63901412	63903099	63902282	1687	63902255	-843	844	27
chr11	118580975	118583189	118581502	2214	118582082	-1107	1107	-580
chr11	6389476	6395459	6390787	5983	6392467	-2991	2992	-1680
chr11	67467743	67471352	67468018	3609	67469547	-1804	1805	-1529
chr11	3002268	3004246	3002543	1978	3003257	-989	989	-714
chr11	72105292	72110713	72110481	5421	72108002	-2710	2711	2479
chr11	83166258	83167385	83166652	1127	83166821	-563	564	-169
chr11	65545593	65549964	65546857	4371	65547778	-2185	2186	-921
chr11	865739	871044	865764	5305	868391	-2652	2653	-2627
chr11	46675195	46681354	46681331	6159	46678274	-3079	3080	3057
chr11	126262717	126268473	126263969	5756	126265595	-2878	2878	-1626
chr11	47572424	47575817	47573264	3393	47574120	-1696	1697	-856
chr11	126262717	126268473	126265099	5756	126265595	-2878	2878	-496
chr11	62834068	62837633	62835981	3565	62835850	-1782	1783	131
chr11	65296629	65300471	65297370	3842	65298550	-1921	1921	-1180
chr11	45809387	45812715	45810786	3328	45811051	-1664	1664	-265
chr11	3796635	3799013	3797949	2378	3797824	-1189	1189	125
chr11	124625342	124627603	124625899	2261	124626472	-1130	1131	-573
chr11	3089033	3094249	3090660	5216	3091641	-2608	2608	-981
chr11	46375539	46383449	46379011	7910	46379494	-3955	3955	-483
chr11	130195042	130201789	130198408	6747	130198415	-3373	3374	-7
chr11	77624329	77625515	77624993	1186	77624922	-593	593	71
chr11	7994925	7997569	7995013	2644	7996247	-1322	1322	-1234
chr11	62624916	62632527	62629294	7611	62628721	-3805	3806	573
chr11	47171073	47175930	47171491	4857	47173501	-2428	2429	-2010
chr11	68780244	68785602	68784834	5358	68782923	-2679	2679	1911
chr11	47409487	47416455	47415084	6968	47412971	-3484	3484	2113
chr11	126262717	126268473	126266529	5756	126265595	-2878	2878	934
chr11	58616739	58618178	58617434	1439	58617458	-719	720	-24
chr11	66668693	66672944	66668814	4251	66670818	-2125	2126	-2004
chr11	118893020	118894822	118893685	1802	118893921	-901	901	-236
chr11	10803157	10804900	10803285	1743	10804028	-871	872	-743
chr11	66252248	66260016	66258645	7768	66256132	-3884	3884	2513
chr11	118907214	118908931	118908357	1717	118908072	-858	859	285
chr11	65498987	65501167	65500966	2180	65500077	-1090	1090	889
chr11	65501285	65504991	65501983	3706	65503138	-1853	1853	-1155
chr11	64216964	64223381	64219776	6417	64220172	-3208	3209	-396
chr11	67308074	67314201	67311848	6127	67311137	-3063	3064	711
chr11	378381	382101	380848	3720	380241	-1860	1860	607
chr11	3004386	3006143	3005386	1757	3005264	-878	879	122
chr11	62824837	62826967	62825420	2130	62825902	-1065	1065	-482
chr11	118479131	118485719	118484197	6588	118482425	-3294	3294	1772
chr11	66436983	66442629	66437244	5646	66439806	-2823	2823	-2562
chr11	77666223	77667494	77667296	1271	77666858	-635	636	438
chr11	66001614	66005880	66003368	4266	66003747	-2133	2133	-379
chr11	126274286	126278158	126277499	3872	126276222	-1936	1936	1277
chr11	8680895	8688512	8682756	7617	8684703	-3808	3809	-1947
chr11	770928	774403	770961	3475	772665	-1737	1738	-1704
chr11	47321428	47328300	47323719	6872	47324864	-3436	3436	-1145
chr11	66698047	66701336	66699568	3289	66699691	-1644	1645	-123
chr11	106010360	106012517	106011067	2157	106011438	-1078	1079	-371
chr11	123058387	123059377	123058735	990	123058882	-495	495	-147
chr11	484385	490768	489482	6383	487576	-3191	3192	1906
chr11	6565631	6570505	6570129	4874	6568068	-2437	2437	2061
chr11	75403844	75405681	75404679	1837	75404762	-918	919	-83
chr11	6680696	6683979	6682178	3283	6682337	-1641	1642	-159
chr11	64316793	64324072	64319767	7279	64320432	-3639	3640	-665
chr11	94797765	94801624	94799939	3859	94799694	-1929	1930	245
chr11	34091179	34095288	34091975	4109	34093233	-2054	2055	-1258
chr11	129882930	129885873	129884748	2943	129884401	-1471	1472	347
chr11	66686420	66688662	66687509	2242	66687541	-1121	1121	-32
chr11	118896786	118902999	118901358	6213	118899892	-3106	3107	1466
chr11	65129718	65131353	65130071	1635	65130535	-817	818	-464
chr11	57326600	57332546	57332396	5946	57329573	-2973	2973	2823
chr11	62645684	62651279	62647027	5595	62648481	-2797	2798	-1454
chr11	47448285	47451711	47449014	3426	47449998	-1713	1713	-984
chr11	62735693	62740158	62738428	4465	62737925	-2232	2233	503
chr11	73307065	73312027	73311225	4962	73309546	-2481	2481	1679
chr11	65204574	65205966	65204821	1392	65205270	-696	696	-449
chr11	62804927	62807252	62805386	2325	62806089	-1162	1163	-703
chr11	63911228	63919010	63915576	7782	63915119	-3891	3891	457
chr11	68258938	68264741	68262763	5803	68261839	-2901	2902	924
chr11	378381	382101	379938	3720	380241	-1860	1860	-303
chr11	639184	645283	640489	6099	642233	-3049	3050	-1744
chr11	3822916	3824712	3824071	1796	3823814	-898	898	257
chr11	6217028	6220081	6217399	3053	6218554	-1526	1527	-1155
chr11	6565631	6570505	6567251	4874	6568068	-2437	2437	-817
chr11	6606944	6613271	6610165	6327	6610107	-3163	3164	58
chr11	34136425	34139959	34139425	3534	34138192	-1767	1767	1233
chr11	44930624	44932474	44930781	1850	44931549	-925	925	-768
chr11	46375539	46383449	46375941	7910	46379494	-3955	3955	-3553
chr11	47409487	47416455	47414478	6968	47412971	-3484	3484	1507
chr11	47409487	47416455	47414617	6968	47412971	-3484	3484	1646
chr11	47572424	47575817	47572888	3393	47574120	-1696	1697	-1232
chr11	47572424	47575817	47573294	3393	47574120	-1696	1697	-826
chr11	57321490	57325061	57321798	3571	57323275	-1785	1786	-1477
chr11	57704168	57707251	57705216	3083	57705709	-1541	1542	-493
chr11	57742440	57745448	57744227	3008	57743944	-1504	1504	283
chr11	57815074	57817200	57816524	2126	57816137	-1063	1063	387
chr11	58616739	58618178	58617555	1439	58617458	-719	720	97
chr11	62624916	62632527	62627110	7611	62628721	-3805	3806	-1611
chr11	62834068	62837633	62834482	3565	62835850	-1782	1783	-1368
chr11	63911228	63919010	63914488	7782	63915119	-3891	3891	-631
chr11	64201600	64204790	64204236	3190	64203195	-1595	1595	1041
chr11	64271351	64275589	64271640	4238	64273470	-2119	2119	-1830
chr11	65890396	65895821	65894032	5425	65893108	-2712	2713	924
chr11	66643357	66644044	66643514	687	66643700	-343	344	-186
chr11	67297068	67303170	67298825	6102	67300119	-3051	3051	-1294
chr11	67297068	67303170	67299089	6102	67300119	-3051	3051	-1030
chr11	67308074	67314201	67309482	6127	67311137	-3063	3064	-1655
chr11	68402399	68405692	68403662	3293	68404045	-1646	1647	-383
chr11	69076342	69084207	69078520	7865	69080274	-3932	3933	-1754
chr11	70272007	70272992	70272308	985	70272499	-492	493	-191
chr11	70371196	70373587	70372182	2391	70372391	-1195	1196	-209
chr11	70472501	70475804	70472873	3303	70474152	-1651	1652	-1279
chr11	70472501	70475804	70473327	3303	70474152	-1651	1652	-825
chr11	71436861	71441992	71438943	5131	71439426	-2565	2566	-483
chr11	71477344	71483186	71478416	5842	71480265	-2921	2921	-1849
chr11	71487522	71492749	71490923	5227	71490135	-2613	2614	788
chr11	72014811	72019425	72015719	4614	72017118	-2307	2307	-1399
chr11	72014811	72019425	72016029	4614	72017118	-2307	2307	-1089
chr11	72233961	72240637	72238045	6676	72237299	-3338	3338	746
chr11	78215624	78219868	78219325	4244	78217746	-2122	2122	1579
chr11	90221211	90223729	90222906	2518	90222470	-1259	1259	436
chr11	111924600	111927420	111925650	2820	111926010	-1410	1410	-360
chr11	117189066	117191893	117190269	2827	117190479	-1413	1414	-210
chr11	117204741	117207453	117206434	2712	117206097	-1356	1356	337
chr11	118893020	118894822	118893598	1802	118893921	-901	901	-323
chr11	119024304	119029152	119024787	4848	119026728	-2424	2424	-1941
chr11	71498484	71504305	71501313	5821	71501394	-2910	2911	-81
chr11	71998978	72005958	72001325	6980	72002468	-3490	3490	-1143
chr11	68258938	68264741	68261729	5803	68261839	-2901	2902	-110
chr11	66339780	66343268	66341215	3488	66341524	-1744	1744	-309
chr11	484385	490768	489687	6383	487576	-3191	3192	2111
chr11	61323361	61326031	61325648	2670	61324696	-1335	1335	952
chr11	6565631	6570505	6567038	4874	6568068	-2437	2437	-1030
chr11	6606944	6613271	6608113	6327	6610107	-3163	3164	-1994
chr11	64310996	64316646	64314910	5650	64313821	-2825	2825	1089
chr11	588797	595787	591436	6990	592292	-3495	3495	-856
chr11	3701192	3703145	3702801	1953	3702168	-976	977	633
chr11	6209568	6211284	6211027	1716	6210426	-858	858	601
chr11	6565631	6570505	6566643	4874	6568068	-2437	2437	-1425
chr11	33708451	33710957	33710221	2506	33709704	-1253	1253	517
chr11	43319718	43323495	43320842	3777	43321606	-1888	1889	-764
chr11	44077125	44080767	44077730	3642	44078946	-1821	1821	-1216
chr11	47235726	47241595	47237938	5869	47238660	-2934	2935	-722
chr11	59806518	59807564	59806548	1046	59807041	-523	523	-493
chr11	61342227	61345233	61344239	3006	61343730	-1503	1503	509
chr11	61799804	61805634	61802258	5830	61802719	-2915	2915	-461
chr11	61799804	61805634	61802422	5830	61802719	-2915	2915	-297
chr11	62598883	62605203	62603216	6320	62602043	-3160	3160	1173
chr11	66711272	66714154	66713634	2882	66712713	-1441	1441	921
chr11	68157551	68159445	68158185	1894	68158498	-947	947	-313
chr11	70472501	70475804	70472865	3303	70474152	-1651	1652	-1287
chr11	72014811	72019425	72014886	4614	72017118	-2307	2307	-2232
chr11	85723589	85724870	85724120	1281	85724229	-640	641	-109
chr11	106010360	106012517	106010601	2157	106011438	-1078	1079	-837
chr11	118369592	118371779	118371601	2187	118370685	-1093	1094	916
chr11	118519138	118520902	118519702	1764	118520020	-882	882	-318
chr11	119024304	119029152	119028251	4848	119026728	-2424	2424	1523
chr11	126274286	126278158	126277621	3872	126276222	-1936	1936	1399
chr11	126291097	126294776	126293040	3679	126292936	-1839	1840	104
chr11	3045988	3050471	3047825	4483	3048229	-2241	2242	-404
chr11	47171073	47175930	47175102	4857	47173501	-2428	2429	1601
chr11	62668867	62670380	62669930	1513	62669623	-756	757	307
chr11	66624045	66630417	66625096	6372	66627231	-3186	3186	-2135
chr11	68890061	68892996	68891325	2935	68891528	-1467	1468	-203
chr11	64223872	64227729	64227639	3857	64225800	-1928	1929	1839
chr11	47746050	47749627	47746298	3577	47747838	-1788	1789	-1540
chr11	83166258	83167385	83166691	1127	83166821	-563	564	-130
chr11	66229736	66231390	66230933	1654	66230563	-827	827	370
chr11	46395872	46401244	46397656	5372	46398558	-2686	2686	-902
chr11	47282607	47285218	47284471	2611	47283912	-1305	1306	559
chr11	64216964	64223381	64219350	6417	64220172	-3208	3209	-822
chr11	83168276	83169809	83169453	1533	83169042	-766	767	411
chr11	118502921	118504676	118504507	1755	118503798	-877	878	709
chr11	62645684	62651279	62648688	5595	62648481	-2797	2798	207
chr11	3796635	3799013	3797920	2378	3797824	-1189	1189	96
chr11	57815074	57817200	57816454	2126	57816137	-1063	1063	317
chr11	60890235	60891754	60891211	1519	60890994	-759	760	217
chr11	62660241	62667273	62665452	7032	62663757	-3516	3516	1695
chr11	45920272	45926469	45924229	6197	45923370	-3098	3099	859
chr11	3822916	3824712	3823960	1796	3823814	-898	898	146
chr11	123058387	123059377	123058771	990	123058882	-495	495	-111
chr11	64857550	64861219	64860301	3669	64859384	-1834	1835	917
chr11	3124137	3128605	3126503	4468	3126371	-2234	2234	132
chr11	62634642	62636314	62634993	1672	62635478	-836	836	-485
chr11	65124683	65127219	65125967	2536	65125951	-1268	1268	16
chr11	44077125	44080767	44079500	3642	44078946	-1821	1821	554
chr11	57698453	57700408	57700005	1955	57699430	-977	978	575
chr11	76353509	76356621	76355787	3112	76355065	-1556	1556	722
chr11	6495391	6499220	6498299	3829	6497305	-1914	1915	994
chr11	6606944	6613271	6609077	6327	6610107	-3163	3164	-1030
chr11	116756655	116759536	116757935	2881	116758095	-1440	1441	-160
chr11	118893020	118894822	118894664	1802	118893921	-901	901	743
chr11	85684967	85686382	85685067	1415	85685674	-707	708	-607
chr11	62645684	62651279	62648995	5595	62648481	-2797	2798	514
chr11	62668867	62670380	62670027	1513	62669623	-756	757	404
chr11	65086044	65089150	65087351	3106	65087597	-1553	1553	-246
chr11	71998978	72005958	72005244	6980	72002468	-3490	3490	2776
chr11	72014811	72019425	72016156	4614	72017118	-2307	2307	-962
chr11	117204741	117207453	117206941	2712	117206097	-1356	1356	844
chr11	118261495	118262953	118262625	1458	118262224	-729	729	401
chr11	119178903	119181124	119179788	2221	119180013	-1110	1111	-225
chr11	129882930	129885873	129884814	2943	129884401	-1471	1472	413
chr11	66058139	66060260	66059037	2121	66059199	-1060	1061	-162
chr11	6476336	6479496	6478902	3160	6477916	-1580	1580	986
chr11	16815959	16823500	16816260	7541	16819729	-3770	3771	-3469
chr11	46395872	46401244	46397315	5372	46398558	-2686	2686	-1243
chr11	65296629	65300471	65297143	3842	65298550	-1921	1921	-1407
chr11	67308074	67314201	67309868	6127	67311137	-3063	3064	-1269
chr11	75422392	75424770	75422702	2378	75423581	-1189	1189	-879
chr11	62624916	62632527	62628822	7611	62628721	-3805	3806	101
chr11	32097386	32101455	32098440	4069	32099420	-2034	2035	-980
chr11	47475598	47477540	47476955	1942	47476569	-971	971	386
chr11	34161571	34165542	34162730	3971	34163556	-1985	1986	-826
chr11	83166258	83167385	83166611	1127	83166821	-563	564	-210
chr11	119087377	119092039	119088262	4662	119089708	-2331	2331	-1446
chr11	65877645	65883826	65881460	6181	65880735	-3090	3091	725
chr11	67351777	67354319	67353499	2542	67353048	-1271	1271	451
chr11	16788792	16791744	16789040	2952	16790268	-1476	1476	-1228
chr11	57795413	57798006	57796476	2593	57796709	-1296	1297	-233
chr11	57795413	57798006	57796701	2593	57796709	-1296	1297	-8
chr11	119092225	119095303	119095272	3078	119093764	-1539	1539	1508
chr11	62531653	62533331	62532615	1678	62532492	-839	839	123
chr11	62595677	62598721	62598592	3044	62597199	-1522	1522	1393
chr11	119015794	119017017	119015874	1223	119016405	-611	612	-531
chr11	117204741	117207453	117206424	2712	117206097	-1356	1356	327
chr11	68157551	68159445	68158765	1894	68158498	-947	947	267
chr11	46375539	46383449	46382098	7910	46379494	-3955	3955	2604
chr11	67364256	67367946	67365492	3690	67366101	-1845	1845	-609
chr11	71472863	71476527	71474566	3664	71474695	-1832	1832	-129
chr11	126291097	126294776	126292931	3679	126292936	-1839	1840	-5
chr11	65296629	65300471	65297143	3842	65298550	-1921	1921	-1407
chr11	64229816	64232918	64229876	3102	64231367	-1551	1551	-1491
chr11	67308074	67314201	67309962	6127	67311137	-3063	3064	-1175
chr11	129870713	129874079	129873075	3366	129872396	-1683	1683	679
chr11	66528663	66533092	66531762	4429	66530877	-2214	2215	885
chr11	85723589	85724870	85724696	1281	85724229	-640	641	467
chr11	6616722	6618087	6617301	1365	6617404	-682	683	-103
chr11	66668693	66672944	66669216	4251	66670818	-2125	2126	-1602
chr11	34136425	34139959	34139416	3534	34138192	-1767	1767	1224
chr11	94797765	94801624	94799670	3859	94799694	-1929	1930	-24
chr11	34158740	34161270	34160923	2530	34160005	-1265	1265	918
chr11	61342227	61345233	61344168	3006	61343730	-1503	1503	438
chr11	66493841	66497453	66497353	3612	66495647	-1806	1806	1706
chr11	57326600	57332546	57332389	5946	57329573	-2973	2973	2816
chr11	62668867	62670380	62669895	1513	62669623	-756	757	272
chr11	71998978	72005958	72003419	6980	72002468	-3490	3490	951
chr11	72824011	72827783	72826814	3772	72825897	-1886	1886	917
chr11	117226132	117227330	117227323	1198	117226731	-599	599	592
chr11	62595677	62598721	62596056	3044	62597199	-1522	1522	-1143
chr11	61302498	61305113	61303975	2615	61303805	-1307	1308	170
chr11	68026335	68033486	68027772	7151	68029910	-3575	3576	-2138
chr11	72776640	72782080	72781152	5440	72779360	-2720	2720	1792
chr11	66436983	66442629	66437371	5646	66439806	-2823	2823	-2435
chr11	66698047	66701336	66701232	3289	66699691	-1644	1645	1541
chr11	119112234	119115580	119112370	3346	119113907	-1673	1673	-1537
chr11	47471655	47474223	47473178	2568	47472939	-1284	1284	239
chr11	64875173	64879982	64878341	4809	64877577	-2404	2405	764
chr11	47235726	47241595	47240003	5869	47238660	-2934	2935	1343
chr11	16854793	16858082	16854935	3289	16856437	-1644	1645	-1502
chr11	47177460	47179317	47179220	1857	47178388	-928	929	832
chr11	2954631	2956024	2954648	1393	2955327	-696	697	-679
chr11	64205593	64212180	64211719	6587	64208886	-3293	3294	2833
chr11	62572951	62576539	62576046	3588	62574745	-1794	1794	1301
chr11	83166258	83167385	83166279	1127	83166821	-563	564	-542
chr11	6479889	6482411	6481491	2522	6481150	-1261	1261	341
chr11	64768857	64769933	64769297	1076	64769395	-538	538	-98
chr11	66229736	66231390	66230905	1654	66230563	-827	827	342
chr11	6476336	6479496	6478136	3160	6477916	-1580	1580	220
chr11	59575969	59577447	59576189	1478	59576708	-739	739	-519
chr11	70378043	70380087	70378309	2044	70379065	-1022	1022	-756
chr11	62884595	62890157	62884646	5562	62887376	-2781	2781	-2730
chr11	118751761	118756715	118755480	4954	118754238	-2477	2477	1242
chr11	126262717	126268473	126266794	5756	126265595	-2878	2878	1199
chr11	126262717	126268473	126267695	5756	126265595	-2878	2878	2100
chr11	126262717	126268473	126268029	5756	126265595	-2878	2878	2434
chr11	66052012	66054985	66052402	2973	66053498	-1486	1487	-1096
chr11	62689555	62693132	62691134	3577	62691343	-1788	1789	-209
chr11	126262717	126268473	126263782	5756	126265595	-2878	2878	-1813
chr11	116894351	116896401	116896251	2050	116895376	-1025	1025	875
chr11	57698453	57700408	57698662	1955	57699430	-977	978	-768
chr11	46703637	46709031	46704611	5394	46706334	-2697	2697	-1723
chr11	112086564	112088770	112086714	2206	112087667	-1103	1103	-953
chr11	126274286	126278158	126277022	3872	126276222	-1936	1936	800
chr11	71998978	72005958	71999797	6980	72002468	-3490	3490	-2671
chr11	73233818	73235981	73235163	2163	73234899	-1081	1082	264
chr11	118896786	118902999	118901548	6213	118899892	-3106	3107	1656
chr11	67489750	67494363	67494041	4613	67492056	-2306	2307	1985
chr11	70378043	70380087	70378166	2044	70379065	-1022	1022	-899
chr11	57742440	57745448	57744179	3008	57743944	-1504	1504	235
chr11	57742440	57745448	57744509	3008	57743944	-1504	1504	565
chr11	65086044	65089150	65086770	3106	65087597	-1553	1553	-827
chr11	65086044	65089150	65087060	3106	65087597	-1553	1553	-537
chr11	58578278	58580336	58579566	2058	58579307	-1029	1029	259
chr11	62595677	62598721	62598076	3044	62597199	-1522	1522	877
chr11	68780244	68785602	68784852	5358	68782923	-2679	2679	1929
chr11	47409487	47416455	47415347	6968	47412971	-3484	3484	2376
chr11	57321490	57325061	57321922	3571	57323275	-1785	1786	-1353
chr11	61962656	61963740	61962706	1084	61963198	-542	542	-492
chr11	62531653	62533331	62533130	1678	62532492	-839	839	638
chr11	64857550	64861219	64859966	3669	64859384	-1834	1835	582
chr11	66273780	66280041	66276134	6261	66276910	-3130	3131	-776
chr11	68894819	68898778	68896653	3959	68896798	-1979	1980	-145
chr11	108664603	108667103	108665197	2500	108665853	-1250	1250	-656
chr11	3701192	3703145	3702668	1953	3702168	-976	977	500
chr11	6518053	6520138	6519715	2085	6519095	-1042	1043	620
chr11	32097386	32101455	32098410	4069	32099420	-2034	2035	-1010
chr11	44077125	44080767	44078993	3642	44078946	-1821	1821	47
chr11	45809387	45812715	45811173	3328	45811051	-1664	1664	122
chr11	47448285	47451711	47449006	3426	47449998	-1713	1713	-992
chr11	57698453	57700408	57698955	1955	57699430	-977	978	-475
chr11	65501285	65504991	65504474	3706	65503138	-1853	1853	1336
chr11	66522673	66525987	66523500	3314	66524330	-1657	1657	-830
chr11	74253098	74255847	74253618	2749	74254472	-1374	1375	-854
chr11	83168276	83169809	83169057	1533	83169042	-766	767	15
chr11	6476336	6479496	6479181	3160	6477916	-1580	1580	1265
chr11	57815074	57817200	57816512	2126	57816137	-1063	1063	375
chr11	57326600	57332546	57332151	5946	57329573	-2973	2973	2578
chr11	64201600	64204790	64203208	3190	64203195	-1595	1595	13
chr11	35615897	35621324	35619828	5427	35618610	-2713	2714	1218
chr11	63911228	63919010	63914320	7782	63915119	-3891	3891	-799
chr11	119092225	119095303	119093946	3078	119093764	-1539	1539	182
chr11	62598883	62605203	62604189	6320	62602043	-3160	3160	2146
chr11	119087377	119092039	119088843	4662	119089708	-2331	2331	-865
chr11	57527187	57529455	57528645	2268	57528321	-1134	1134	324
chr11	66535115	66541098	66539418	5983	66538106	-2991	2992	1312
chr11	70472501	70475804	70472872	3303	70474152	-1651	1652	-1280
chr12	6670572	6673593	6673404	3021	6672082	-1510	1511	1322
chr12	111443001	111449877	111448423	6876	111446439	-3438	3438	1984
chr12	57598924	57603426	57600413	4502	57601175	-2251	2251	-762
chr12	57598924	57603426	57600907	4502	57601175	-2251	2251	-268
chr12	57598924	57603426	57601676	4502	57601175	-2251	2251	501
chr12	56234018	56240085	56237669	6067	56237051	-3033	3034	618
chr12	120993188	121000590	120993679	7402	120996889	-3701	3701	-3210
chr12	562789	566870	565240	4081	564829	-2040	2041	411
chr12	50460379	50467213	50462591	6834	50463796	-3417	3417	-1205
chr12	50460379	50467213	50466984	6834	50463796	-3417	3417	3188
chr12	54281748	54284447	54283121	2699	54283097	-1349	1350	24
chr12	54281748	54284447	54284364	2699	54283097	-1349	1350	1267
chr12	120196260	120199596	120196821	3336	120197928	-1668	1668	-1107
chr12	49553737	49561154	49554460	7417	49557445	-3708	3709	-2985
chr12	56234018	56240085	56235693	6067	56237051	-3033	3034	-1358
chr12	57530984	57535893	57534043	4909	57533438	-2454	2455	605
chr12	31086661	31090533	31089352	3872	31088597	-1936	1936	755
chr12	53056908	53064650	53063756	7742	53060779	-3871	3871	2977
chr12	6560841	6562748	6561926	1907	6561794	-953	954	132
chr12	56317368	56321971	56317581	4603	56319669	-2301	2302	-2088
chr12	57266661	57271217	57266815	4556	57268939	-2278	2278	-2124
chr12	121003612	121005747	121004121	2135	121004679	-1067	1068	-558
chr12	56001962	56008616	56003837	6654	56005289	-3327	3327	-1452
chr12	56713295	56719033	56718445	5738	56716164	-2869	2869	2281
chr12	53187066	53190701	53187586	3635	53188883	-1817	1818	-1297
chr12	2856012	2861607	2858728	5595	2858809	-2797	2798	-81
chr12	108655165	108658403	108657410	3238	108656784	-1619	1619	626
chr12	31092596	31099534	31096940	6938	31096065	-3469	3469	875
chr12	119987958	119991032	119990196	3074	119989495	-1537	1537	701
chr12	6676896	6679314	6678968	2418	6678105	-1209	1209	863
chr12	6591339	6594266	6593114	2927	6592802	-1463	1464	312
chr12	56097722	56102514	56102184	4792	56100118	-2396	2396	2066
chr12	12476747	12478075	12477384	1328	12477411	-664	664	-27
chr12	89351270	89356136	89351967	4866	89353703	-2433	2433	-1736
chr12	50084362	50088203	50086810	3841	50086282	-1920	1921	528
chr12	56428829	56431607	56431571	2778	56430218	-1389	1389	1353
chr12	6969236	6974302	6970885	5066	6971769	-2533	2533	-884
chr12	49553737	49561154	49558920	7417	49557445	-3708	3709	1475
chr12	124812697	124817554	124814276	4857	124815125	-2428	2429	-849
chr12	124984768	124989510	124986242	4742	124987139	-2371	2371	-897
chr12	132617879	132624092	132621642	6213	132620985	-3106	3107	657
chr12	56001962	56008616	56005004	6654	56005289	-3327	3327	-285
chr12	57763599	57767444	57764150	3845	57765521	-1922	1923	-1371
chr12	125135522	125143141	125136663	7619	125139331	-3809	3810	-2668
chr12	113386096	113392622	113387749	6526	113389359	-3263	3263	-1610
chr12	49323871	49326498	49323957	2627	49325184	-1313	1314	-1227
chr12	6938733	6943679	6938844	4946	6941206	-2473	2473	-2362
chr12	29321470	29322861	29321876	1391	29322165	-695	696	-289
chr12	104303836	104304780	104304430	944	104304308	-472	472	122
chr12	6325808	6328797	6327436	2989	6327302	-1494	1495	134
chr12	48824586	48829769	48828121	5183	48827177	-2591	2592	944
chr12	122847879	122851285	122848072	3406	122849582	-1703	1703	-1510
chr12	6591339	6594266	6593169	2927	6592802	-1463	1464	367
chr12	109907896	109909423	109908642	1527	109908659	-763	764	-17
chr12	49041094	49042700	49042626	1606	49041897	-803	803	729
chr12	56713295	56719033	56716478	5738	56716164	-2869	2869	314
chr12	57266661	57271217	57266824	4556	57268939	-2278	2278	-2115
chr12	7017287	7019686	7018425	2399	7018486	-1199	1200	-61
chr12	50094725	50099260	50099088	4535	50096992	-2267	2268	2096
chr12	51364994	51366471	51365519	1477	51365732	-738	739	-213
chr12	121802646	121809496	121804811	6850	121806071	-3425	3425	-1260
chr12	57598924	57603426	57599106	4502	57601175	-2251	2251	-2069
chr12	52255895	52257155	52256084	1260	52256525	-630	630	-441
chr12	7187783	7190865	7190455	3082	7189324	-1541	1541	1131
chr12	53190887	53193569	53191473	2682	53192228	-1341	1341	-755
chr12	55723690	55726332	55724380	2642	55725011	-1321	1321	-631
chr12	56092847	56095181	56093363	2334	56094014	-1167	1167	-651
chr12	56132433	56137618	56132452	5185	56135025	-2592	2593	-2573
chr12	66304157	66305903	66304737	1746	66305030	-873	873	-293
chr12	113152271	113159177	113157772	6906	113155724	-3453	3453	2048
chr12	6199467	6204063	6200497	4596	6201765	-2298	2298	-1268
chr12	27686612	27688142	27687445	1530	27687377	-765	765	68
chr12	54008956	54012581	54009632	3625	54010768	-1812	1813	-1136
chr12	55825409	55831305	55827536	5896	55828357	-2948	2948	-821
chr12	125135522	125143141	125136822	7619	125139331	-3809	3810	-2509
chr12	131908966	131914644	131909215	5678	131911805	-2839	2839	-2590
chr12	132772598	132774930	132773252	2332	132773764	-1166	1166	-512
chr12	6591339	6594266	6593113	2927	6592802	-1463	1464	311
chr12	92143412	92146790	92144277	3378	92145101	-1689	1689	-824
chr12	121649859	121656331	121653110	6472	121653095	-3236	3236	15
chr12	1784791	1786714	1786193	1923	1785752	-961	962	441
chr12	6933139	6938324	6936184	5185	6935731	-2592	2593	453
chr12	49030210	49035164	49032991	4954	49032687	-2477	2477	304
chr12	57224660	57229301	57225741	4641	57226980	-2320	2321	-1239
chr12	6676896	6679314	6678417	2418	6678105	-1209	1209	312
chr12	6938733	6943679	6941424	4946	6941206	-2473	2473	218
chr12	47779066	47783305	47780654	4239	47781185	-2119	2120	-531
chr12	53065405	53067890	53066341	2485	53066647	-1242	1243	-306
chr12	53405309	53411807	53409514	6498	53408558	-3249	3249	956
chr12	53479728	53483476	53481235	3748	53481602	-1874	1874	-367
chr12	53483795	53489695	53486107	5900	53486745	-2950	2950	-638
chr12	56092847	56095181	56094444	2334	56094014	-1167	1167	430
chr12	57498044	57500093	57498244	2049	57499068	-1024	1025	-824
chr12	124908910	124915502	124913484	6592	124912206	-3296	3296	1278
chr12	132816587	132819835	132816787	3248	132818211	-1624	1624	-1424
chr12	6554777	6557418	6557101	2641	6556097	-1320	1321	1004
chr12	562789	566870	565992	4081	564829	-2040	2041	1163
chr12	14768653	14771473	14770971	2820	14770063	-1410	1410	908
chr12	55900722	55903559	55901791	2837	55902140	-1418	1419	-349
chr12	56227839	56232891	56232780	5052	56230365	-2526	2526	2415
chr12	100266150	100268029	100266975	1879	100267089	-939	940	-114
chr12	122474070	122478861	122474107	4791	122476465	-2395	2396	-2358
chr12	6591339	6594266	6591732	2927	6592802	-1463	1464	-1070
chr12	6933139	6938324	6936298	5185	6935731	-2592	2593	567
chr12	1592135	1595391	1593719	3256	1593763	-1628	1628	-44
chr12	562789	566870	565972	4081	564829	-2040	2041	1143
chr12	100266150	100268029	100266952	1879	100267089	-939	940	-137
chr12	106239767	106242796	106239849	3029	106241281	-1514	1515	-1432
chr12	121399149	121401433	121400206	2284	121400291	-1142	1142	-85
chr12	47779066	47783305	47781049	4239	47781185	-2119	2120	-136
chr12	111443001	111449877	111447500	6876	111446439	-3438	3438	1061
chr12	49042991	49045580	49043414	2589	49044285	-1294	1295	-871
chr12	113936788	113943354	113940154	6566	113940071	-3283	3283	83
chr12	12716324	12719045	12718283	2721	12717684	-1360	1361	599
chr12	132617879	132624092	132620469	6213	132620985	-3106	3107	-516
chr12	1592135	1595391	1593207	3256	1593763	-1628	1628	-556
chr12	14773939	14775891	14775769	1952	14774915	-976	976	854
chr12	53218970	53222745	53219961	3775	53220857	-1887	1888	-896
chr12	56617002	56618240	56617523	1238	56617621	-619	619	-98
chr12	79933415	79936322	79935175	2907	79934868	-1453	1454	307
chr12	132572137	132578588	132572337	6451	132575362	-3225	3226	-3025
chr12	48832979	48839631	48834334	6652	48836305	-3326	3326	-1971
chr12	101328184	101330513	101329307	2329	101329348	-1164	1165	-41
chr12	124908910	124915502	124911706	6592	124912206	-3296	3296	-500
chr12	108522872	108530488	108523286	7616	108526680	-3808	3808	-3394
chr12	55719027	55719938	55719749	911	55719482	-455	456	267
chr12	56126774	56129585	56128574	2811	56128179	-1405	1406	395
chr12	6844685	6849861	6846796	5176	6847273	-2588	2588	-477
chr12	7187783	7190865	7190452	3082	7189324	-1541	1541	1128
chr12	48832979	48839631	48836902	6652	48836305	-3326	3326	597
chr12	108647175	108648553	108647337	1378	108647864	-689	689	-527
chr12	121649859	121656331	121653129	6472	121653095	-3236	3236	34
chr12	132703125	132707151	132704801	4026	132705138	-2013	2013	-337
chr12	49129252	49131928	49131374	2676	49130590	-1338	1338	784
chr12	121272960	121275279	121274238	2319	121274119	-1159	1160	119
chr12	48832979	48839631	48834388	6652	48836305	-3326	3326	-1917
chr12	49041094	49042700	49042568	1606	49041897	-803	803	671
chr12	56234018	56240085	56236405	6067	56237051	-3033	3034	-646
chr12	53056908	53064650	53063563	7742	53060779	-3871	3871	2784
chr12	120196260	120199596	120197330	3336	120197928	-1668	1668	-598
chr12	49272639	49273885	49272898	1246	49273262	-623	623	-364
chr12	53056908	53064650	53058059	7742	53060779	-3871	3871	-2720
chr12	49562211	49568229	49563467	6018	49565220	-3009	3009	-1753
chr12	2823420	2825513	2824230	2093	2824466	-1046	1047	-236
chr12	125135522	125143141	125142243	7619	125139331	-3809	3810	2912
chr12	101328184	101330513	101329424	2329	101329348	-1164	1165	76
chr12	124013017	124014983	124014250	1966	124014000	-983	983	250
chr12	120196260	120199596	120196905	3336	120197928	-1668	1668	-1023
chr12	6199467	6204063	6200507	4596	6201765	-2298	2298	-1258
chr12	56633492	56638188	56636305	4696	56635840	-2348	2348	465
chr12	79933415	79936322	79935002	2907	79934868	-1453	1454	134
chr12	74538397	74541071	74539263	2674	74539734	-1337	1337	-471
chr12	113956264	113958650	113957920	2386	113957457	-1193	1193	463
chr12	2856012	2861607	2859241	5595	2858809	-2797	2798	432
chr12	6938733	6943679	6941471	4946	6941206	-2473	2473	265
chr12	120196260	120199596	120199132	3336	120197928	-1668	1668	1204
chr12	57768586	57773918	57769071	5332	57771252	-2666	2666	-2181
chr12	120578605	120581408	120581142	2803	120580006	-1401	1402	1136
chr12	120993188	121000590	120996569	7402	120996889	-3701	3701	-320
chr12	4334969	4338544	4337042	3575	4336756	-1787	1788	286
chr12	55719027	55719938	55719192	911	55719482	-455	456	-290
chr12	6536752	6539496	6537608	2744	6538124	-1372	1372	-516
chr12	120211582	120217953	120212294	6371	120214767	-3185	3186	-2473
chr12	122938159	122946081	122940077	7922	122942120	-3961	3961	-2043
chr12	6388560	6392626	6391128	4066	6390593	-2033	2033	535
chr12	56097722	56102514	56102295	4792	56100118	-2396	2396	2177
chr12	56126774	56129585	56128681	2811	56128179	-1405	1406	502
chr12	56179428	56183498	56181536	4070	56181463	-2035	2035	73
chr12	103977342	103981821	103980906	4479	103979581	-2239	2240	1325
chr12	120578605	120581408	120579134	2803	120580006	-1401	1402	-872
chr12	55723690	55726332	55725522	2642	55725011	-1321	1321	511
chr12	51357971	51360254	51359378	2283	51359112	-1141	1142	266
chr12	56116382	56117130	56116790	748	56116756	-374	374	34
chr12	122579413	122584342	122582874	4929	122581877	-2464	2465	997
chr12	48856534	48860307	48858044	3773	48858420	-1886	1887	-376
chr12	49553737	49561154	49555885	7417	49557445	-3708	3709	-1560
chr12	12098280	12100456	12099040	2176	12099368	-1088	1088	-328
chr12	6316170	6319022	6318332	2852	6317596	-1426	1426	736
chr12	49035435	49038705	49037651	3270	49037070	-1635	1635	581
chr12	48856534	48860307	48857176	3773	48858420	-1886	1887	-1244
chr12	55821315	55824182	55822056	2867	55822748	-1433	1434	-692
chr12	56001962	56008616	56003869	6654	56005289	-3327	3327	-1420
chr12	56001962	56008616	56004739	6654	56005289	-3327	3327	-550
chr12	56599343	56606181	56600388	6838	56602762	-3419	3419	-2374
chr12	76763121	76766307	76764199	3186	76764714	-1593	1593	-515
chr12	113281527	113289453	113284615	7926	113285490	-3963	3963	-875
chr12	69573423	69574586	69574090	1163	69574004	-581	582	86
chr12	12716324	12719045	12718824	2721	12717684	-1360	1361	1140
chr12	46370707	46373018	46371271	2311	46371862	-1155	1156	-591
chr12	48832979	48839631	48833303	6652	48836305	-3326	3326	-3002
chr12	120094775	120096551	120096535	1776	120095663	-888	888	872
chr12	49562211	49568229	49563003	6018	49565220	-3009	3009	-2217
chr12	53302292	53308629	53308507	6337	53305460	-3168	3169	3047
chr12	55821315	55824182	55822111	2867	55822748	-1433	1434	-637
chr12	46370707	46373018	46371339	2311	46371862	-1155	1156	-523
chr12	110341516	110344473	110343358	2957	110342994	-1478	1479	364
chr12	132617879	132624092	132621606	6213	132620985	-3106	3107	621
chr12	57516638	57517655	57516892	1017	57517146	-508	509	-254
chr12	49553737	49561154	49557527	7417	49557445	-3708	3709	82
chr12	56467862	56471116	56469152	3254	56469489	-1627	1627	-337
chr12	113152271	113159177	113158751	6906	113155724	-3453	3453	3027
chr12	55825409	55831305	55828213	5896	55828357	-2948	2948	-144
chr12	120128212	120130975	120129306	2763	120129593	-1381	1382	-287
chr12	57731610	57736520	57731828	4910	57734065	-2455	2455	-2237
chr12	53483795	53489695	53486175	5900	53486745	-2950	2950	-570
chr12	64454653	64457236	64455951	2583	64455944	-1291	1292	7
chr12	1784791	1786714	1786322	1923	1785752	-961	962	570
chr12	111443001	111449877	111448464	6876	111446439	-3438	3438	2025
chr12	6591339	6594266	6593472	2927	6592802	-1463	1464	670
chr12	132869478	132874213	132872297	4735	132871845	-2367	2368	452
chr12	55825409	55831305	55827678	5896	55828357	-2948	2948	-679
chr12	100266150	100268029	100267073	1879	100267089	-939	940	-16
chr12	2817632	2823210	2820180	5578	2820421	-2789	2789	-241
chr12	132746688	132748243	132747873	1555	132747465	-777	778	408
chr12	130870304	130876197	130873084	5893	130873250	-2946	2947	-166
chr12	131710994	131712861	131711433	1867	131711927	-933	934	-494
chr12	31092596	31099534	31096348	6938	31096065	-3469	3469	283
chr12	132715365	132721286	132720708	5921	132718325	-2960	2961	2383
chr12	57527681	57530135	57528372	2454	57528908	-1227	1227	-536
chr12	6591339	6594266	6592041	2927	6592802	-1463	1464	-761
chr12	69261741	69262758	69262527	1017	69262249	-508	509	278
chr12	113159239	113162377	113161311	3138	113160808	-1569	1569	503
chr12	49030210	49035164	49033945	4954	49032687	-2477	2477	1258
chr12	49553737	49561154	49559960	7417	49557445	-3708	3709	2515
chr12	124908910	124915502	124912411	6592	124912206	-3296	3296	205
chr12	53454646	53455693	53455490	1047	53455169	-523	524	321
chr12	6670572	6673593	6673416	3021	6672082	-1510	1511	1334
chr12	31101287	31108727	31103373	7440	31105007	-3720	3720	-1634
chr12	49016771	49019074	49018768	2303	49017922	-1151	1152	846
chr12	53669083	53670414	53669342	1331	53669748	-665	666	-406
chr12	109088078	109090075	109088414	1997	109089076	-998	999	-662
chr12	132031058	132036941	132031970	5883	132033999	-2941	2942	-2029
chr12	132617879	132624092	132621555	6213	132620985	-3106	3107	570
chr12	124908910	124915502	124913265	6592	124912206	-3296	3296	1059
chr12	52170905	52174040	52171486	3135	52172472	-1567	1568	-986
chr12	120563415	120566419	120563812	3004	120564917	-1502	1502	-1105
chr12	132673228	132676339	132675737	3111	132674783	-1555	1556	954
chr12	110373484	110374307	110374115	823	110373895	-411	412	220
chr12	123263359	123267825	123267204	4466	123265592	-2233	2233	1612
chr12	56227839	56232891	56231435	5052	56230365	-2526	2526	1070
chr12	122225007	122227498	122226015	2491	122226252	-1245	1246	-237
chr12	122056059	122059222	122059179	3163	122057640	-1581	1582	1539
chr12	12716324	12719045	12717919	2721	12717684	-1360	1361	235
chr12	6670572	6673593	6673252	3021	6672082	-1510	1511	1170
chr12	7017287	7019686	7018418	2399	7018486	-1199	1200	-68
chr12	7017287	7019686	7018420	2399	7018486	-1199	1200	-66
chr12	57527681	57530135	57527908	2454	57528908	-1227	1227	-1000
chr12	48856534	48860307	48858047	3773	48858420	-1886	1887	-373
chr12	6325808	6328797	6327883	2989	6327302	-1494	1495	581
chr12	3016698	3022962	3020654	6264	3019830	-3132	3132	824
chr12	123628283	123630621	123630231	2338	123629452	-1169	1169	779
chr12	56713295	56719033	56718952	5738	56716164	-2869	2869	2788
chr12	123465862	123466527	123465894	665	123466194	-332	333	-300
chr12	50084362	50088203	50086873	3841	50086282	-1920	1921	591
chr12	8231206	8233909	8231715	2703	8232557	-1351	1352	-842
chr12	6560841	6562748	6561762	1907	6561794	-953	954	-32
chr12	6975935	6978632	6976365	2697	6977283	-1348	1349	-918
chr12	48679854	48682486	48682012	2632	48681170	-1316	1316	842
chr12	104303836	104304780	104304260	944	104304308	-472	472	-48
chr12	118028681	118031471	118031193	2790	118030076	-1395	1395	1117
chr12	6563457	6568199	6563656	4742	6565828	-2371	2371	-2172
chr12	120097514	120099035	120098872	1521	120098274	-760	761	598
chr12	120461457	120465095	120462080	3638	120463276	-1819	1819	-1196
chr12	109560130	109564855	109561093	4725	109562492	-2362	2363	-1399
chr12	562789	566870	565490	4081	564829	-2040	2041	661
chr12	57510028	57516346	57515950	6318	57513187	-3159	3159	2763
chr12	46370707	46373018	46370827	2311	46371862	-1155	1156	-1035
chr12	49129252	49131928	49129664	2676	49130590	-1338	1338	-926
chr12	55821315	55824182	55823406	2867	55822748	-1433	1434	658
chr12	121747046	121752782	121748434	5736	121749914	-2868	2868	-1480
chr12	121759392	121764550	121761656	5158	121761971	-2579	2579	-315
chr12	48780796	48786264	48783358	5468	48783530	-2734	2734	-172
chr12	562789	566870	565438	4081	564829	-2040	2041	609
chr12	112021998	112023375	112022230	1377	112022686	-688	689	-456
chr12	100163744	100167544	100166432	3800	100165644	-1900	1900	788
chr12	2800410	2804264	2800520	3854	2802337	-1927	1927	-1817
chr12	55989974	55993607	55992264	3633	55991790	-1816	1817	474
chr12	55723690	55726332	55725561	2642	55725011	-1321	1321	550
chr12	112148897	112152451	112151892	3554	112150674	-1777	1777	1218
chr12	49562211	49568229	49564779	6018	49565220	-3009	3009	-441
chr12	124908910	124915502	124913399	6592	124912206	-3296	3296	1193
chr12	113956264	113958650	113957951	2386	113957457	-1193	1193	494
chr12	6578454	6581171	6578894	2717	6579812	-1358	1359	-918
chr12	132772598	132774930	132773158	2332	132773764	-1166	1166	-606
chr12	57527681	57530135	57528402	2454	57528908	-1227	1227	-506
chr12	74538397	74541071	74539447	2674	74539734	-1337	1337	-287
chr12	132617879	132624092	132620309	6213	132620985	-3106	3107	-676
chr12	55989974	55993607	55992641	3633	55991790	-1816	1817	851
chr12	119178986	119182225	119179642	3239	119180605	-1619	1620	-963
chr12	124908910	124915502	124912639	6592	124912206	-3296	3296	433
chr12	131908966	131914644	131911982	5678	131911805	-2839	2839	177
chr12	49553737	49561154	49555795	7417	49557445	-3708	3709	-1650
chr12	57800599	57806657	57806223	6058	57803628	-3029	3029	2595
chr12	71662787	71664453	71663227	1666	71663620	-833	833	-393
chr12	49030210	49035164	49030733	4954	49032687	-2477	2477	-1954
chr12	56120388	56122689	56121311	2301	56121538	-1150	1151	-227
chr12	49836886	49838941	49838344	2055	49837913	-1027	1028	431
chr12	108655165	108658403	108657340	3238	108656784	-1619	1619	556
chr12	48939868	48942244	48941084	2376	48941056	-1188	1188	28
chr12	132816587	132819835	132816672	3248	132818211	-1624	1624	-1539
chr12	6767353	6771853	6769945	4500	6769603	-2250	2250	342
chr12	6767353	6771853	6770156	4500	6769603	-2250	2250	553
chr12	110341516	110344473	110343374	2957	110342994	-1478	1479	380
chr12	47843182	47847982	47844663	4800	47845582	-2400	2400	-919
chr12	56314440	56316472	56314920	2032	56315456	-1016	1016	-536
chr12	71753750	71756940	71755284	3190	71755345	-1595	1595	-61
chr12	55900722	55903559	55901699	2837	55902140	-1418	1419	-441
chr12	56317368	56321971	56319927	4603	56319669	-2301	2302	258
chr12	49030210	49035164	49034647	4954	49032687	-2477	2477	1960
chr12	132673228	132676339	132673664	3111	132674783	-1555	1556	-1119
chr12	132066222	132069042	132066926	2820	132067632	-1410	1410	-706
chr12	6938733	6943679	6940944	4946	6941206	-2473	2473	-262
chr12	56609369	56610628	56610429	1259	56609998	-629	630	431
chr12	6554777	6557418	6556967	2641	6556097	-1320	1321	870
chr12	56097722	56102514	56098849	4792	56100118	-2396	2396	-1269
chr12	2798208	2800062	2799139	1854	2799135	-927	927	4
chr12	2817632	2823210	2818211	5578	2820421	-2789	2789	-2210
chr12	2856012	2861607	2859068	5595	2858809	-2797	2798	259
chr12	6933139	6938324	6936475	5185	6935731	-2592	2593	744
chr12	6938733	6943679	6940931	4946	6941206	-2473	2473	-275
chr12	6938733	6943679	6941383	4946	6941206	-2473	2473	177
chr12	6938733	6943679	6941750	4946	6941206	-2473	2473	544
chr12	49268792	49271971	49269681	3179	49270381	-1589	1590	-700
chr12	55719027	55719938	55719202	911	55719482	-455	456	-280
chr12	55723690	55726332	55724479	2642	55725011	-1321	1321	-532
chr12	55817617	55820905	55817683	3288	55819261	-1644	1644	-1578
chr12	56154304	56159297	56155696	4993	56156800	-2496	2497	-1104
chr12	57731610	57736520	57732935	4910	57734065	-2455	2455	-1130
chr12	110341516	110344473	110343353	2957	110342994	-1478	1479	359
chr12	120173724	120174497	120174088	773	120174110	-386	387	-22
chr12	122847879	122851285	122849916	3406	122849582	-1703	1703	334
chr12	130870304	130876197	130874601	5893	130873250	-2946	2947	1351
chr12	6943962	6944845	6944583	883	6944403	-441	442	180
chr12	6578454	6581171	6581141	2717	6579812	-1358	1359	1329
chr12	56599343	56606181	56603677	6838	56602762	-3419	3419	915
chr12	6850792	6855629	6855510	4837	6853210	-2418	2419	2300
chr12	76029516	76032768	76031040	3252	76031142	-1626	1626	-102
chr12	12716324	12719045	12717835	2721	12717684	-1360	1361	151
chr12	12716324	12719045	12718152	2721	12717684	-1360	1361	468
chr12	14773939	14775891	14775263	1952	14774915	-976	976	348
chr12	49836886	49838941	49838929	2055	49837913	-1027	1028	1016
chr12	50094725	50099260	50098783	4535	50096992	-2267	2268	1791
chr12	53296817	53297984	53297796	1167	53297400	-583	584	396
chr12	55726829	55729610	55727307	2781	55728219	-1390	1391	-912
chr12	56234018	56240085	56235240	6067	56237051	-3033	3034	-1811
chr12	62602375	62604578	62602917	2203	62603476	-1101	1102	-559
chr12	74538397	74541071	74538416	2674	74539734	-1337	1337	-1318
chr12	101876932	101878439	101877751	1507	101877685	-753	754	66
chr12	113386096	113392622	113387084	6526	113389359	-3263	3263	-2275
chr12	96908565	96910471	96909832	1906	96909518	-953	953	314
chr12	111884864	111886440	111885928	1576	111885652	-788	788	276
chr12	122020813	122024768	122022142	3955	122022790	-1977	1978	-648
chr12	6554777	6557418	6555506	2641	6556097	-1320	1321	-591
chr12	49323871	49326498	49323892	2627	49325184	-1313	1314	-1292
chr12	54281748	54284447	54284269	2699	54283097	-1349	1350	1172
chr12	56097722	56102514	56101531	4792	56100118	-2396	2396	1413
chr12	113293596	113298505	113297178	4909	113296050	-2454	2455	1128
chr12	49272639	49273885	49272944	1246	49273262	-623	623	-318
chr12	56154304	56159297	56158491	4993	56156800	-2496	2497	1691
chr12	56314440	56316472	56315142	2032	56315456	-1016	1016	-314
chr12	2800410	2804264	2801215	3854	2802337	-1927	1927	-1122
chr12	6933139	6938324	6937005	5185	6935731	-2592	2593	1274
chr12	32741785	32744152	32742641	2367	32742968	-1183	1184	-327
chr12	2937137	2938360	2937640	1223	2937748	-611	612	-108
chr12	6938733	6943679	6941407	4946	6941206	-2473	2473	201
chr12	7201180	7204053	7202268	2873	7202616	-1436	1437	-348
chr12	31323435	31326127	31325417	2692	31324781	-1346	1346	636
chr12	48824586	48829769	48827043	5183	48827177	-2591	2592	-134
chr12	49030210	49035164	49034609	4954	49032687	-2477	2477	1922
chr12	107732760	107735948	107734307	3188	107734354	-1594	1594	-47
chr12	109900741	109907285	109904122	6544	109904013	-3272	3272	109
chr12	122991412	122998524	122994902	7112	122994968	-3556	3556	-66
chr12	128791169	128794352	128794346	3183	128792760	-1591	1592	1586
chr12	6591339	6594266	6592417	2927	6592802	-1463	1464	-385
chr12	49025975	49028516	49027833	2541	49027245	-1270	1271	588
chr12	49272639	49273885	49272990	1246	49273262	-623	623	-272
chr12	108522872	108530488	108524400	7616	108526680	-3808	3808	-2280
chr12	120133753	120137352	120137287	3599	120135552	-1799	1800	1735
chr12	121000610	121002694	121001247	2084	121001652	-1042	1042	-405
chr12	121217068	121219148	121217137	2080	121218108	-1040	1040	-971
chr12	121346124	121349655	121347818	3531	121347889	-1765	1766	-71
chr12	132617879	132624092	132620264	6213	132620985	-3106	3107	-721
chr12	53065405	53067890	53065931	2485	53066647	-1242	1243	-716
chr12	122474070	122478861	122478369	4791	122476465	-2395	2396	1904
chr12	109951278	109953859	109953100	2581	109952568	-1290	1291	532
chr12	6857963	6862720	6862521	4757	6860341	-2378	2379	2180
chr12	48148976	48150902	48149576	1926	48149939	-963	963	-363
chr12	56227839	56232891	56231335	5052	56230365	-2526	2526	970
chr12	6230324	6234750	6233424	4426	6232537	-2213	2213	887
chr12	120993188	121000590	120997762	7402	120996889	-3701	3701	873
chr12	53056908	53064650	53059920	7742	53060779	-3871	3871	-859
chr12	120142667	120145193	120144786	2526	120143930	-1263	1263	856
chr12	48824586	48829769	48826383	5183	48827177	-2591	2592	-794
chr12	69737882	69740243	69739800	2361	69739062	-1180	1181	738
chr12	122847879	122851285	122848554	3406	122849582	-1703	1703	-1028
chr12	49268792	49271971	49269643	3179	49270381	-1589	1590	-738
chr12	2800410	2804264	2801307	3854	2802337	-1927	1927	-1030
chr12	14768653	14771473	14771029	2820	14770063	-1410	1410	966
chr12	6844685	6849861	6849618	5176	6847273	-2588	2588	2345
chr12	51991229	51992891	51991908	1662	51992060	-831	831	-152
chr12	55723690	55726332	55724419	2642	55725011	-1321	1321	-592
chr12	76029516	76032768	76031282	3252	76031142	-1626	1626	140
chr12	52170905	52174040	52171403	3135	52172472	-1567	1568	-1069
chr12	112406397	112408452	112408309	2055	112407424	-1027	1028	885
chr12	6943962	6944845	6944760	883	6944403	-441	442	357
chr12	49030210	49035164	49033829	4954	49032687	-2477	2477	1142
chr12	55817617	55820905	55820514	3288	55819261	-1644	1644	1253
chr12	49022355	49025404	49024634	3049	49023879	-1524	1525	755
chr12	68806919	68809853	68808481	2934	68808386	-1467	1467	95
chr12	121336118	121340384	121337373	4266	121338251	-2133	2133	-878
chr12	131714027	131715222	131714282	1195	131714624	-597	598	-342
chr12	120767862	120769774	120768490	1912	120768818	-956	956	-328
chr12	56001962	56008616	56004786	6654	56005289	-3327	3327	-503
chr12	95051827	95054688	95051844	2861	95053257	-1430	1431	-1413
chr12	113948476	113950350	113948889	1874	113949413	-937	937	-524
chr12	56097722	56102514	56098849	4792	56100118	-2396	2396	-1269
chr12	56176221	56179271	56179017	3050	56177746	-1525	1525	1271
chr12	113386096	113392622	113388533	6526	113389359	-3263	3263	-826
chr12	109900741	109907285	109904063	6544	109904013	-3272	3272	50
chr12	122579413	122584342	122584329	4929	122581877	-2464	2465	2452
chr12	49562211	49568229	49566474	6018	49565220	-3009	3009	1254
chr12	56120388	56122689	56120715	2301	56121538	-1150	1151	-823
chr12	56126774	56129585	56128608	2811	56128179	-1405	1406	429
chr12	56338591	56341911	56339763	3320	56340251	-1660	1660	-488
chr12	56126774	56129585	56128460	2811	56128179	-1405	1406	281
chr12	112148897	112152451	112149751	3554	112150674	-1777	1777	-923
chr12	108522872	108530488	108526255	7616	108526680	-3808	3808	-425
chr12	122938159	122946081	122944549	7922	122942120	-3961	3961	2429
chr12	132783961	132791688	132784144	7727	132787824	-3863	3864	-3680
chr12	109566086	109571129	109568831	5043	109568607	-2521	2522	224
chr12	6933139	6938324	6934493	5185	6935731	-2592	2593	-1238
chr12	53460504	53462092	53461027	1588	53461298	-794	794	-271
chr12	132617879	132624092	132619713	6213	132620985	-3106	3107	-1272
chr12	6536752	6539496	6537716	2744	6538124	-1372	1372	-408
chr12	124908910	124915502	124911923	6592	124912206	-3296	3296	-283
chr12	49129252	49131928	49129271	2676	49130590	-1338	1338	-1319
chr12	57243912	57245747	57244217	1835	57244829	-917	918	-612
chr12	132077125	132078768	132077664	1643	132077946	-821	822	-282
chr12	6582853	6583824	6583251	971	6583338	-485	486	-87
chr12	50738878	50742038	50739446	3160	50740458	-1580	1580	-1012
chr12	3016698	3022962	3021936	6264	3019830	-3132	3132	2106
chr12	48923434	48929497	48924080	6063	48926465	-3031	3032	-2385
chr12	7201180	7204053	7201761	2873	7202616	-1436	1437	-855
chr12	57731610	57736520	57734670	4910	57734065	-2455	2455	605
chr12	56132433	56137618	56137552	5185	56135025	-2592	2593	2527
chr12	2864089	2868832	2868704	4743	2866460	-2371	2372	2244
chr12	49129252	49131928	49129280	2676	49130590	-1338	1338	-1310
chr12	53056908	53064650	53057667	7742	53060779	-3871	3871	-3112
chr12	56179428	56183498	56181521	4070	56181463	-2035	2035	58
chr12	101311775	101314061	101311787	2286	101312918	-1143	1143	-1131
chr12	109560130	109564855	109561824	4725	109562492	-2362	2363	-668
chr12	56723323	56726888	56724458	3565	56725105	-1782	1783	-647
chr12	1592135	1595391	1593714	3256	1593763	-1628	1628	-49
chr12	6569349	6570722	6570594	1373	6570035	-686	687	559
chr12	6582853	6583824	6583291	971	6583338	-485	486	-47
chr12	6938733	6943679	6939149	4946	6941206	-2473	2473	-2057
chr12	31101287	31108727	31101901	7440	31105007	-3720	3720	-3106
chr12	31101287	31108727	31104116	7440	31105007	-3720	3720	-891
chr12	48342010	48344318	48343273	2308	48343164	-1154	1154	109
chr12	49187817	49189472	49189013	1655	49188644	-827	828	369
chr12	49272639	49273885	49273144	1246	49273262	-623	623	-118
chr12	49629689	49636488	49631859	6799	49633088	-3399	3400	-1229
chr12	49629689	49636488	49635414	6799	49633088	-3399	3400	2326
chr12	51241438	51243335	51242682	1897	51242386	-948	949	296
chr12	53460504	53462092	53461061	1588	53461298	-794	794	-237
chr12	53711174	53714776	53714078	3602	53712975	-1801	1801	1103
chr12	55723690	55726332	55726206	2642	55725011	-1321	1321	1195
chr12	55825409	55831305	55828397	5896	55828357	-2948	2948	40
chr12	56097722	56102514	56099979	4792	56100118	-2396	2396	-139
chr12	56103968	56105625	56104615	1657	56104796	-828	829	-181
chr12	56154304	56159297	56157858	4993	56156800	-2496	2497	1058
chr12	56253663	56260384	56254112	6721	56257023	-3360	3361	-2911
chr12	56281838	56286925	56285964	5087	56284381	-2543	2544	1583
chr12	56314440	56316472	56315142	2032	56315456	-1016	1016	-314
chr12	56338591	56341911	56339190	3320	56340251	-1660	1660	-1061
chr12	56599343	56606181	56600089	6838	56602762	-3419	3419	-2673
chr12	57510028	57516346	57514831	6318	57513187	-3159	3159	1644
chr12	57731610	57736520	57732855	4910	57734065	-2455	2455	-1210
chr12	69592547	69595008	69593532	2461	69593777	-1230	1231	-245
chr12	76048174	76049287	76048372	1113	76048730	-556	557	-358
chr12	76763121	76766307	76764199	3186	76764714	-1593	1593	-515
chr12	93394508	93396150	93394664	1642	93395329	-821	821	-665
chr12	108647175	108648553	108647456	1378	108647864	-689	689	-408
chr12	109900741	109907285	109903193	6544	109904013	-3272	3272	-820
chr12	110347512	110350104	110350006	2592	110348808	-1296	1296	1198
chr12	113105400	113110247	113107109	4847	113107823	-2423	2424	-714
chr12	120133753	120137352	120136592	3599	120135552	-1799	1800	1040
chr12	120161533	120164055	120162918	2522	120162794	-1261	1261	124
chr12	120458553	120461086	120459958	2533	120459819	-1266	1267	139
chr12	120556691	120558386	120557431	1695	120557538	-847	848	-107
chr12	122516410	122517786	122517350	1376	122517098	-688	688	252
chr12	124908910	124915502	124912690	6592	124912206	-3296	3296	484
chr12	124964804	124969585	124968645	4781	124967194	-2390	2391	1451
chr12	132783961	132791688	132784121	7727	132787824	-3863	3864	-3703
chr12	132816587	132819835	132816780	3248	132818211	-1624	1624	-1431
chr12	133007205	133010424	133007468	3219	133008814	-1609	1610	-1346
chr12	55817617	55820905	55817728	3288	55819261	-1644	1644	-1533
chr12	49268792	49271971	49269553	3179	49270381	-1589	1590	-828
chr12	116276419	116279533	116277121	3114	116277976	-1557	1557	-855
chr12	49041094	49042700	49042191	1606	49041897	-803	803	294
chr12	132572137	132578588	132574426	6451	132575362	-3225	3226	-936
chr12	113159239	113162377	113161982	3138	113160808	-1569	1569	1174
chr12	56132433	56137618	56137581	5185	56135025	-2592	2593	2556
chr12	103943466	103946187	103943737	2721	103944826	-1360	1361	-1089
chr12	100266150	100268029	100267046	1879	100267089	-939	940	-43
chr12	100266150	100268029	100267047	1879	100267089	-939	940	-42
chr12	122234908	122237453	122235815	2545	122236180	-1272	1273	-365
chr12	31101287	31108727	31103954	7440	31105007	-3720	3720	-1053
chr12	2817632	2823210	2820156	5578	2820421	-2789	2789	-265
chr12	2864089	2868832	2868668	4743	2866460	-2371	2372	2208
chr12	47779066	47783305	47779119	4239	47781185	-2119	2120	-2066
chr12	49030210	49035164	49031295	4954	49032687	-2477	2477	-1392
chr12	50460379	50467213	50461230	6834	50463796	-3417	3417	-2566
chr12	50460379	50467213	50467041	6834	50463796	-3417	3417	3245
chr12	55723690	55726332	55725829	2642	55725011	-1321	1321	818
chr12	56205989	56207385	56206668	1396	56206687	-698	698	-19
chr12	56317368	56321971	56319111	4603	56319669	-2301	2302	-558
chr12	56614479	56616314	56615372	1835	56615396	-917	918	-24
chr12	57530984	57535893	57533968	4909	57533438	-2454	2455	530
chr12	57800599	57806657	57806394	6058	57803628	-3029	3029	2766
chr12	69261741	69262758	69262554	1017	69262249	-508	509	305
chr12	108799925	108801499	108800898	1574	108800712	-787	787	186
chr12	109900741	109907285	109904789	6544	109904013	-3272	3272	776
chr12	119675549	119677256	119676605	1707	119676402	-853	854	203
chr12	120563415	120566419	120565167	3004	120564917	-1502	1502	250
chr12	123465862	123466527	123466102	665	123466194	-332	333	-92
chr12	132257743	132263351	132260980	5608	132260547	-2804	2804	433
chr12	13068208	13070108	13068434	1900	13069158	-950	950	-724
chr12	109938143	109939407	109938503	1264	109938775	-632	632	-272
chr12	117155308	117157984	117157973	2676	117156646	-1338	1338	1327
chr12	122579413	122584342	122580608	4929	122581877	-2464	2465	-1269
chr12	132869478	132874213	132869721	4735	132871845	-2367	2368	-2124
chr12	113152271	113159177	113158760	6906	113155724	-3453	3453	3036
chr12	123252719	123256799	123253683	4080	123254759	-2040	2040	-1076
chr12	2864089	2868832	2868610	4743	2866460	-2371	2372	2150
chr12	57763599	57767444	57767005	3845	57765521	-1922	1923	1484
chr12	52170905	52174040	52172287	3135	52172472	-1567	1568	-185
chr12	52896547	52900449	52898884	3902	52898498	-1951	1951	386
chr12	113936788	113943354	113942370	6566	113940071	-3283	3283	2299
chr12	132648810	132650730	132649837	1920	132649770	-960	960	67
chr12	47783949	47787095	47785694	3146	47785522	-1573	1573	172
chr12	6591339	6594266	6593114	2927	6592802	-1463	1464	312
chr12	49016771	49019074	49018715	2303	49017922	-1151	1152	793
chr12	132617879	132624092	132621702	6213	132620985	-3106	3107	717
chr12	132783961	132791688	132784254	7727	132787824	-3863	3864	-3570
chr12	132673228	132676339	132673688	3111	132674783	-1555	1556	-1095
chr12	54180021	54185957	54182931	5936	54182989	-2968	2968	-58
chr12	56097722	56102514	56102145	4792	56100118	-2396	2396	2027
chr12	132617879	132624092	132621313	6213	132620985	-3106	3107	328
chr12	56267685	56272792	56269217	5107	56270238	-2553	2554	-1021
chr12	57530984	57535893	57532087	4909	57533438	-2454	2455	-1351
chr12	124975938	124978720	124977373	2782	124977329	-1391	1391	44
chr12	124908910	124915502	124912517	6592	124912206	-3296	3296	311
chr12	104303836	104304780	104303878	944	104304308	-472	472	-430
chr12	53464848	53468070	53467423	3222	53466459	-1611	1611	964
chr12	56001962	56008616	56004652	6654	56005289	-3327	3327	-637
chr12	53711174	53714776	53711934	3602	53712975	-1801	1801	-1041
chr12	49030210	49035164	49033411	4954	49032687	-2477	2477	724
chr12	3016698	3022962	3021911	6264	3019830	-3132	3132	2081
chr12	6969236	6974302	6971072	5066	6971769	-2533	2533	-697
chr12	51991229	51992891	51992111	1662	51992060	-831	831	51
chr12	53187066	53190701	53187748	3635	53188883	-1817	1818	-1135
chr12	53190887	53193569	53193333	2682	53192228	-1341	1341	1105
chr12	53479728	53483476	53482004	3748	53481602	-1874	1874	402
chr12	54028910	54030790	54029687	1880	54029850	-940	940	-163
chr12	54180021	54185957	54183395	5936	54182989	-2968	2968	406
chr12	57821598	57826707	57823614	5109	57824152	-2554	2555	-538
chr12	113281527	113289453	113285921	7926	113285490	-3963	3963	431
chr12	3039555	3043906	3040511	4351	3041730	-2175	2176	-1219
chr12	124348981	124350716	124350656	1735	124349848	-867	868	808
chr12	55825409	55831305	55827663	5896	55828357	-2948	2948	-694
chr12	69573423	69574586	69574090	1163	69574004	-581	582	86
chr12	124908910	124915502	124911850	6592	124912206	-3296	3296	-356
chr12	57763599	57767444	57765422	3845	57765521	-1922	1923	-99
chr12	56428829	56431607	56429018	2778	56430218	-1389	1389	-1200
chr12	76029516	76032768	76030574	3252	76031142	-1626	1626	-568
chr12	53056908	53064650	53058452	7742	53060779	-3871	3871	-2327
chr12	56132433	56137618	56134157	5185	56135025	-2592	2593	-868
chr12	56132433	56137618	56132495	5185	56135025	-2592	2593	-2530
chr12	56317368	56321971	56319374	4603	56319669	-2301	2302	-295
chr12	56001962	56008616	56005141	6654	56005289	-3327	3327	-148
chr12	124971354	124973452	124972569	2098	124972403	-1049	1049	166
chr12	49030210	49035164	49033174	4954	49032687	-2477	2477	487
chr12	110376252	110379440	110377609	3188	110377846	-1594	1594	-237
chr12	120133753	120137352	120137301	3599	120135552	-1799	1800	1749
chr12	121747046	121752782	121748443	5736	121749914	-2868	2868	-1471
chr12	123465862	123466527	123466065	665	123466194	-332	333	-129
chr12	56314440	56316472	56316088	2032	56315456	-1016	1016	632
chr12	56001962	56008616	56002248	6654	56005289	-3327	3327	-3041
chr12	56001962	56008616	56002250	6654	56005289	-3327	3327	-3039
chr12	112021998	112023375	112022406	1377	112022686	-688	689	-280
chr12	56097722	56102514	56101808	4792	56100118	-2396	2396	1690
chr12	113299248	113302023	113299922	2775	113300635	-1387	1388	-713
chr12	120578605	120581408	120581154	2803	120580006	-1401	1402	1148
chr12	54008956	54012581	54011399	3625	54010768	-1812	1813	631
chr12	47965279	47967555	47966685	2276	47966417	-1138	1138	268
chr12	124908910	124915502	124913404	6592	124912206	-3296	3296	1198
chr12	2856012	2861607	2859377	5595	2858809	-2797	2798	568
chr12	53454646	53455693	53454858	1047	53455169	-523	524	-311
chr12	57527681	57530135	57528676	2454	57528908	-1227	1227	-232
chr12	132617879	132624092	132621719	6213	132620985	-3106	3107	734
chr12	56338591	56341911	56340175	3320	56340251	-1660	1660	-76
chr12	49030210	49035164	49034636	4954	49032687	-2477	2477	1949
chr12	56614479	56616314	56615594	1835	56615396	-917	918	198
chr12	926614	928542	926868	1928	927578	-964	964	-710
chr12	53005020	53007090	53006402	2070	53006055	-1035	1035	347
chr12	12476747	12478075	12477122	1328	12477411	-664	664	-289
chr12	12476747	12478075	12477318	1328	12477411	-664	664	-93
chr12	56097722	56102514	56098849	4792	56100118	-2396	2396	-1269
chr12	69261741	69262758	69262381	1017	69262249	-508	509	132
chr12	111643297	111647483	111644090	4186	111645390	-2093	2093	-1300
chr12	121231358	121235306	121232448	3948	121233332	-1974	1974	-884
chr12	132806942	132808296	132808208	1354	132807619	-677	677	589
chr12	6591339	6594266	6591958	2927	6592802	-1463	1464	-844
chr12	54180021	54185957	54182320	5936	54182989	-2968	2968	-669
chr12	55825409	55831305	55828036	5896	55828357	-2948	2948	-321
chr12	122516410	122517786	122517287	1376	122517098	-688	688	189
chr12	53479728	53483476	53483190	3748	53481602	-1874	1874	1588
chr12	110341516	110344473	110342431	2957	110342994	-1478	1479	-563
chr12	6199467	6204063	6200505	4596	6201765	-2298	2298	-1260
chr12	52241092	52245810	52241515	4718	52243451	-2359	2359	-1936
chr12	57516638	57517655	57517024	1017	57517146	-508	509	-122
chr12	125089450	125091598	125091497	2148	125090524	-1074	1074	973
chr12	53053941	53055796	53054276	1855	53054868	-927	928	-592
chr12	12476747	12478075	12477544	1328	12477411	-664	664	133
chr12	49030210	49035164	49033961	4954	49032687	-2477	2477	1274
chr12	49323871	49326498	49324029	2627	49325184	-1313	1314	-1155
chr12	52241092	52245810	52243114	4718	52243451	-2359	2359	-337
chr12	122524837	122526923	122526919	2086	122525880	-1043	1043	1039
chr12	49836886	49838941	49838831	2055	49837913	-1027	1028	918
chr12	56001962	56008616	56003766	6654	56005289	-3327	3327	-1523
chr12	108522872	108530488	108526355	7616	108526680	-3808	3808	-325
chr12	56132433	56137618	56133856	5185	56135025	-2592	2593	-1169
chr12	6844685	6849861	6846796	5176	6847273	-2588	2588	-477
chr12	2817632	2823210	2822887	5578	2820421	-2789	2789	2466
chr12	6316170	6319022	6317341	2852	6317596	-1426	1426	-255
chr12	6325808	6328797	6327312	2989	6327302	-1494	1495	10
chr12	6844685	6849861	6849594	5176	6847273	-2588	2588	2321
chr12	6850792	6855629	6852282	4837	6853210	-2418	2419	-928
chr12	6857963	6862720	6858450	4757	6860341	-2378	2379	-1891
chr12	57598924	57603426	57600401	4502	57601175	-2251	2251	-774
chr12	57510028	57516346	57515043	6318	57513187	-3159	3159	1856
chr12	120563415	120566419	120565085	3004	120564917	-1502	1502	168
chr12	48824586	48829769	48826989	5183	48827177	-2591	2592	-188
chr12	57530984	57535893	57535489	4909	57533438	-2454	2455	2051
chr12	112165755	112169901	112169625	4146	112167828	-2073	2073	1797
chr12	6536752	6539496	6538176	2744	6538124	-1372	1372	52
chr12	53027779	53029810	53027876	2031	53028794	-1015	1016	-918
chr12	110376252	110379440	110377504	3188	110377846	-1594	1594	-342
chr12	6582853	6583824	6583317	971	6583338	-485	486	-21
chr12	14768653	14771473	14771111	2820	14770063	-1410	1410	1048
chr12	49042991	49045580	49043178	2589	49044285	-1294	1295	-1107
chr12	53027779	53029810	53028020	2031	53028794	-1015	1016	-774
chr12	53972367	53976330	53975278	3963	53974348	-1981	1982	930
chr12	55719027	55719938	55719208	911	55719482	-455	456	-274
chr12	56092847	56095181	56094516	2334	56094014	-1167	1167	502
chr12	68748952	68752163	68752152	3211	68750557	-1605	1606	1595
chr12	121225785	121229381	121229022	3596	121227583	-1798	1798	1439
chr12	132703125	132707151	132704884	4026	132705138	-2013	2013	-254
chr12	71662787	71664453	71663555	1666	71663620	-833	833	-65
chr12	130870304	130876197	130875933	5893	130873250	-2946	2947	2683
chr12	6767353	6771853	6770605	4500	6769603	-2250	2250	1002
chr12	1592135	1595391	1593719	3256	1593763	-1628	1628	-44
chr12	49030210	49035164	49034167	4954	49032687	-2477	2477	1480
chr12	49645416	49648897	49648246	3481	49647156	-1740	1741	1090
chr12	52896547	52900449	52898830	3902	52898498	-1951	1951	332
chr12	109555089	109559558	109559156	4469	109557323	-2234	2235	1833
chr12	111443001	111449877	111447407	6876	111446439	-3438	3438	968
chr12	113105400	113110247	113108138	4847	113107823	-2423	2424	315
chr12	120993188	121000590	120993646	7402	120996889	-3701	3701	-3243
chr12	128791169	128794352	128794221	3183	128792760	-1591	1592	1461
chr12	49042991	49045580	49044444	2589	49044285	-1294	1295	159
chr12	53711174	53714776	53713718	3602	53712975	-1801	1801	743
chr12	55749118	55751489	55749559	2371	55750303	-1185	1186	-744
chr12	124377478	124383777	124378324	6299	124380627	-3149	3150	-2303
chr12	55719027	55719938	55719568	911	55719482	-455	456	86
chr12	12716324	12719045	12717897	2721	12717684	-1360	1361	213
chr12	12716324	12719045	12718260	2721	12717684	-1360	1361	576
chr12	49030210	49035164	49031629	4954	49032687	-2477	2477	-1058
chr12	57731610	57736520	57735412	4910	57734065	-2455	2455	1347
chr12	122516410	122517786	122517334	1376	122517098	-688	688	236
chr13	44574104	44575049	44574226	945	44574576	-472	473	-350
chr13	112876380	112881852	112878270	5472	112879116	-2736	2736	-846
chr13	32534481	32536119	32535911	1638	32535300	-819	819	611
chr13	113649174	113651736	113649380	2562	113650455	-1281	1281	-1075
chr13	26213607	26215550	26214371	1943	26214578	-971	972	-207
chr13	113457762	113459241	113458084	1479	113458501	-739	740	-417
chr13	40798450	40800089	40799160	1639	40799269	-819	820	-109
chr13	20756478	20759238	20757561	2760	20757858	-1380	1380	-297
chr13	29512534	29518585	29514478	6051	29515559	-3025	3026	-1081
chr13	51451223	51455296	51452457	4073	51453259	-2036	2037	-802
chr13	51451223	51455296	51452003	4073	51453259	-2036	2037	-1256
chr13	98445230	98452361	98446141	7131	98448795	-3565	3566	-2654
chr13	19646416	19647802	19646791	1386	19647109	-693	693	-318
chr13	113324572	113328696	113326024	4124	113326634	-2062	2062	-610
chr13	112806780	112812053	112810618	5273	112809416	-2636	2637	1202
chr13	45537074	45542273	45541567	5199	45539673	-2599	2600	1894
chr13	45537074	45542273	45541603	5199	45539673	-2599	2600	1930
chr13	29525742	29533306	29530619	7564	29529524	-3782	3782	1095
chr13	43878087	43881335	43881311	3248	43879711	-1624	1624	1600
chr13	29522828	29525050	29523340	2222	29523939	-1111	1111	-599
chr13	40798450	40800089	40799112	1639	40799269	-819	820	-157
chr13	44574104	44575049	44574165	945	44574576	-472	473	-411
chr13	44575297	44577611	44575533	2314	44576454	-1157	1157	-921
chr13	48037490	48040331	48037907	2841	48038910	-1420	1421	-1003
chr13	51373269	51374890	51374253	1621	51374079	-810	811	174
chr13	46127345	46129732	46127644	2387	46128538	-1193	1194	-894
chr13	113194718	113196593	113195087	1875	113195655	-937	938	-568
chr13	25311302	25313246	25312887	1944	25312274	-972	972	613
chr13	19662685	19664787	19663080	2102	19663736	-1051	1051	-656
chr13	46127345	46129732	46127712	2387	46128538	-1193	1194	-826
chr13	98445230	98452361	98448493	7131	98448795	-3565	3566	-302
chr13	21146752	21148289	21147405	1537	21147520	-768	769	-115
chr13	51771332	51773316	51771395	1984	51772324	-992	992	-929
chr13	36996802	37001223	37000686	4421	36999012	-2210	2211	1674
chr13	51373269	51374890	51374408	1621	51374079	-810	811	329
chr13	36996802	37001223	37000738	4421	36999012	-2210	2211	1726
chr13	52028936	52033024	52031007	4088	52030980	-2044	2044	27
chr13	44988745	44990100	44989722	1355	44989422	-677	678	300
chr13	110711040	110716889	110715581	5849	110713964	-2924	2925	1617
chr13	98521522	98524410	98521865	2888	98522966	-1444	1444	-1101
chr13	26213607	26215550	26214413	1943	26214578	-971	972	-165
chr13	27619259	27622605	27621920	3346	27620932	-1673	1673	988
chr13	29512534	29518585	29513813	6051	29515559	-3025	3026	-1746
chr13	44434137	44435047	44434184	910	44434592	-455	455	-408
chr13	95676168	95677917	95677267	1749	95677042	-874	875	225
chr13	44575297	44577611	44575878	2314	44576454	-1157	1157	-576
chr13	110644918	110647902	110646075	2984	110646410	-1492	1492	-335
chr13	51451223	51455296	51452418	4073	51453259	-2036	2037	-841
chr13	26213607	26215550	26214052	1943	26214578	-971	972	-526
chr13	19861704	19865358	19864159	3654	19863531	-1827	1827	628
chr13	52028936	52033024	52032850	4088	52030980	-2044	2044	1870
chr13	41059393	41062812	41061672	3419	41061102	-1709	1710	570
chr13	98445230	98452361	98446808	7131	98448795	-3565	3566	-1987
chr13	110711040	110716889	110712890	5849	110713964	-2924	2925	-1074
chr13	110711040	110716889	110715418	5849	110713964	-2924	2925	1454
chr13	37004669	37007098	37006010	2429	37005883	-1214	1215	127
chr13	44988745	44990100	44989721	1355	44989422	-677	678	299
chr13	106567391	106568854	106567653	1463	106568122	-731	732	-469
chr13	113649174	113651736	113649466	2562	113650455	-1281	1281	-989
chr13	38880152	38880803	38880522	651	38880477	-325	326	45
chr13	51373269	51374890	51374409	1621	51374079	-810	811	330
chr13	45339960	45341935	45340003	1975	45340947	-987	988	-944
chr13	21376773	21381738	21381486	4965	21379255	-2482	2483	2231
chr13	41315292	41317088	41316881	1796	41316190	-898	898	691
chr13	110711040	110716889	110715592	5849	110713964	-2924	2925	1628
chr13	112851005	112853278	112851075	2273	112852141	-1136	1137	-1066
chr13	113324572	113328696	113326000	4124	113326634	-2062	2062	-634
chr13	26213607	26215550	26213784	1943	26214578	-971	972	-794
chr13	110891662	110893268	110892818	1606	110892465	-803	803	353
chr13	21153627	21155396	21154988	1769	21154511	-884	885	477
chr13	24224419	24226541	24224796	2122	24225480	-1061	1061	-684
chr13	32534481	32536119	32535929	1638	32535300	-819	819	629
chr13	38880152	38880803	38880366	651	38880477	-325	326	-111
chr13	110891662	110893268	110893084	1606	110892465	-803	803	619
chr13	110891662	110893268	110893085	1606	110892465	-803	803	620
chr13	99557157	99559981	99559425	2824	99558569	-1412	1412	856
chr13	106567391	106568854	106567665	1463	106568122	-731	732	-457
chr13	36996802	37001223	37000631	4421	36999012	-2210	2211	1619
chr13	45464725	45468048	45464960	3323	45466386	-1661	1662	-1426
chr13	27619259	27622605	27621907	3346	27620932	-1673	1673	975
chr13	110891662	110893268	110892978	1606	110892465	-803	803	513
chr13	110711040	110716889	110714207	5849	110713964	-2924	2925	243
chr13	110711040	110716889	110715833	5849	110713964	-2924	2925	1869
chr13	113649174	113651736	113649492	2562	113650455	-1281	1281	-963
chr13	42306908	42308836	42308476	1928	42307872	-964	964	604
chr13	44574104	44575049	44574854	945	44574576	-472	473	278
chr13	44575297	44577611	44575765	2314	44576454	-1157	1157	-689
chr13	26213607	26215550	26215074	1943	26214578	-971	972	496
chr13	112833901	112839764	112834588	5863	112836832	-2931	2932	-2244
chr13	21146752	21148289	21147607	1537	21147520	-768	769	87
chr13	32534481	32536119	32535778	1638	32535300	-819	819	478
chr13	52021416	52026403	52024336	4987	52023909	-2493	2494	427
chr13	52028936	52033024	52030806	4088	52030980	-2044	2044	-174
chr13	44574104	44575049	44574267	945	44574576	-472	473	-309
chr14	22771587	22775111	22774023	3524	22773349	-1762	1762	674
chr14	31132962	31133708	31133302	746	31133335	-373	373	-33
chr14	73500663	73504888	73502927	4225	73502775	-2112	2113	152
chr14	77109774	77111569	77109816	1795	77110671	-897	898	-855
chr14	24439351	24443282	24442069	3931	24441316	-1965	1966	753
chr14	92797240	92802352	92797605	5112	92799796	-2556	2556	-2191
chr14	102037817	102043650	102042725	5833	102040733	-2916	2917	1992
chr14	102047666	102054072	102049793	6406	102050869	-3203	3203	-1076
chr14	102334706	102338843	102335669	4137	102336774	-2068	2069	-1105
chr14	73259675	73264904	73262526	5229	73262289	-2614	2615	237
chr14	24439351	24443282	24442815	3931	24441316	-1965	1966	1499
chr14	52706609	52708972	52707202	2363	52707790	-1181	1182	-588
chr14	76154423	76155344	76154741	921	76154883	-460	461	-142
chr14	103332519	103336128	103335864	3609	103334323	-1804	1805	1541
chr14	72970323	72972463	72971051	2140	72971393	-1070	1070	-342
chr14	73717420	73722089	73717580	4669	73719754	-2334	2335	-2174
chr14	24156801	24159918	24158139	3117	24158359	-1558	1559	-220
chr14	55349560	55352629	55350488	3069	55351094	-1534	1535	-606
chr14	77299066	77301938	77301187	2872	77300502	-1436	1436	685
chr14	93181158	93186174	93183317	5016	93183666	-2508	2508	-349
chr14	74777639	74780350	74778497	2711	74778994	-1355	1356	-497
chr14	23526329	23531046	23526557	4717	23528687	-2358	2359	-2130
chr14	74777639	74780350	74778450	2711	74778994	-1355	1356	-544
chr14	74917275	74922214	74919902	4939	74919744	-2469	2470	158
chr14	70729287	70730824	70730820	1537	70730055	-768	769	765
chr14	102013657	102015601	102015312	1944	102014629	-972	972	683
chr14	24266132	24268270	24267704	2138	24267201	-1069	1069	503
chr14	49582888	49586923	49586024	4035	49584905	-2017	2018	1119
chr14	22870968	22878539	22875953	7571	22874753	-3785	3786	1200
chr14	102047666	102054072	102048613	6406	102050869	-3203	3203	-2256
chr14	100326451	100334351	100327229	7900	100330401	-3950	3950	-3172
chr14	69778291	69779699	69778343	1408	69778995	-704	704	-652
chr14	21080703	21083981	21082842	3278	21082342	-1639	1639	500
chr14	74797511	74799602	74798612	2091	74798556	-1045	1046	56
chr14	94059855	94061622	94060481	1767	94060738	-883	884	-257
chr14	100326451	100334351	100328925	7900	100330401	-3950	3950	-1476
chr14	102037817	102043650	102042101	5833	102040733	-2916	2917	1368
chr14	104712481	104716306	104714318	3825	104714393	-1912	1913	-75
chr14	103502384	103503192	103502978	808	103502788	-404	404	190
chr14	55349560	55352629	55351825	3069	55351094	-1534	1535	731
chr14	20455593	20460019	20457511	4426	20457806	-2213	2213	-295
chr14	21085377	21087584	21087075	2207	21086480	-1103	1104	595
chr14	22923094	22930166	22924705	7072	22926630	-3536	3536	-1925
chr14	23358681	23361706	23360827	3025	23360193	-1512	1513	634
chr14	24100431	24104868	24102803	4437	24102649	-2218	2219	154
chr14	73489978	73494187	73492748	4209	73492082	-2104	2105	666
chr14	93181158	93186174	93183248	5016	93183666	-2508	2508	-418
chr14	69770320	69771886	69771428	1566	69771103	-783	783	325
chr14	70800424	70803037	70800991	2613	70801730	-1306	1307	-739
chr14	73103189	73105342	73103419	2153	73104265	-1076	1077	-846
chr14	105216152	105219757	105219272	3605	105217954	-1802	1803	1318
chr14	21499280	21501805	21500622	2525	21500542	-1262	1263	80
chr14	77299066	77301938	77301206	2872	77300502	-1436	1436	704
chr14	75523840	75526076	75525108	2236	75524958	-1118	1118	150
chr14	39173380	39176689	39175374	3309	39175034	-1654	1655	340
chr14	102020840	102022861	102022796	2021	102021850	-1010	1011	946
chr14	49582888	49586923	49586331	4035	49584905	-2017	2018	1426
chr14	24100431	24104868	24102852	4437	24102649	-2218	2219	203
chr14	74288433	74291632	74290315	3199	74290032	-1599	1600	283
chr14	67650820	67652272	67651281	1452	67651546	-726	726	-265
chr14	21090213	21095907	21091458	5694	21093060	-2847	2847	-1602
chr14	21210691	21212500	21211915	1809	21211595	-904	905	320
chr14	23554939	23558224	23556864	3285	23556581	-1642	1643	283
chr14	23554939	23558224	23557010	3285	23556581	-1642	1643	429
chr14	102964107	102970211	102968599	6104	102967159	-3052	3052	1440
chr14	104767164	104770642	104770340	3478	104768903	-1739	1739	1437
chr14	74797511	74799602	74797785	2091	74798556	-1045	1046	-771
chr14	21502342	21504253	21503079	1911	21503297	-955	956	-218
chr14	100147286	100151346	100149322	4060	100149316	-2030	2030	6
chr14	60720250	60724618	60723484	4368	60722434	-2184	2184	1050
chr14	68791266	68797194	68795280	5928	68794230	-2964	2964	1050
chr14	100326451	100334351	100327301	7900	100330401	-3950	3950	-3100
chr14	75134264	75135904	75134775	1640	75135084	-820	820	-309
chr14	39173380	39176689	39176075	3309	39175034	-1654	1655	1041
chr14	24428305	24433297	24428938	4992	24430801	-2496	2496	-1863
chr14	24212069	24214183	24214134	2114	24213126	-1057	1057	1008
chr14	94045476	94052228	94051051	6752	94048852	-3376	3376	2199
chr14	104708668	104710615	104709291	1947	104709641	-973	974	-350
chr14	61279399	61281740	61281699	2341	61280569	-1170	1171	1130
chr14	103503301	103511016	103503416	7715	103507158	-3857	3858	-3742
chr14	20405933	20408622	20408448	2689	20407277	-1344	1345	1171
chr14	75134264	75135904	75134866	1640	75135084	-820	820	-218
chr14	24301047	24305199	24301661	4152	24303123	-2076	2076	-1462
chr14	73711891	73715294	73713038	3403	73713592	-1701	1702	-554
chr14	105216152	105219757	105217634	3605	105217954	-1802	1803	-320
chr14	20455593	20460019	20455930	4426	20457806	-2213	2213	-1876
chr14	39177397	39179957	39179098	2560	39178677	-1280	1280	421
chr14	23526329	23531046	23526393	4717	23528687	-2358	2359	-2294
chr14	64945345	64949117	64947699	3772	64947231	-1886	1886	468
chr14	103559865	103563773	103562051	3908	103561819	-1954	1954	232
chr14	21085377	21087584	21085797	2207	21086480	-1103	1104	-683
chr14	24428305	24433297	24431629	4992	24430801	-2496	2496	828
chr14	21090213	21095907	21091449	5694	21093060	-2847	2847	-1611
chr14	65411591	65414608	65411943	3017	65413099	-1508	1509	-1156
chr14	75650417	75651595	75651593	1178	75651006	-589	589	587
chr14	92942084	92947660	92946454	5576	92944872	-2788	2788	1582
chr14	102047666	102054072	102048551	6406	102050869	-3203	3203	-2318
chr14	22870968	22878539	22872270	7571	22874753	-3785	3786	-2483
chr14	58260256	58262980	58261021	2724	58261618	-1362	1362	-597
chr14	75681214	75683193	75681574	1979	75682203	-989	990	-629
chr14	24050731	24057072	24056377	6341	24053901	-3170	3171	2476
chr14	75276674	75281886	75278873	5212	75279280	-2606	2606	-407
chr14	104712481	104716306	104713233	3825	104714393	-1912	1913	-1160
chr14	92928900	92934198	92931254	5298	92931549	-2649	2649	-295
chr14	22923094	22930166	22929331	7072	22926630	-3536	3536	2701
chr14	103332519	103336128	103335893	3609	103334323	-1804	1805	1570
chr14	21487467	21487898	21487554	431	21487682	-215	216	-128
chr14	22775910	22778916	22778826	3006	22777413	-1503	1503	1413
chr14	52720852	52723150	52720981	2298	52722001	-1149	1149	-1020
chr14	55619098	55622558	55619205	3460	55620828	-1730	1730	-1623
chr14	60720250	60724618	60723367	4368	60722434	-2184	2184	933
chr14	90272281	90275481	90272526	3200	90273881	-1600	1600	-1355
chr14	101980856	101987374	101983193	6518	101984115	-3259	3259	-922
chr14	24100431	24104868	24103526	4437	24102649	-2218	2219	877
chr14	30621247	30622428	30622411	1181	30621837	-590	591	574
chr14	94059855	94061622	94060258	1767	94060738	-883	884	-480
chr14	20455593	20460019	20457104	4426	20457806	-2213	2213	-702
chr14	21366239	21367438	21366494	1199	21366838	-599	600	-344
chr14	102081621	102084538	102082243	2917	102083079	-1458	1459	-836
chr14	23476952	23477933	23477788	981	23477442	-490	491	346
chr14	74663130	74667767	74663995	4637	74665448	-2318	2319	-1453
chr14	74797511	74799602	74799385	2091	74798556	-1045	1046	829
chr14	102883338	102886831	102886217	3493	102885084	-1746	1747	1133
chr14	90405678	90407600	90406167	1922	90406639	-961	961	-472
chr14	68791266	68797194	68793068	5928	68794230	-2964	2964	-1162
chr14	24439351	24443282	24440201	3931	24441316	-1965	1966	-1115
chr14	105216152	105219757	105217649	3605	105217954	-1802	1803	-305
chr14	50531574	50533157	50531955	1583	50532365	-791	792	-410
chr14	102925814	102933566	102928853	7752	102929690	-3876	3876	-837
chr14	99398372	99400340	99399087	1968	99399356	-984	984	-269
chr14	24214375	24216409	24215556	2034	24215392	-1017	1017	164
chr14	24146292	24148730	24148106	2438	24147511	-1219	1219	595
chr14	70729287	70730824	70730634	1537	70730055	-768	769	579
chr14	77340734	77343428	77341868	2694	77342081	-1347	1347	-213
chr14	75002191	75005988	75002976	3797	75004089	-1898	1899	-1113
chr14	21353424	21354811	21353817	1387	21354117	-693	694	-300
chr14	60720250	60724618	60723639	4368	60722434	-2184	2184	1205
chr14	100147286	100151346	100149502	4060	100149316	-2030	2030	186
chr14	104708668	104710615	104710122	1947	104709641	-973	974	481
chr14	22923094	22930166	22926264	7072	22926630	-3536	3536	-366
chr14	39177397	39179957	39179462	2560	39178677	-1280	1280	785
chr14	24439351	24443282	24442207	3931	24441316	-1965	1966	891
chr14	68881285	68886390	68882911	5105	68883837	-2552	2553	-926
chr14	90396332	90398457	90397173	2125	90397394	-1062	1063	-221
chr14	20455593	20460019	20455659	4426	20457806	-2213	2213	-2147
chr14	101980856	101987374	101985810	6518	101984115	-3259	3259	1695
chr14	24100431	24104868	24102788	4437	24102649	-2218	2219	139
chr14	74670550	74671622	74670700	1072	74671086	-536	536	-386
chr14	24096815	24099371	24098436	2556	24098093	-1278	1278	343
chr14	20405933	20408622	20408177	2689	20407277	-1344	1345	900
chr14	103336379	103339025	103336760	2646	103337702	-1323	1323	-942
chr14	21090213	21095907	21092376	5694	21093060	-2847	2847	-684
chr14	36665555	36667947	36666591	2392	36666751	-1196	1196	-160
chr14	67800108	67803226	67802263	3118	67801667	-1559	1559	596
chr14	69053887	69054699	69054027	812	69054293	-406	406	-266
chr14	77326283	77327634	77327484	1351	77326958	-675	676	526
chr14	50531574	50533157	50532124	1583	50532365	-791	792	-241
chr14	60282588	60283227	60283152	639	60282907	-319	320	245
chr14	22923094	22930166	22928611	7072	22926630	-3536	3536	1981
chr14	74670550	74671622	74670800	1072	74671086	-536	536	-286
chr14	102937842	102940298	102939859	2456	102939070	-1228	1228	789
chr14	24188111	24191629	24189429	3518	24189870	-1759	1759	-441
chr14	54763723	54768986	54764533	5263	54766354	-2631	2632	-1821
chr14	75276674	75281886	75278993	5212	75279280	-2606	2606	-287
chr14	103694780	103702565	103699480	7785	103698672	-3892	3893	808
chr14	23358681	23361706	23360034	3025	23360193	-1512	1513	-159
chr14	64728233	64732534	64731576	4301	64730383	-2150	2151	1193
chr14	64728233	64732534	64731577	4301	64730383	-2150	2151	1194
chr14	69778291	69779699	69778479	1408	69778995	-704	704	-516
chr14	24439351	24443282	24439913	3931	24441316	-1965	1966	-1403
chr14	69765765	69769422	69769210	3657	69767593	-1828	1829	1617
chr14	21090213	21095907	21092389	5694	21093060	-2847	2847	-671
chr14	100377828	100385167	100381609	7339	100381497	-3669	3670	112
chr14	65101450	65105679	65102327	4229	65103564	-2114	2115	-1237
chr14	23078530	23081080	23078866	2550	23079805	-1275	1275	-939
chr14	24100431	24104868	24103910	4437	24102649	-2218	2219	1261
chr14	24204978	24207962	24206638	2984	24206470	-1492	1492	168
chr14	39177397	39179957	39177903	2560	39178677	-1280	1280	-774
chr14	69053887	69054699	69054198	812	69054293	-406	406	-95
chr14	73489978	73494187	73491817	4209	73492082	-2104	2105	-265
chr14	90272281	90275481	90272600	3200	90273881	-1600	1600	-1281
chr14	94078726	94079814	94079131	1088	94079270	-544	544	-139
chr14	100377828	100385167	100381138	7339	100381497	-3669	3670	-359
chr14	21429394	21431465	21431228	2071	21430429	-1035	1036	799
chr14	22972458	22974329	22973476	1871	22973393	-935	936	83
chr14	24146292	24148730	24148051	2438	24147511	-1219	1219	540
chr14	61693930	61697201	61695684	3271	61695565	-1635	1636	119
chr14	91302869	91304378	91303703	1509	91303623	-754	755	80
chr14	102413765	102421249	102414676	7484	102417507	-3742	3742	-2831
chr14	49633140	49638710	49635078	5570	49635925	-2785	2785	-847
chr14	77340734	77343428	77341854	2694	77342081	-1347	1347	-227
chr14	58249817	58253982	58252192	4165	58251899	-2082	2083	293
chr14	73489978	73494187	73492018	4209	73492082	-2104	2105	-64
chr14	93181158	93186174	93183121	5016	93183666	-2508	2508	-545
chr14	94078726	94079814	94079474	1088	94079270	-544	544	204
chr14	96457995	96459480	96458119	1485	96458737	-742	743	-618
chr14	54788942	54791127	54789159	2185	54790034	-1092	1093	-875
chr14	64521469	64523778	64522962	2309	64522623	-1154	1155	339
chr14	75650417	75651595	75651050	1178	75651006	-589	589	44
chr14	92007970	92011857	92010998	3887	92009913	-1943	1944	1085
chr14	93181158	93186174	93183843	5016	93183666	-2508	2508	177
chr14	99507814	99511010	99510399	3196	99509412	-1598	1598	987
chr14	105411124	105415551	105411800	4427	105413337	-2213	2214	-1537
chr14	24140365	24143873	24140893	3508	24142119	-1754	1754	-1226
chr14	70738906	70743814	70740088	4908	70741360	-2454	2454	-1272
chr14	23078530	23081080	23079019	2550	23079805	-1275	1275	-786
chr14	64751649	64756655	64753641	5006	64754152	-2503	2503	-511
chr14	22900812	22903652	22901840	2840	22902232	-1420	1420	-392
chr14	35290705	35293188	35292372	2483	35291946	-1241	1242	426
chr14	102205371	102209790	102208757	4419	102207580	-2209	2210	1177
chr14	24136319	24139271	24139197	2952	24137795	-1476	1476	1402
chr14	24136319	24139271	24138769	2952	24137795	-1476	1476	974
chr14	77443033	77446198	77444341	3165	77444615	-1582	1583	-274
chr14	24290517	24292787	24290916	2270	24291652	-1135	1135	-736
chr14	20405933	20408622	20408037	2689	20407277	-1344	1345	760
chr14	73116911	73120059	73119966	3148	73118485	-1574	1574	1481
chr14	92942084	92947660	92946356	5576	92944872	-2788	2788	1484
chr14	64751649	64756655	64753737	5006	64754152	-2503	2503	-415
chr14	24301047	24305199	24303089	4152	24303123	-2076	2076	-34
chr14	74797511	74799602	74798496	2091	74798556	-1045	1046	-60
chr14	75134264	75135904	75134956	1640	75135084	-820	820	-128
chr14	24439351	24443282	24440523	3931	24441316	-1965	1966	-793
chr14	69778291	69779699	69778440	1408	69778995	-704	704	-555
chr14	68791266	68797194	68792905	5928	68794230	-2964	2964	-1325
chr14	24146292	24148730	24147869	2438	24147511	-1219	1219	358
chr14	22775910	22778916	22776273	3006	22777413	-1503	1503	-1140
chr14	23358681	23361706	23358878	3025	23360193	-1512	1513	-1315
chr14	103332519	103336128	103336087	3609	103334323	-1804	1805	1764
chr14	70729287	70730824	70730322	1537	70730055	-768	769	267
chr14	100377828	100385167	100381050	7339	100381497	-3669	3670	-447
chr14	24290517	24292787	24292646	2270	24291652	-1135	1135	994
chr14	102084728	102085129	102084834	401	102084928	-200	201	-94
chr14	102964107	102970211	102968617	6104	102967159	-3052	3052	1458
chr14	77023228	77028914	77026664	5686	77026071	-2843	2843	593
chr14	22885780	22890004	22886081	4224	22887892	-2112	2112	-1811
chr14	24188111	24191629	24190646	3518	24189870	-1759	1759	776
chr14	49784615	49786084	49784628	1469	49785349	-734	735	-721
chr14	103559865	103563773	103562076	3908	103561819	-1954	1954	257
chr14	24301047	24305199	24305002	4152	24303123	-2076	2076	1879
chr14	103336379	103339025	103337214	2646	103337702	-1323	1323	-488
chr14	93205186	93208549	93207131	3363	93206867	-1681	1682	264
chr14	74902024	74903236	74902770	1212	74902630	-606	606	140
chr14	69053887	69054699	69054413	812	69054293	-406	406	120
chr14	52706609	52708972	52707179	2363	52707790	-1181	1182	-611
chr14	93181158	93186174	93184242	5016	93183666	-2508	2508	576
chr14	20455593	20460019	20457416	4426	20457806	-2213	2213	-390
chr14	22832133	22835002	22834399	2869	22833567	-1434	1435	832
chr14	22923094	22930166	22929216	7072	22926630	-3536	3536	2586
chr14	23476952	23477933	23477563	981	23477442	-490	491	121
chr14	24140365	24143873	24141266	3508	24142119	-1754	1754	-853
chr14	24156801	24159918	24157553	3117	24158359	-1558	1559	-806
chr14	24214375	24216409	24215661	2034	24215392	-1017	1017	269
chr14	24236399	24239111	24238362	2712	24237755	-1356	1356	607
chr14	39173380	39176689	39176571	3309	39175034	-1654	1655	1537
chr14	49582888	49586923	49586288	4035	49584905	-2017	2018	1383
chr14	52007890	52011237	52010943	3347	52009563	-1673	1674	1380
chr14	64521469	64523778	64521708	2309	64522623	-1154	1155	-915
chr14	64521469	64523778	64522465	2309	64522623	-1154	1155	-158
chr14	74297242	74298584	74298028	1342	74297913	-671	671	115
chr14	74492402	74494305	74493285	1903	74493353	-951	952	-68
chr14	74777639	74780350	74778570	2711	74778994	-1355	1356	-424
chr14	74797511	74799602	74798019	2091	74798556	-1045	1046	-537
chr14	93181158	93186174	93183171	5016	93183666	-2508	2508	-495
chr14	99398372	99400340	99398754	1968	99399356	-984	984	-602
chr14	103559865	103563773	103560939	3908	103561819	-1954	1954	-880
chr14	105255586	105258874	105256415	3288	105257230	-1644	1644	-815
chr14	75002191	75005988	75003597	3797	75004089	-1898	1899	-492
chr14	24096815	24099371	24098212	2556	24098093	-1278	1278	119
chr14	50747769	50751971	50748029	4202	50749870	-2101	2101	-1841
chr14	55349560	55352629	55352591	3069	55351094	-1534	1535	1497
chr14	74797511	74799602	74798270	2091	74798556	-1045	1046	-286
chr14	68786165	68788502	68787676	2337	68787333	-1168	1169	343
chr14	75134264	75135904	75135862	1640	75135084	-820	820	778
chr14	69053887	69054699	69053945	812	69054293	-406	406	-348
chr14	92922696	92926852	92926646	4156	92924774	-2078	2078	1872
chr14	23554939	23558224	23557274	3285	23556581	-1642	1643	693
chr14	103518305	103523222	103522353	4917	103520763	-2458	2459	1590
chr14	65411591	65414608	65411902	3017	65413099	-1508	1509	-1197
chr14	24050731	24057072	24055079	6341	24053901	-3170	3171	1178
chr14	24050731	24057072	24056650	6341	24053901	-3170	3171	2749
chr14	24301047	24305199	24304580	4152	24303123	-2076	2076	1457
chr14	52007890	52011237	52007903	3347	52009563	-1673	1674	-1660
chr14	56617151	56620688	56617192	3537	56618919	-1768	1769	-1727
chr14	65077388	65079103	65077391	1715	65078245	-857	858	-854
chr14	73116911	73120059	73119874	3148	73118485	-1574	1574	1389
chr14	73489978	73494187	73493303	4209	73492082	-2104	2105	1221
chr14	75276674	75281886	75280594	5212	75279280	-2606	2606	1314
chr14	76201307	76202050	76201940	743	76201678	-371	372	262
chr14	77340734	77343428	77341524	2694	77342081	-1347	1347	-557
chr14	90263485	90267321	90265141	3836	90265403	-1918	1918	-262
chr14	92922696	92926852	92924206	4156	92924774	-2078	2078	-568
chr14	94059855	94061622	94060259	1767	94060738	-883	884	-479
chr14	99398372	99400340	99399098	1968	99399356	-984	984	-258
chr14	99502487	99504124	99502959	1637	99503305	-818	819	-346
chr14	102205371	102209790	102208680	4419	102207580	-2209	2210	1100
chr14	102951916	102956093	102952501	4177	102954004	-2088	2089	-1503
chr14	35312015	35314648	35312977	2633	35313331	-1316	1317	-354
chr14	60152325	60153240	60153046	915	60152782	-457	458	264
chr14	91278541	91280821	91279255	2280	91279681	-1140	1140	-426
chr14	71012942	71015164	71013096	2222	71014053	-1111	1111	-957
chr14	54438532	54441591	54441326	3059	54440061	-1529	1530	1265
chr14	24307134	24312575	24311608	5441	24309854	-2720	2721	1754
chr14	24191760	24193111	24191812	1351	24192435	-675	676	-623
chr14	24301047	24305199	24302053	4152	24303123	-2076	2076	-1070
chr14	75276674	75281886	75281622	5212	75279280	-2606	2606	2342
chr14	99398372	99400340	99398971	1968	99399356	-984	984	-385
chr14	65075207	65077108	65076626	1901	65076157	-950	951	469
chr14	24214375	24216409	24214558	2034	24215392	-1017	1017	-834
chr14	100326451	100334351	100333930	7900	100330401	-3950	3950	3529
chr14	93181158	93186174	93183708	5016	93183666	-2508	2508	42
chr14	77340734	77343428	77343425	2694	77342081	-1347	1347	1344
chr14	54429024	54431605	54430259	2581	54430314	-1290	1291	-55
chr14	23078530	23081080	23079734	2550	23079805	-1275	1275	-71
chr14	73259675	73264904	73262409	5229	73262289	-2614	2615	120
chr14	73272219	73274038	73272914	1819	73273128	-909	910	-214
chr14	77340734	77343428	77341934	2694	77342081	-1347	1347	-147
chr14	102937842	102940298	102939664	2456	102939070	-1228	1228	594
chr14	93205186	93208549	93206998	3363	93206867	-1681	1682	131
chr14	57388722	57391864	57391559	3142	57390293	-1571	1571	1266
chr14	73259675	73264904	73261291	5229	73262289	-2614	2615	-998
chr14	73961082	73963963	73961314	2881	73962522	-1440	1441	-1208
chr14	102081621	102084538	102083292	2917	102083079	-1458	1459	213
chr14	102334706	102338843	102335642	4137	102336774	-2068	2069	-1132
chr14	69449554	69453460	69453299	3906	69451507	-1953	1953	1792
chr14	22900812	22903652	22901857	2840	22902232	-1420	1420	-375
chr14	69053887	69054699	69054677	812	69054293	-406	406	384
chr14	102007343	102009302	102008249	1959	102008322	-979	980	-73
chr14	89962311	89963946	89963633	1635	89963128	-817	818	505
chr14	75002191	75005988	75004902	3797	75004089	-1898	1899	813
chr14	24236399	24239111	24237068	2712	24237755	-1356	1356	-687
chr14	75002191	75005988	75003567	3797	75004089	-1898	1899	-522
chr14	102937842	102940298	102939644	2456	102939070	-1228	1228	574
chr14	102937842	102940298	102939901	2456	102939070	-1228	1228	831
chr14	77299066	77301938	77301185	2872	77300502	-1436	1436	683
chr14	100326451	100334351	100327208	7900	100330401	-3950	3950	-3193
chr14	55349560	55352629	55352377	3069	55351094	-1534	1535	1283
chr14	21210691	21212500	21211342	1809	21211595	-904	905	-253
chr14	68791266	68797194	68792979	5928	68794230	-2964	2964	-1251
chr14	102205371	102209790	102209233	4419	102207580	-2209	2210	1653
chr14	73489978	73494187	73492158	4209	73492082	-2104	2105	76
chr14	90278108	90282657	90278383	4549	90280382	-2274	2275	-1999
chr14	60972199	60973142	60972270	943	60972670	-471	472	-400
chr14	21424868	21428451	21428196	3583	21426659	-1791	1792	1537
chr14	75276674	75281886	75280062	5212	75279280	-2606	2606	782
chr14	89962311	89963946	89963559	1635	89963128	-817	818	431
chr14	91307844	91309637	91308425	1793	91308740	-896	897	-315
chr14	93181158	93186174	93183837	5016	93183666	-2508	2508	171
chr14	93181158	93186174	93184224	5016	93183666	-2508	2508	558
chr14	68786165	68788502	68787876	2337	68787333	-1168	1169	543
chr14	35290705	35293188	35292403	2483	35291946	-1241	1242	457
chr14	75276674	75281886	75281370	5212	75279280	-2606	2606	2090
chr14	22832133	22835002	22833458	2869	22833567	-1434	1435	-109
chr14	69235274	69238572	69237725	3298	69236923	-1649	1649	802
chr14	77467896	77469441	77469238	1545	77468668	-772	773	570
chr14	77462404	77464077	77462729	1673	77463240	-836	837	-511
chr14	24096815	24099371	24098470	2556	24098093	-1278	1278	377
chr14	24439351	24443282	24441019	3931	24441316	-1965	1966	-297
chr14	23554939	23558224	23557247	3285	23556581	-1642	1643	666
chr14	34514366	34520017	34516522	5651	34517191	-2825	2826	-669
chr14	67755786	67760436	67756073	4650	67758111	-2325	2325	-2038
chr14	64939070	64940503	64939818	1433	64939786	-716	717	32
chr14	22771587	22775111	22774389	3524	22773349	-1762	1762	1040
chr14	77299066	77301938	77300912	2872	77300502	-1436	1436	410
chr14	99502487	99504124	99502867	1637	99503305	-818	819	-438
chr14	102037817	102043650	102038718	5833	102040733	-2916	2917	-2015
chr14	102964107	102970211	102968299	6104	102967159	-3052	3052	1140
chr14	34783367	34785369	34783925	2002	34784368	-1001	1001	-443
chr14	74797511	74799602	74799291	2091	74798556	-1045	1046	735
chr14	77023228	77028914	77026385	5686	77026071	-2843	2843	314
chr14	102925814	102933566	102929505	7752	102929690	-3876	3876	-185
chr14	102984369	102987367	102986532	2998	102985868	-1499	1499	664
chr14	103559865	103563773	103560714	3908	103561819	-1954	1954	-1105
chr15	64702610	64705239	64703031	2629	64703924	-1314	1315	-893
chr15	74627412	74634438	74629776	7026	74630925	-3513	3513	-1149
chr15	72374549	72377035	72375997	2486	72375792	-1243	1243	205
chr15	75201554	75208416	75208115	6862	75204985	-3431	3431	3130
chr15	89332845	89335403	89333102	2558	89334124	-1279	1279	-1022
chr15	41455862	41458546	41457825	2684	41457204	-1342	1342	621
chr15	43527364	43533441	43527970	6077	43530402	-3038	3039	-2432
chr15	39579908	39582628	39582296	2720	39581268	-1360	1360	1028
chr15	22872561	22874660	22872929	2099	22873610	-1049	1050	-681
chr15	58689799	58692223	58691217	2424	58691011	-1212	1212	206
chr15	84797637	84803180	84802198	5543	84800408	-2771	2772	1790
chr15	43527364	43533441	43528177	6077	43530402	-3038	3039	-2225
chr15	64688457	64690264	64688540	1807	64689360	-903	904	-820
chr15	84783396	84785034	84783876	1638	84784215	-819	819	-339
chr15	43788688	43796365	43793700	7677	43792526	-3838	3839	1174
chr15	90944411	90948039	90944974	3628	90946225	-1814	1814	-1251
chr15	89326580	89330483	89327009	3903	89328531	-1951	1952	-1522
chr15	75336467	75339381	75338999	2914	75337924	-1457	1457	1075
chr15	90904903	90908548	90905987	3645	90906725	-1822	1823	-738
chr15	63590603	63592610	63590952	2007	63591606	-1003	1004	-654
chr15	64074599	64075609	64075495	1010	64075104	-505	505	391
chr15	75656685	75661843	75657049	5158	75659264	-2579	2579	-2215
chr15	89294842	89298345	89294987	3503	89296593	-1751	1752	-1606
chr15	84783396	84785034	84784325	1638	84784215	-819	819	110
chr15	41914174	41919528	41919395	5354	41916851	-2677	2677	2544
chr15	41455862	41458546	41457876	2684	41457204	-1342	1342	672
chr15	75201554	75208416	75206273	6862	75204985	-3431	3431	1288
chr15	90951225	90954353	90952950	3128	90952789	-1564	1564	161
chr15	41836480	41843900	41842534	7420	41840190	-3710	3710	2344
chr15	74618754	74623819	74619216	5065	74621286	-2532	2533	-2070
chr15	90904903	90908548	90907313	3645	90906725	-1822	1823	588
chr15	75201554	75208416	75208329	6862	75204985	-3431	3431	3344
chr15	51935833	51938713	51938198	2880	51937273	-1440	1440	925
chr15	72252475	72256132	72254504	3657	72254303	-1828	1829	201
chr15	84642909	84646430	84645393	3521	84644669	-1760	1761	724
chr15	74892307	74894485	74892775	2178	74893396	-1089	1089	-621
chr15	40414589	40419185	40418174	4596	40416887	-2298	2298	1287
chr15	74618754	74623819	74619287	5065	74621286	-2532	2533	-1999
chr15	72252475	72256132	72253478	3657	72254303	-1828	1829	-825
chr15	74031810	74034109	74032574	2299	74032959	-1149	1150	-385
chr15	75371185	75374734	75371878	3549	75372959	-1774	1775	-1081
chr15	84797637	84803180	84797952	5543	84800408	-2771	2772	-2456
chr15	22916415	22919141	22917262	2726	22917778	-1363	1363	-516
chr15	63060825	63061895	63060875	1070	63061360	-535	535	-485
chr15	40811149	40813726	40812832	2577	40812437	-1288	1289	395
chr15	64499033	64501832	64499876	2799	64500432	-1399	1400	-556
chr15	74627412	74634438	74632831	7026	74630925	-3513	3513	1906
chr15	74834548	74839136	74837201	4588	74836842	-2294	2294	359
chr15	40333280	40340843	40339957	7563	40337061	-3781	3782	2896
chr15	82832099	82834492	82833321	2393	82833295	-1196	1197	26
chr15	28111332	28112816	28111996	1484	28112074	-742	742	-78
chr15	90951225	90954353	90953239	3128	90952789	-1564	1564	450
chr15	89326580	89330483	89328953	3903	89328531	-1951	1952	422
chr15	90972898	90975585	90974635	2687	90974241	-1343	1344	394
chr15	49623934	49627632	49625370	3698	49625783	-1849	1849	-413
chr15	63046141	63050902	63048746	4761	63048521	-2380	2381	225
chr15	41566976	41572781	41572494	5805	41569878	-2902	2903	2616
chr15	66503113	66504166	66503435	1053	66503639	-526	527	-204
chr15	40329964	40332652	40331711	2688	40331308	-1344	1344	403
chr15	84783396	84785034	84783757	1638	84784215	-819	819	-458
chr15	89319724	89325872	89325605	6148	89322798	-3074	3074	2807
chr15	74815831	74823225	74819149	7394	74819528	-3697	3697	-379
chr15	90911821	90914449	90912123	2628	90913135	-1314	1314	-1012
chr15	45148650	45156385	45155863	7735	45152517	-3867	3868	3346
chr15	90877071	90880513	90880209	3442	90878792	-1721	1721	1417
chr15	72755500	72758642	72755606	3142	72757071	-1571	1571	-1465
chr15	52202062	52205492	52204899	3430	52203777	-1715	1715	1122
chr15	65092606	65095306	65094525	2700	65093956	-1350	1350	569
chr15	39579908	39582628	39582236	2720	39581268	-1360	1360	968
chr15	84621472	84626271	84621817	4799	84623871	-2399	2400	-2054
chr15	89319724	89325872	89321174	6148	89322798	-3074	3074	-1624
chr15	75359475	75364149	75359639	4674	75361812	-2337	2337	-2173
chr15	43432084	43433131	43432371	1047	43432607	-523	524	-236
chr15	80160170	80163279	80162272	3109	80161724	-1554	1555	548
chr15	32641415	32644394	32643815	2979	32642904	-1489	1490	911
chr15	43772596	43775492	43774677	2896	43774044	-1448	1448	633
chr15	43800496	43806519	43801809	6023	43803507	-3011	3012	-1698
chr15	65650233	65655050	65653936	4817	65652641	-2408	2409	1295
chr15	72257931	72261080	72260519	3149	72259505	-1574	1575	1014
chr15	74815831	74823225	74819437	7394	74819528	-3697	3697	-91
chr15	50457251	50459614	50459088	2363	50458432	-1181	1182	656
chr15	66504518	66506468	66505500	1950	66505493	-975	975	7
chr15	67190341	67191632	67190628	1291	67190986	-645	646	-358
chr15	64499033	64501832	64499808	2799	64500432	-1399	1400	-624
chr15	64499033	64501832	64499935	2799	64500432	-1399	1400	-497
chr15	75047723	75051748	75049160	4025	75049735	-2012	2013	-575
chr15	43788688	43796365	43792137	7677	43792526	-3838	3839	-389
chr15	41939328	41945031	41943133	5703	41942179	-2851	2852	954
chr15	43788688	43796365	43792205	7677	43792526	-3838	3839	-321
chr15	72473804	72475475	72474666	1671	72474639	-835	836	27
chr15	90227539	90231216	90228002	3677	90229377	-1838	1839	-1375
chr15	74815831	74823225	74816185	7394	74819528	-3697	3697	-3343
chr15	75359475	75364149	75361138	4674	75361812	-2337	2337	-674
chr15	74892307	74894485	74892724	2178	74893396	-1089	1089	-672
chr15	40333280	40340843	40335139	7563	40337061	-3781	3782	-1922
chr15	41455862	41458546	41457815	2684	41457204	-1342	1342	611
chr15	41765548	41768947	41766705	3399	41767247	-1699	1700	-542
chr15	75359475	75364149	75361363	4674	75361812	-2337	2337	-449
chr15	41562492	41564648	41562577	2156	41563570	-1078	1078	-993
chr15	65579325	65581756	65579468	2431	65580540	-1215	1216	-1072
chr15	77034696	77036226	77035823	1530	77035461	-765	765	362
chr15	78475192	78476418	78476270	1226	78475805	-613	613	465
chr15	65579325	65581756	65579462	2431	65580540	-1215	1216	-1078
chr15	80998481	81003342	81003239	4861	81000911	-2430	2431	2328
chr15	22916415	22919141	22917016	2726	22917778	-1363	1363	-762
chr15	74834548	74839136	74838690	4588	74836842	-2294	2294	1848
chr15	44648786	44653093	44651919	4307	44650939	-2153	2154	980
chr15	75391586	75394173	75392640	2587	75392879	-1293	1294	-239
chr15	75336467	75339381	75338309	2914	75337924	-1457	1457	385
chr15	43788688	43796365	43794973	7677	43792526	-3838	3839	2447
chr15	39587421	39594466	39591255	7045	39590943	-3522	3523	312
chr15	42408729	42412566	42412220	3837	42410647	-1918	1919	1573
chr15	75842683	75846075	75844168	3392	75844379	-1696	1696	-211
chr15	43788688	43796365	43795620	7677	43792526	-3838	3839	3094
chr15	70052806	70055779	70054461	2973	70054292	-1486	1487	169
chr15	67520547	67522058	67521526	1511	67521302	-755	756	224
chr15	44648786	44653093	44651603	4307	44650939	-2153	2154	664
chr15	43772596	43775492	43773075	2896	43774044	-1448	1448	-969
chr15	41531204	41536114	41534833	4910	41533659	-2455	2455	1174
chr15	89326580	89330483	89330200	3903	89328531	-1951	1952	1669
chr15	74618754	74623819	74622496	5065	74621286	-2532	2533	1210
chr15	38493989	38495103	38494726	1114	38494546	-557	557	180
chr15	40452989	40460305	40458952	7316	40456647	-3658	3658	2305
chr15	41566976	41572781	41571087	5805	41569878	-2902	2903	1209
chr15	74815831	74823225	74819200	7394	74819528	-3697	3697	-328
chr15	74825203	74829081	74825579	3878	74827142	-1939	1939	-1563
chr15	84783396	84785034	84783727	1638	84784215	-819	819	-488
chr15	88467587	88471343	88467595	3756	88469465	-1878	1878	-1870
chr15	90911821	90914449	90912936	2628	90913135	-1314	1314	-199
chr15	72473804	72475475	72474975	1671	72474639	-835	836	336
chr15	40736365	40739322	40736583	2957	40737843	-1478	1479	-1260
chr15	38462106	38464266	38464167	2160	38463186	-1080	1080	981
chr15	40452989	40460305	40458764	7316	40456647	-3658	3658	2117
chr15	40765226	40771496	40771419	6270	40768361	-3135	3135	3058
chr15	41026215	41030034	41027621	3819	41028124	-1909	1910	-503
chr15	44563912	44568270	44567557	4358	44566091	-2179	2179	1466
chr15	52263218	52268612	52264205	5394	52265915	-2697	2697	-1710
chr15	64170506	64172950	64171440	2444	64171728	-1222	1222	-288
chr15	40333280	40340843	40339935	7563	40337061	-3781	3782	2874
chr15	40743080	40749349	40745216	6269	40746214	-3134	3135	-998
chr15	44561124	44562875	44561818	1751	44561999	-875	876	-181
chr15	39587421	39594466	39589905	7045	39590943	-3522	3523	-1038
chr15	40452989	40460305	40458783	7316	40456647	-3658	3658	2136
chr15	45148650	45156385	45151190	7735	45152517	-3867	3868	-1327
chr15	90904903	90908548	90905637	3645	90906725	-1822	1823	-1088
chr15	40743080	40749349	40745228	6269	40746214	-3134	3135	-986
chr15	41566976	41572781	41568269	5805	41569878	-2902	2903	-1609
chr15	52281907	52283519	52282800	1612	52282713	-806	806	87
chr15	64170506	64172950	64171822	2444	64171728	-1222	1222	94
chr15	75336467	75339381	75339025	2914	75337924	-1457	1457	1101
chr15	89314372	89317032	89316693	2660	89315702	-1330	1330	991
chr15	89625009	89626112	89625491	1103	89625560	-551	552	-69
chr15	40811149	40813726	40813370	2577	40812437	-1288	1289	933
chr15	41836480	41843900	41836936	7420	41840190	-3710	3710	-3254
chr15	22872561	22874660	22873573	2099	22873610	-1049	1050	-37
chr15	50278570	50280155	50278742	1585	50279362	-792	793	-620
chr15	58899432	58901322	58899591	1890	58900377	-945	945	-786
chr15	70096189	70098303	70096823	2114	70097246	-1057	1057	-423
chr15	92998137	93000821	93000594	2684	92999479	-1342	1342	1115
chr15	97960175	97961981	97960871	1806	97961078	-903	903	-207
chr15	41893036	41896480	41893209	3444	41894758	-1722	1722	-1549
chr15	64949607	64951180	64949897	1573	64950393	-786	787	-496
chr15	74849833	74852438	74851459	2605	74851135	-1302	1303	324
chr15	75209389	75215157	75211010	5768	75212273	-2884	2884	-1263
chr15	48330860	48333701	48331581	2841	48332280	-1420	1421	-699
chr15	72755500	72758642	72756381	3142	72757071	-1571	1571	-690
chr15	74849833	74852438	74850618	2605	74851135	-1302	1303	-517
chr15	64499033	64501832	64499583	2799	64500432	-1399	1400	-849
chr15	41836480	41843900	41840199	7420	41840190	-3710	3710	9
chr15	66351954	66356851	66352162	4897	66354402	-2448	2449	-2240
chr15	44561124	44562875	44561187	1751	44561999	-875	876	-812
chr15	40765226	40771496	40768027	6270	40768361	-3135	3135	-334
chr15	52235751	52239784	52237541	4033	52237767	-2016	2017	-226
chr15	70052806	70055779	70055299	2973	70054292	-1486	1487	1007
chr15	40765226	40771496	40768036	6270	40768361	-3135	3135	-325
chr15	41765548	41768947	41767850	3399	41767247	-1699	1700	603
chr15	90877071	90880513	90880169	3442	90878792	-1721	1721	1377
chr15	75679603	75685815	75685657	6212	75682709	-3106	3106	2948
chr15	90911821	90914449	90913627	2628	90913135	-1314	1314	492
chr15	43399874	43403076	43401746	3202	43401475	-1601	1601	271
chr15	64678081	64679574	64678360	1493	64678827	-746	747	-467
chr15	89639750	89642552	89642253	2802	89641151	-1401	1401	1102
chr15	66496113	66500445	66497744	4332	66498279	-2166	2166	-535
chr15	90944411	90948039	90944952	3628	90946225	-1814	1814	-1273
chr15	66503113	66504166	66503258	1053	66503639	-526	527	-381
chr15	90270058	90272876	90271387	2818	90271467	-1409	1409	-80
chr15	90931739	90932324	90931883	585	90932031	-292	293	-148
chr15	90641285	90643891	90642024	2606	90642588	-1303	1303	-564
chr15	22916415	22919141	22916598	2726	22917778	-1363	1363	-1180
chr15	40465508	40469738	40466021	4230	40467623	-2115	2115	-1602
chr15	41455862	41458546	41457732	2684	41457204	-1342	1342	528
chr15	41908315	41912972	41909846	4657	41910643	-2328	2329	-797
chr15	43527364	43533441	43529736	6077	43530402	-3038	3039	-666
chr15	45148650	45156385	45152377	7735	45152517	-3867	3868	-140
chr15	52244710	52249136	52248780	4426	52246923	-2213	2213	1857
chr15	63380866	63383446	63381656	2580	63382156	-1290	1290	-500
chr15	65119003	65121888	65119943	2885	65120445	-1442	1443	-502
chr15	65650233	65655050	65650716	4817	65652641	-2408	2409	-1925
chr15	70052806	70055779	70053304	2973	70054292	-1486	1487	-988
chr15	74618754	74623819	74619268	5065	74621286	-2532	2533	-2018
chr15	74834548	74839136	74838718	4588	74836842	-2294	2294	1876
chr15	84619085	84620969	84620882	1884	84620027	-942	942	855
chr15	84783396	84785034	84783507	1638	84784215	-819	819	-708
chr15	89632643	89635177	89633856	2534	89633910	-1267	1267	-54
chr15	90083451	90085471	90084174	2020	90084461	-1010	1010	-287
chr15	93023483	93024786	93024547	1303	93024134	-651	652	413
chr15	98648041	98651751	98649636	3710	98649896	-1855	1855	-260
chr15	90958766	90962964	90961747	4198	90960865	-2099	2099	882
chr15	43788688	43796365	43795607	7677	43792526	-3838	3839	3081
chr15	89625009	89626112	89626011	1103	89625560	-551	552	451
chr15	70052806	70055779	70053290	2973	70054292	-1486	1487	-1002
chr15	65590282	65591907	65591717	1625	65591094	-812	813	623
chr15	28111332	28112816	28111871	1484	28112074	-742	742	-203
chr15	89632643	89635177	89633184	2534	89633910	-1267	1267	-726
chr15	41576154	41578761	41578041	2607	41577457	-1303	1304	584
chr15	39587421	39594466	39593525	7045	39590943	-3522	3523	2582
chr15	40414589	40419185	40418175	4596	40416887	-2298	2298	1288
chr15	43527364	43533441	43528293	6077	43530402	-3038	3039	-2109
chr15	43788688	43796365	43795441	7677	43792526	-3838	3839	2915
chr15	59136644	59138867	59137258	2223	59137755	-1111	1112	-497
chr15	68782137	68784724	68784526	2587	68783430	-1293	1294	1096
chr15	72261456	72263614	72261656	2158	72262535	-1079	1079	-879
chr15	74815831	74823225	74819238	7394	74819528	-3697	3697	-290
chr15	75842683	75846075	75844344	3392	75844379	-1696	1696	-35
chr15	84783396	84785034	84783935	1638	84784215	-819	819	-280
chr15	90600602	90603055	90602345	2453	90601828	-1226	1227	517
chr15	73700489	73704750	73703712	4261	73702619	-2130	2131	1093
chr15	78292305	78294716	78292779	2411	78293510	-1205	1206	-731
chr15	74825203	74829081	74825653	3878	74827142	-1939	1939	-1489
chr15	70096189	70098303	70096702	2114	70097246	-1057	1057	-544
chr15	42408729	42412566	42411324	3837	42410647	-1918	1919	677
chr15	74815831	74823225	74819249	7394	74819528	-3697	3697	-279
chr15	40333280	40340843	40338977	7563	40337061	-3781	3782	1916
chr15	75842683	75846075	75843665	3392	75844379	-1696	1696	-714
chr15	41765548	41768947	41766015	3399	41767247	-1699	1700	-1232
chr15	39587421	39594466	39592726	7045	39590943	-3522	3523	1783
chr15	39587421	39594466	39591567	7045	39590943	-3522	3523	624
chr15	84797637	84803180	84798442	5543	84800408	-2771	2772	-1966
chr15	39583737	39585724	39584301	1987	39584730	-993	994	-429
chr15	65092606	65095306	65093215	2700	65093956	-1350	1350	-741
chr15	43772596	43775492	43774246	2896	43774044	-1448	1448	202
chr15	40452989	40460305	40458567	7316	40456647	-3658	3658	1920
chr15	72249947	72252345	72250017	2398	72251146	-1199	1199	-1129
chr15	75336467	75339381	75338276	2914	75337924	-1457	1457	352
chr15	40902728	40905599	40902940	2871	40904163	-1435	1436	-1223
chr15	51807117	51809265	51808625	2148	51808191	-1074	1074	434
chr15	43800496	43806519	43801770	6023	43803507	-3011	3012	-1737
chr15	75359475	75364149	75359713	4674	75361812	-2337	2337	-2099
chr15	45148650	45156385	45152332	7735	45152517	-3867	3868	-185
chr15	63587073	63589887	63588443	2814	63588480	-1407	1407	-37
chr15	84642909	84646430	84645452	3521	84644669	-1760	1761	783
chr15	70047849	70052287	70049928	4438	70050068	-2219	2219	-140
chr15	75201554	75208416	75206506	6862	75204985	-3431	3431	1521
chr15	74841742	74842714	74842211	972	74842228	-486	486	-17
chr15	58899432	58901322	58899675	1890	58900377	-945	945	-702
chr15	40333280	40340843	40335523	7563	40337061	-3781	3782	-1538
chr15	65650233	65655050	65650931	4817	65652641	-2408	2409	-1710
chr15	73700489	73704750	73703968	4261	73702619	-2130	2131	1349
chr15	74834548	74839136	74838336	4588	74836842	-2294	2294	1494
chr15	88629902	88631049	88630266	1147	88630475	-573	574	-209
chr15	90951225	90954353	90953170	3128	90952789	-1564	1564	381
chr15	44563912	44568270	44564683	4358	44566091	-2179	2179	-1408
chr15	39587421	39594466	39593172	7045	39590943	-3522	3523	2229
chr15	90929609	90931480	90931177	1871	90930544	-935	936	633
chr15	58689799	58692223	58691484	2424	58691011	-1212	1212	473
chr15	75201554	75208416	75206574	6862	75204985	-3431	3431	1589
chr15	43527364	43533441	43531274	6077	43530402	-3038	3039	872
chr15	44288236	44289749	44289106	1513	44288992	-756	757	114
chr15	58689799	58692223	58691596	2424	58691011	-1212	1212	585
chr15	40333280	40340843	40337751	7563	40337061	-3781	3782	690
chr15	43527364	43533441	43529308	6077	43530402	-3038	3039	-1094
chr15	43366168	43367872	43366388	1704	43367020	-852	852	-632
chr15	97970710	97971854	97971428	1144	97971282	-572	572	146
chr15	63594448	63598402	63597452	3954	63596425	-1977	1977	1027
chr15	90944411	90948039	90947749	3628	90946225	-1814	1814	1524
chr15	41765548	41768947	41766349	3399	41767247	-1699	1700	-898
chr15	80160170	80163279	80162292	3109	80161724	-1554	1555	568
chr15	90917671	90920571	90918339	2900	90919121	-1450	1450	-782
chr15	85114733	85117293	85116068	2560	85116013	-1280	1280	55
chr15	80160170	80163279	80162537	3109	80161724	-1554	1555	813
chr15	40465508	40469738	40466347	4230	40467623	-2115	2115	-1276
chr15	89319724	89325872	89323511	6148	89322798	-3074	3074	713
chr15	75656685	75661843	75657206	5158	75659264	-2579	2579	-2058
chr15	41566976	41572781	41567472	5805	41569878	-2902	2903	-2406
chr15	90877071	90880513	90879473	3442	90878792	-1721	1721	681
chr15	50492838	50494441	50494233	1603	50493639	-801	802	594
chr15	90931739	90932324	90931896	585	90932031	-292	293	-135
chr15	64499033	64501832	64499462	2799	64500432	-1399	1400	-970
chr15	70052806	70055779	70055115	2973	70054292	-1486	1487	823
chr15	39587421	39594466	39593630	7045	39590943	-3522	3523	2687
chr15	43527364	43533441	43528442	6077	43530402	-3038	3039	-1960
chr15	75499176	75505996	75505930	6820	75502586	-3410	3410	3344
chr15	74834548	74839136	74838723	4588	74836842	-2294	2294	1881
chr15	50492838	50494441	50493874	1603	50493639	-801	802	235
chr15	45148650	45156385	45151915	7735	45152517	-3867	3868	-602
chr15	74834548	74839136	74838176	4588	74836842	-2294	2294	1334
chr15	82832099	82834492	82833620	2393	82833295	-1196	1197	325
chr15	74815831	74823225	74821218	7394	74819528	-3697	3697	1690
chr16	28586169	28593471	28592369	7302	28589820	-3651	3651	2549
chr16	15130371	15138222	15131114	7851	15134296	-3925	3926	-3182
chr16	29982055	29983373	29982803	1318	29982714	-659	659	89
chr16	30062636	30066263	30065810	3627	30064449	-1813	1814	1361
chr16	85669771	85672580	85671085	2809	85671175	-1404	1405	-90
chr16	14988042	14990475	14988486	2433	14989258	-1216	1217	-772
chr16	68813056	68815865	68815728	2809	68814460	-1404	1405	1268
chr16	88855998	88859215	88858790	3217	88857606	-1608	1609	1184
chr16	67611005	67613167	67612020	2162	67612086	-1081	1081	-66
chr16	3288292	3290038	3289713	1746	3289165	-873	873	548
chr16	20843686	20845056	20844634	1370	20844371	-685	685	263
chr16	58498418	58505394	58503926	6976	58501906	-3488	3488	2020
chr16	72787162	72789386	72787252	2224	72788274	-1112	1112	-1022
chr16	30364535	30366784	30365590	2249	30365659	-1124	1125	-69
chr16	58663623	58669481	58667286	5858	58666552	-2929	2929	734
chr16	10922171	10925851	10922414	3680	10924011	-1840	1840	-1597
chr16	28111646	28113386	28111873	1740	28112516	-870	870	-643
chr16	30581880	30587051	30583007	5171	30584465	-2585	2586	-1458
chr16	66729236	66733182	66730181	3946	66731209	-1973	1973	-1028
chr16	69936157	69940225	69940170	4068	69938191	-2034	2034	1979
chr16	89289966	89294264	89290737	4298	89292115	-2149	2149	-1378
chr16	67611005	67613167	67611604	2162	67612086	-1081	1081	-482
chr16	70254291	70259651	70259149	5360	70256971	-2680	2680	2178
chr16	20735735	20739492	20736516	3757	20737613	-1878	1879	-1097
chr16	3580119	3583695	3583369	3576	3581907	-1788	1788	1462
chr16	72098588	72105556	72099272	6968	72102072	-3484	3484	-2800
chr16	57990061	57997553	57997034	7492	57993807	-3746	3746	3227
chr16	85655107	85657930	85655835	2823	85656518	-1411	1412	-683
chr16	3380184	3383192	3383083	3008	3381688	-1504	1504	1395
chr16	22346513	22347838	22347683	1325	22347175	-662	663	508
chr16	70478421	70483634	70479756	5213	70481027	-2606	2607	-1271
chr16	30381003	30383713	30381464	2710	30382358	-1355	1355	-894
chr16	28832080	28838312	28833210	6232	28835196	-3116	3116	-1986
chr16	67611005	67613167	67611515	2162	67612086	-1081	1081	-571
chr16	28832080	28838312	28833196	6232	28835196	-3116	3116	-2000
chr16	31487340	31491093	31488290	3753	31489216	-1876	1877	-926
chr16	30182803	30190232	30186437	7429	30186517	-3714	3715	-80
chr16	30200505	30207655	30204330	7150	30204080	-3575	3575	250
chr16	1697559	1699736	1699023	2177	1698647	-1088	1089	376
chr16	74471657	74473759	74472383	2102	74472708	-1051	1051	-325
chr16	24815025	24815998	24815277	973	24815511	-486	487	-234
chr16	28166150	28167579	28166572	1429	28166864	-714	715	-292
chr16	46925536	46932038	46926931	6502	46928787	-3251	3251	-1856
chr16	66565945	66568203	66566150	2258	66567074	-1129	1129	-924
chr16	30889949	30893482	30893252	3533	30891715	-1766	1767	1537
chr16	28832080	28838312	28832356	6232	28835196	-3116	3116	-2840
chr16	1361273	1364144	1362657	2871	1362708	-1435	1436	-51
chr16	89738113	89741017	89740290	2904	89739565	-1452	1452	725
chr16	87708267	87713883	87709346	5616	87711075	-2808	2808	-1729
chr16	4759564	4764820	4762752	5256	4762192	-2628	2628	560
chr16	18853555	18857326	18853754	3771	18855440	-1885	1886	-1686
chr16	31487340	31491093	31489217	3753	31489216	-1876	1877	1
chr16	19714030	19715936	19714229	1906	19714983	-953	953	-754
chr16	4670042	4674153	4672469	4111	4672097	-2055	2056	372
chr16	28832080	28838312	28835097	6232	28835196	-3116	3116	-99
chr16	68353010	68360872	68358590	7862	68356941	-3931	3931	1649
chr16	85667886	85669630	85668229	1744	85668758	-872	872	-529
chr16	19113540	19116200	19115740	2660	19114870	-1330	1330	870
chr16	28829637	28831079	28830759	1442	28830358	-721	721	401
chr16	2055445	2061315	2058762	5870	2058380	-2935	2935	382
chr16	68736273	68738936	68738315	2663	68737604	-1331	1332	711
chr16	30381003	30383713	30382296	2710	30382358	-1355	1355	-62
chr16	28829637	28831079	28830995	1442	28830358	-721	721	637
chr16	31487340	31491093	31490803	3753	31489216	-1876	1877	1587
chr16	67120679	67127426	67125960	6747	67124052	-3373	3374	1908
chr16	8734789	8741702	8735749	6913	8738245	-3456	3457	-2496
chr16	46925536	46932038	46926997	6502	46928787	-3251	3251	-1790
chr16	2282462	2289946	2284367	7484	2286204	-3742	3742	-1837
chr16	85667886	85669630	85668248	1744	85668758	-872	872	-510
chr16	67611005	67613167	67611195	2162	67612086	-1081	1081	-891
chr16	28984813	28992064	28985418	7251	28988438	-3625	3626	-3020
chr16	2282462	2289946	2289578	7484	2286204	-3742	3742	3374
chr16	15606768	15608941	15608485	2173	15607854	-1086	1087	631
chr16	24822664	24823982	24823887	1318	24823323	-659	659	564
chr16	30722456	30723500	30723071	1044	30722978	-522	522	93
chr16	646228	650683	647983	4455	648455	-2227	2228	-472
chr16	22346513	22347838	22347564	1325	22347175	-662	663	389
chr16	79004	83212	83088	4208	81108	-2104	2104	1980
chr16	284032	287503	285568	3471	285767	-1735	1736	-199
chr16	545020	552671	549131	7651	548845	-3825	3826	286
chr16	628162	632976	631257	4814	630569	-2407	2407	688
chr16	646228	650683	648297	4455	648455	-2227	2228	-158
chr16	1419392	1422216	1419978	2824	1420804	-1412	1412	-826
chr16	1434288	1438866	1436792	4578	1436577	-2289	2289	215
chr16	3659642	3664971	3662869	5329	3662306	-2664	2665	563
chr16	11691256	11693041	11691914	1785	11692148	-892	893	-234
chr16	23214381	23216842	23215410	2461	23215611	-1230	1231	-201
chr16	31036732	31043319	31039808	6587	31040025	-3293	3294	-217
chr16	31487340	31491093	31488855	3753	31489216	-1876	1877	-361
chr16	54927861	54934190	54932484	6329	54931025	-3164	3165	1459
chr16	57990061	57997553	57997019	7492	57993807	-3746	3746	3212
chr16	67027380	67030346	67029781	2966	67028863	-1483	1483	918
chr16	67878599	67882170	67879900	3571	67880384	-1785	1786	-484
chr16	69936157	69940225	69939114	4068	69938191	-2034	2034	923
chr16	70152761	70154593	70153393	1832	70153677	-916	916	-284
chr16	74997083	75000931	75000048	3848	74999007	-1924	1924	1041
chr16	75231844	75239844	75236934	8000	75235844	-4000	4000	1090
chr16	785503	790380	787377	4877	787941	-2438	2439	-564
chr16	1442531	1449768	1443973	7237	1446149	-3618	3619	-2176
chr16	25243694	25244416	25243887	722	25244055	-361	361	-168
chr16	28483594	28490242	28488646	6648	28486918	-3324	3324	1728
chr16	31492858	31495892	31493182	3034	31494375	-1517	1517	-1193
chr16	68736273	68738936	68738315	2663	68737604	-1331	1332	711
chr16	23603287	23605327	23603584	2040	23604307	-1020	1020	-723
chr16	31122285	31129104	31127087	6819	31125694	-3409	3410	1393
chr16	67162542	67166189	67163040	3647	67164365	-1823	1824	-1325
chr16	173302	177107	173496	3805	175204	-1902	1903	-1708
chr16	1450183	1454234	1451627	4051	1452208	-2025	2026	-581
chr16	22282781	22284989	22283937	2208	22283885	-1104	1104	52
chr16	27497715	27502447	27501345	4732	27500081	-2366	2366	1264
chr16	30068401	30074981	30069641	6580	30071691	-3290	3290	-2050
chr16	30355160	30360133	30359619	4973	30357646	-2486	2487	1973
chr16	31465835	31468841	31466041	3006	31467338	-1503	1503	-1297
chr16	67728283	67732358	67731172	4075	67730320	-2037	2038	852
chr16	70254291	70259651	70258127	5360	70256971	-2680	2680	1156
chr16	72098588	72105556	72098759	6968	72102072	-3484	3484	-3313
chr16	75231844	75239844	75237268	8000	75235844	-4000	4000	1424
chr16	75565960	75567787	75566513	1827	75566873	-913	914	-360
chr16	84067122	84069658	84067796	2536	84068390	-1268	1268	-594
chr16	68736273	68738936	68738315	2663	68737604	-1331	1332	711
chr16	4259672	4266577	4262597	6905	4263124	-3452	3453	-527
chr16	67611005	67613167	67611405	2162	67612086	-1081	1081	-681
chr16	4889741	4897034	4892090	7293	4893387	-3646	3647	-1297
chr16	4354715	4362265	4354944	7550	4358490	-3775	3775	-3546
chr16	15040894	15043590	15041668	2696	15042242	-1348	1348	-574
chr16	23372188	23377825	23377373	5637	23375006	-2818	2819	2367
chr16	28586169	28593471	28591627	7302	28589820	-3651	3651	1807
chr16	89742758	89745913	89742935	3155	89744335	-1577	1578	-1400
chr16	2297218	2304427	2304097	7209	2300822	-3604	3605	3275
chr16	8765794	8770823	8768234	5029	8768308	-2514	2515	-74
chr16	58515032	58518254	58516653	3222	58516643	-1611	1611	10
chr16	31870744	31874827	31873838	4083	31872785	-2041	2042	1053
chr16	68556453	68560206	68558028	3753	68558329	-1876	1877	-301
chr16	1419392	1422216	1420333	2824	1420804	-1412	1412	-471
chr16	8643392	8649003	8646337	5611	8646197	-2805	2806	140
chr16	57752812	57758263	57755212	5451	57755537	-2725	2726	-325
chr16	28984813	28992064	28986164	7251	28988438	-3625	3626	-2274
chr16	30722456	30723500	30722639	1044	30722978	-522	522	-339
chr16	71285526	71287039	71285878	1513	71286282	-756	757	-404
chr16	1419392	1422216	1420147	2824	1420804	-1412	1412	-657
chr16	19714030	19715936	19714147	1906	19714983	-953	953	-836
chr16	57752812	57758263	57752902	5451	57755537	-2725	2726	-2635
chr16	70262116	70267190	70265558	5074	70264653	-2537	2537	905
chr16	284032	287503	286659	3471	285767	-1735	1736	892
chr16	15715475	15722661	15719664	7186	15719068	-3593	3593	596
chr16	31465835	31468841	31466607	3006	31467338	-1503	1503	-731
chr16	31487340	31491093	31487681	3753	31489216	-1876	1877	-1535
chr16	57651993	57655794	57655470	3801	57653893	-1900	1901	1577
chr16	29802369	29808524	29807666	6155	29805446	-3077	3078	2220
chr16	67027380	67030346	67029752	2966	67028863	-1483	1483	889
chr16	29982055	29983373	29983194	1318	29982714	-659	659	480
chr16	28838528	28846122	28844257	7594	28842325	-3797	3797	1932
chr16	2767815	2772733	2770354	4918	2770274	-2459	2459	80
chr16	68813056	68815865	68815725	2809	68814460	-1404	1405	1265
chr16	67027380	67030346	67029410	2966	67028863	-1483	1483	547
chr16	30963146	30967856	30964243	4710	30965501	-2355	2355	-1258
chr16	67611005	67613167	67612016	2162	67612086	-1081	1081	-70
chr16	27355024	27359033	27355868	4009	27357028	-2004	2005	-1160
chr16	70478421	70483634	70482749	5213	70481027	-2606	2607	1722
chr16	30381003	30383713	30381118	2710	30382358	-1355	1355	-1240
chr16	67611005	67613167	67611615	2162	67612086	-1081	1081	-471
chr16	4688036	4695228	4689252	7192	4691632	-3596	3596	-2380
chr16	30381003	30383713	30381025	2710	30382358	-1355	1355	-1333
chr16	69130865	69133680	69132128	2815	69132272	-1407	1408	-144
chr16	11894597	11897030	11896693	2433	11895813	-1216	1217	880
chr16	30753550	30760117	30759682	6567	30756833	-3283	3284	2849
chr16	68813056	68815865	68813401	2809	68814460	-1404	1405	-1059
chr16	74912148	74913613	74912306	1465	74912880	-732	733	-574
chr16	4858319	4860489	4858648	2170	4859404	-1085	1085	-756
chr16	25256943	25258525	25257065	1582	25257734	-791	791	-669
chr16	27226660	27232027	27226741	5367	27229343	-2683	2684	-2602
chr16	30355160	30360133	30358445	4973	30357646	-2486	2487	799
chr16	30963146	30967856	30964988	4710	30965501	-2355	2355	-513
chr16	87708267	87713883	87711406	5616	87711075	-2808	2808	331
chr16	89738113	89741017	89739940	2904	89739565	-1452	1452	375
chr16	89738113	89741017	89740290	2904	89739565	-1452	1452	725
chr16	28904484	28907031	28905507	2547	28905757	-1273	1274	-250
chr16	31190636	31194669	31191099	4033	31192652	-2016	2017	-1553
chr16	2270436	2277308	2271798	6872	2273872	-3436	3436	-2074
chr16	67611005	67613167	67612019	2162	67612086	-1081	1081	-67
chr16	28912393	28917138	28914488	4745	28914765	-2372	2373	-277
chr16	30381003	30383713	30382151	2710	30382358	-1355	1355	-207
chr16	8643392	8649003	8646324	5611	8646197	-2805	2806	127
chr16	3055091	3060102	3056011	5011	3057596	-2505	2506	-1585
chr16	30708751	30711193	30711032	2442	30709972	-1221	1221	1060
chr16	57990061	57997553	57997194	7492	57993807	-3746	3746	3387
chr16	67149143	67156537	67149740	7394	67152840	-3697	3697	-3100
chr16	3380184	3383192	3382925	3008	3381688	-1504	1504	1237
chr16	1450183	1454234	1450620	4051	1452208	-2025	2026	-1588
chr16	30708751	30711193	30709994	2442	30709972	-1221	1221	22
chr16	89738113	89741017	89739976	2904	89739565	-1452	1452	411
chr16	68736273	68738936	68738315	2663	68737604	-1331	1332	711
chr16	15046992	15050155	15047896	3163	15048573	-1581	1582	-677
chr16	68813056	68815865	68813496	2809	68814460	-1404	1405	-964
chr16	84049356	84055399	84054506	6043	84052377	-3021	3022	2129
chr16	345893	347495	346381	1602	346694	-801	801	-313
chr16	31036732	31043319	31039644	6587	31040025	-3293	3294	-381
chr16	2759719	2762104	2761895	2385	2760911	-1192	1193	984
chr16	87412777	87415443	87413116	2666	87414110	-1333	1333	-994
chr16	345893	347495	346809	1602	346694	-801	801	115
chr16	31198837	31201918	31201740	3081	31200377	-1540	1541	1363
chr16	72787162	72789386	72787516	2224	72788274	-1112	1112	-758
chr16	81056749	81062241	81061946	5492	81059495	-2746	2746	2451
chr16	68736273	68738936	68738315	2663	68737604	-1331	1332	711
chr16	68736273	68738936	68738315	2663	68737604	-1331	1332	711
chr16	19113540	19116200	19116066	2660	19114870	-1330	1330	1196
chr16	67636170	67638382	67637747	2212	67637276	-1106	1106	471
chr16	69317979	69322237	69321139	4258	69320108	-2129	2129	1031
chr16	83952147	83958301	83957679	6154	83955224	-3077	3077	2455
chr16	89870559	89874430	89873587	3871	89872494	-1935	1936	1093
chr16	1361273	1364144	1362631	2871	1362708	-1435	1436	-77
chr16	15032781	15036463	15036183	3682	15034622	-1841	1841	1561
chr16	57242463	57246147	57246063	3684	57244305	-1842	1842	1758
chr16	4622923	4625896	4624987	2973	4624409	-1486	1487	578
chr16	25243694	25244416	25244032	722	25244055	-361	361	-23
chr16	70262116	70267190	70264991	5074	70264653	-2537	2537	338
chr16	28829637	28831079	28830692	1442	28830358	-721	721	334
chr16	15606768	15608941	15608512	2173	15607854	-1086	1087	658
chr16	29991887	29996915	29995441	5028	29994401	-2514	2514	1040
chr16	30381003	30383713	30381067	2710	30382358	-1355	1355	-1291
chr16	1419392	1422216	1420347	2824	1420804	-1412	1412	-457
chr16	88884981	88889223	88886019	4242	88887102	-2121	2121	-1083
chr16	30355160	30360133	30359071	4973	30357646	-2486	2487	1425
chr16	67724640	67726891	67726099	2251	67725765	-1125	1126	334
chr16	71647330	71649760	71648922	2430	71648545	-1215	1215	377
chr16	30753550	30760117	30759044	6567	30756833	-3283	3284	2211
chr16	68299862	68301547	68301537	1685	68300704	-842	843	833
chr16	75656022	75657040	75656333	1018	75656531	-509	509	-198
chr16	30068401	30074981	30069855	6580	30071691	-3290	3290	-1836
chr16	68299862	68301547	68301352	1685	68300704	-842	843	648
chr16	8765794	8770823	8766250	5029	8768308	-2514	2515	-2058
chr16	29982055	29983373	29982736	1318	29982714	-659	659	22
chr16	28832080	28838312	28836271	6232	28835196	-3116	3116	1075
chr16	4901789	4905013	4904016	3224	4903401	-1612	1612	615
chr16	11833189	11839682	11837547	6493	11836435	-3246	3247	1112
chr16	23586870	23591975	23587202	5105	23589422	-2552	2553	-2220
chr16	30928180	30935330	30930268	7150	30931755	-3575	3575	-1487
chr16	1816453	1823145	1816965	6692	1819799	-3346	3346	-2834
chr16	70462064	70468050	70463695	5986	70465057	-2993	2993	-1362
chr16	1816453	1823145	1819957	6692	1819799	-3346	3346	158
chr16	4510154	4515089	4512820	4935	4512621	-2467	2468	199
chr16	30652605	30657065	30652987	4460	30654835	-2230	2230	-1848
chr16	1196625	1203045	1201677	6420	1199835	-3210	3210	1842
chr16	67611005	67613167	67612019	2162	67612086	-1081	1081	-67
chr16	29802369	29808524	29802822	6155	29805446	-3077	3078	-2624
chr16	69936157	69940225	69939886	4068	69938191	-2034	2034	1695
chr16	72796194	72798487	72796358	2293	72797340	-1146	1147	-982
chr16	67611005	67613167	67611509	2162	67612086	-1081	1081	-577
chr16	8894337	8895561	8895059	1224	8894949	-612	612	110
chr16	3380184	3383192	3382953	3008	3381688	-1504	1504	1265
chr16	24569393	24572566	24571167	3173	24570979	-1586	1587	188
chr16	68813056	68815865	68815760	2809	68814460	-1404	1405	1300
chr16	87832143	87833587	87832867	1444	87832865	-722	722	2
chr16	30753550	30760117	30757481	6567	30756833	-3283	3284	648
chr16	71927645	71928237	71927810	592	71927941	-296	296	-131
chr16	3055091	3060102	3057151	5011	3057596	-2505	2506	-445
chr16	8894337	8895561	8895129	1224	8894949	-612	612	180
chr16	1492737	1499307	1494311	6570	1496022	-3285	3285	-1711
chr16	2711770	2716397	2712621	4627	2714083	-2313	2314	-1462
chr16	2711770	2716397	2712725	4627	2714083	-2313	2314	-1358
chr16	14988042	14990475	14988385	2433	14989258	-1216	1217	-873
chr16	22346513	22347838	22347361	1325	22347175	-662	663	186
chr16	28111646	28113386	28111971	1740	28112516	-870	870	-545
chr16	30068401	30074981	30070083	6580	30071691	-3290	3290	-1608
chr16	30764376	30767232	30766777	2856	30765804	-1428	1428	973
chr16	31033749	31035705	31034097	1956	31034727	-978	978	-630
chr16	67190909	67196477	67194743	5568	67193693	-2784	2784	1050
chr16	70262116	70267190	70265083	5074	70264653	-2537	2537	430
chr16	70365375	70367546	70366161	2171	70366460	-1085	1086	-299
chr16	74660668	74661574	74661206	906	74661121	-453	453	85
chr16	83910023	83917933	83915082	7910	83913978	-3955	3955	1104
chr16	85679419	85686479	85681671	7060	85682949	-3530	3530	-1278
chr16	67275398	67283110	67280724	7712	67279254	-3856	3856	1470
chr16	3380184	3383192	3382988	3008	3381688	-1504	1504	1300
chr16	30552109	30557344	30555676	5235	30554726	-2617	2618	950
chr16	69327055	69332382	69328926	5327	69329718	-2663	2664	-792
chr16	85660431	85665896	85662888	5465	85663163	-2732	2733	-275
chr16	75656022	75657040	75656250	1018	75656531	-509	509	-281
chr16	1434288	1438866	1438632	4578	1436577	-2289	2289	2055
chr16	70534131	70535584	70535320	1453	70534857	-726	727	463
chr16	88731457	88739128	88737806	7671	88735292	-3835	3836	2514
chr16	284032	287503	285197	3471	285767	-1735	1736	-570
chr16	23586870	23591975	23587257	5105	23589422	-2552	2553	-2165
chr16	27470700	27472771	27471850	2071	27471735	-1035	1036	115
chr16	68292977	68298169	68296651	5192	68295573	-2596	2596	1078
chr16	30424755	30430205	30428931	5450	30427480	-2725	2725	1451
chr16	3380184	3383192	3383091	3008	3381688	-1504	1504	1403
chr16	2070465	2076837	2076576	6372	2073651	-3186	3186	2925
chr16	67149143	67156537	67149496	7394	67152840	-3697	3697	-3344
chr16	2070465	2076837	2072249	6372	2073651	-3186	3186	-1402
chr16	28838528	28846122	28842979	7594	28842325	-3797	3797	654
chr16	4688036	4695228	4693810	7192	4691632	-3596	3596	2178
chr16	66619343	66624019	66621407	4676	66621681	-2338	2338	-274
chr16	67743519	67745655	67744409	2136	67744587	-1068	1068	-178
chr16	70659414	70661509	70661486	2095	70660461	-1047	1048	1025
chr16	2261938	2266817	2262305	4879	2264377	-2439	2440	-2072
chr16	29991887	29996915	29994586	5028	29994401	-2514	2514	185
chr16	3580119	3583695	3582421	3576	3581907	-1788	1788	514
chr16	58507462	58513079	58509310	5617	58510270	-2808	2809	-960
chr16	20805632	20807697	20807083	2065	20806664	-1032	1033	419
chr16	70260196	70261653	70261109	1457	70260924	-728	729	185
chr16	3659642	3664971	3664412	5329	3662306	-2664	2665	2106
chr16	75635399	75639282	75635975	3883	75637340	-1941	1942	-1365
chr16	30602880	30605973	30604985	3093	30604426	-1546	1547	559
chr16	30602880	30605973	30604616	3093	30604426	-1546	1547	190
chr16	4510154	4515089	4513800	4935	4512621	-2467	2468	1179
chr16	30663823	30669859	30667592	6036	30666841	-3018	3018	751
chr16	75109357	75116065	75112648	6708	75112711	-3354	3354	-63
chr16	89738113	89741017	89738816	2904	89739565	-1452	1452	-749
chr16	2282462	2289946	2284816	7484	2286204	-3742	3742	-1388
chr16	24789977	24793240	24791138	3263	24791608	-1631	1632	-470
chr16	23586870	23591975	23587294	5105	23589422	-2552	2553	-2128
chr16	70262116	70267190	70262471	5074	70264653	-2537	2537	-2182
chr16	28586169	28593471	28591993	7302	28589820	-3651	3651	2173
chr16	58498418	58505394	58504610	6976	58501906	-3488	3488	2704
chr16	8779676	8781398	8781351	1722	8780537	-861	861	814
chr16	646228	650683	648415	4455	648455	-2227	2228	-40
chr16	30068401	30074981	30070275	6580	30071691	-3290	3290	-1416
chr16	70508742	70509567	70509142	825	70509154	-412	413	-12
chr16	67673793	67675286	67675194	1493	67674539	-746	747	655
chr16	30652605	30657065	30654869	4460	30654835	-2230	2230	34
chr16	58498418	58505394	58503862	6976	58501906	-3488	3488	1956
chr16	89870559	89874430	89873810	3871	89872494	-1935	1936	1316
chr16	79004	83212	79525	4208	81108	-2104	2104	-1583
chr16	2711770	2716397	2713622	4627	2714083	-2313	2314	-461
chr16	84479557	84482663	84480629	3106	84481110	-1553	1553	-481
chr16	3288292	3290038	3289518	1746	3289165	-873	873	353
chr16	72796194	72798487	72796867	2293	72797340	-1146	1147	-473
chr16	30963146	30967856	30965831	4710	30965501	-2355	2355	330
chr16	74997083	75000931	75000088	3848	74999007	-1924	1924	1081
chr16	67269788	67271831	67270746	2043	67270809	-1021	1022	-63
chr16	67878599	67882170	67879109	3571	67880384	-1785	1786	-1275
chr16	345893	347495	346580	1602	346694	-801	801	-114
chr16	11913819	11916936	11915547	3117	11915377	-1558	1559	170
chr16	30062636	30066263	30065810	3627	30064449	-1813	1814	1361
chr16	72796194	72798487	72798405	2293	72797340	-1146	1147	1065
chr16	87866791	87870288	87868952	3497	87868539	-1748	1749	413
chr16	68813056	68815865	68815725	2809	68814460	-1404	1405	1265
chr16	29991887	29996915	29994556	5028	29994401	-2514	2514	155
chr16	30068401	30074981	30068838	6580	30071691	-3290	3290	-2853
chr16	30663823	30669859	30664722	6036	30666841	-3018	3018	-2119
chr16	30978687	30981767	30980094	3080	30980227	-1540	1540	-133
chr16	628162	632976	630025	4814	630569	-2407	2407	-544
chr16	628162	632976	630232	4814	630569	-2407	2407	-337
chr16	14988042	14990475	14988382	2433	14989258	-1216	1217	-876
chr16	15046992	15050155	15047865	3163	15048573	-1581	1582	-708
chr16	28175136	28177240	28175928	2104	28176188	-1052	1052	-260
chr16	89914108	89920700	89914471	6592	89917404	-3296	3296	-2933
chr16	30068401	30074981	30068649	6580	30071691	-3290	3290	-3042
chr16	31112887	31120243	31117662	7356	31116565	-3678	3678	1097
chr16	30748022	30750193	30748875	2171	30749107	-1085	1086	-232
chr16	84067122	84069658	84068385	2536	84068390	-1268	1268	-5
chr16	30978687	30981767	30981139	3080	30980227	-1540	1540	912
chr16	77190314	77196837	77193546	6523	77193575	-3261	3262	-29
chr16	8853396	8856447	8854972	3051	8854921	-1525	1526	51
chr16	19066724	19069103	19068687	2379	19067913	-1189	1190	774
chr16	30581880	30587051	30583301	5171	30584465	-2585	2586	-1164
chr16	30707115	30708701	30707574	1586	30707908	-793	793	-334
chr16	68736273	68738936	68738295	2663	68737604	-1331	1332	691
chr16	31190636	31194669	31190776	4033	31192652	-2016	2017	-1876
chr16	87694763	87697118	87696597	2355	87695940	-1177	1178	657
chr16	67149143	67156537	67149830	7394	67152840	-3697	3697	-3010
chr16	29991887	29996915	29993707	5028	29994401	-2514	2514	-694
chr16	31036732	31043319	31039755	6587	31040025	-3293	3294	-270
chr16	85660431	85665896	85662920	5465	85663163	-2732	2733	-243
chr16	5089526	5090810	5090229	1284	5090168	-642	642	61
chr16	18792989	18794914	18793359	1925	18793951	-962	963	-592
chr16	28912393	28917138	28914487	4745	28914765	-2372	2373	-278
chr16	28923583	28925837	28924414	2254	28924710	-1127	1127	-296
chr16	83910023	83917933	83915192	7910	83913978	-3955	3955	1214
chr16	85660431	85665896	85663493	5465	85663163	-2732	2733	330
chr16	88625710	88631803	88630503	6093	88628756	-3046	3047	1747
chr16	11679155	11680446	11679556	1291	11679800	-645	646	-244
chr16	25251427	25254052	25253028	2625	25252739	-1312	1313	289
chr16	69936157	69940225	69937567	4068	69938191	-2034	2034	-624
chr16	29991887	29996915	29993707	5028	29994401	-2514	2514	-694
chr16	545020	552671	549151	7651	548845	-3825	3826	306
chr16	646228	650683	648368	4455	648455	-2227	2228	-87
chr16	1196625	1203045	1198724	6420	1199835	-3210	3210	-1111
chr16	2692330	2699483	2697942	7153	2695906	-3576	3577	2036
chr16	4831855	4834001	4832059	2146	4832928	-1073	1073	-869
chr16	4880899	4883114	4881820	2215	4882006	-1107	1108	-186
chr16	11674976	11677664	11677355	2688	11676320	-1344	1344	1035
chr16	14664812	14669103	14667720	4291	14666957	-2145	2146	763
chr16	30062636	30066263	30065810	3627	30064449	-1813	1814	1361
chr16	67261838	67266391	67264391	4553	67264114	-2276	2277	277
chr16	89543556	89548953	89548003	5397	89546254	-2698	2699	1749
chr16	89870559	89874430	89873641	3871	89872494	-1935	1936	1147
chr16	68813056	68815865	68813379	2809	68814460	-1404	1405	-1081
chr16	70761771	70764648	70763015	2877	70763209	-1438	1439	-194
chr16	363010	370814	370169	7804	366912	-3902	3902	3257
chr16	77190314	77196837	77194883	6523	77193575	-3261	3262	1308
chr16	8643392	8649003	8644719	5611	8646197	-2805	2806	-1478
chr16	5095072	5096913	5095495	1841	5095992	-920	921	-497
chr16	27459712	27466096	27465385	6384	27462904	-3192	3192	2481
chr16	56449519	56452144	56451610	2625	56450831	-1312	1313	779
chr16	57452754	57457060	57456507	4306	57454907	-2153	2153	1600
chr16	30984658	30987058	30985565	2400	30985858	-1200	1200	-293
chr16	545020	552671	552382	7651	548845	-3825	3826	3537
chr16	628162	632976	630205	4814	630569	-2407	2407	-364
chr16	633191	638855	634903	5664	636023	-2832	2832	-1120
chr16	785503	790380	787410	4877	787941	-2438	2439	-531
chr16	785503	790380	788718	4877	787941	-2438	2439	777
chr16	8853396	8856447	8854937	3051	8854921	-1525	1526	16
chr16	8853396	8856447	8855127	3051	8854921	-1525	1526	206
chr16	8853396	8856447	8855292	3051	8854921	-1525	1526	371
chr16	13919696	13923003	13920187	3307	13921349	-1653	1654	-1162
chr16	23474182	23479013	23478469	4831	23476597	-2415	2416	1872
chr16	30708751	30711193	30709945	2442	30709972	-1221	1221	-27
chr16	68270619	68275074	68274900	4455	68272846	-2227	2228	2054
chr16	70253200	70254161	70253752	961	70253680	-480	481	72
chr16	1745789	1748628	1748617	2839	1747208	-1419	1420	1409
chr16	4695248	4701454	4699361	6206	4698351	-3103	3103	1010
chr16	22312062	22316057	22315183	3995	22314059	-1997	1998	1124
chr16	30920269	30924864	30924716	4595	30922566	-2297	2298	2150
chr16	68736273	68738936	68738315	2663	68737604	-1331	1332	711
chr16	72796194	72798487	72796210	2293	72797340	-1146	1147	-1130
chr16	89148956	89155817	89154104	6861	89152386	-3430	3431	1718
chr16	8643392	8649003	8646269	5611	8646197	-2805	2806	72
chr16	67863571	67868718	67868538	5147	67866144	-2573	2574	2394
chr16	1665505	1669312	1668049	3807	1667408	-1903	1904	641
chr16	4259672	4266577	4261919	6905	4263124	-3452	3453	-1205
chr16	1361273	1364144	1362249	2871	1362708	-1435	1436	-459
chr16	67925197	67932425	67930999	7228	67928811	-3614	3614	2188
chr16	81056749	81062241	81061153	5492	81059495	-2746	2746	1658
chr16	24789977	24793240	24790496	3263	24791608	-1631	1632	-1112
chr16	68299862	68301547	68301280	1685	68300704	-842	843	576
chr16	30978687	30981767	30980085	3080	30980227	-1540	1540	-142
chr16	4809547	4813648	4811728	4101	4811597	-2050	2051	131
chr16	72796194	72798487	72798153	2293	72797340	-1146	1147	813
chr16	89159009	89163550	89160402	4541	89161279	-2270	2271	-877
chr16	19541301	19542071	19541945	770	19541686	-385	385	259
chr16	28483594	28490242	28487678	6648	28486918	-3324	3324	760
chr16	15032781	15036463	15036303	3682	15034622	-1841	1841	1681
chr16	27360593	27363089	27362828	2496	27361841	-1248	1248	987
chr16	3676417	3680359	3679753	3942	3678388	-1971	1971	1365
chr16	30764376	30767232	30766856	2856	30765804	-1428	1428	1052
chr16	30602880	30605973	30604258	3093	30604426	-1546	1547	-168
chr16	31112887	31120243	31120228	7356	31116565	-3678	3678	3663
chr16	66931184	66933469	66932211	2285	66932326	-1142	1143	-115
chr16	71848090	71854149	71850422	6059	71851119	-3029	3030	-697
chr16	28907460	28909049	28908673	1589	28908254	-794	795	419
chr16	31033749	31035705	31034409	1956	31034727	-978	978	-318
chr16	30652605	30657065	30656280	4460	30654835	-2230	2230	1445
chr16	29802369	29808524	29804027	6155	29805446	-3077	3078	-1419
chr16	75231844	75239844	75233905	8000	75235844	-4000	4000	-1939
chr16	83910023	83917933	83915153	7910	83913978	-3955	3955	1175
chr16	1196625	1203045	1198638	6420	1199835	-3210	3210	-1197
chr16	30602880	30605973	30604854	3093	30604426	-1546	1547	428
chr16	68813056	68815865	68815760	2809	68814460	-1404	1405	1300
chr16	84049356	84055399	84054570	6043	84052377	-3021	3022	2193
chr16	1665505	1669312	1669081	3807	1667408	-1903	1904	1673
chr16	173302	177107	173550	3805	175204	-1902	1903	-1654
chr16	1419392	1422216	1420026	2824	1420804	-1412	1412	-778
chr16	8894337	8895561	8894614	1224	8894949	-612	612	-335
chr16	69363801	69367284	69367142	3483	69365542	-1741	1742	1600
chr16	30957778	30959774	30958800	1996	30958776	-998	998	24
chr16	72106873	72109112	72107510	2239	72107992	-1119	1120	-482
chr16	72796194	72798487	72796579	2293	72797340	-1146	1147	-761
chr16	67244874	67250719	67249202	5845	67247796	-2922	2923	1406
chr16	11674976	11677664	11676185	2688	11676320	-1344	1344	-135
chr16	3591048	3597698	3591096	6650	3594373	-3325	3325	-3277
chr16	69313368	69317369	69316038	4001	69315368	-2000	2001	670
chr16	11888854	11892185	11891110	3331	11890519	-1665	1666	591
chr16	30920269	30924864	30924751	4595	30922566	-2297	2298	2185
chr16	75231844	75239844	75236484	8000	75235844	-4000	4000	640
chr16	28973752	28977800	28975198	4048	28975776	-2024	2024	-578
chr16	30708751	30711193	30710802	2442	30709972	-1221	1221	830
chr16	345893	347495	346354	1602	346694	-801	801	-340
chr16	67728283	67732358	67731285	4075	67730320	-2037	2038	965
chr16	633191	638855	635285	5664	636023	-2832	2832	-738
chr16	50307643	50312569	50312052	4926	50310106	-2463	2463	1946
chr16	18811008	18812324	18811758	1316	18811666	-658	658	92
chr16	72796194	72798487	72798150	2293	72797340	-1146	1147	810
chr16	67434381	67440550	67438864	6169	67437465	-3084	3085	1399
chr16	2242306	2249429	2246900	7123	2245867	-3561	3562	1033
chr16	85798463	85800457	85799238	1994	85799460	-997	997	-222
chr16	68813056	68815865	68815674	2809	68814460	-1404	1405	1214
chr16	70380551	70385411	70381552	4860	70382981	-2430	2430	-1429
chr16	56449519	56452144	56451227	2625	56450831	-1312	1313	396
chr16	370925	373049	371948	2124	371987	-1062	1062	-39
chr16	370925	373049	372647	2124	371987	-1062	1062	660
chr16	2261938	2266817	2264175	4879	2264377	-2439	2440	-202
chr16	88731457	88739128	88736192	7671	88735292	-3835	3836	900
chr16	1703559	1707165	1706525	3606	1705362	-1803	1803	1163
chr16	79004	83212	83186	4208	81108	-2104	2104	2078
chr16	292692	295646	293607	2954	294169	-1477	1477	-562
chr16	785503	790380	789544	4877	787941	-2438	2439	1603
chr16	1419392	1422216	1420077	2824	1420804	-1412	1412	-727
chr16	1434288	1438866	1434492	4578	1436577	-2289	2289	-2085
chr16	1434288	1438866	1436458	4578	1436577	-2289	2289	-119
chr16	1492737	1499307	1497068	6570	1496022	-3285	3285	1046
chr16	1503827	1511378	1507646	7551	1507602	-3775	3776	44
chr16	2282462	2289946	2285470	7484	2286204	-3742	3742	-734
chr16	2282462	2289946	2286767	7484	2286204	-3742	3742	563
chr16	2297218	2304427	2303992	7209	2300822	-3604	3605	3170
chr16	3055091	3060102	3058208	5011	3057596	-2505	2506	612
chr16	3288292	3290038	3289442	1746	3289165	-873	873	277
chr16	3580119	3583695	3582492	3576	3581907	-1788	1788	585
chr16	3671545	3675454	3671736	3909	3673499	-1954	1955	-1763
chr16	4354715	4362265	4362093	7550	4358490	-3775	3775	3603
chr16	4725613	4728784	4727192	3171	4727198	-1585	1586	-6
chr16	4823497	4826667	4823823	3170	4825082	-1585	1585	-1259
chr16	18811008	18812324	18812098	1316	18811666	-658	658	432
chr16	23214381	23216842	23215479	2461	23215611	-1230	1231	-132
chr16	28832080	28838312	28835600	6232	28835196	-3116	3116	404
chr16	28838528	28846122	28843085	7594	28842325	-3797	3797	760
chr16	28838528	28846122	28845916	7594	28842325	-3797	3797	3591
chr16	28923583	28925837	28924520	2254	28924710	-1127	1127	-190
chr16	28973752	28977800	28975263	4048	28975776	-2024	2024	-513
chr16	29819508	29820507	29819812	999	29820007	-499	500	-195
chr16	30581880	30587051	30583151	5171	30584465	-2585	2586	-1314
chr16	31033749	31035705	31034019	1956	31034727	-978	978	-708
chr16	31460840	31462903	31461933	2063	31461871	-1031	1032	62
chr16	31460840	31462903	31462627	2063	31461871	-1031	1032	756
chr16	31474505	31478169	31476552	3664	31476337	-1832	1832	215
chr16	50307643	50312569	50310770	4926	50310106	-2463	2463	664
chr16	67162542	67166189	67163006	3647	67164365	-1823	1824	-1359
chr16	67636170	67638382	67637959	2212	67637276	-1106	1106	683
chr16	67683494	67688056	67685598	4562	67685775	-2281	2281	-177
chr16	69936157	69940225	69937226	4068	69938191	-2034	2034	-965
chr16	70260196	70261653	70261158	1457	70260924	-728	729	234
chr16	70547443	70548873	70548376	1430	70548158	-715	715	218
chr16	70659414	70661509	70660101	2095	70660461	-1047	1048	-360
chr16	71285526	71287039	71285924	1513	71286282	-756	757	-358
chr16	72098588	72105556	72098961	6968	72102072	-3484	3484	-3111
chr16	72787162	72789386	72787644	2224	72788274	-1112	1112	-630
chr16	72796194	72798487	72796733	2293	72797340	-1146	1147	-607
chr16	72796194	72798487	72797243	2293	72797340	-1146	1147	-97
chr16	84616601	84619423	84617517	2822	84618012	-1411	1411	-495
chr16	88731457	88739128	88738878	7671	88735292	-3835	3836	3586
chr16	88740696	88746844	88742385	6148	88743770	-3074	3074	-1385
chr16	89289966	89294264	89290765	4298	89292115	-2149	2149	-1350
chr16	89738113	89741017	89738841	2904	89739565	-1452	1452	-724
chr16	30381003	30383713	30381791	2710	30382358	-1355	1355	-567
chr16	89992361	89999442	89992785	7081	89995901	-3540	3541	-3116
chr16	79004	83212	83094	4208	81108	-2104	2104	1986
chr16	2852487	2856076	2853882	3589	2854281	-1794	1795	-399
chr16	3439702	3442213	3440894	2511	3440957	-1255	1256	-63
chr16	4688036	4695228	4694362	7192	4691632	-3596	3596	2730
chr16	4688036	4695228	4695111	7192	4691632	-3596	3596	3479
chr16	88621803	88625422	88622294	3619	88623612	-1809	1810	-1318
chr16	87866791	87870288	87869141	3497	87868539	-1748	1749	602
chr16	4507564	4508643	4508019	1079	4508103	-539	540	-84
chr16	28144838	28147167	28146148	2329	28146002	-1164	1165	146
chr16	30652605	30657065	30656391	4460	30654835	-2230	2230	1556
chr16	31487340	31491093	31487460	3753	31489216	-1876	1877	-1756
chr16	27509870	27512396	27511755	2526	27511133	-1263	1263	622
chr16	15032781	15036463	15033396	3682	15034622	-1841	1841	-1226
chr16	27226660	27232027	27226818	5367	27229343	-2683	2684	-2525
chr16	28098018	28100385	28098541	2367	28099201	-1183	1184	-660
chr16	88625710	88631803	88631139	6093	88628756	-3046	3047	2383
chr16	50307643	50312569	50312124	4926	50310106	-2463	2463	2018
chr16	24789977	24793240	24790173	3263	24791608	-1631	1632	-1435
chr16	72796194	72798487	72797546	2293	72797340	-1146	1147	206
chr16	4438399	4442102	4441563	3703	4440250	-1851	1852	1313
chr16	14988042	14990475	14988751	2433	14989258	-1216	1217	-507
chr16	56355352	56358224	56356502	2872	56356788	-1436	1436	-286
chr16	67244874	67250719	67247395	5845	67247796	-2922	2923	-401
chr16	1317422	1323517	1320585	6095	1320469	-3047	3048	116
chr16	4354715	4362265	4362029	7550	4358490	-3775	3775	3539
chr16	1503827	1511378	1507315	7551	1507602	-3775	3776	-287
chr16	3288292	3290038	3289699	1746	3289165	-873	873	534
chr16	3739138	3741352	3739683	2214	3740245	-1107	1107	-562
chr16	11833189	11839682	11837854	6493	11836435	-3246	3247	1419
chr16	15671197	15678353	15677876	7156	15674775	-3578	3578	3101
chr16	18853555	18857326	18853737	3771	18855440	-1885	1886	-1703
chr16	24789977	24793240	24791452	3263	24791608	-1631	1632	-156
chr16	24815025	24815998	24815311	973	24815511	-486	487	-200
chr16	27200965	27204421	27204104	3456	27202693	-1728	1728	1411
chr16	27459712	27466096	27462315	6384	27462904	-3192	3192	-589
chr16	27678969	27681980	27681431	3011	27680474	-1505	1506	957
chr16	28838528	28846122	28844093	7594	28842325	-3797	3797	1768
chr16	29798806	29801692	29799114	2886	29800249	-1443	1443	-1135
chr16	29898762	29901811	29901643	3049	29900286	-1524	1525	1357
chr16	30719835	30722097	30721467	2262	30720966	-1131	1131	501
chr16	57511744	57515599	57512866	3855	57513671	-1927	1928	-805
chr16	58498418	58505394	58503865	6976	58501906	-3488	3488	1959
chr16	66565945	66568203	66565982	2258	66567074	-1129	1129	-1092
chr16	67140171	67141785	67140552	1614	67140978	-807	807	-426
chr16	77197872	77200842	77198122	2970	77199357	-1485	1485	-1235
chr16	84444530	84447166	84446405	2636	84445848	-1318	1318	557
chr16	1361273	1364144	1362860	2871	1362708	-1435	1436	152
chr16	30068401	30074981	30069529	6580	30071691	-3290	3290	-2162
chr16	30355160	30360133	30358121	4973	30357646	-2486	2487	475
chr16	29802369	29808524	29805162	6155	29805446	-3077	3078	-284
chr16	15606768	15608941	15608360	2173	15607854	-1086	1087	506
chr16	70462064	70468050	70463706	5986	70465057	-2993	2993	-1351
chr16	363010	370814	368609	7804	366912	-3902	3902	1697
chr16	411141	412439	411418	1298	411790	-649	649	-372
chr16	15078023	15080194	15080096	2171	15079108	-1085	1086	988
chr16	628162	632976	632837	4814	630569	-2407	2407	2268
chr16	70254291	70259651	70254626	5360	70256971	-2680	2680	-2345
chr16	30552109	30557344	30555784	5235	30554726	-2617	2618	1058
chr16	67534500	67538800	67537482	4300	67536650	-2150	2150	832
chr16	1419392	1422216	1420293	2824	1420804	-1412	1412	-511
chr16	4114375	4117353	4114420	2978	4115864	-1489	1489	-1444
chr16	15046992	15050155	15048047	3163	15048573	-1581	1582	-526
chr16	24569393	24572566	24569925	3173	24570979	-1586	1587	-1054
chr16	2699609	2707401	2702467	7792	2703505	-3896	3896	-1038
chr16	4507564	4508643	4508115	1079	4508103	-539	540	12
chr16	24569393	24572566	24571562	3173	24570979	-1586	1587	583
chr16	30652605	30657065	30656276	4460	30654835	-2230	2230	1441
chr16	67611005	67613167	67612031	2162	67612086	-1081	1081	-55
chr16	11674976	11677664	11676080	2688	11676320	-1344	1344	-240
chr16	30581880	30587051	30585171	5171	30584465	-2585	2586	706
chr16	29983725	29987294	29985776	3569	29985509	-1784	1785	267
chr16	30350971	30354406	30353225	3435	30352688	-1717	1718	537
chr16	67863571	67868718	67868348	5147	67866144	-2573	2574	2204
chr16	89738113	89741017	89739800	2904	89739565	-1452	1452	235
chr16	1442531	1449768	1447551	7237	1446149	-3618	3619	1402
chr16	88575644	88580831	88577411	5187	88578237	-2593	2594	-826
chr16	88731457	88739128	88733413	7671	88735292	-3835	3836	-1879
chr16	24795246	24797142	24796218	1896	24796194	-948	948	24
chr16	72796194	72798487	72796287	2293	72797340	-1146	1147	-1053
chr16	68813056	68815865	68815701	2809	68814460	-1404	1405	1241
chr16	72106873	72109112	72107454	2239	72107992	-1119	1120	-538
chr16	30707115	30708701	30707644	1586	30707908	-793	793	-264
chr16	68353010	68360872	68355802	7862	68356941	-3931	3931	-1139
chr16	30719835	30722097	30721452	2262	30720966	-1131	1131	486
chr16	30602880	30605973	30604110	3093	30604426	-1546	1547	-316
chr16	2261938	2266817	2264297	4879	2264377	-2439	2440	-80
chr16	29991887	29996915	29994383	5028	29994401	-2514	2514	-18
chr16	30182803	30190232	30186831	7429	30186517	-3714	3715	314
chr16	4688036	4695228	4694070	7192	4691632	-3596	3596	2438
chr16	776688	783985	780632	7297	780336	-3648	3649	296
chr16	1196625	1203045	1198689	6420	1199835	-3210	3210	-1146
chr16	3656196	3659529	3658068	3333	3657862	-1666	1667	206
chr16	4809547	4813648	4811198	4101	4811597	-2050	2051	-399
chr16	11679155	11680446	11679595	1291	11679800	-645	646	-205
chr16	27355024	27359033	27355898	4009	27357028	-2004	2005	-1130
chr16	30602880	30605973	30604817	3093	30604426	-1546	1547	391
chr16	30602880	30605973	30604915	3093	30604426	-1546	1547	489
chr16	30963146	30967856	30964996	4710	30965501	-2355	2355	-505
chr16	31460840	31462903	31462592	2063	31461871	-1031	1032	721
chr16	70155729	70158500	70156535	2771	70157114	-1385	1386	-579
chr16	75645480	75649207	75647877	3727	75647343	-1863	1864	534
chr16	77197872	77200842	77198217	2970	77199357	-1485	1485	-1140
chr16	29982055	29983373	29982845	1318	29982714	-659	659	131
chr16	21518639	21521272	21519973	2633	21519955	-1316	1317	18
chr16	4354715	4362265	4358083	7550	4358490	-3775	3775	-407
chr16	28175136	28177240	28175991	2104	28176188	-1052	1052	-197
chr16	30182803	30190232	30188111	7429	30186517	-3714	3715	1594
chr16	46900133	46903761	46900758	3628	46901947	-1814	1814	-1189
chr16	67149143	67156537	67149602	7394	67152840	-3697	3697	-3238
chr16	31182708	31187477	31183926	4769	31185092	-2384	2385	-1166
chr16	67244874	67250719	67249141	5845	67247796	-2922	2923	1345
chr16	29802369	29808524	29807849	6155	29805446	-3077	3078	2403
chr16	30602880	30605973	30604526	3093	30604426	-1546	1547	100
chr16	31460840	31462903	31462424	2063	31461871	-1031	1032	553
chr16	785503	790380	789677	4877	787941	-2438	2439	1736
chr16	1567265	1569314	1568214	2049	1568289	-1024	1025	-75
chr16	72098588	72105556	72104113	6968	72102072	-3484	3484	2041
chr16	1196625	1203045	1201909	6420	1199835	-3210	3210	2074
chr16	1745789	1748628	1748258	2839	1747208	-1419	1420	1050
chr16	30602880	30605973	30604702	3093	30604426	-1546	1547	276
chr16	85673909	85676113	85675985	2204	85675011	-1102	1102	974
chr16	2767815	2772733	2767840	4918	2770274	-2459	2459	-2434
chr16	30442396	30445809	30444518	3413	30444102	-1706	1707	416
chr16	30581880	30587051	30583379	5171	30584465	-2585	2586	-1086
chr16	85669771	85672580	85672541	2809	85671175	-1404	1405	1366
chr16	66939468	66940850	66940330	1382	66940159	-691	691	171
chr16	28899255	28904080	28902021	4825	28901667	-2412	2413	354
chr16	68736273	68738936	68738315	2663	68737604	-1331	1332	711
chr16	2055445	2061315	2055459	5870	2058380	-2935	2935	-2921
chr16	31132520	31133764	31133276	1244	31133142	-622	622	134
chr16	30068401	30074981	30068917	6580	30071691	-3290	3290	-2774
chr16	85665949	85666871	85666159	922	85666410	-461	461	-251
chr16	2261938	2266817	2263110	4879	2264377	-2439	2440	-1267
chr16	4259672	4266577	4260233	6905	4263124	-3452	3453	-2891
chr16	20735735	20739492	20737772	3757	20737613	-1878	1879	159
chr16	68078458	68082634	68079210	4176	68080546	-2088	2088	-1336
chr16	30581880	30587051	30582674	5171	30584465	-2585	2586	-1791
chr16	88731457	88739128	88738699	7671	88735292	-3835	3836	3407
chr16	28838528	28846122	28844425	7594	28842325	-3797	3797	2100
chr16	4889741	4897034	4894580	7293	4893387	-3646	3647	1193
chr16	85647754	85654167	85648624	6413	85650960	-3206	3207	-2336
chr16	28923583	28925837	28924461	2254	28924710	-1127	1127	-249
chr16	25110726	25112562	25111741	1836	25111644	-918	918	97
chr16	29991887	29996915	29995543	5028	29994401	-2514	2514	1142
chr16	30062636	30066263	30065810	3627	30064449	-1813	1814	1361
chr16	75242073	75249856	75242656	7783	75245964	-3891	3892	-3308
chr16	28832080	28838312	28836493	6232	28835196	-3116	3116	1297
chr16	2297218	2304427	2299495	7209	2300822	-3604	3605	-1327
chr16	88731457	88739128	88734428	7671	88735292	-3835	3836	-864
chr16	67673793	67675286	67675109	1493	67674539	-746	747	570
chr16	31460840	31462903	31462771	2063	31461871	-1031	1032	900
chr16	31460840	31462903	31462772	2063	31461871	-1031	1032	901
chr16	30722456	30723500	30722652	1044	30722978	-522	522	-326
chr16	70254291	70259651	70259108	5360	70256971	-2680	2680	2137
chr16	84090202	84091859	84090906	1657	84091030	-828	829	-124
chr16	66931184	66933469	66932105	2285	66932326	-1142	1143	-221
chr16	28832080	28838312	28834606	6232	28835196	-3116	3116	-590
chr16	77197872	77200842	77198228	2970	77199357	-1485	1485	-1129
chr16	11833189	11839682	11837829	6493	11836435	-3246	3247	1394
chr16	14988042	14990475	14988294	2433	14989258	-1216	1217	-964
chr16	31130049	31132230	31130468	2181	31131139	-1090	1091	-671
chr16	89099490	89101792	89101015	2302	89100641	-1151	1151	374
chr16	85655107	85657930	85656583	2823	85656518	-1411	1412	65
chr16	4880899	4883114	4881982	2215	4882006	-1107	1108	-24
chr16	1419392	1422216	1419842	2824	1420804	-1412	1412	-962
chr16	29966850	29971531	29968131	4681	29969190	-2340	2341	-1059
chr16	29966850	29971531	29968132	4681	29969190	-2340	2341	-1058
chr16	29991887	29996915	29996819	5028	29994401	-2514	2514	2418
chr16	67925197	67932425	67930044	7228	67928811	-3614	3614	1233
chr16	30602880	30605973	30605123	3093	30604426	-1546	1547	697
chr16	72796194	72798487	72796551	2293	72797340	-1146	1147	-789
chr16	28973752	28977800	28975489	4048	28975776	-2024	2024	-287
chr16	29802369	29808524	29808242	6155	29805446	-3077	3078	2796
chr16	30652605	30657065	30656246	4460	30654835	-2230	2230	1411
chr16	68736273	68738936	68738315	2663	68737604	-1331	1332	711
chr16	28904484	28907031	28905743	2547	28905757	-1273	1274	-14
chr16	67190909	67196477	67193058	5568	67193693	-2784	2784	-635
chr16	15606768	15608941	15608301	2173	15607854	-1086	1087	447
chr16	30200505	30207655	30205958	7150	30204080	-3575	3575	1878
chr16	66729236	66733182	66732417	3946	66731209	-1973	1973	1208
chr16	88705275	88707482	88707210	2207	88706378	-1103	1104	832
chr16	69338629	69340222	69339607	1593	69339425	-796	797	182
chr16	74470007	74471382	74471231	1375	74470694	-687	688	537
chr16	2282462	2289946	2286929	7484	2286204	-3742	3742	725
chr16	19698549	19700596	19700436	2047	19699572	-1023	1024	864
chr16	8894337	8895561	8894592	1224	8894949	-612	612	-357
chr16	8795784	8797686	8796351	1902	8796735	-951	951	-384
chr16	75231844	75239844	75233884	8000	75235844	-4000	4000	-1960
chr16	89148956	89155817	89154247	6861	89152386	-3430	3431	1861
chr16	345893	347495	346427	1602	346694	-801	801	-267
chr16	345893	347495	346170	1602	346694	-801	801	-524
chr16	3055091	3060102	3057377	5011	3057596	-2505	2506	-219
chr16	14988042	14990475	14988964	2433	14989258	-1216	1217	-294
chr16	19698549	19700596	19699505	2047	19699572	-1023	1024	-67
chr16	24975222	24977620	24977214	2398	24976421	-1199	1199	793
chr16	30066510	30068011	30067284	1501	30067260	-750	751	24
chr16	89914108	89920700	89920216	6592	89917404	-3296	3296	2812
chr16	67169194	67171238	67169778	2044	67170216	-1022	1022	-438
chr16	396796	401800	399629	5004	399298	-2502	2502	331
chr16	8628749	8629792	8628805	1043	8629270	-521	522	-465
chr16	8628749	8629792	8628973	1043	8629270	-521	522	-297
chr16	15032781	15036463	15033355	3682	15034622	-1841	1841	-1267
chr16	30442396	30445809	30445179	3413	30444102	-1706	1707	1077
chr16	71647330	71649760	71648385	2430	71648545	-1215	1215	-160
chr16	74304144	74306008	74304366	1864	74305076	-932	932	-710
chr16	2767815	2772733	2768049	4918	2770274	-2459	2459	-2225
chr17	7942116	7944663	7944205	2547	7943389	-1273	1274	816
chr17	43194180	43196202	43194477	2022	43195191	-1011	1011	-714
chr17	4794340	4798799	4796780	4459	4796569	-2229	2230	211
chr17	17878041	17884081	17882783	6040	17881061	-3020	3020	1722
chr17	28714883	28719425	28715077	4542	28717154	-2271	2271	-2077
chr17	43810747	43813963	43811196	3216	43812355	-1608	1608	-1159
chr17	64044929	64046939	64045372	2010	64045934	-1005	1005	-562
chr17	7848349	7851767	7848888	3418	7850058	-1709	1709	-1170
chr17	7462460	7465813	7463304	3353	7464136	-1676	1677	-832
chr17	7564972	7566334	7565569	1362	7565653	-681	681	-84
chr17	8253351	8257835	8255100	4484	8255593	-2242	2242	-493
chr17	30785060	30786687	30785955	1627	30785873	-813	814	82
chr17	39726614	39731741	39729470	5127	39729177	-2563	2564	293
chr17	42567709	42571790	42570116	4081	42569749	-2040	2041	367
chr17	44396683	44402454	44399831	5771	44399568	-2885	2886	263
chr17	76727430	76729889	76729699	2459	76728659	-1229	1230	1040
chr17	74950779	74953776	74952334	2997	74952277	-1498	1499	57
chr17	82434526	82438829	82435845	4303	82436677	-2151	2152	-832
chr17	4794340	4798799	4798024	4459	4796569	-2229	2230	1455
chr17	28534353	28536898	28535038	2545	28535625	-1272	1273	-587
chr17	63431929	63437232	63434530	5303	63434580	-2651	2652	-50
chr17	81556426	81561769	81559267	5343	81559097	-2671	2672	170
chr17	1006382	1009300	1007173	2918	1007841	-1459	1459	-668
chr17	4673567	4675452	4675139	1885	4674509	-942	943	630
chr17	19907723	19909443	19909234	1720	19908583	-860	860	651
chr17	34960667	34962395	34961261	1728	34961531	-864	864	-270
chr17	42113414	42118920	42113767	5506	42116167	-2753	2753	-2400
chr17	47710273	47712730	47710560	2457	47711501	-1228	1229	-941
chr17	48053400	48060866	48056399	7466	48057133	-3733	3733	-734
chr17	73205541	73209073	73208345	3532	73207307	-1766	1766	1038
chr17	74769145	74775822	74771818	6677	74772483	-3338	3339	-665
chr17	75753414	75760022	75758052	6608	75756718	-3304	3304	1334
chr17	78436694	78439297	78439085	2603	78437995	-1301	1302	1090
chr17	80204918	80209252	80208236	4334	80207085	-2167	2167	1151
chr17	81715312	81718871	81717444	3559	81717091	-1779	1780	353
chr17	82440634	82447029	82445929	6395	82443831	-3197	3198	2098
chr17	5459366	5462752	5462322	3386	5461059	-1693	1693	1263
chr17	42689449	42696237	42695859	6788	42692843	-3394	3394	3016
chr17	64531961	64533733	64532986	1772	64532847	-886	886	139
chr17	7702055	7707000	7702754	4945	7704527	-2472	2473	-1773
chr17	56891277	56895579	56891509	4302	56893428	-2151	2151	-1919
chr17	29284207	29290356	29287123	6149	29287281	-3074	3075	-158
chr17	74203109	74204696	74204219	1587	74203902	-793	794	317
chr17	7947368	7950198	7948575	2830	7948783	-1415	1415	-208
chr17	43016359	43019133	43018055	2774	43017746	-1387	1387	309
chr17	51152482	51154592	51154309	2110	51153537	-1055	1055	772
chr17	1937443	1940277	1937570	2834	1938860	-1417	1417	-1290
chr17	58507671	58512659	58511310	4988	58510165	-2494	2494	1145
chr17	7592390	7597141	7592763	4751	7594765	-2375	2376	-2002
chr17	42689449	42696237	42696065	6788	42692843	-3394	3394	3222
chr17	39407156	39409403	39408271	2247	39408279	-1123	1124	-8
chr17	7675819	7677367	7675994	1548	7676593	-774	774	-599
chr17	8160685	8167141	8161516	6456	8163913	-3228	3228	-2397
chr17	40452787	40454932	40453949	2145	40453859	-1072	1073	90
chr17	992445	999751	997260	7306	996098	-3653	3653	1162
chr17	78800440	78805282	78802382	4842	78802861	-2421	2421	-479
chr17	74950779	74953776	74952035	2997	74952277	-1498	1499	-242
chr17	6893154	6895171	6893871	2017	6894162	-1008	1009	-291
chr17	39721711	39726043	39725797	4332	39723877	-2166	2166	1920
chr17	40341039	40343890	40342745	2851	40342464	-1425	1426	281
chr17	73205541	73209073	73207257	3532	73207307	-1766	1766	-50
chr17	78424560	78428478	78425367	3918	78426519	-1959	1959	-1152
chr17	82154958	82158707	82157422	3749	82156832	-1874	1875	590
chr17	31851246	31857302	31852114	6056	31854274	-3028	3028	-2160
chr17	47806998	47808439	47808365	1441	47807718	-720	721	647
chr17	38325381	38326504	38326089	1123	38325942	-561	562	147
chr17	43810747	43813963	43810912	3216	43812355	-1608	1608	-1443
chr17	59210233	59211056	59210883	823	59210644	-411	412	239
chr17	18671414	18674910	18672017	3496	18673162	-1748	1748	-1145
chr17	44678003	44679295	44678669	1292	44678649	-646	646	20
chr17	51119138	51121363	51120455	2225	51120250	-1112	1113	205
chr17	75519992	75527354	75522251	7362	75523673	-3681	3681	-1422
chr17	4634983	4638628	4637118	3645	4636805	-1822	1823	313
chr17	74833725	74838973	74836237	5248	74836349	-2624	2624	-112
chr17	43011924	43015085	43013601	3161	43013504	-1580	1581	97
chr17	80210167	80215516	80213903	5349	80212841	-2674	2675	1062
chr17	80210167	80215516	80214625	5349	80212841	-2674	2675	1784
chr17	8169536	8174503	8173586	4967	8172019	-2483	2484	1567
chr17	18250938	18253415	18251726	2477	18252176	-1238	1239	-450
chr17	76389946	76392448	76392019	2502	76391197	-1251	1251	822
chr17	76389946	76392448	76392020	2502	76391197	-1251	1251	823
chr17	4930324	4936631	4934468	6307	4933477	-3153	3154	991
chr17	18316997	18318133	18318010	1136	18317565	-568	568	445
chr17	41871285	41873204	41871828	1919	41872244	-959	960	-416
chr17	4680704	4684924	4682507	4220	4682814	-2110	2110	-307
chr17	7675819	7677367	7675993	1548	7676593	-774	774	-600
chr17	18316997	18318133	18317258	1136	18317565	-568	568	-307
chr17	5485394	5489865	5489707	4471	5487629	-2235	2236	2078
chr17	6995403	6998696	6996894	3293	6997049	-1646	1647	-155
chr17	7592390	7597141	7595868	4751	7594765	-2375	2376	1103
chr17	4787939	4790517	4789835	2578	4789228	-1289	1289	607
chr17	82201262	82203315	82201691	2053	82202288	-1026	1027	-597
chr17	47692796	47697886	47696273	5090	47695341	-2545	2545	932
chr17	42794505	42796182	42795801	1677	42795343	-838	839	458
chr17	82440634	82447029	82444738	6395	82443831	-3197	3198	907
chr17	38729063	38734813	38731363	5750	38731938	-2875	2875	-575
chr17	1049984	1056479	1050143	6495	1053231	-3247	3248	-3088
chr17	28694425	28697623	28695356	3198	28696024	-1599	1599	-668
chr17	2332172	2334126	2332248	1954	2333149	-977	977	-901
chr17	64149432	64151101	64150839	1669	64150266	-834	835	573
chr17	5183814	5187838	5184006	4024	5185826	-2012	2012	-1820
chr17	7675819	7677367	7676203	1548	7676593	-774	774	-390
chr17	41688102	41693855	41690945	5753	41690978	-2876	2877	-33
chr17	43011924	43015085	43013343	3161	43013504	-1580	1581	-161
chr17	44396683	44402454	44398827	5771	44399568	-2885	2886	-741
chr17	42954797	42956620	42956155	1823	42955708	-911	912	447
chr17	37540046	37543090	37541794	3044	37541568	-1522	1522	226
chr17	75846036	75851256	75848635	5220	75848646	-2610	2610	-11
chr17	75625058	75632291	75628751	7233	75628674	-3616	3617	77
chr17	7848349	7851767	7851667	3418	7850058	-1709	1709	1609
chr17	35858554	35866320	35858961	7766	35862437	-3883	3883	-3476
chr17	80138031	80141366	80138174	3335	80139698	-1667	1668	-1524
chr17	39721711	39726043	39724747	4332	39723877	-2166	2166	870
chr17	65054723	65058855	65056574	4132	65056789	-2066	2066	-215
chr17	40698521	40702720	40699457	4199	40700620	-2099	2100	-1163
chr17	1673481	1680156	1677578	6675	1676818	-3337	3338	760
chr17	7439163	7443547	7442672	4384	7441355	-2192	2192	1317
chr17	7439163	7443547	7443053	4384	7441355	-2192	2192	1698
chr17	7507823	7510944	7508953	3121	7509383	-1560	1561	-430
chr17	13010586	13012988	13010650	2402	13011787	-1201	1201	-1137
chr17	18322556	18325030	18322679	2474	18323793	-1237	1237	-1114
chr17	37540046	37543090	37542534	3044	37541568	-1522	1522	966
chr17	39721711	39726043	39724808	4332	39723877	-2166	2166	931
chr17	42673357	42678025	42674376	4668	42675691	-2334	2334	-1315
chr17	42954797	42956620	42956432	1823	42955708	-911	912	724
chr17	45240535	45244357	45241134	3822	45242446	-1911	1911	-1312
chr17	67024269	67030681	67024921	6412	67027475	-3206	3206	-2554
chr17	74850123	74853015	74851617	2892	74851569	-1446	1446	48
chr17	75807955	75814336	75812147	6381	75811145	-3190	3191	1002
chr17	78428817	78436507	78429188	7690	78432662	-3845	3845	-3474
chr17	80109833	80114525	80109995	4692	80112179	-2346	2346	-2184
chr17	81671316	81675163	81672618	3847	81673239	-1923	1924	-621
chr17	81715312	81718871	81717010	3559	81717091	-1779	1780	-81
chr17	82006682	82011429	82009491	4747	82009055	-2373	2374	436
chr17	39407156	39409403	39407571	2247	39408279	-1123	1124	-708
chr17	1894561	1897653	1897135	3092	1896107	-1546	1546	1028
chr17	15610259	15614018	15613993	3759	15612138	-1879	1880	1855
chr17	45103839	45105988	45105634	2149	45104913	-1074	1075	721
chr17	39721711	39726043	39723967	4332	39723877	-2166	2166	90
chr17	75635900	75641390	75640196	5490	75638645	-2745	2745	1551
chr17	1673481	1680156	1676606	6675	1676818	-3337	3338	-212
chr17	4958119	4962597	4959531	4478	4960358	-2239	2239	-827
chr17	7937487	7940000	7939663	2513	7938743	-1256	1257	920
chr17	28690331	28693659	28690991	3328	28691995	-1664	1664	-1004
chr17	28895284	28902159	28901049	6875	28898721	-3437	3438	2328
chr17	42113414	42118920	42117982	5506	42116167	-2753	2753	1815
chr17	45096206	45101241	45098400	5035	45098723	-2517	2518	-323
chr17	60180755	60181842	60181362	1087	60181298	-543	544	64
chr17	78800440	78805282	78802446	4842	78802861	-2421	2421	-415
chr17	79780804	79787906	79785064	7102	79784355	-3551	3551	709
chr17	80106410	80109693	80107690	3283	80108051	-1641	1642	-361
chr17	80109833	80114525	80110772	4692	80112179	-2346	2346	-1407
chr17	80210167	80215516	80215117	5349	80212841	-2674	2675	2276
chr17	80347807	80352211	80347994	4404	80350009	-2202	2202	-2015
chr17	80357577	80359418	80358403	1841	80358497	-920	921	-94
chr17	44347639	44353095	44351759	5456	44350367	-2728	2728	1392
chr17	74776206	74777426	74777354	1220	74776816	-610	610	538
chr17	39721711	39726043	39723967	4332	39723877	-2166	2166	90
chr17	82623102	82628405	82625425	5303	82625753	-2651	2652	-328
chr17	82172437	82175157	82172767	2720	82173797	-1360	1360	-1030
chr17	67365274	67367261	67366442	1987	67366267	-993	994	175
chr17	1681035	1685175	1681614	4140	1683105	-2070	2070	-1491
chr17	28739932	28745368	28741140	5436	28742650	-2718	2718	-1510
chr17	44087100	44089847	44087446	2747	44088473	-1373	1374	-1027
chr17	64502734	64508251	64504760	5517	64505492	-2758	2759	-732
chr17	785932	792241	792098	6309	789086	-3154	3155	3012
chr17	7315683	7321959	7317814	6276	7318821	-3138	3138	-1007
chr17	42689449	42696237	42691152	6788	42692843	-3394	3394	-1691
chr17	59704790	59708662	59707447	3872	59706726	-1936	1936	721
chr17	7675819	7677367	7676096	1548	7676593	-774	774	-497
chr17	28331454	28336406	28331912	4952	28333930	-2476	2476	-2018
chr17	40130465	40133417	40131435	2952	40131941	-1476	1476	-506
chr17	47699077	47702452	47699639	3375	47700764	-1687	1688	-1125
chr17	63587570	63592972	63589230	5402	63590271	-2701	2701	-1041
chr17	42307835	42310025	42308217	2190	42308930	-1095	1095	-713
chr17	45393965	45397468	45396013	3503	45395716	-1751	1752	297
chr17	35131498	35138141	35136211	6643	35134819	-3321	3322	1392
chr17	4930324	4936631	4934356	6307	4933477	-3153	3154	879
chr17	7675819	7677367	7676500	1548	7676593	-774	774	-93
chr17	12991593	12994199	12993738	2606	12992896	-1303	1303	842
chr17	7930578	7933313	7931536	2735	7931945	-1367	1368	-409
chr17	42565626	42567683	42565975	2057	42566654	-1028	1029	-679
chr17	43204323	43210535	43210073	6212	43207429	-3106	3106	2644
chr17	47912627	47917583	47916266	4956	47915105	-2478	2478	1161
chr17	74769145	74775822	74771749	6677	74772483	-3338	3339	-734
chr17	1651291	1656542	1651547	5251	1653916	-2625	2626	-2369
chr17	4147103	4150116	4149913	3013	4148609	-1506	1507	1304
chr17	7235289	7240997	7237387	5708	7238143	-2854	2854	-756
chr17	42985377	42990151	42987376	4774	42987764	-2387	2387	-388
chr17	74203109	74204696	74203999	1587	74203902	-793	794	97
chr17	75519992	75527354	75521490	7362	75523673	-3681	3681	-2183
chr17	75635900	75641390	75640960	5490	75638645	-2745	2745	2315
chr17	75822525	75823770	75822605	1245	75823147	-622	623	-542
chr17	45146218	45150638	45148504	4420	45148428	-2210	2210	76
chr17	7379598	7386027	7383315	6429	7382812	-3214	3215	503
chr17	28641206	28647285	28643233	6079	28644245	-3039	3040	-1012
chr17	39721711	39726043	39725079	4332	39723877	-2166	2166	1202
chr17	40093263	40098613	40097303	5350	40095938	-2675	2675	1365
chr17	62520086	62521361	62520784	1275	62520723	-637	638	61
chr17	78497525	78502776	78501053	5251	78500150	-2625	2626	903
chr17	58002210	58009560	58005926	7350	58005885	-3675	3675	41
chr17	74203109	74204696	74204306	1587	74203902	-793	794	404
chr17	4813957	4820797	4818283	6840	4817377	-3420	3420	906
chr17	42999609	43006891	43002771	7282	43003250	-3641	3641	-479
chr17	45146218	45150638	45149667	4420	45148428	-2210	2210	1239
chr17	78800440	78805282	78803467	4842	78802861	-2421	2421	606
chr17	63587570	63592972	63590461	5402	63590271	-2701	2701	190
chr17	7930578	7933313	7930658	2735	7931945	-1367	1368	-1287
chr17	18328342	18329673	18328725	1331	18329007	-665	666	-282
chr17	42985377	42990151	42987413	4774	42987764	-2387	2387	-351
chr17	74776206	74777426	74777327	1220	74776816	-610	610	511
chr17	80835778	80838956	80837986	3178	80837367	-1589	1589	619
chr17	1582383	1585193	1583307	2810	1583788	-1405	1405	-481
chr17	44347639	44353095	44350307	5456	44350367	-2728	2728	-60
chr17	18092996	18095822	18093963	2826	18094409	-1413	1413	-446
chr17	42794505	42796182	42795982	1677	42795343	-838	839	639
chr17	8480983	8483105	8481383	2122	8482044	-1061	1061	-661
chr17	80414612	80416306	80415693	1694	80415459	-847	847	234
chr17	74839910	74844526	74844472	4616	74842218	-2308	2308	2254
chr17	42844599	42850554	42850266	5955	42847576	-2977	2978	2690
chr17	17197199	17203607	17202819	6408	17200403	-3204	3204	2416
chr17	28917291	28922419	28917369	5128	28919855	-2564	2564	-2486
chr17	42701839	42703985	42703624	2146	42702912	-1073	1073	712
chr17	44150926	44157249	44154890	6323	44154087	-3161	3162	803
chr17	7675819	7677367	7676399	1548	7676593	-774	774	-194
chr17	8160685	8167141	8160829	6456	8163913	-3228	3228	-3084
chr17	76735848	76738374	76738366	2526	76737111	-1263	1263	1255
chr17	18346594	18347633	18347589	1039	18347113	-519	520	476
chr17	44396683	44402454	44400427	5771	44399568	-2885	2886	859
chr17	59210233	59211056	59210688	823	59210644	-411	412	44
chr17	18316997	18318133	18317265	1136	18317565	-568	568	-300
chr17	78826815	78828995	78828943	2180	78827905	-1090	1090	1038
chr17	7675819	7677367	7676031	1548	7676593	-774	774	-562
chr17	44771879	44776480	44773382	4601	44774179	-2300	2301	-797
chr17	18096317	18101574	18100386	5257	18098945	-2628	2629	1441
chr17	28739932	28745368	28741431	5436	28742650	-2718	2718	-1219
chr17	75777828	75780226	75778764	2398	75779027	-1199	1199	-263
chr17	45401708	45406228	45404082	4520	45403968	-2260	2260	114
chr17	81118192	81121593	81120715	3401	81119892	-1700	1701	823
chr17	57104304	57108512	57106316	4208	57106408	-2104	2104	-92
chr17	78806560	78808474	78807506	1914	78807517	-957	957	-11
chr17	4936912	4938722	4938036	1810	4937817	-905	905	219
chr17	44161336	44162998	44161931	1662	44162167	-831	831	-236
chr17	4163770	4166110	4165026	2340	4164940	-1170	1170	86
chr17	7345264	7351815	7348354	6551	7348539	-3275	3276	-185
chr17	7587796	7591079	7589767	3283	7589437	-1641	1642	330
chr17	13000924	13003186	13002342	2262	13002055	-1131	1131	287
chr17	17227140	17229865	17228117	2725	17228502	-1362	1363	-385
chr17	28339935	28344018	28340327	4083	28341976	-2041	2042	-1649
chr17	29284207	29290356	29286724	6149	29287281	-3074	3075	-557
chr17	29570697	29573508	29572224	2811	29572102	-1405	1406	122
chr17	30185156	30186805	30185669	1649	30185980	-824	825	-311
chr17	36598665	36602832	36602087	4167	36600748	-2083	2084	1339
chr17	37085325	37087489	37086939	2164	37086407	-1082	1082	532
chr17	40017316	40019221	40017351	1905	40018268	-952	953	-917
chr17	47940422	47942702	47941692	2280	47941562	-1140	1140	130
chr17	51160364	51161988	51161174	1624	51161176	-812	812	-2
chr17	59105567	59106824	59106681	1257	59106195	-628	629	486
chr17	64502734	64508251	64506149	5517	64505492	-2758	2759	657
chr17	74854523	74857226	74854561	2703	74855874	-1351	1352	-1313
chr17	81909864	81913393	81911005	3529	81911628	-1764	1765	-623
chr17	1773106	1778556	1776603	5450	1775831	-2725	2725	772
chr17	5453012	5456745	5455269	3733	5454878	-1866	1867	391
chr17	2375166	2380200	2375719	5034	2377683	-2517	2517	-1964
chr17	2034151	2038424	2036009	4273	2036287	-2136	2137	-278
chr17	7279714	7286981	7284294	7267	7283347	-3633	3634	947
chr17	41688102	41693855	41688925	5753	41690978	-2876	2877	-2053
chr17	67724019	67728775	67726551	4756	67726397	-2378	2378	154
chr17	1582383	1585193	1583220	2810	1583788	-1405	1405	-568
chr17	39721711	39726043	39724747	4332	39723877	-2166	2166	870
chr17	39721711	39726043	39724008	4332	39723877	-2166	2166	131
chr17	74845570	74849719	74846859	4149	74847644	-2074	2075	-785
chr17	82172437	82175157	82172654	2720	82173797	-1360	1360	-1143
chr17	28331454	28336406	28331887	4952	28333930	-2476	2476	-2043
chr17	7893860	7895817	7895462	1957	7894838	-978	979	624
chr17	78179209	78185351	78185067	6142	78182280	-3071	3071	2787
chr17	48053400	48060866	48058824	7466	48057133	-3733	3733	1691
chr17	78492256	78494991	78494703	2735	78493623	-1367	1368	1080
chr17	18244843	18248285	18245993	3442	18246564	-1721	1721	-571
chr17	38321523	38322646	38322553	1123	38322084	-561	562	469
chr17	38768388	38772271	38769607	3883	38770329	-1941	1942	-722
chr17	50482968	50485529	50483407	2561	50484248	-1280	1281	-841
chr17	39988545	39989585	39988734	1040	39989065	-520	520	-331
chr17	18333375	18334936	18333389	1561	18334155	-780	781	-766
chr17	35131498	35138141	35136407	6643	35134819	-3321	3322	1588
chr17	44396683	44402454	44401181	5771	44399568	-2885	2886	1613
chr17	41970375	41977419	41971949	7044	41973897	-3522	3522	-1948
chr17	40351066	40354608	40354351	3542	40352837	-1771	1771	1514
chr17	44396683	44402454	44400186	5771	44399568	-2885	2886	618
chr17	80336515	80343412	80340052	6897	80339963	-3448	3449	89
chr17	2332172	2334126	2333694	1954	2333149	-977	977	545
chr17	7675819	7677367	7676037	1548	7676593	-774	774	-556
chr17	38321523	38322646	38322546	1123	38322084	-561	562	462
chr17	42689449	42696237	42695543	6788	42692843	-3394	3394	2700
chr17	1673481	1680156	1677672	6675	1676818	-3337	3338	854
chr17	7279714	7286981	7283245	7267	7283347	-3633	3634	-102
chr17	47834867	47837843	47835018	2976	47836355	-1488	1488	-1337
chr17	80347807	80352211	80348047	4404	80350009	-2202	2202	-1962
chr17	7854768	7859350	7858719	4582	7857059	-2291	2291	1660
chr17	17197199	17203607	17202944	6408	17200403	-3204	3204	2541
chr17	41978232	41982288	41982281	4056	41980260	-2028	2028	2021
chr17	4090489	4091872	4090814	1383	4091180	-691	692	-366
chr17	39721711	39726043	39723967	4332	39723877	-2166	2166	90
chr17	6995403	6998696	6996999	3293	6997049	-1646	1647	-50
chr17	79780804	79787906	79784382	7102	79784355	-3551	3551	27
chr17	78118186	78122512	78121018	4326	78120349	-2163	2163	669
chr17	8480983	8483105	8481328	2122	8482044	-1061	1061	-716
chr17	39721711	39726043	39723405	4332	39723877	-2166	2166	-472
chr17	39721711	39726043	39723966	4332	39723877	-2166	2166	89
chr17	39721711	39726043	39723967	4332	39723877	-2166	2166	90
chr17	5444326	5446681	5444381	2355	5445503	-1177	1178	-1122
chr17	39721711	39726043	39723967	4332	39723877	-2166	2166	90
chr17	2040640	2045366	2042541	4726	2043003	-2363	2363	-462
chr17	2375166	2380200	2376981	5034	2377683	-2517	2517	-702
chr17	8480983	8483105	8481359	2122	8482044	-1061	1061	-685
chr17	41800717	41803434	41803422	2717	41802075	-1358	1359	1347
chr17	41968416	41970105	41968658	1689	41969260	-844	845	-602
chr17	43502778	43505591	43504645	2813	43504184	-1406	1407	461
chr17	44004112	44010689	44008557	6577	44007400	-3288	3289	1157
chr17	47974883	47977973	47975156	3090	47976428	-1545	1545	-1272
chr17	50750314	50751101	50750748	787	50750707	-393	394	41
chr17	67905208	67912787	67909677	7579	67908997	-3789	3790	680
chr17	74833725	74838973	74836159	5248	74836349	-2624	2624	-190
chr17	80420318	80427446	80423570	7128	80423882	-3564	3564	-312
chr17	40093263	40098613	40095639	5350	40095938	-2675	2675	-299
chr17	50553010	50557224	50555535	4214	50555117	-2107	2107	418
chr17	39721711	39726043	39724747	4332	39723877	-2166	2166	870
chr17	76467793	76470909	76469969	3116	76469351	-1558	1558	618
chr17	75519992	75527354	75524436	7362	75523673	-3681	3681	763
chr17	7315683	7321959	7319145	6276	7318821	-3138	3138	324
chr17	7455407	7458192	7455836	2785	7456799	-1392	1393	-963
chr17	36502481	36508211	36507905	5730	36505346	-2865	2865	2559
chr17	739916	741705	741683	1789	740810	-894	895	873
chr17	746009	752973	746338	6964	749491	-3482	3482	-3153
chr17	2375166	2380200	2379072	5034	2377683	-2517	2517	1389
chr17	18328342	18329673	18329354	1331	18329007	-665	666	347
chr17	28395733	28399462	28396176	3729	28397597	-1864	1865	-1421
chr17	76735848	76738374	76735904	2526	76737111	-1263	1263	-1207
chr17	50543064	50548948	50548850	5884	50546006	-2942	2942	2844
chr17	50379757	50383740	50381393	3983	50381748	-1991	1992	-355
chr17	7323531	7326016	7323923	2485	7324773	-1242	1243	-850
chr17	34960667	34962395	34961586	1728	34961531	-864	864	55
chr17	44396683	44402454	44397463	5771	44399568	-2885	2886	-2105
chr17	38321523	38322646	38322155	1123	38322084	-561	562	71
chr17	58351659	58354351	58351849	2692	58353005	-1346	1346	-1156
chr17	28331454	28336406	28335471	4952	28333930	-2476	2476	1541
chr17	42113414	42118920	42114602	5506	42116167	-2753	2753	-1565
chr17	7852212	7853906	7853001	1694	7853059	-847	847	-58
chr17	47924767	47928712	47925457	3945	47926739	-1972	1973	-1282
chr17	59210233	59211056	59210682	823	59210644	-411	412	38
chr17	44852512	44857230	44854627	4718	44854871	-2359	2359	-244
chr17	50087229	50090409	50089245	3180	50088819	-1590	1590	426
chr17	7315683	7321959	7321750	6276	7318821	-3138	3138	2929
chr17	40133773	40136017	40133846	2244	40134895	-1122	1122	-1049
chr17	42574049	42578307	42574193	4258	42576178	-2129	2129	-1985
chr17	78356468	78362526	78358883	6058	78359497	-3029	3029	-614
chr17	17218250	17220839	17219083	2589	17219544	-1294	1295	-461
chr17	28673553	28675466	28674566	1913	28674509	-956	957	57
chr17	2034151	2038424	2035975	4273	2036287	-2136	2137	-312
chr17	31529185	31533912	31532360	4727	31531548	-2363	2364	812
chr17	40698521	40702720	40700238	4199	40700620	-2099	2100	-382
chr17	79780804	79787906	79782179	7102	79784355	-3551	3551	-2176
chr17	79090058	79091726	79090706	1668	79090892	-834	834	-186
chr17	1727906	1733140	1732408	5234	1730523	-2617	2617	1885
chr17	7832069	7836219	7833124	4150	7834144	-2075	2075	-1020
chr17	7832069	7836219	7833591	4150	7834144	-2075	2075	-553
chr17	28585569	28588679	28585924	3110	28587124	-1555	1555	-1200
chr17	45135353	45138364	45136583	3011	45136858	-1505	1506	-275
chr17	7675819	7677367	7676218	1548	7676593	-774	774	-375
chr17	28907168	28909913	28908818	2745	28908540	-1372	1373	278
chr17	39407156	39409403	39408853	2247	39408279	-1123	1124	574
chr17	82807486	82810252	82807659	2766	82808869	-1383	1383	-1210
chr17	13010586	13012988	13010658	2402	13011787	-1201	1201	-1129
chr17	68040560	68043334	68040699	2774	68041947	-1387	1387	-1248
chr17	18969812	18975379	18971213	5567	18972595	-2783	2784	-1382
chr17	37540046	37543090	37542519	3044	37541568	-1522	1522	951
chr17	45139892	45145902	45143509	6010	45142897	-3005	3005	612
chr17	75519992	75527354	75523747	7362	75523673	-3681	3681	74
chr17	81821540	81824383	81823196	2843	81822961	-1421	1422	235
chr17	7576250	7583423	7580774	7173	7579836	-3586	3587	938
chr17	1673481	1680156	1679093	6675	1676818	-3337	3338	2275
chr17	40362452	40368361	40363470	5909	40365406	-2954	2955	-1936
chr17	7564972	7566334	7565588	1362	7565653	-681	681	-65
chr17	13003336	13004701	13003968	1365	13004018	-682	683	-50
chr17	28879659	28885696	28884264	6037	28882677	-3018	3019	1587
chr17	45240535	45244357	45243952	3822	45242446	-1911	1911	1506
chr17	56891277	56895579	56891989	4302	56893428	-2151	2151	-1439
chr17	7675819	7677367	7676037	1548	7676593	-774	774	-556
chr17	44175959	44179447	44177710	3488	44177703	-1744	1744	7
chr17	2676784	2681893	2680223	5109	2679338	-2554	2555	885
chr17	29264948	29268974	29267531	4026	29266961	-2013	2013	570
chr17	82807486	82810252	82809751	2766	82808869	-1383	1383	882
chr17	746009	752973	747595	6964	749491	-3482	3482	-1896
chr17	17197199	17203607	17202871	6408	17200403	-3204	3204	2468
chr17	12997939	13000244	12998454	2305	12999091	-1152	1153	-637
chr17	46008004	46013704	46010396	5700	46010854	-2850	2850	-458
chr17	75660513	75662871	75661674	2358	75661692	-1179	1179	-18
chr17	44778486	44780569	44779236	2083	44779527	-1041	1042	-291
chr17	1002577	1005808	1003740	3231	1004192	-1615	1616	-452
chr17	1057034	1059417	1058838	2383	1058225	-1191	1192	613
chr17	40093263	40098613	40095848	5350	40095938	-2675	2675	-90
chr17	28739932	28745368	28742029	5436	28742650	-2718	2718	-621
chr17	43011924	43015085	43012278	3161	43013504	-1580	1581	-1226
chr17	59210233	59211056	59210968	823	59210644	-411	412	324
chr17	7675819	7677367	7676097	1548	7676593	-774	774	-496
chr17	1009445	1014051	1010754	4606	1011748	-2303	2303	-994
chr17	7848349	7851767	7849482	3418	7850058	-1709	1709	-576
chr17	8231688	8233565	8231812	1877	8232626	-938	939	-814
chr17	8474881	8477170	8475772	2289	8476025	-1144	1145	-253
chr17	15997322	16000639	15999723	3317	15998980	-1658	1659	743
chr17	42689449	42696237	42692673	6788	42692843	-3394	3394	-170
chr17	44347639	44353095	44349742	5456	44350367	-2728	2728	-625
chr17	49621521	49623669	49621982	2148	49622595	-1074	1074	-613
chr17	75689924	75691807	75690692	1883	75690865	-941	942	-173
chr17	76735848	76738374	76737005	2526	76737111	-1263	1263	-106
chr17	21299517	21305479	21302209	5962	21302498	-2981	2981	-289
chr17	17878041	17884081	17882858	6040	17881061	-3020	3020	1797
chr17	28739932	28745368	28740513	5436	28742650	-2718	2718	-2137
chr17	42701839	42703985	42702486	2146	42702912	-1073	1073	-426
chr17	7675819	7677367	7676031	1548	7676593	-774	774	-562
chr17	1937443	1940277	1937498	2834	1938860	-1417	1417	-1362
chr17	7462460	7465813	7463124	3353	7464136	-1676	1677	-1012
chr17	75625058	75632291	75629728	7233	75628674	-3616	3617	1054
chr17	80414612	80416306	80415371	1694	80415459	-847	847	-88
chr17	81909864	81913393	81912543	3529	81911628	-1764	1765	915
chr17	16040012	16043873	16040486	3861	16041942	-1930	1931	-1456
chr17	44396683	44402454	44400138	5771	44399568	-2885	2886	570
chr17	42948513	42953428	42950656	4915	42950970	-2457	2458	-314
chr17	59698609	59700969	59699727	2360	59699789	-1180	1180	-62
chr17	7570289	7574403	7572822	4114	7572346	-2057	2057	476
chr17	59763416	59765934	59765108	2518	59764675	-1259	1259	433
chr17	40351066	40354608	40352474	3542	40352837	-1771	1771	-363
chr17	39407156	39409403	39408694	2247	39408279	-1123	1124	415
chr17	75519992	75527354	75524389	7362	75523673	-3681	3681	716
chr17	18969812	18975379	18971644	5567	18972595	-2783	2784	-951
chr17	21001198	21006116	21004935	4918	21003657	-2459	2459	1278
chr17	48907836	48911306	48910872	3470	48909571	-1735	1735	1301
chr17	64502734	64508251	64503220	5517	64505492	-2758	2759	-2272
chr17	1465735	1471920	1471293	6185	1468827	-3092	3093	2466
chr17	39721711	39726043	39723967	4332	39723877	-2166	2166	90
chr17	4813957	4820797	4818784	6840	4817377	-3420	3420	1407
chr17	1727906	1733140	1730889	5234	1730523	-2617	2617	366
chr17	1773106	1778556	1776578	5450	1775831	-2725	2725	747
chr17	2298338	2300534	2299941	2196	2299436	-1098	1098	505
chr17	7039993	7043203	7041736	3210	7041598	-1605	1605	138
chr17	7345264	7351815	7349003	6551	7348539	-3275	3276	464
chr17	7557803	7563524	7558948	5721	7560663	-2860	2861	-1715
chr17	7702055	7707000	7703081	4945	7704527	-2472	2473	-1446
chr17	15498986	15505145	15502877	6159	15502065	-3079	3080	812
chr17	17844845	17851065	17847637	6220	17847955	-3110	3110	-318
chr17	18250938	18253415	18251785	2477	18252176	-1238	1239	-391
chr17	18928240	18929396	18928826	1156	18928818	-578	578	8
chr17	28382028	28385585	28384566	3557	28383806	-1778	1779	760
chr17	28739932	28745368	28741515	5436	28742650	-2718	2718	-1135
chr17	42020038	42026083	42021618	6045	42023060	-3022	3023	-1442
chr17	42574049	42578307	42577098	4258	42576178	-2129	2129	920
chr17	42844599	42850554	42844902	5955	42847576	-2977	2978	-2674
chr17	43502778	43505591	43504710	2813	43504184	-1406	1407	526
chr17	47834867	47837843	47837084	2976	47836355	-1488	1488	729
chr17	48053400	48060866	48058702	7466	48057133	-3733	3733	1569
chr17	65014253	65016194	65014557	1941	65015223	-970	971	-666
chr17	75223249	75225903	75225436	2654	75224576	-1327	1327	860
chr17	79780804	79787906	79784305	7102	79784355	-3551	3551	-50
chr17	44396683	44402454	44399968	5771	44399568	-2885	2886	400
chr17	78436694	78439297	78437772	2603	78437995	-1301	1302	-223
chr17	1520951	1522721	1521585	1770	1521836	-885	885	-251
chr17	81920227	81924019	81922884	3792	81922123	-1896	1896	761
chr17	18671414	18674910	18671709	3496	18673162	-1748	1748	-1453
chr17	4668536	4673419	4673252	4883	4670977	-2441	2442	2275
chr17	37085325	37087489	37087143	2164	37086407	-1082	1082	736
chr17	42673357	42678025	42674385	4668	42675691	-2334	2334	-1306
chr17	48053400	48060866	48058534	7466	48057133	-3733	3733	1401
chr17	81917089	81918340	81917562	1251	81917714	-625	626	-152
chr17	18241317	18244822	18241982	3505	18243069	-1752	1753	-1087
chr17	80379387	80382210	80381959	2823	80380798	-1411	1412	1161
chr17	27293289	27295033	27294366	1744	27294161	-872	872	205
chr17	67905208	67912787	67912105	7579	67908997	-3789	3790	3108
chr17	78356468	78362526	78358390	6058	78359497	-3029	3029	-1107
chr17	67917442	67920093	67918814	2651	67918767	-1325	1326	47
chr17	18316997	18318133	18317336	1136	18317565	-568	568	-229
chr17	47710273	47712730	47711831	2457	47711501	-1228	1229	330
chr17	42541346	42543511	42543226	2165	42542428	-1082	1083	798
chr17	42794505	42796182	42795874	1677	42795343	-838	839	531
chr17	3663706	3665691	3664273	1985	3664698	-992	993	-425
chr17	7006779	7010272	7010095	3493	7008525	-1746	1747	1570
chr17	28907168	28909913	28907592	2745	28908540	-1372	1373	-948
chr17	38735074	38736928	38735387	1854	38736001	-927	927	-614
chr17	44353457	44358364	44355133	4907	44355910	-2453	2454	-777
chr17	44396683	44402454	44400984	5771	44399568	-2885	2886	1416
chr17	47924767	47928712	47927828	3945	47926739	-1972	1973	1089
chr17	67905208	67912787	67912326	7579	67908997	-3789	3790	3329
chr17	75874364	75879032	75875923	4668	75876698	-2334	2334	-775
chr17	2361208	2363609	2362219	2401	2362408	-1200	1201	-189
chr17	39721711	39726043	39724008	4332	39723877	-2166	2166	131
chr17	4968225	4973236	4968807	5011	4970730	-2505	2506	-1923
chr17	16378948	16381785	16381057	2837	16380366	-1418	1419	691
chr17	38798206	38801517	38799332	3311	38799861	-1655	1656	-529
chr17	76013049	76020659	76017856	7610	76016854	-3805	3805	1002
chr17	1513934	1519554	1518009	5620	1516744	-2810	2810	1265
chr17	2335876	2339742	2336518	3866	2337809	-1933	1933	-1291
chr17	2380222	2383876	2380230	3654	2382049	-1827	1827	-1819
chr17	4163770	4166110	4164876	2340	4164940	-1170	1170	-64
chr17	4794340	4798799	4797558	4459	4796569	-2229	2230	989
chr17	7576250	7583423	7578165	7173	7579836	-3586	3587	-1671
chr17	8231688	8233565	8232925	1877	8232626	-938	939	299
chr17	28620115	28622589	28621009	2474	28621352	-1237	1237	-343
chr17	37085325	37087489	37087054	2164	37086407	-1082	1082	647
chr17	40628016	40631912	40628976	3896	40629964	-1948	1948	-988
chr17	43011924	43015085	43014197	3161	43013504	-1580	1581	693
chr17	43011924	43015085	43014869	3161	43013504	-1580	1581	1365
chr17	44175959	44179447	44176609	3488	44177703	-1744	1744	-1094
chr17	44175959	44179447	44178466	3488	44177703	-1744	1744	763
chr17	80336515	80343412	80340067	6897	80339963	-3448	3449	104
chr17	7675819	7677367	7676037	1548	7676593	-774	774	-556
chr17	7576250	7583423	7577482	7173	7579836	-3586	3587	-2354
chr17	8204746	8208878	8205335	4132	8206812	-2066	2066	-1477
chr17	28401996	28406526	28404686	4530	28404261	-2265	2265	425
chr17	42844599	42850554	42845687	5955	42847576	-2977	2978	-1889
chr17	44347639	44353095	44352127	5456	44350367	-2728	2728	1760
chr17	45114792	45115864	45115197	1072	45115328	-536	536	-131
chr17	49405477	49407596	49406840	2119	49406536	-1059	1060	304
chr17	64535488	64537014	64536664	1526	64536251	-763	763	413
chr17	78436694	78439297	78439217	2603	78437995	-1301	1302	1222
chr17	28585569	28588679	28585580	3110	28587124	-1555	1555	-1544
chr17	42689449	42696237	42695780	6788	42692843	-3394	3394	2937
chr17	42689449	42696237	42695781	6788	42692843	-3394	3394	2938
chr17	4930324	4936631	4932981	6307	4933477	-3153	3154	-496
chr17	38321523	38322646	38322300	1123	38322084	-561	562	216
chr17	75846036	75851256	75847819	5220	75848646	-2610	2610	-827
chr17	68511566	68513260	68512451	1694	68512413	-847	847	38
chr17	68511566	68513260	68512452	1694	68512413	-847	847	39
chr17	2040640	2045366	2043052	4726	2043003	-2363	2363	49
chr17	42844599	42850554	42850205	5955	42847576	-2977	2978	2629
chr17	49405477	49407596	49406775	2119	49406536	-1059	1060	239
chr17	38325381	38326504	38326500	1123	38325942	-561	562	558
chr17	38325381	38326504	38326501	1123	38325942	-561	562	559
chr17	78424560	78428478	78427009	3918	78426519	-1959	1959	490
chr17	78798122	78799682	78798458	1560	78798902	-780	780	-444
chr17	58002210	58009560	58006964	7350	58005885	-3675	3675	1079
chr17	2366067	2370719	2367394	4652	2368393	-2326	2326	-999
chr17	31529185	31533912	31531664	4727	31531548	-2363	2364	116
chr17	42313951	42316678	42316067	2727	42315314	-1363	1364	753
chr17	1673481	1680156	1675195	6675	1676818	-3337	3338	-1623
chr17	4668536	4673419	4672986	4883	4670977	-2441	2442	2009
chr17	43011924	43015085	43014332	3161	43013504	-1580	1581	828
chr17	78118186	78122512	78120844	4326	78120349	-2163	2163	495
chr17	7675819	7677367	7675997	1548	7676593	-774	774	-596
chr17	1107456	1110628	1109063	3172	1109042	-1586	1586	21
chr17	42844599	42850554	42845982	5955	42847576	-2977	2978	-1594
chr17	44396683	44402454	44398892	5771	44399568	-2885	2886	-676
chr17	28401996	28406526	28402290	4530	28404261	-2265	2265	-1971
chr17	39461301	39463284	39462809	1983	39462292	-991	992	517
chr17	7848349	7851767	7849597	3418	7850058	-1709	1709	-461
chr17	50538414	50542722	50539253	4308	50540568	-2154	2154	-1315
chr17	50750314	50751101	50751025	787	50750707	-393	394	318
chr17	28400277	28401072	28400551	795	28400674	-397	398	-123
chr17	7592390	7597141	7593926	4751	7594765	-2375	2376	-839
chr17	8474881	8477170	8475686	2289	8476025	-1144	1145	-339
chr17	40628016	40631912	40628897	3896	40629964	-1948	1948	-1067
chr17	47829683	47834264	47832203	4581	47831973	-2290	2291	230
chr17	75874364	75879032	75876085	4668	75876698	-2334	2334	-613
chr17	28040330	28043061	28042729	2731	28041695	-1365	1366	1034
chr17	74850123	74853015	74852505	2892	74851569	-1446	1446	936
chr17	44931072	44935321	44931690	4249	44933196	-2124	2125	-1506
chr17	28351505	28354792	28353305	3287	28353148	-1643	1644	157
chr17	4731475	4736238	4735161	4763	4733856	-2381	2382	1305
chr17	5485394	5489865	5489258	4471	5487629	-2235	2236	1629
chr17	76735848	76738374	76736420	2526	76737111	-1263	1263	-691
chr17	39175061	39175781	39175566	720	39175421	-360	360	145
chr17	42797852	42800266	42799099	2414	42799059	-1207	1207	40
chr17	41884763	41887706	41886111	2943	41886234	-1471	1472	-123
chr17	42567709	42571790	42570046	4081	42569749	-2040	2041	297
chr17	64502734	64508251	64504315	5517	64505492	-2758	2759	-1177
chr17	7235289	7240997	7235576	5708	7238143	-2854	2854	-2567
chr17	7511468	7513866	7513084	2398	7512667	-1199	1199	417
chr17	28673553	28675466	28675012	1913	28674509	-956	957	503
chr17	28879659	28885696	28881281	6037	28882677	-3018	3019	-1396
chr17	38729063	38734813	38730791	5750	38731938	-2875	2875	-1147
chr17	64499688	64502068	64500602	2380	64500878	-1190	1190	-276
chr17	79780804	79787906	79786646	7102	79784355	-3551	3551	2291
chr17	45116255	45119015	45118361	2760	45117635	-1380	1380	726
chr17	18004360	18008478	18004467	4118	18006419	-2059	2059	-1952
chr17	21299517	21305479	21303211	5962	21302498	-2981	2981	713
chr17	50369682	50373895	50370510	4213	50371788	-2106	2107	-1278
chr17	4968225	4973236	4973219	5011	4970730	-2505	2506	2489
chr17	40698521	40702720	40700292	4199	40700620	-2099	2100	-328
chr17	64502734	64508251	64503190	5517	64505492	-2758	2759	-2302
chr17	41970375	41977419	41973612	7044	41973897	-3522	3522	-285
chr17	48927815	48932284	48931688	4469	48930049	-2234	2235	1639
chr17	43194180	43196202	43194952	2022	43195191	-1011	1011	-239
chr17	80098788	80103562	80099617	4774	80101175	-2387	2387	-1558
chr17	1472527	1474984	1474946	2457	1473755	-1228	1229	1191
chr17	7675819	7677367	7676215	1548	7676593	-774	774	-378
chr17	28339935	28344018	28342385	4083	28341976	-2041	2042	409
chr17	39721711	39726043	39724004	4332	39723877	-2166	2166	127
chr17	81663113	81670843	81665252	7730	81666978	-3865	3865	-1726
chr17	1673481	1680156	1678843	6675	1676818	-3337	3338	2025
chr17	42794505	42796182	42795008	1677	42795343	-838	839	-335
chr17	7015512	7016844	7015822	1332	7016178	-666	666	-356
chr17	75318082	75320769	75320378	2687	75319425	-1343	1344	953
chr17	82172437	82175157	82172654	2720	82173797	-1360	1360	-1143
chr17	29291693	29295031	29294053	3338	29293362	-1669	1669	691
chr17	7006779	7010272	7009677	3493	7008525	-1746	1747	1152
chr17	58002210	58009560	58005742	7350	58005885	-3675	3675	-143
chr17	68539566	68543194	68542795	3628	68541380	-1814	1814	1415
chr17	61409953	61413712	61412289	3759	61411832	-1879	1880	457
chr17	28895284	28902159	28898492	6875	28898721	-3437	3438	-229
chr17	7279714	7286981	7285708	7267	7283347	-3633	3634	2361
chr17	18316997	18318133	18317323	1136	18317565	-568	568	-242
chr17	7564972	7566334	7565143	1362	7565653	-681	681	-510
chr17	7564972	7566334	7565349	1362	7565653	-681	681	-304
chr17	45393965	45397468	45395174	3503	45395716	-1751	1752	-542
chr17	42797852	42800266	42798995	2414	42799059	-1207	1207	-64
chr17	7323531	7326016	7324173	2485	7324773	-1242	1243	-600
chr17	7507823	7510944	7509142	3121	7509383	-1560	1561	-241
chr17	50744662	50746720	50745807	2058	50745691	-1029	1029	116
chr17	44771879	44776480	44773382	4601	44774179	-2300	2301	-797
chr17	74839910	74844526	74844468	4616	74842218	-2308	2308	2250
chr17	28879659	28885696	28880842	6037	28882677	-3018	3019	-1835
chr17	48053400	48060866	48058954	7466	48057133	-3733	3733	1821
chr17	28673553	28675466	28675012	1913	28674509	-956	957	503
chr17	739916	741705	741342	1789	740810	-894	895	532
chr17	1049984	1056479	1056061	6495	1053231	-3247	3248	2830
chr17	1465735	1471920	1467904	6185	1468827	-3092	3093	-923
chr17	2323898	2326194	2324241	2296	2325046	-1148	1148	-805
chr17	2332172	2334126	2333014	1954	2333149	-977	977	-135
chr17	3818405	3819899	3818407	1494	3819152	-747	747	-745
chr17	4731475	4736238	4733217	4763	4733856	-2381	2382	-639
chr17	4787939	4790517	4789235	2578	4789228	-1289	1289	7
chr17	4879868	4881655	4881138	1787	4880761	-893	894	377
chr17	4958119	4962597	4959554	4478	4960358	-2239	2239	-804
chr17	5485394	5489865	5489153	4471	5487629	-2235	2236	1524
chr17	7006779	7010272	7009830	3493	7008525	-1746	1747	1305
chr17	7439163	7443547	7441532	4384	7441355	-2192	2192	177
chr17	7576250	7583423	7579836	7173	7579836	-3586	3587	0
chr17	7854768	7859350	7858053	4582	7857059	-2291	2291	994
chr17	7854768	7859350	7858204	4582	7857059	-2291	2291	1145
chr17	7897930	7899490	7898566	1560	7898710	-780	780	-144
chr17	7947368	7950198	7947943	2830	7948783	-1415	1415	-840
chr17	17491975	17499336	17495496	7361	17495655	-3680	3681	-159
chr17	18244843	18248285	18245602	3442	18246564	-1721	1721	-962
chr17	18244843	18248285	18246397	3442	18246564	-1721	1721	-167
chr17	18928240	18929396	18928937	1156	18928818	-578	578	119
chr17	19381012	19385725	19384405	4713	19383368	-2356	2357	1037
chr17	21312574	21316045	21314278	3471	21314309	-1735	1736	-31
chr17	28694425	28697623	28695394	3198	28696024	-1599	1599	-630
chr17	36495755	36498836	36498252	3081	36497295	-1540	1541	957
chr17	38709260	38717216	38715669	7956	38713238	-3978	3978	2431
chr17	39529786	39533409	39530979	3623	39531597	-1811	1812	-618
chr17	40133773	40136017	40134394	2244	40134895	-1122	1122	-501
chr17	41970375	41977419	41977392	7044	41973897	-3522	3522	3495
chr17	41978232	41982288	41981855	4056	41980260	-2028	2028	1595
chr17	44852512	44857230	44854947	4718	44854871	-2359	2359	76
chr17	47806998	47808439	47808363	1441	47807718	-720	721	645
chr17	47829683	47834264	47831793	4581	47831973	-2290	2291	-180
chr17	50067892	50073125	50071516	5233	50070508	-2616	2617	1008
chr17	50379757	50383740	50381050	3983	50381748	-1991	1992	-698
chr17	50391412	50393819	50392425	2407	50392615	-1203	1204	-190
chr17	50538414	50542722	50540865	4308	50540568	-2154	2154	297
chr17	50744662	50746720	50744805	2058	50745691	-1029	1029	-886
chr17	50750314	50751101	50750540	787	50750707	-393	394	-167
chr17	51168080	51170506	51169998	2426	51169293	-1213	1213	705
chr17	56832170	56835246	56834853	3076	56833708	-1538	1538	1145
chr17	56948761	56950860	56950467	2099	56949810	-1049	1050	657
chr17	58002210	58009560	58005382	7350	58005885	-3675	3675	-503
chr17	59840691	59844277	59841293	3586	59842484	-1793	1793	-1191
chr17	60043925	60046983	60044060	3058	60045454	-1529	1529	-1394
chr17	60390461	60392855	60391900	2394	60391658	-1197	1197	242
chr17	61979899	61984634	61982246	4735	61982266	-2367	2368	-20
chr17	64502734	64508251	64506202	5517	64505492	-2758	2759	710
chr17	67929494	67933764	67931954	4270	67931629	-2135	2135	325
chr17	73205541	73209073	73206166	3532	73207307	-1766	1766	-1141
chr17	73205541	73209073	73208298	3532	73207307	-1766	1766	991
chr17	74769145	74775822	74775690	6677	74772483	-3338	3339	3207
chr17	75625058	75632291	75627647	7233	75628674	-3616	3617	-1027
chr17	75625058	75632291	75628254	7233	75628674	-3616	3617	-420
chr17	75846036	75851256	75848601	5220	75848646	-2610	2610	-45
chr17	76001480	76003071	76002055	1591	76002275	-795	796	-220
chr17	76001480	76003071	76002402	1591	76002275	-795	796	127
chr17	76013049	76020659	76015017	7610	76016854	-3805	3805	-1837
chr17	76013049	76020659	76015335	7610	76016854	-3805	3805	-1519
chr17	76735848	76738374	76736996	2526	76737111	-1263	1263	-115
chr17	78123992	78128530	78126594	4538	78126261	-2269	2269	333
chr17	78424560	78428478	78426534	3918	78426519	-1959	1959	15
chr17	78497525	78502776	78499058	5251	78500150	-2625	2626	-1092
chr17	80835778	80838956	80837944	3178	80837367	-1589	1589	577
chr17	8204746	8208878	8207191	4132	8206812	-2066	2066	379
chr17	7576250	7583423	7577972	7173	7579836	-3586	3587	-1864
chr17	4668536	4673419	4672305	4883	4670977	-2441	2442	1328
chr17	746009	752973	746533	6964	749491	-3482	3482	-2958
chr17	51119138	51121363	51120530	2225	51120250	-1112	1113	280
chr17	4294043	4297657	4296813	3614	4295850	-1807	1807	963
chr17	44087100	44089847	44087596	2747	44088473	-1373	1374	-877
chr17	78118186	78122512	78120697	4326	78120349	-2163	2163	348
chr17	45284286	45289060	45284879	4774	45286673	-2387	2387	-1794
chr17	42663303	42666830	42665544	3527	42665066	-1763	1764	478
chr17	42673357	42678025	42674411	4668	42675691	-2334	2334	-1280
chr17	48053400	48060866	48059003	7466	48057133	-3733	3733	1870
chr17	1057034	1059417	1057074	2383	1058225	-1191	1192	-1151
chr17	39721711	39726043	39723328	4332	39723877	-2166	2166	-549
chr17	75245842	75247052	75246571	1210	75246447	-605	605	124
chr17	28746148	28752424	28749016	6276	28749286	-3138	3138	-270
chr17	42667513	42672925	42669578	5412	42670219	-2706	2706	-641
chr17	63693098	63700942	63694835	7844	63697020	-3922	3922	-2185
chr17	74769145	74775822	74773638	6677	74772483	-3338	3339	1155
chr17	1640823	1648233	1645614	7410	1644528	-3705	3705	1086
chr17	7576250	7583423	7578876	7173	7579836	-3586	3587	-960
chr17	992445	999751	998927	7306	996098	-3653	3653	2829
chr17	2332172	2334126	2332982	1954	2333149	-977	977	-167
chr17	2419178	2423660	2420851	4482	2421419	-2241	2241	-568
chr17	4059146	4063411	4059241	4265	4061278	-2132	2133	-2037
chr17	4930324	4936631	4932700	6307	4933477	-3153	3154	-777
chr17	4930324	4936631	4934126	6307	4933477	-3153	3154	649
chr17	7235289	7240997	7236391	5708	7238143	-2854	2854	-1752
chr17	7557803	7563524	7560824	5721	7560663	-2860	2861	161
chr17	7675819	7677367	7676564	1548	7676593	-774	774	-29
chr17	28534353	28536898	28534390	2545	28535625	-1272	1273	-1235
chr17	28626760	28633745	28628417	6985	28630252	-3492	3493	-1835
chr17	36988499	36990165	36988530	1666	36989332	-833	833	-802
chr17	38738769	38739897	38739093	1128	38739333	-564	564	-240
chr17	42701839	42703985	42703782	2146	42702912	-1073	1073	870
chr17	42844599	42850554	42845999	5955	42847576	-2977	2978	-1577
chr17	42844599	42850554	42850278	5955	42847576	-2977	2978	2702
chr17	45078530	45084046	45081689	5516	45081288	-2758	2758	401
chr17	46022022	46024026	46024021	2004	46023024	-1002	1002	997
chr17	47123802	47126789	47123915	2987	47125295	-1493	1494	-1380
chr17	47617189	47621588	47618391	4399	47619388	-2199	2200	-997
chr17	47829683	47834264	47831381	4581	47831973	-2290	2291	-592
chr17	48911425	48913183	48912900	1758	48912304	-879	879	596
chr17	62064175	62065914	62065155	1739	62065044	-869	870	111
chr17	65014253	65016194	65014769	1941	65015223	-970	971	-454
chr17	68539566	68543194	68542107	3628	68541380	-1814	1814	727
chr17	74845570	74849719	74846185	4149	74847644	-2074	2075	-1459
chr17	75519992	75527354	75523696	7362	75523673	-3681	3681	23
chr17	76001480	76003071	76002370	1591	76002275	-795	796	95
chr17	82172437	82175157	82172772	2720	82173797	-1360	1360	-1025
chr17	15498986	15505145	15503067	6159	15502065	-3079	3080	1002
chr17	37540046	37543090	37542342	3044	37541568	-1522	1522	774
chr17	39721711	39726043	39724004	4332	39723877	-2166	2166	127
chr17	40344961	40349821	40349810	4860	40347391	-2430	2430	2419
chr17	58507671	58512659	58511276	4988	58510165	-2494	2494	1111
chr17	65014253	65016194	65014706	1941	65015223	-970	971	-517
chr17	75874364	75879032	75876307	4668	75876698	-2334	2334	-391
chr17	82006682	82011429	82009117	4747	82009055	-2373	2374	62
chr17	7323531	7326016	7323563	2485	7324773	-1242	1243	-1210
chr17	8169536	8174503	8174187	4967	8172019	-2483	2484	2168
chr17	7832069	7836219	7833666	4150	7834144	-2075	2075	-478
chr17	74769145	74775822	74771997	6677	74772483	-3338	3339	-486
chr17	80210167	80215516	80212094	5349	80212841	-2674	2675	-747
chr17	1651291	1656542	1653996	5251	1653916	-2625	2626	80
chr17	67917442	67920093	67918811	2651	67918767	-1325	1326	44
chr17	7379598	7386027	7383275	6429	7382812	-3214	3215	463
chr17	28739932	28745368	28741419	5436	28742650	-2718	2718	-1231
chr17	35014653	35017637	35017531	2984	35016145	-1492	1492	1386
chr17	74854523	74857226	74854722	2703	74855874	-1351	1352	-1152
chr17	7345264	7351815	7347988	6551	7348539	-3275	3276	-551
chr17	64502734	64508251	64506219	5517	64505492	-2758	2759	727
chr17	79090058	79091726	79090681	1668	79090892	-834	834	-211
chr17	4194714	4196585	4194949	1871	4195649	-935	936	-700
chr17	59695010	59698586	59697316	3576	59696798	-1788	1788	518
chr17	59695010	59698586	59697387	3576	59696798	-1788	1788	589
chr17	7592390	7597141	7593099	4751	7594765	-2375	2376	-1666
chr17	7675819	7677367	7676273	1548	7676593	-774	774	-320
chr17	61395327	61401365	61400444	6038	61398346	-3019	3019	2098
chr17	7702055	7707000	7703123	4945	7704527	-2472	2473	-1404
chr17	28534353	28536898	28534783	2545	28535625	-1272	1273	-842
chr17	82726210	82728085	82726855	1875	82727147	-937	938	-292
chr17	7893860	7895817	7894558	1957	7894838	-978	979	-280
chr17	16040012	16043873	16040469	3861	16041942	-1930	1931	-1473
chr17	57256410	57260045	57257094	3635	57258227	-1817	1818	-1133
chr17	64499688	64502068	64500611	2380	64500878	-1190	1190	-267
chr17	81118192	81121593	81118385	3401	81119892	-1700	1701	-1507
chr17	39721711	39726043	39724008	4332	39723877	-2166	2166	131
chr17	42307835	42310025	42308179	2190	42308930	-1095	1095	-751
chr17	2298338	2300534	2299620	2196	2299436	-1098	1098	184
chr17	2298338	2300534	2299621	2196	2299436	-1098	1098	185
chr17	2298338	2300534	2299758	2196	2299436	-1098	1098	322
chr17	2298338	2300534	2300249	2196	2299436	-1098	1098	813
chr17	60180755	60181842	60181446	1087	60181298	-543	544	148
chr17	28641206	28647285	28642908	6079	28644245	-3039	3040	-1337
chr17	74850123	74853015	74850711	2892	74851569	-1446	1446	-858
chr17	28917291	28922419	28919154	5128	28919855	-2564	2564	-701
chr17	29542810	29543940	29542973	1130	29543375	-565	565	-402
chr17	47681025	47683871	47682698	2846	47682448	-1423	1423	250
chr17	5381487	5383358	5383212	1871	5382422	-935	936	790
chr17	40354803	40358747	40355336	3944	40356775	-1972	1972	-1439
chr17	46938202	46941023	46940700	2821	46939612	-1410	1411	1088
chr17	7315683	7321959	7321684	6276	7318821	-3138	3138	2863
chr17	64531961	64533733	64532836	1772	64532847	-886	886	-11
chr17	12997939	13000244	13000179	2305	12999091	-1152	1153	1088
chr17	74854523	74857226	74854772	2703	74855874	-1351	1352	-1102
chr17	73205541	73209073	73205616	3532	73207307	-1766	1766	-1691
chr17	5183814	5187838	5183852	4024	5185826	-2012	2012	-1974
chr17	7439163	7443547	7443044	4384	7441355	-2192	2192	1689
chr17	7462460	7465813	7462738	3353	7464136	-1676	1677	-1398
chr17	7557803	7563524	7560081	5721	7560663	-2860	2861	-582
chr17	18096317	18101574	18100350	5257	18098945	-2628	2629	1405
chr17	18244843	18248285	18245779	3442	18246564	-1721	1721	-785
chr17	18244843	18248285	18246010	3442	18246564	-1721	1721	-554
chr17	28626760	28633745	28633072	6985	28630252	-3492	3493	2820
chr17	28879659	28885696	28884296	6037	28882677	-3018	3019	1619
chr17	31851246	31857302	31852110	6056	31854274	-3028	3028	-2164
chr17	38709260	38717216	38713082	7956	38713238	-3978	3978	-156
chr17	42778403	42782773	42779054	4370	42780588	-2185	2185	-1534
chr17	45240535	45244357	45241427	3822	45242446	-1911	1911	-1019
chr17	48053400	48060866	48059178	7466	48057133	-3733	3733	2045
chr17	78497525	78502776	78501837	5251	78500150	-2625	2626	1687
chr17	5485394	5489865	5489554	4471	5487629	-2235	2236	1925
chr17	61409953	61413712	61412105	3759	61411832	-1879	1880	273
chr17	80109833	80114525	80113304	4692	80112179	-2346	2346	1125
chr17	1049984	1056479	1050546	6495	1053231	-3247	3248	-2685
chr17	28347203	28350625	28348014	3422	28348914	-1711	1711	-900
chr17	28895284	28902159	28900999	6875	28898721	-3437	3438	2278
chr17	44396683	44402454	44399077	5771	44399568	-2885	2886	-491
chr17	1582383	1585193	1583289	2810	1583788	-1405	1405	-499
chr17	42113414	42118920	42117985	5506	42116167	-2753	2753	1818
chr17	42567709	42571790	42568855	4081	42569749	-2040	2041	-894
chr17	4930324	4936631	4934406	6307	4933477	-3153	3154	929
chr17	28401996	28406526	28405087	4530	28404261	-2265	2265	826
chr17	82440634	82447029	82444088	6395	82443831	-3197	3198	257
chr17	746009	752973	746851	6964	749491	-3482	3482	-2640
chr17	42844599	42850554	42844736	5955	42847576	-2977	2978	-2840
chr17	50087229	50090409	50089159	3180	50088819	-1590	1590	340
chr17	74850123	74853015	74850230	2892	74851569	-1446	1446	-1339
chr17	1660359	1661803	1661630	1444	1661081	-722	722	549
chr17	7592390	7597141	7592578	4751	7594765	-2375	2376	-2187
chr17	12991593	12994199	12993744	2606	12992896	-1303	1303	848
chr17	18004360	18008478	18007425	4118	18006419	-2059	2059	1006
chr17	29542810	29543940	29542937	1130	29543375	-565	565	-438
chr17	38729063	38734813	38731353	5750	38731938	-2875	2875	-585
chr17	68539566	68543194	68542716	3628	68541380	-1814	1814	1336
chr17	28910215	28912278	28911136	2063	28911246	-1031	1032	-110
chr17	7675819	7677367	7676028	1548	7676593	-774	774	-565
chr17	79780804	79787906	79785063	7102	79784355	-3551	3551	708
chr17	1085779	1092835	1091826	7056	1089307	-3528	3528	2519
chr17	36598665	36602832	36599754	4167	36600748	-2083	2084	-994
chr17	39461301	39463284	39462381	1983	39462292	-991	992	89
chr17	58507671	58512659	58511353	4988	58510165	-2494	2494	1188
chr17	78428817	78436507	78429154	7690	78432662	-3845	3845	-3508
chr17	7587796	7591079	7589509	3283	7589437	-1641	1642	72
chr17	38672210	38674394	38673391	2184	38673302	-1092	1092	89
chr17	7507823	7510944	7509031	3121	7509383	-1560	1561	-352
chr17	57104304	57108512	57106425	4208	57106408	-2104	2104	17
chr17	67024269	67030681	67030491	6412	67027475	-3206	3206	3016
chr17	68539566	68543194	68542707	3628	68541380	-1814	1814	1327
chr17	18244843	18248285	18246456	3442	18246564	-1721	1721	-108
chr17	40093263	40098613	40096081	5350	40095938	-2675	2675	143
chr17	18241317	18244822	18242627	3505	18243069	-1752	1753	-442
chr17	57104304	57108512	57106254	4208	57106408	-2104	2104	-154
chr17	7439163	7443547	7442742	4384	7441355	-2192	2192	1387
chr17	1000309	1001367	1001067	1058	1000838	-529	529	229
chr17	1057034	1059417	1058790	2383	1058225	-1191	1192	565
chr17	42667513	42672925	42668031	5412	42670219	-2706	2706	-2188
chr17	44903736	44907937	44907277	4201	44905836	-2100	2101	1441
chr17	80204918	80209252	80205103	4334	80207085	-2167	2167	-1982
chr17	79780804	79787906	79782135	7102	79784355	-3551	3551	-2220
chr17	12991593	12994199	12993746	2606	12992896	-1303	1303	850
chr17	42954797	42956620	42955893	1823	42955708	-911	912	185
chr17	67823796	67827199	67826311	3403	67825497	-1701	1702	814
chr17	44150926	44157249	44152636	6323	44154087	-3161	3162	-1451
chr17	48053400	48060866	48059115	7466	48057133	-3733	3733	1982
chr17	48053400	48060866	48059467	7466	48057133	-3733	3733	2334
chr17	76307047	76311771	76307477	4724	76309409	-2362	2362	-1932
chr17	739916	741705	741379	1789	740810	-894	895	569
chr17	28944811	28951700	28950069	6889	28948255	-3444	3445	1814
chr17	28944811	28951700	28950071	6889	28948255	-3444	3445	1816
chr17	39461301	39463284	39462327	1983	39462292	-991	992	35
chr17	1049984	1056479	1056061	6495	1053231	-3247	3248	2830
chr17	44396683	44402454	44397443	5771	44399568	-2885	2886	-2125
chr17	81663113	81670843	81667780	7730	81666978	-3865	3865	802
chr17	30800157	30804435	30803944	4278	30802296	-2139	2139	1648
chr17	63693098	63700942	63693736	7844	63697020	-3922	3922	-3284
chr17	57256410	57260045	57257490	3635	57258227	-1817	1818	-737
chr17	29576003	29582746	29576549	6743	29579374	-3371	3372	-2825
chr17	28673553	28675466	28674563	1913	28674509	-956	957	54
chr17	76467793	76470909	76468858	3116	76469351	-1558	1558	-493
chr17	28913546	28914934	28914012	1388	28914240	-694	694	-228
chr17	7832069	7836219	7832887	4150	7834144	-2075	2075	-1257
chr17	39721711	39726043	39724747	4332	39723877	-2166	2166	870
chr17	44353457	44358364	44356262	4907	44355910	-2453	2454	352
chr17	78806560	78808474	78807511	1914	78807517	-957	957	-6
chr17	77471400	77478188	77475764	6788	77474794	-3394	3394	970
chr17	1660359	1661803	1661038	1444	1661081	-722	722	-43
chr17	29570697	29573508	29572447	2811	29572102	-1405	1406	345
chr17	40021911	40025073	40023135	3162	40023492	-1581	1581	-357
chr17	43134190	43139040	43138796	4850	43136615	-2425	2425	2181
chr17	80106410	80109693	80107617	3283	80108051	-1641	1642	-434
chr17	19381012	19385725	19384393	4713	19383368	-2356	2357	1025
chr17	80429303	80431407	80429868	2104	80430355	-1052	1052	-487
chr17	7013679	7015432	7014222	1753	7014555	-876	877	-333
chr17	7576250	7583423	7577425	7173	7579836	-3586	3587	-2411
chr17	75667151	75669929	75667179	2778	75668540	-1389	1389	-1361
chr17	42990574	42993243	42991031	2669	42991908	-1334	1335	-877
chr17	44931072	44935321	44934012	4249	44933196	-2124	2125	816
chr17	39726614	39731741	39727755	5127	39729177	-2563	2564	-1422
chr17	48920117	48924921	48922857	4804	48922519	-2402	2402	338
chr17	7006779	7010272	7010003	3493	7008525	-1746	1747	1478
chr17	7557803	7563524	7560907	5721	7560663	-2860	2861	244
chr17	43194180	43196202	43195076	2022	43195191	-1011	1011	-115
chr17	42663303	42666830	42663403	3527	42665066	-1763	1764	-1663
chr17	64502734	64508251	64504281	5517	64505492	-2758	2759	-1211
chr17	7852212	7853906	7852251	1694	7853059	-847	847	-808
chr17	74845570	74849719	74846177	4149	74847644	-2074	2075	-1467
chr17	79943725	79947806	79945077	4081	79945765	-2040	2041	-688
chr17	80138031	80141366	80140040	3335	80139698	-1667	1668	342
chr17	4668536	4673419	4673284	4883	4670977	-2441	2442	2307
chr17	28324447	28327846	28326619	3399	28326146	-1699	1700	473
chr17	4968225	4973236	4969693	5011	4970730	-2505	2506	-1037
chr17	7279714	7286981	7284531	7267	7283347	-3633	3634	1184
chr17	75667151	75669929	75668539	2778	75668540	-1389	1389	-1
chr17	44396683	44402454	44401441	5771	44399568	-2885	2886	1873
chr17	47974883	47977973	47974958	3090	47976428	-1545	1545	-1470
chr17	18671414	18674910	18671990	3496	18673162	-1748	1748	-1172
chr17	76001480	76003071	76001934	1591	76002275	-795	796	-341
chr17	28907168	28909913	28907639	2745	28908540	-1372	1373	-901
chr17	41970375	41977419	41976652	7044	41973897	-3522	3522	2755
chr17	64502734	64508251	64504690	5517	64505492	-2758	2759	-802
chr17	7848349	7851767	7848443	3418	7850058	-1709	1709	-1615
chr17	14068090	14070489	14069627	2399	14069289	-1199	1200	338
chr17	28620115	28622589	28621450	2474	28621352	-1237	1237	98
chr17	42794505	42796182	42795424	1677	42795343	-838	839	81
chr17	75519992	75527354	75521862	7362	75523673	-3681	3681	-1811
chr17	76389946	76392448	76391001	2502	76391197	-1251	1251	-196
chr17	82440634	82447029	82441823	6395	82443831	-3197	3198	-2008
chr17	28895284	28902159	28901555	6875	28898721	-3437	3438	2834
chr17	746009	752973	747145	6964	749491	-3482	3482	-2346
chr17	1673481	1680156	1675274	6675	1676818	-3337	3338	-1544
chr17	7433856	7438927	7436666	5071	7436391	-2535	2536	275
chr17	29284207	29290356	29286226	6149	29287281	-3074	3075	-1055
chr17	39175061	39175781	39175370	720	39175421	-360	360	-51
chr17	39461301	39463284	39462193	1983	39462292	-991	992	-99
chr17	42020038	42026083	42024016	6045	42023060	-3022	3023	956
chr17	42507853	42512547	42508583	4694	42510200	-2347	2347	-1617
chr17	48053400	48060866	48059443	7466	48057133	-3733	3733	2310
chr17	56948761	56950860	56950261	2099	56949810	-1049	1050	451
chr17	61979899	61984634	61982551	4735	61982266	-2367	2368	285
chr17	75667151	75669929	75667370	2778	75668540	-1389	1389	-1170
chr17	79780804	79787906	79785012	7102	79784355	-3551	3551	657
chr17	29291693	29295031	29294077	3338	29293362	-1669	1669	715
chr17	7675819	7677367	7676050	1548	7676593	-774	774	-543
chr17	50087229	50090409	50088302	3180	50088819	-1590	1590	-517
chr17	5453012	5456745	5453587	3733	5454878	-1866	1867	-1291
chr17	28895284	28902159	28898584	6875	28898721	-3437	3438	-137
chr17	4930324	4936631	4934586	6307	4933477	-3153	3154	1109
chr17	7576250	7583423	7579890	7173	7579836	-3586	3587	54
chr17	42120998	42125598	42123294	4600	42123298	-2300	2300	-4
chr17	76307047	76311771	76307482	4724	76309409	-2362	2362	-1927
chr17	77471400	77478188	77475856	6788	77474794	-3394	3394	1062
chr17	59210233	59211056	59210657	823	59210644	-411	412	13
chr17	42020038	42026083	42021542	6045	42023060	-3022	3023	-1518
chr17	785932	792241	791626	6309	789086	-3154	3155	2540
chr17	7583649	7587294	7587159	3645	7585471	-1822	1823	1688
chr17	75519992	75527354	75524494	7362	75523673	-3681	3681	821
chr17	78179209	78185351	78185155	6142	78182280	-3071	3071	2875
chr17	79780804	79787906	79784542	7102	79784355	-3551	3551	187
chr18	12717969	12719000	12718543	1031	12718484	-515	516	59
chr18	48941738	48943548	48942655	1810	48942643	-905	905	12
chr18	8824374	8826562	8825546	2188	8825468	-1094	1094	78
chr18	63316647	63320820	63318380	4173	63318733	-2086	2087	-353
chr18	63316647	63320820	63318836	4173	63318733	-2086	2087	103
chr18	12970881	12972443	12971158	1562	12971662	-781	781	-504
chr18	49812786	49814711	49813878	1925	49813748	-962	963	130
chr18	76440588	76445317	76442712	4729	76442952	-2364	2365	-240
chr18	21520556	21523631	21522714	3075	21522093	-1537	1538	621
chr18	59897123	59901087	59900452	3964	59899105	-1982	1982	1347
chr18	8824374	8826562	8824724	2188	8825468	-1094	1094	-744
chr18	21517230	21520257	21518065	3027	21518743	-1513	1514	-678
chr18	23534333	23536996	23534515	2663	23535664	-1331	1332	-1149
chr18	57434991	57442733	57436455	7742	57438862	-3871	3871	-2407
chr18	57673613	57677192	57674990	3579	57675402	-1789	1790	-412
chr18	12324792	12327094	12325961	2302	12325943	-1151	1151	18
chr18	48948327	48951031	48949941	2704	48949679	-1352	1352	262
chr18	57647710	57650557	57647762	2847	57649133	-1423	1424	-1371
chr18	8824374	8826562	8824776	2188	8825468	-1094	1094	-692
chr18	35242203	35244370	35242485	2167	35243286	-1083	1084	-801
chr18	11850396	11852482	11851618	2086	11851439	-1043	1043	179
chr18	5290776	5291928	5291616	1152	5291352	-576	576	264
chr18	79967528	79969509	79968123	1981	79968518	-990	991	-395
chr18	51196204	51199130	51196878	2926	51197667	-1463	1463	-789
chr18	62185669	62188883	62187623	3214	62187276	-1607	1607	347
chr18	690168	691191	690658	1023	690679	-511	512	-21
chr18	50273097	50277850	50275858	4753	50275473	-2376	2377	385
chr18	79751858	79755462	79753928	3604	79753660	-1802	1802	268
chr18	62185669	62188883	62187667	3214	62187276	-1607	1607	391
chr18	62185669	62188883	62187668	3214	62187276	-1607	1607	392
chr18	12329095	12329841	12329636	746	12329468	-373	373	168
chr18	685486	687337	685992	1851	686411	-925	926	-419
chr18	45840739	45844073	45842116	3334	45842406	-1667	1667	-290
chr18	76440588	76445317	76441925	4729	76442952	-2364	2365	-1027
chr18	3255297	3259727	3255913	4430	3257512	-2215	2215	-1599
chr18	668823	672085	670739	3262	670454	-1631	1631	285
chr18	50273097	50277850	50274261	4753	50275473	-2376	2377	-1212
chr18	12324792	12327094	12326153	2302	12325943	-1151	1151	210
chr18	225963	228310	226824	2347	227136	-1173	1174	-312
chr18	23534333	23536996	23534544	2663	23535664	-1331	1332	-1120
chr18	47134590	47136867	47134601	2277	47135728	-1138	1139	-1127
chr18	5290776	5291928	5290906	1152	5291352	-576	576	-446
chr18	79377146	79381225	79377328	4079	79379185	-2039	2040	-1857
chr18	3447992	3452859	3450422	4867	3450425	-2433	2434	-3
chr18	12970881	12972443	12971225	1562	12971662	-781	781	-437
chr18	49490785	49493831	49491545	3046	49492308	-1523	1523	-763
chr18	57434991	57442733	57436198	7742	57438862	-3871	3871	-2664
chr18	50268978	50269997	50269500	1019	50269487	-509	510	13
chr18	50273097	50277850	50274246	4753	50275473	-2376	2377	-1227
chr18	62715363	62718723	62717252	3360	62717043	-1680	1680	209
chr18	693493	695024	694282	1531	694258	-765	766	24
chr18	79897350	79905145	79899086	7795	79901247	-3897	3898	-2161
chr18	46087575	46090286	46088196	2711	46088930	-1355	1356	-734
chr18	62185669	62188883	62187514	3214	62187276	-1607	1607	238
chr18	76965373	76968423	76968269	3050	76966898	-1525	1525	1371
chr18	8824374	8826562	8824896	2188	8825468	-1094	1094	-572
chr18	50273097	50277850	50276682	4753	50275473	-2376	2377	1209
chr18	13097564	13100384	13099582	2820	13098974	-1410	1410	608
chr18	50273097	50277850	50274245	4753	50275473	-2376	2377	-1228
chr18	57660319	57662984	57661297	2665	57661651	-1332	1333	-354
chr18	5290776	5291928	5291512	1152	5291352	-576	576	160
chr18	45840739	45844073	45842139	3334	45842406	-1667	1667	-267
chr18	5290776	5291928	5291340	1152	5291352	-576	576	-12
chr18	62715363	62718723	62717229	3360	62717043	-1680	1680	186
chr18	5290776	5291928	5290996	1152	5291352	-576	576	-356
chr18	49490785	49493831	49490853	3046	49492308	-1523	1523	-1455
chr18	3270993	3273164	3273074	2171	3272078	-1085	1086	996
chr18	47134590	47136867	47136333	2277	47135728	-1138	1139	605
chr18	5290776	5291928	5290913	1152	5291352	-576	576	-439
chr19	19532553	19538908	19535082	6355	19535730	-3177	3178	-648
chr19	17494675	17498944	17497399	4269	17496809	-2134	2135	590
chr19	39472284	39476831	39474894	4547	39474557	-2273	2274	337
chr19	57392683	57396875	57394185	4192	57394779	-2096	2096	-594
chr19	2431074	2435595	2434064	4521	2433334	-2260	2261	730
chr19	3782459	3786760	3785130	4301	3784609	-2150	2151	521
chr19	5039278	5041345	5039890	2067	5040311	-1033	1034	-421
chr19	16400653	16406523	16402132	5870	16403588	-2935	2935	-1456
chr19	19100763	19107167	19105635	6404	19103965	-3202	3202	1670
chr19	35544801	35548370	35546707	3569	35546585	-1784	1785	122
chr19	45686083	45692076	45687489	5993	45689079	-2996	2997	-1590
chr19	3775612	3779148	3779041	3536	3777380	-1768	1768	1661
chr19	49115568	49121274	49116378	5706	49118421	-2853	2853	-2043
chr19	12916407	12919779	12919268	3372	12918093	-1686	1686	1175
chr19	48463395	48465025	48464336	1630	48464210	-815	815	126
chr19	57873270	57875750	57874842	2480	57874510	-1240	1240	332
chr19	10134253	10141167	10137989	6914	10137710	-3457	3457	279
chr19	43606633	43612795	43612461	6162	43609714	-3081	3081	2747
chr19	335065	337157	336129	2092	336111	-1046	1046	18
chr19	1583822	1586418	1584613	2596	1585120	-1298	1298	-507
chr19	2714614	2719840	2717408	5226	2717227	-2613	2613	181
chr19	5913735	5915043	5914685	1308	5914389	-654	654	296
chr19	6749457	6750791	6750552	1334	6750124	-667	667	428
chr19	12656551	12659276	12658313	2725	12657913	-1362	1363	400
chr19	16566522	16569480	16568165	2958	16568001	-1479	1479	164
chr19	35633470	35638341	35637461	4871	35635905	-2435	2436	1556
chr19	39419128	39424796	39424785	5668	39421962	-2834	2834	2823
chr19	39468353	39471640	39468862	3287	39469996	-1643	1644	-1134
chr19	40588478	40592729	40589177	4251	40590603	-2125	2126	-1426
chr19	46015417	46018749	46017249	3332	46017083	-1666	1666	166
chr19	47147072	47151034	47150367	3962	47149053	-1981	1981	1314
chr19	49135496	49141672	49141465	6176	49138584	-3088	3088	2881
chr19	10283282	10285919	10284564	2637	10284600	-1318	1319	-36
chr19	38413767	38417678	38415013	3911	38415722	-1955	1956	-709
chr19	46845726	46848507	46846067	2781	46847116	-1390	1391	-1049
chr19	52922509	52930124	52928332	7615	52926316	-3807	3808	2016
chr19	35058636	35061653	35060785	3017	35060144	-1508	1509	641
chr19	39979850	39981574	39981435	1724	39980712	-862	862	723
chr19	44176806	44177703	44177656	897	44177254	-448	449	402
chr19	44176806	44177703	44177658	897	44177254	-448	449	404
chr19	8467672	8469618	8468777	1946	8468645	-973	973	132
chr19	11053751	11060071	11059819	6320	11056911	-3160	3160	2908
chr19	17775943	17783122	17778144	7179	17779532	-3589	3590	-1388
chr19	19021686	19026132	19026130	4446	19023909	-2223	2223	2221
chr19	38738165	38740936	38738645	2771	38739550	-1385	1386	-905
chr19	41438867	41440516	41439535	1649	41439691	-824	825	-156
chr19	57752829	57754872	57754245	2043	57753850	-1021	1022	395
chr19	17499440	17503337	17500514	3897	17501388	-1948	1949	-874
chr19	35616966	35620889	35619752	3923	35618927	-1961	1962	825
chr19	55089389	55095990	55092538	6601	55092689	-3300	3301	-151
chr19	13815912	13820547	13819463	4635	13818229	-2317	2318	1234
chr19	32973391	32976178	32973503	2787	32974784	-1393	1394	-1281
chr19	13965178	13970347	13965517	5169	13967762	-2584	2585	-2245
chr19	18856539	18863898	18860078	7359	18860218	-3679	3680	-140
chr19	36145838	36153599	36146304	7761	36149718	-3880	3881	-3414
chr19	45692409	45693684	45693556	1275	45693046	-637	638	510
chr19	46781825	46784657	46784623	2832	46783241	-1416	1416	1382
chr19	49657409	49660289	49659823	2880	49658849	-1440	1440	974
chr19	39196798	39200241	39199257	3443	39198519	-1721	1722	738
chr19	7534553	7537321	7536532	2768	7535937	-1384	1384	595
chr19	40777730	40782088	40780086	4358	40779909	-2179	2179	177
chr19	4320626	4325247	4324468	4621	4322936	-2310	2311	1532
chr19	13768234	13770916	13768981	2682	13769575	-1341	1341	-594
chr19	15225066	15228429	15228095	3363	15226747	-1681	1682	1348
chr19	48463395	48465025	48464264	1630	48464210	-815	815	54
chr19	49551791	49558652	49556407	6861	49555221	-3430	3431	1186
chr19	55449256	55454237	55453198	4981	55451746	-2490	2491	1452
chr19	15376680	15381665	15380524	4985	15379172	-2492	2493	1352
chr19	45469520	45473607	45472977	4087	45471563	-2043	2044	1414
chr19	49905219	49911250	49909077	6031	49908234	-3015	3016	843
chr19	49551791	49558652	49557209	6861	49555221	-3430	3431	1988
chr19	55244019	55249006	55247189	4987	55246512	-2493	2494	677
chr19	1583822	1586418	1585127	2596	1585120	-1298	1298	7
chr19	1966226	1971511	1969590	5285	1968868	-2642	2643	722
chr19	6469420	6472062	6471332	2642	6470741	-1321	1321	591
chr19	38929925	38932796	38932380	2871	38931360	-1435	1436	1020
chr19	5915235	5919250	5917804	4015	5917242	-2007	2008	562
chr19	45692409	45693684	45693548	1275	45693046	-637	638	502
chr19	3643117	3647657	3643291	4540	3645387	-2270	2270	-2096
chr19	11722699	11727130	11723256	4431	11724914	-2215	2216	-1658
chr19	6730133	6734723	6731082	4590	6732428	-2295	2295	-1346
chr19	42405170	42411347	42407294	6177	42408258	-3088	3089	-964
chr19	18254287	18261258	18257796	6971	18257772	-3485	3486	24
chr19	48624089	48631459	48626010	7370	48627774	-3685	3685	-1764
chr19	5213688	5216897	5215353	3209	5215292	-1604	1605	61
chr19	52187909	52191430	52190102	3521	52189669	-1760	1761	433
chr19	15262772	15269348	15265411	6576	15266060	-3288	3288	-649
chr19	48624089	48631459	48628183	7370	48627774	-3685	3685	409
chr19	32604650	32608751	32607702	4101	32606700	-2050	2051	1002
chr19	49445065	49451112	49449505	6047	49448088	-3023	3024	1417
chr19	10551020	10555289	10552300	4269	10553154	-2134	2135	-854
chr19	35275842	35280215	35278783	4373	35278028	-2186	2187	755
chr19	55237220	55243383	55239650	6163	55240301	-3081	3082	-651
chr19	10134253	10141167	10138470	6914	10137710	-3457	3457	760
chr19	10134253	10141167	10140108	6914	10137710	-3457	3457	2398
chr19	57925911	57927503	57926442	1592	57926707	-796	796	-265
chr19	3615800	3622862	3620800	7062	3619331	-3531	3531	1469
chr19	35616966	35620889	35618645	3923	35618927	-1961	1962	-282
chr19	41293196	41295340	41294423	2144	41294268	-1072	1072	155
chr19	10827416	10833436	10831057	6020	10830426	-3010	3010	631
chr19	2431074	2435595	2431813	4521	2433334	-2260	2261	-1521
chr19	39354259	39359892	39357014	5633	39357075	-2816	2817	-61
chr19	41586096	41587469	41586513	1373	41586782	-686	687	-269
chr19	41904466	41911902	41906495	7436	41908184	-3718	3718	-1689
chr19	49670119	49673361	49670382	3242	49671740	-1621	1621	-1358
chr19	40628666	40633438	40629473	4772	40631052	-2386	2386	-1579
chr19	10388670	10392152	10391661	3482	10390411	-1741	1741	1250
chr19	7517979	7523710	7520653	5731	7520844	-2865	2866	-191
chr19	7610517	7617257	7612238	6740	7613887	-3370	3370	-1649
chr19	13965178	13970347	13970151	5169	13967762	-2584	2585	2389
chr19	35008000	35013976	35010089	5976	35010988	-2988	2988	-899
chr19	35496315	35502821	35499996	6506	35499568	-3253	3253	428
chr19	39385700	39391445	39385932	5745	39388572	-2872	2873	-2640
chr19	45068231	45072886	45069116	4655	45070558	-2327	2328	-1442
chr19	48624089	48631459	48629081	7370	48627774	-3685	3685	1307
chr19	49459448	49463835	49462658	4387	49461641	-2193	2194	1017
chr19	57721570	57724437	57721615	2867	57723003	-1433	1434	-1388
chr19	11377286	11379250	11378013	1964	11378268	-982	982	-255
chr19	1072477	1075921	1073550	3444	1074199	-1722	1722	-649
chr19	1232136	1238206	1234255	6070	1235171	-3035	3035	-916
chr19	3615800	3622862	3619106	7062	3619331	-3531	3531	-225
chr19	3775612	3779148	3778302	3536	3777380	-1768	1768	922
chr19	4815945	4819903	4816943	3958	4817924	-1979	1979	-981
chr19	8506504	8512089	8510733	5585	8509296	-2792	2793	1437
chr19	10351670	10354714	10353071	3044	10353192	-1522	1522	-121
chr19	11021859	11024709	11023558	2850	11023284	-1425	1425	274
chr19	11360447	11362924	11361331	2477	11361685	-1238	1239	-354
chr19	11576125	11580366	11576976	4241	11578245	-2120	2121	-1269
chr19	12884508	12889317	12884802	4809	12886912	-2404	2405	-2110
chr19	14408173	14411417	14409037	3244	14409795	-1622	1622	-758
chr19	16109019	16112812	16111797	3793	16110915	-1896	1897	882
chr19	17243939	17247375	17245123	3436	17245657	-1718	1718	-534
chr19	19052684	19056127	19055360	3443	19054405	-1721	1722	955
chr19	38738165	38740936	38738311	2771	38739550	-1385	1386	-1239
chr19	39385700	39391445	39386719	5745	39388572	-2872	2873	-1853
chr19	39419128	39424796	39424037	5668	39421962	-2834	2834	2075
chr19	39478800	39483840	39480712	5040	39481320	-2520	2520	-608
chr19	43533121	43536379	43535537	3258	43534750	-1629	1629	787
chr19	45384870	45386240	45385861	1370	45385555	-685	685	306
chr19	45523576	45524892	45524601	1316	45524234	-658	658	367
chr19	45686083	45692076	45688395	5993	45689079	-2996	2997	-684
chr19	49635102	49637996	49636676	2894	49636549	-1447	1447	127
chr19	50246852	50250183	50249120	3331	50248517	-1665	1666	603
chr19	52187909	52191430	52190114	3521	52189669	-1760	1761	445
chr19	55096316	55101340	55099032	5024	55098828	-2512	2512	204
chr19	58510229	58517412	58511725	7183	58513820	-3591	3592	-2095
chr19	46708940	46710371	46709313	1431	46709655	-715	716	-342
chr19	35729599	35737394	35730092	7795	35733496	-3897	3898	-3404
chr19	48279079	48284734	48282461	5655	48281906	-2827	2828	555
chr19	45404808	45406859	45406572	2051	45405833	-1025	1026	739
chr19	35008000	35013976	35013338	5976	35010988	-2988	2988	2350
chr19	47082486	47085801	47085118	3315	47084143	-1657	1658	975
chr19	50246852	50250183	50249749	3331	50248517	-1665	1666	1232
chr19	1232136	1238206	1234691	6070	1235171	-3035	3035	-480
chr19	7892718	7896424	7895617	3706	7894571	-1853	1853	1046
chr19	8322515	8323247	8322872	732	8322881	-366	366	-9
chr19	10148176	10152959	10149638	4783	10150567	-2391	2392	-929
chr19	12656551	12659276	12656949	2725	12657913	-1362	1363	-964
chr19	12656551	12659276	12657497	2725	12657913	-1362	1363	-416
chr19	13822409	13828088	13825648	5679	13825248	-2839	2840	400
chr19	29610095	29611959	29610564	1864	29611027	-932	932	-463
chr19	33203365	33207801	33204750	4436	33205583	-2218	2218	-833
chr19	35611438	35615482	35615327	4044	35613460	-2022	2022	1867
chr19	35633470	35638341	35634358	4871	35635905	-2435	2436	-1547
chr19	38406793	38411877	38411180	5084	38409335	-2542	2542	1845
chr19	46696868	46699455	46697193	2587	46698161	-1293	1294	-968
chr19	46772683	46780504	46777273	7821	46776593	-3910	3911	680
chr19	47340678	47344010	47341051	3332	47342344	-1666	1666	-1293
chr19	49660466	49665411	49660768	4945	49662938	-2472	2473	-2170
chr19	54121661	54126179	54124606	4518	54123920	-2259	2259	686
chr19	55089389	55095990	55091383	6601	55092689	-3300	3301	-1306
chr19	55399755	55405060	55404408	5305	55402407	-2652	2653	2001
chr19	5586763	5591265	5590377	4502	5589014	-2251	2251	1363
chr19	57925911	57927503	57926688	1592	57926707	-796	796	-19
chr19	17775943	17783122	17776259	7179	17779532	-3589	3590	-3273
chr19	18564234	18568789	18568584	4555	18566511	-2277	2278	2073
chr19	4320626	4325247	4325223	4621	4322936	-2310	2311	2287
chr19	38299626	38307035	38304278	7409	38303330	-3704	3705	948
chr19	39487230	39493007	39489940	5777	39490118	-2888	2889	-178
chr19	46696868	46699455	46697746	2587	46698161	-1293	1294	-415
chr19	48136803	48140971	48140059	4168	48138887	-2084	2084	1172
chr19	35887389	35891006	35888489	3617	35889197	-1808	1809	-708
chr19	38384722	38391354	38385992	6632	38388038	-3316	3316	-2046
chr19	10148176	10152959	10149868	4783	10150567	-2391	2392	-699
chr19	12755633	12762619	12757944	6986	12759126	-3493	3493	-1182
chr19	48624089	48631459	48628172	7370	48627774	-3685	3685	398
chr19	10577410	10582212	10581345	4802	10579811	-2401	2401	1534
chr19	36012426	36019826	36019004	7400	36016126	-3700	3700	2878
chr19	7897337	7899282	7898685	1945	7898309	-972	973	376
chr19	7610517	7617257	7612022	6740	7613887	-3370	3370	-1865
chr19	11377286	11379250	11378726	1964	11378268	-982	982	458
chr19	14515542	14517933	14516744	2391	14516737	-1195	1196	7
chr19	18780155	18786763	18786595	6608	18783459	-3304	3304	3136
chr19	11737721	11739287	11738904	1566	11738504	-783	783	400
chr19	47340678	47344010	47341832	3332	47342344	-1666	1666	-512
chr19	39979850	39981574	39981202	1724	39980712	-862	862	490
chr19	41381120	41383983	41382798	2863	41382551	-1431	1432	247
chr19	4320626	4325247	4323755	4621	4322936	-2310	2311	819
chr19	7961217	7963412	7963146	2195	7962314	-1097	1098	832
chr19	35058636	35061653	35059793	3017	35060144	-1508	1509	-351
chr19	38299626	38307035	38304473	7409	38303330	-3704	3705	1143
chr19	38698727	38703860	38700667	5133	38701293	-2566	2567	-626
chr19	55077143	55083096	55080189	5953	55080119	-2976	2977	70
chr19	55205107	55210320	55205415	5213	55207713	-2606	2607	-2298
chr19	45361806	45366149	45364872	4343	45363977	-2171	2172	895
chr19	14169115	14172902	14170797	3787	14171008	-1893	1894	-211
chr19	19278205	19283215	19280265	5010	19280710	-2505	2505	-445
chr19	10148176	10152959	10149486	4783	10150567	-2391	2392	-1081
chr19	17338841	17342035	17341062	3194	17340438	-1597	1597	624
chr19	40717506	40719847	40717881	2341	40718676	-1170	1171	-795
chr19	10392394	10397062	10395473	4668	10394728	-2334	2334	745
chr19	17731663	17737777	17733352	6114	17734720	-3057	3057	-1368
chr19	36021646	36026033	36024453	4387	36023839	-2193	2194	614
chr19	37361518	37362476	37362120	958	37361997	-479	479	123
chr19	39419128	39424796	39423008	5668	39421962	-2834	2834	1046
chr19	40230147	40236711	40234909	6564	40233429	-3282	3282	1480
chr19	41904466	41911902	41905211	7436	41908184	-3718	3718	-2973
chr19	43503491	43508174	43506848	4683	43505832	-2341	2342	1016
chr19	46688314	46690414	46689566	2100	46689364	-1050	1050	202
chr19	47259698	47267520	47260703	7822	47263609	-3911	3911	-2906
chr19	48743378	48746493	48745850	3115	48744935	-1557	1558	915
chr19	53339581	53341723	53341253	2142	53340652	-1071	1071	601
chr19	54159301	54163476	54159640	4175	54161388	-2087	2088	-1748
chr19	54174005	54178274	54174276	4269	54176139	-2134	2135	-1863
chr19	1583822	1586418	1585065	2596	1585120	-1298	1298	-55
chr19	50246852	50250183	50247053	3331	50248517	-1665	1666	-1464
chr19	39412499	39418242	39417663	5743	39415370	-2871	2872	2293
chr19	18192481	18194845	18193919	2364	18193663	-1182	1182	256
chr19	38907098	38913277	38907222	6179	38910187	-3089	3090	-2965
chr19	4847753	4853847	4852070	6094	4850800	-3047	3047	1270
chr19	33211487	33214786	33212968	3299	33213136	-1649	1650	-168
chr19	32353322	32357281	32354484	3959	32355301	-1979	1980	-817
chr19	35058636	35061653	35060376	3017	35060144	-1508	1509	232
chr19	13916585	13924029	13920911	7444	13920307	-3722	3722	604
chr19	11354764	11358402	11357682	3638	11356583	-1819	1819	1099
chr19	15111233	15118277	15117979	7044	15114755	-3522	3522	3224
chr19	19677153	19680094	19680089	2941	19678623	-1470	1471	1466
chr19	39419128	39424796	39424038	5668	39421962	-2834	2834	2076
chr19	39385700	39391445	39390160	5745	39388572	-2872	2873	1588
chr19	46704016	46706420	46704314	2404	46705218	-1202	1202	-904
chr19	54171562	54173591	54173077	2029	54172576	-1014	1015	501
chr19	4117056	4119445	4117475	2389	4118250	-1194	1195	-775
chr19	55577169	55581417	55577896	4248	55579293	-2124	2124	-1397
chr19	15225066	15228429	15227844	3363	15226747	-1681	1682	1097
chr19	4320626	4325247	4323010	4621	4322936	-2310	2311	74
chr19	619977	622495	620447	2518	621236	-1259	1259	-789
chr19	9808893	9814868	9811155	5975	9811880	-2987	2988	-725
chr19	36006055	36012328	36008650	6273	36009191	-3136	3137	-541
chr19	52275523	52282144	52277507	6621	52278833	-3310	3311	-1326
chr19	35633470	35638341	35634369	4871	35635905	-2435	2436	-1536
chr19	32973391	32976178	32973563	2787	32974784	-1393	1394	-1221
chr19	49985481	49989217	49988404	3736	49987349	-1868	1868	1055
chr19	49992539	49998176	49992897	5637	49995357	-2818	2819	-2460
chr19	11354764	11358402	11356871	3638	11356583	-1819	1819	288
chr19	13916585	13924029	13918957	7444	13920307	-3722	3722	-1350
chr19	13916585	13924029	13919937	7444	13920307	-3722	3722	-370
chr19	35255862	35260006	35259058	4144	35257934	-2072	2072	1124
chr19	57721570	57724437	57721626	2867	57723003	-1433	1434	-1377
chr19	10798099	10804809	10802382	6710	10801454	-3355	3355	928
chr19	55595392	55599857	55597796	4465	55597624	-2232	2233	172
chr19	35337354	35345090	35344897	7736	35341222	-3868	3868	3675
chr19	4320626	4325247	4324545	4621	4322936	-2310	2311	1609
chr19	19496717	19504383	19498655	7666	19500550	-3833	3833	-1895
chr19	19002034	19004855	19004616	2821	19003444	-1410	1411	1172
chr19	1232136	1238206	1235065	6070	1235171	-3035	3035	-106
chr19	19107734	19114283	19107942	6549	19111008	-3274	3275	-3066
chr19	19002034	19004855	19004441	2821	19003444	-1410	1411	997
chr19	42078637	42081372	42081016	2735	42080004	-1367	1368	1012
chr19	46987834	46991233	46989640	3399	46989533	-1699	1700	107
chr19	41355923	41362626	41357909	6703	41359274	-3351	3352	-1365
chr19	11448941	11451902	11449427	2961	11450421	-1480	1481	-994
chr19	16518565	16519485	16519284	920	16519025	-460	460	259
chr19	41314605	41318891	41316757	4286	41316748	-2143	2143	9
chr19	46996729	47004488	47000392	7759	47000608	-3879	3880	-216
chr19	40762384	40765521	40765201	3137	40763952	-1568	1569	1249
chr19	57687845	57690137	57688387	2292	57688991	-1146	1146	-604
chr19	15111233	15118277	15113783	7044	15114755	-3522	3522	-972
chr19	2409770	2417145	2416581	7375	2413457	-3687	3688	3124
chr19	17721388	17729011	17726314	7623	17725199	-3811	3812	1115
chr19	10982667	10988411	10985297	5744	10985539	-2872	2872	-242
chr19	18848480	18856146	18854899	7666	18852313	-3833	3833	2586
chr19	19532553	19538908	19535082	6355	19535730	-3177	3178	-648
chr19	46987834	46991233	46989641	3399	46989533	-1699	1700	108
chr19	19115600	19121855	19121643	6255	19118727	-3127	3128	2916
chr19	49115568	49121274	49118854	5706	49118421	-2853	2853	433
chr19	40605187	40608925	40607418	3738	40607056	-1869	1869	362
chr19	8314342	8317896	8316520	3554	8316119	-1777	1777	401
chr19	16184954	16191399	16191028	6445	16188176	-3222	3223	2852
chr19	17072774	17076821	17075448	4047	17074797	-2023	2024	651
chr19	54159301	54163476	54163102	4175	54161388	-2087	2088	1714
chr19	1059216	1065926	1064219	6710	1062571	-3355	3355	1648
chr19	17721388	17729011	17725046	7623	17725199	-3811	3812	-153
chr19	54183209	54187528	54187278	4319	54185368	-2159	2160	1910
chr19	32604650	32608751	32605832	4101	32606700	-2050	2051	-868
chr19	40702072	40705374	40703545	3302	40703723	-1651	1651	-178
chr19	40717506	40719847	40717724	2341	40718676	-1170	1171	-952
chr19	45547763	45554664	45550787	6901	45551213	-3450	3451	-426
chr19	39973131	39976730	39974801	3599	39974930	-1799	1800	-129
chr19	13830005	13832341	13830971	2336	13831173	-1168	1168	-202
chr19	57873270	57875750	57873887	2480	57874510	-1240	1240	-623
chr19	2188294	2195568	2191122	7274	2191931	-3637	3637	-809
chr19	11116856	11124743	11120148	7887	11120799	-3943	3944	-651
chr19	11444536	11448599	11447770	4063	11446567	-2031	2032	1203
chr19	14408173	14411417	14410986	3244	14409795	-1622	1622	1191
chr19	18164585	18171838	18169673	7253	18168211	-3626	3627	1462
chr19	18164585	18171838	18169674	7253	18168211	-3626	3627	1463
chr19	35739309	35741282	35741238	1973	35740295	-986	987	943
chr19	45356514	45361457	45357279	4943	45358985	-2471	2472	-1706
chr19	48463395	48465025	48464493	1630	48464210	-815	815	283
chr19	49144314	49151028	49151007	6714	49147671	-3357	3357	3336
chr19	55083196	55089089	55085877	5893	55086142	-2946	2947	-265
chr19	57808404	57809492	57808473	1088	57808948	-544	544	-475
chr19	10982667	10988411	10986371	5744	10985539	-2872	2872	832
chr19	40777730	40782088	40780458	4358	40779909	-2179	2179	549
chr19	49615744	49622104	49616115	6360	49618924	-3180	3180	-2809
chr19	6835516	6837570	6836466	2054	6836543	-1027	1027	-77
chr19	1966226	1971511	1969586	5285	1968868	-2642	2643	718
chr19	57701648	57705803	57701831	4155	57703725	-2077	2078	-1894
chr19	13965178	13970347	13965730	5169	13967762	-2584	2585	-2032
chr19	32353322	32357281	32354959	3959	32355301	-1979	1980	-342
chr19	39419128	39424796	39424565	5668	39421962	-2834	2834	2603
chr19	11380537	11387243	11383203	6706	11383890	-3353	3353	-687
chr19	49660466	49665411	49661806	4945	49662938	-2472	2473	-1132
chr19	41381120	41383983	41383838	2863	41382551	-1431	1432	1287
chr19	4013210	4018035	4013265	4825	4015622	-2412	2413	-2357
chr19	55083196	55089089	55087613	5893	55086142	-2946	2947	1471
chr19	5130042	5132359	5131968	2317	5131200	-1158	1159	768
chr19	16873672	16879204	16878524	5532	16876438	-2766	2766	2086
chr19	37361518	37362476	37362108	958	37361997	-479	479	111
chr19	40436373	40442438	40441584	6065	40439405	-3032	3033	2179
chr19	35628343	35629739	35629613	1396	35629041	-698	698	572
chr19	1416525	1420746	1418355	4221	1418635	-2110	2111	-280
chr19	6749457	6750791	6750604	1334	6750124	-667	667	480
chr19	15550677	15553520	15551430	2843	15552098	-1421	1422	-668
chr19	16848277	16854895	16854197	6618	16851586	-3309	3309	2611
chr19	13830005	13832341	13830866	2336	13831173	-1168	1168	-307
chr19	45068231	45072886	45071720	4655	45070558	-2327	2328	1162
chr19	18535861	18540930	18537618	5069	18538395	-2534	2535	-777
chr19	40610434	40614979	40611248	4545	40612706	-2272	2273	-1458
chr19	49931112	49936594	49933048	5482	49933853	-2741	2741	-805
chr19	1359449	1361228	1360150	1779	1360338	-889	890	-188
chr19	3381027	3383966	3381784	2939	3382496	-1469	1470	-712
chr19	48956555	48964353	48960839	7798	48960454	-3899	3899	385
chr19	45828052	45832530	45829059	4478	45830291	-2239	2239	-1232
chr19	3733559	3739764	3734345	6205	3736661	-3102	3103	-2316
chr19	19496717	19504383	19501254	7666	19500550	-3833	3833	704
chr19	10392394	10397062	10395097	4668	10394728	-2334	2334	369
chr19	13912169	13914101	13913483	1932	13913135	-966	966	348
chr19	38384722	38391354	38386164	6632	38388038	-3316	3316	-1874
chr19	57555104	57559252	57556253	4148	57557178	-2074	2074	-925
chr19	35008000	35013976	35013357	5976	35010988	-2988	2988	2369
chr19	35544801	35548370	35544977	3569	35546585	-1784	1785	-1608
chr19	37362618	37365254	37362909	2636	37363936	-1318	1318	-1027
chr19	37362618	37365254	37363684	2636	37363936	-1318	1318	-252
chr19	2043697	2047784	2046676	4087	2045740	-2043	2044	936
chr19	13109149	13116163	13112743	7014	13112656	-3507	3507	87
chr19	45625109	45630255	45626819	5146	45627682	-2573	2573	-863
chr19	1359449	1361228	1360780	1779	1360338	-889	890	442
chr19	2811445	2819211	2812335	7766	2815328	-3883	3883	-2993
chr19	19352182	19357760	19357407	5578	19354971	-2789	2789	2436
chr19	35741394	35745382	35744291	3988	35743388	-1994	1994	903
chr19	40605187	40608925	40608357	3738	40607056	-1869	1869	1301
chr19	57687845	57690137	57688417	2292	57688991	-1146	1146	-574
chr19	7517979	7523710	7519462	5731	7520844	-2865	2866	-1382
chr19	48285292	48286310	48286054	1018	48285801	-509	509	253
chr19	49660466	49665411	49660807	4945	49662938	-2472	2473	-2131
chr19	6730133	6734723	6731892	4590	6732428	-2295	2295	-536
chr19	11101440	11104839	11102764	3399	11103139	-1699	1700	-375
chr19	38918273	38919774	38918789	1501	38919023	-750	751	-234
chr19	49594175	49599158	49594896	4983	49596666	-2491	2492	-1770
chr19	50262178	50269063	50268323	6885	50265620	-3442	3443	2703
chr19	35550858	35556059	35555096	5201	35553458	-2600	2601	1638
chr19	47778119	47782239	47778762	4120	47780179	-2060	2060	-1417
chr19	18780155	18786763	18782926	6608	18783459	-3304	3304	-533
chr19	54174005	54178274	54174176	4269	54176139	-2134	2135	-1963
chr19	57752829	57754872	57754454	2043	57753850	-1021	1022	604
chr19	17731663	17737777	17734321	6114	17734720	-3057	3057	-399
chr19	10551020	10555289	10552999	4269	10553154	-2134	2135	-155
chr19	48466534	48471738	48470443	5204	48469136	-2602	2602	1307
chr19	57354224	57356344	57355321	2120	57355284	-1060	1060	37
chr19	9855999	9857955	9856856	1956	9856977	-978	978	-121
chr19	33095759	33100129	33096293	4370	33097944	-2185	2185	-1651
chr19	17785534	17788938	17786574	3404	17787236	-1702	1702	-662
chr19	35337354	35345090	35337915	7736	35341222	-3868	3868	-3307
chr19	11354764	11358402	11354909	3638	11356583	-1819	1819	-1674
chr19	11360447	11362924	11362557	2477	11361685	-1238	1239	872
chr19	11377286	11379250	11378102	1964	11378268	-982	982	-166
chr19	39837326	39840825	39837740	3499	39839075	-1749	1750	-1335
chr19	40610434	40614979	40611191	4545	40612706	-2272	2273	-1515
chr19	37361518	37362476	37362157	958	37361997	-479	479	160
chr19	41305325	41309876	41305758	4551	41307600	-2275	2276	-1842
chr19	42368400	42375809	42370273	7409	42372104	-3704	3705	-1831
chr19	45828052	45832530	45831470	4478	45830291	-2239	2239	1179
chr19	1977478	1981248	1979953	3770	1979363	-1885	1885	590
chr19	39979850	39981574	39981359	1724	39980712	-862	862	647
chr19	1416525	1420746	1418342	4221	1418635	-2110	2111	-293
chr19	12891817	12899734	12891936	7917	12895775	-3958	3959	-3839
chr19	40196136	40198778	40198440	2642	40197457	-1321	1321	983
chr19	6730133	6734723	6731270	4590	6732428	-2295	2295	-1158
chr19	11053751	11060071	11059852	6320	11056911	-3160	3160	2941
chr19	19677153	19680094	19679465	2941	19678623	-1470	1471	842
chr19	4701317	4706069	4702031	4752	4703693	-2376	2376	-1662
chr19	6850947	6855014	6853010	4067	6852980	-2033	2034	30
chr19	47044661	47047555	47046657	2894	47046108	-1447	1447	549
chr19	10551020	10555289	10555094	4269	10553154	-2134	2135	1940
chr19	12755633	12762619	12756206	6986	12759126	-3493	3493	-2920
chr19	38128496	38131425	38130672	2929	38129960	-1464	1465	712
chr19	41586096	41587469	41586548	1373	41586782	-686	687	-234
chr19	45469520	45473607	45472873	4087	45471563	-2043	2044	1310
chr19	55237220	55243383	55242449	6163	55240301	-3081	3082	2148
chr19	1072477	1075921	1073733	3444	1074199	-1722	1722	-466
chr19	335065	337157	336103	2092	336111	-1046	1046	-8
chr19	38929925	38932796	38931310	2871	38931360	-1435	1436	-50
chr19	47034591	47041215	47040449	6624	47037903	-3312	3312	2546
chr19	45711134	45714520	45712124	3386	45712827	-1693	1693	-703
chr19	13104148	13107203	13105445	3055	13105675	-1527	1528	-230
chr19	43533121	43536379	43534487	3258	43534750	-1629	1629	-263
chr19	7534553	7537321	7536462	2768	7535937	-1384	1384	525
chr19	7610517	7617257	7611814	6740	7613887	-3370	3370	-2073
chr19	13830005	13832341	13830583	2336	13831173	-1168	1168	-590
chr19	6737052	6741393	6739777	4341	6739222	-2170	2171	555
chr19	10134253	10141167	10137186	6914	10137710	-3457	3457	-524
chr19	11323961	11324646	11324643	685	11324303	-342	343	340
chr19	11324723	11327009	11325310	2286	11325866	-1143	1143	-556
chr19	12013714	12017840	12015285	4126	12015777	-2063	2063	-492
chr19	18564234	18568789	18564941	4555	18566511	-2277	2278	-1570
chr19	35337354	35345090	35340929	7736	35341222	-3868	3868	-293
chr19	44176806	44177703	44177416	897	44177254	-448	449	162
chr19	57701648	57705803	57704964	4155	57703725	-2077	2078	1239
chr19	57752829	57754872	57754029	2043	57753850	-1021	1022	179
chr19	5660505	5665130	5664416	4625	5662817	-2312	2313	1599
chr19	33095759	33100129	33096376	4370	33097944	-2185	2185	-1568
chr19	10999330	11003261	11003076	3931	11001295	-1965	1966	1781
chr19	18564234	18568789	18564882	4555	18566511	-2277	2278	-1629
chr19	19337171	19343548	19341273	6377	19340359	-3188	3189	914
chr19	13965178	13970347	13968583	5169	13967762	-2584	2585	821
chr19	15111233	15118277	15111426	7044	15114755	-3522	3522	-3329
chr19	54159301	54163476	54160281	4175	54161388	-2087	2088	-1107
chr19	48920414	48925981	48921192	5567	48923197	-2783	2784	-2005
chr19	49657409	49660289	49657880	2880	49658849	-1440	1440	-969
chr19	16415509	16419955	16417626	4446	16417732	-2223	2223	-106
chr19	16566522	16569480	16568135	2958	16568001	-1479	1479	134
chr19	11506108	11512488	11508011	6380	11509298	-3190	3190	-1287
chr19	42405170	42411347	42407373	6177	42408258	-3088	3089	-885
chr19	48964804	48966628	48966589	1824	48965716	-912	912	873
chr19	18461870	18468889	18465538	7019	18465379	-3509	3510	159
chr19	7532874	7534340	7533763	1466	7533607	-733	733	156
chr19	45883913	45887300	45885128	3387	45885606	-1693	1694	-478
chr19	41300848	41303249	41302572	2401	41302048	-1200	1201	524
chr19	41300848	41303249	41302573	2401	41302048	-1200	1201	525
chr19	49931112	49936594	49933081	5482	49933853	-2741	2741	-772
chr19	20195563	20197615	20197448	2052	20196589	-1026	1026	859
chr19	19272315	19277209	19276580	4894	19274762	-2447	2447	1818
chr19	35633470	35638341	35634353	4871	35635905	-2435	2436	-1552
chr19	54156260	54158450	54158395	2190	54157355	-1095	1095	1040
chr19	1438052	1442971	1440093	4919	1440511	-2459	2460	-418
chr19	12013714	12017840	12015020	4126	12015777	-2063	2063	-757
chr19	57777705	57779895	57778996	2190	57778800	-1095	1095	196
chr19	49660466	49665411	49663428	4945	49662938	-2472	2473	490
chr19	17499440	17503337	17500385	3897	17501388	-1948	1949	-1003
chr19	48472391	48475678	48474925	3287	48474034	-1643	1644	891
chr19	42368400	42375809	42371462	7409	42372104	-3704	3705	-642
chr19	45828052	45832530	45829030	4478	45830291	-2239	2239	-1261
chr19	48279079	48284734	48282461	5655	48281906	-2827	2828	555
chr19	12705397	12712071	12705534	6674	12708734	-3337	3337	-3200
chr19	55083196	55089089	55086470	5893	55086142	-2946	2947	328
chr19	45356514	45361457	45358693	4943	45358985	-2471	2472	-292
chr19	54121661	54126179	54124586	4518	54123920	-2259	2259	666
chr19	8548477	8556204	8551938	7727	8552340	-3863	3864	-402
chr19	48869169	48877051	48874105	7882	48873110	-3941	3941	995
chr19	55244019	55249006	55247135	4987	55246512	-2493	2494	623
chr19	45068231	45072886	45071609	4655	45070558	-2327	2328	1051
chr19	33200733	33203095	33202878	2362	33201914	-1181	1181	964
chr19	55183928	55189668	55188137	5740	55186798	-2870	2870	1339
chr19	35122049	35123546	35123456	1497	35122797	-748	749	659
chr19	57687845	57690137	57687902	2292	57688991	-1146	1146	-1089
chr19	57808404	57809492	57808889	1088	57808948	-544	544	-59
chr19	39472284	39476831	39473239	4547	39474557	-2273	2274	-1318
chr19	54156260	54158450	54156811	2190	54157355	-1095	1095	-544
chr19	39385700	39391445	39385977	5745	39388572	-2872	2873	-2595
chr19	50289706	50294088	50292383	4382	50291897	-2191	2191	486
chr19	35122049	35123546	35122899	1497	35122797	-748	749	102
chr19	47082486	47085801	47085160	3315	47084143	-1657	1658	1017
chr19	13136122	13137283	13136362	1161	13136702	-580	581	-340
chr19	35248183	35255398	35250485	7215	35251790	-3607	3608	-1305
chr19	48968399	48971464	48969412	3065	48969931	-1532	1533	-519
chr19	19056965	19064869	19057509	7904	19060917	-3952	3952	-3408
chr19	1072477	1075921	1074135	3444	1074199	-1722	1722	-64
chr19	6751414	6755318	6754636	3904	6753366	-1952	1952	1270
chr19	7628501	7631491	7629824	2990	7629996	-1495	1495	-172
chr19	10307345	10313629	10309268	6284	10310487	-3142	3142	-1219
chr19	10566585	10569534	10567049	2949	10568059	-1474	1475	-1010
chr19	11344733	11347200	11346515	2467	11345966	-1233	1234	549
chr19	12034726	12037151	12035651	2425	12035938	-1212	1213	-287
chr19	16322959	16327392	16327072	4433	16325175	-2216	2217	1897
chr19	18254287	18261258	18257132	6971	18257772	-3485	3486	-640
chr19	40211515	40218653	40217314	7138	40215084	-3569	3569	2230
chr19	45711134	45714520	45711756	3386	45712827	-1693	1693	-1071
chr19	45711134	45714520	45712707	3386	45712827	-1693	1693	-120
chr19	57777705	57779895	57779446	2190	57778800	-1095	1095	646
chr19	58403663	58409460	58409076	5797	58406561	-2898	2899	2515
chr19	19107734	19114283	19107990	6549	19111008	-3274	3275	-3018
chr19	7935094	7938211	7938024	3117	7936652	-1558	1559	1372
chr19	7610517	7617257	7611807	6740	7613887	-3370	3370	-2080
chr19	16415509	16419955	16417988	4446	16417732	-2223	2223	256
chr19	5651244	5654538	5654068	3294	5652891	-1647	1647	1177
chr19	16566522	16569480	16566550	2958	16568001	-1479	1479	-1451
chr19	39973131	39976730	39974354	3599	39974930	-1799	1800	-576
chr19	57440588	57442508	57441920	1920	57441548	-960	960	372
chr19	35616966	35620889	35618606	3923	35618927	-1961	1962	-321
chr19	17721388	17729011	17726080	7623	17725199	-3811	3812	881
chr19	40375328	40378483	40376743	3155	40376905	-1577	1578	-162
chr19	42078637	42081372	42079332	2735	42080004	-1367	1368	-672
chr19	17838483	17842926	17841755	4443	17840704	-2221	2222	1051
chr19	39468353	39471640	39469313	3287	39469996	-1643	1644	-683
chr19	15231099	15234917	15231781	3818	15233008	-1909	1909	-1227
chr19	5261094	5265657	5265022	4563	5263375	-2281	2282	1647
chr19	16566522	16569480	16568143	2958	16568001	-1479	1479	142
chr19	20195563	20197615	20197608	2052	20196589	-1026	1026	1019
chr19	1977478	1981248	1978328	3770	1979363	-1885	1885	-1035
chr19	12876209	12878512	12876352	2303	12877360	-1151	1152	-1008
chr19	16415509	16419955	16418017	4446	16417732	-2223	2223	285
chr19	17499440	17503337	17500495	3897	17501388	-1948	1949	-893
chr19	29702014	29705936	29702639	3922	29703975	-1961	1961	-1336
chr19	29702014	29705936	29702741	3922	29703975	-1961	1961	-1234
chr19	35281311	35283188	35282534	1877	35282249	-938	939	285
chr19	36085078	36086929	36086805	1851	36086003	-925	926	802
chr19	36096831	36102633	36099556	5802	36099732	-2901	2901	-176
chr19	41275057	41278774	41276184	3717	41276915	-1858	1859	-731
chr19	45469520	45473607	45470835	4087	45471563	-2043	2044	-728
chr19	45686083	45692076	45687706	5993	45689079	-2996	2997	-1373
chr19	54159301	54163476	54160188	4175	54161388	-2087	2088	-1200
chr19	57752829	57754872	57754595	2043	57753850	-1021	1022	745
chr19	57925911	57927503	57926991	1592	57926707	-796	796	284
chr19	5913735	5915043	5914617	1308	5914389	-654	654	228
chr19	16415509	16419955	16417596	4446	16417732	-2223	2223	-136
chr19	7897337	7899282	7899210	1945	7898309	-972	973	901
chr19	55237220	55243383	55242223	6163	55240301	-3081	3082	1922
chr19	2431074	2435595	2434444	4521	2433334	-2260	2261	1110
chr19	7871816	7878749	7872321	6933	7875282	-3466	3467	-2961
chr19	7871816	7878749	7873281	6933	7875282	-3466	3467	-2001
chr19	8506504	8512089	8510725	5585	8509296	-2792	2793	1429
chr19	16184954	16191399	16190887	6445	16188176	-3222	3223	2711
chr19	19344453	19351465	19345006	7012	19347959	-3506	3506	-2953
chr19	38341558	38344163	38344105	2605	38342860	-1302	1303	1245
chr19	39405842	39408540	39408253	2698	39407191	-1349	1349	1062
chr19	45257688	45265389	45259088	7701	45261538	-3850	3851	-2450
chr19	46373472	46378295	46375675	4823	46375883	-2411	2412	-208
chr19	48136803	48140971	48137724	4168	48138887	-2084	2084	-1163
chr19	49144314	49151028	49149564	6714	49147671	-3357	3357	1893
chr19	49445065	49451112	49449501	6047	49448088	-3023	3024	1413
chr19	55345366	55352009	55346297	6643	55348687	-3321	3322	-2390
chr19	57775573	57777050	57776612	1477	57776311	-738	739	301
chr19	57848940	57851378	57850374	2438	57850159	-1219	1219	215
chr19	17808063	17812258	17808190	4195	17810160	-2097	2098	-1970
chr19	41305325	41309876	41305710	4551	41307600	-2275	2276	-1890
chr19	10827416	10833436	10831640	6020	10830426	-3010	3010	1214
chr19	36119985	36125422	36120712	5437	36122703	-2718	2719	-1991
chr19	38384722	38391354	38387249	6632	38388038	-3316	3316	-789
chr19	1878166	1882368	1881268	4202	1880267	-2101	2101	1001
chr19	3763706	3771580	3771576	7874	3767643	-3937	3937	3933
chr19	2338223	2340263	2339889	2040	2339243	-1020	1020	646
chr19	33399379	33404868	33401803	5489	33402123	-2744	2745	-320
chr19	35255862	35260006	35259032	4144	35257934	-2072	2072	1098
chr19	40436373	40442438	40441744	6065	40439405	-3032	3033	2339
chr19	40777730	40782088	40780382	4358	40779909	-2179	2179	473
chr19	17838483	17842926	17840245	4443	17840704	-2221	2222	-459
chr19	17838483	17842926	17840246	4443	17840704	-2221	2222	-458
chr19	42405170	42411347	42407373	6177	42408258	-3088	3089	-885
chr19	41586096	41587469	41586620	1373	41586782	-686	687	-162
chr19	45828052	45832530	45830159	4478	45830291	-2239	2239	-132
chr19	6751414	6755318	6755266	3904	6753366	-1952	1952	1900
chr19	35724966	35727176	35725235	2210	35726071	-1105	1105	-836
chr19	17072774	17076821	17075403	4047	17074797	-2023	2024	606
chr19	4405828	4410216	4409321	4388	4408022	-2194	2194	1299
chr19	10678941	10683453	10681313	4512	10681197	-2256	2256	116
chr19	15111233	15118277	15111406	7044	15114755	-3522	3522	-3349
chr19	15111233	15118277	15115345	7044	15114755	-3522	3522	590
chr19	19051022	19052386	19051684	1364	19051704	-682	682	-20
chr19	19319831	19326189	19320494	6358	19323010	-3179	3179	-2516
chr19	43542524	43546896	43543500	4372	43544710	-2186	2186	-1210
chr19	55111832	55117981	55112549	6149	55114906	-3074	3075	-2357
chr19	57777705	57779895	57779138	2190	57778800	-1095	1095	338
chr19	1366246	1367406	1367173	1160	1366826	-580	580	347
chr19	10283282	10285919	10283750	2637	10284600	-1318	1319	-850
chr19	10833475	10836396	10835253	2921	10834935	-1460	1461	318
chr19	16575237	16578656	16576236	3419	16576946	-1709	1710	-710
chr19	54174005	54178274	54174158	4269	54176139	-2134	2135	-1981
chr19	3571396	3579085	3576926	7689	3575240	-3844	3845	1686
chr19	7517979	7523710	7520079	5731	7520844	-2865	2866	-765
chr19	7610517	7617257	7612302	6740	7613887	-3370	3370	-1585
chr19	7921420	7922948	7921702	1528	7922184	-764	764	-482
chr19	12656551	12659276	12658242	2725	12657913	-1362	1363	329
chr19	13929531	13934946	13930732	5415	13932238	-2707	2708	-1506
chr19	16109019	16112812	16112000	3793	16110915	-1896	1897	1085
chr19	34427265	34429876	34428523	2611	34428570	-1305	1306	-47
chr19	39472284	39476831	39474529	4547	39474557	-2273	2274	-28
chr19	45063419	45067140	45064375	3721	45065279	-1860	1861	-904
chr19	45257688	45265389	45264883	7701	45261538	-3850	3851	3345
chr19	48382817	48386775	48383249	3958	48384796	-1979	1979	-1547
chr19	49657409	49660289	49658619	2880	49658849	-1440	1440	-230
chr19	49660466	49665411	49664818	4945	49662938	-2472	2473	1880
chr19	55345366	55352009	55347886	6643	55348687	-3321	3322	-801
chr19	58391089	58397802	58393442	6713	58394445	-3356	3357	-1003
chr19	19002034	19004855	19004342	2821	19003444	-1410	1411	898
chr19	12763486	12765075	12763752	1589	12764280	-794	795	-528
chr19	18160538	18164165	18163068	3627	18162351	-1813	1814	717
chr19	19272315	19277209	19276609	4894	19274762	-2447	2447	1847
chr19	36359499	36361345	36360493	1846	36360422	-923	923	71
chr19	39472284	39476831	39473211	4547	39474557	-2273	2274	-1346
chr19	41431666	41436601	41432326	4935	41434133	-2467	2468	-1807
chr19	45686083	45692076	45687567	5993	45689079	-2996	2997	-1512
chr19	45711134	45714520	45713424	3386	45712827	-1693	1693	597
chr19	48743378	48746493	48743452	3115	48744935	-1557	1558	-1483
chr19	7628501	7631491	7629554	2990	7629996	-1495	1495	-442
chr19	7628501	7631491	7629826	2990	7629996	-1495	1495	-170
chr19	12695537	12698422	12696608	2885	12696979	-1442	1443	-371
chr19	40806161	40810116	40808700	3955	40808138	-1977	1978	562
chr19	18592358	18597211	18593572	4853	18594784	-2426	2427	-1212
chr19	55083196	55089089	55087613	5893	55086142	-2946	2947	1471
chr19	7551062	7555917	7554624	4855	7553489	-2427	2428	1135
chr19	37362618	37365254	37363533	2636	37363936	-1318	1318	-403
chr19	11344733	11347200	11346604	2467	11345966	-1233	1234	638
chr19	48624089	48631459	48628018	7370	48627774	-3685	3685	244
chr19	6749457	6750791	6750579	1334	6750124	-667	667	455
chr19	19303420	19307450	19303744	4030	19305435	-2015	2015	-1691
chr19	50208765	50211529	50210633	2764	50210147	-1382	1382	486
chr19	15111233	15118277	15112376	7044	15114755	-3522	3522	-2379
chr19	15111233	15118277	15112530	7044	15114755	-3522	3522	-2225
chr19	12812032	12815519	12813181	3487	12813775	-1743	1744	-594
chr19	10141435	10143016	10142057	1581	10142225	-790	791	-168
chr19	10824203	10826586	10825055	2383	10825394	-1191	1192	-339
chr19	42295742	42302769	42302418	7027	42299255	-3513	3514	3163
chr19	49931112	49936594	49933023	5482	49933853	-2741	2741	-830
chr19	14098106	14103356	14102840	5250	14100731	-2625	2625	2109
chr19	38378205	38384622	38383420	6417	38381413	-3208	3209	2007
chr19	57752829	57754872	57754205	2043	57753850	-1021	1022	355
chr19	19278205	19283215	19279340	5010	19280710	-2505	2505	-1370
chr19	40605187	40608925	40608496	3738	40607056	-1869	1869	1440
chr19	18447713	18453778	18450759	6065	18450745	-3032	3033	14
chr19	54171562	54173591	54173248	2029	54172576	-1014	1015	672
chr19	54189943	54193442	54191944	3499	54191692	-1749	1750	252
chr19	42368400	42375809	42371372	7409	42372104	-3704	3705	-732
chr19	48624089	48631459	48630437	7370	48627774	-3685	3685	2663
chr19	5070097	5072863	5070962	2766	5071480	-1383	1383	-518
chr19	3454502	3461518	3456564	7016	3458010	-3508	3508	-1446
chr19	10577410	10582212	10581279	4802	10579811	-2401	2401	1468
chr19	18848480	18856146	18854997	7666	18852313	-3833	3833	2684
chr19	38299626	38307035	38304469	7409	38303330	-3704	3705	1139
chr19	12940264	12946701	12940413	6437	12943482	-3218	3219	-3069
chr19	35739309	35741282	35739408	1973	35740295	-986	987	-887
chr19	17775943	17783122	17778643	7179	17779532	-3589	3590	-889
chr19	40436373	40442438	40441591	6065	40439405	-3032	3033	2186
chr19	49115568	49121274	49118387	5706	49118421	-2853	2853	-34
chr19	49115568	49121274	49118593	5706	49118421	-2853	2853	172
chr19	49459448	49463835	49461986	4387	49461641	-2193	2194	345
chr19	19677153	19680094	19677958	2941	19678623	-1470	1471	-665
chr19	43915063	43916686	43915189	1623	43915874	-811	812	-685
chr19	12619405	12624598	12623706	5193	12622001	-2596	2597	1705
chr19	55205107	55210320	55205448	5213	55207713	-2606	2607	-2265
chr19	18564234	18568789	18564909	4555	18566511	-2277	2278	-1602
chr19	39837326	39840825	39837756	3499	39839075	-1749	1750	-1319
chr19	45068231	45072886	45071811	4655	45070558	-2327	2328	1253
chr19	57687845	57690137	57688164	2292	57688991	-1146	1146	-827
chr19	15119422	15123697	15119487	4275	15121559	-2137	2138	-2072
chr19	55237220	55243383	55239614	6163	55240301	-3081	3082	-687
chr19	2409770	2417145	2410374	7375	2413457	-3687	3688	-3083
chr19	15111233	15118277	15116310	7044	15114755	-3522	3522	1555
chr19	7484051	7489327	7485984	5276	7486689	-2638	2638	-705
chr19	54163939	54170823	54168186	6884	54167381	-3442	3442	805
chr19	45469520	45473607	45470965	4087	45471563	-2043	2044	-598
chr19	5915235	5919250	5918612	4015	5917242	-2007	2008	1370
chr19	18848480	18856146	18853087	7666	18852313	-3833	3833	774
chr19	50042487	50045094	50045015	2607	50043790	-1303	1304	1225
chr19	17808063	17812258	17811777	4195	17810160	-2097	2098	1617
chr19	52922509	52930124	52929319	7615	52926316	-3807	3808	3003
chr19	3571396	3579085	3576914	7689	3575240	-3844	3845	1674
chr19	47147072	47151034	47150256	3962	47149053	-1981	1981	1203
chr19	49144314	49151028	49148688	6714	49147671	-3357	3357	1017
chr19	2409770	2417145	2415772	7375	2413457	-3687	3688	2315
chr19	17731663	17737777	17733297	6114	17734720	-3057	3057	-1423
chr19	19491055	19492909	19492599	1854	19491982	-927	927	617
chr19	40806161	40810116	40807894	3955	40808138	-1977	1978	-244
chr19	45407641	45408805	45408745	1164	45408223	-582	582	522
chr19	13109149	13116163	13112724	7014	13112656	-3507	3507	68
chr19	18195772	18197256	18197024	1484	18196514	-742	742	510
chr19	35611438	35615482	35615259	4044	35613460	-2022	2022	1799
chr19	43533121	43536379	43534433	3258	43534750	-1629	1629	-317
chr19	45469520	45473607	45473540	4087	45471563	-2043	2044	1977
chr19	3615800	3622862	3620767	7062	3619331	-3531	3531	1436
chr19	3733559	3739764	3736282	6205	3736661	-3102	3103	-379
chr19	16575237	16578656	16576521	3419	16576946	-1709	1710	-425
chr19	40196136	40198778	40198531	2642	40197457	-1321	1321	1074
chr19	12013714	12017840	12016347	4126	12015777	-2063	2063	570
chr19	55602034	55606387	55602499	4353	55604210	-2176	2177	-1711
chr19	55083196	55089089	55087581	5893	55086142	-2946	2947	1439
chr19	57369811	57376802	57371903	6991	57373306	-3495	3496	-1403
chr19	53065563	53068245	53068171	2682	53066904	-1341	1341	1267
chr19	17206080	17212168	17206102	6088	17209124	-3044	3044	-3022
chr19	20195563	20197615	20197097	2052	20196589	-1026	1026	508
chr19	49459448	49463835	49459681	4387	49461641	-2193	2194	-1960
chr19	45547763	45554664	45553547	6901	45551213	-3450	3451	2334
chr19	57873270	57875750	57874753	2480	57874510	-1240	1240	243
chr19	548247	551424	549750	3177	549835	-1588	1589	-85
chr19	5141768	5145199	5144256	3431	5143483	-1715	1716	773
chr19	5586763	5591265	5587281	4502	5589014	-2251	2251	-1733
chr19	11348124	11354131	11353619	6007	11351127	-3003	3004	2492
chr19	46752836	46758461	46758163	5625	46755648	-2812	2813	2515
chr19	57369811	57376802	57371797	6991	57373306	-3495	3496	-1509
chr19	13109149	13116163	13112815	7014	13112656	-3507	3507	159
chr19	18160538	18164165	18160548	3627	18162351	-1813	1814	-1803
chr19	52269329	52271603	52269598	2274	52270466	-1137	1137	-868
chr19	38350545	38354828	38354727	4283	38352686	-2141	2142	2041
chr19	45068231	45072886	45070814	4655	45070558	-2327	2328	256
chr19	55229062	55232046	55231804	2984	55230554	-1492	1492	1250
chr19	10982667	10988411	10985304	5744	10985539	-2872	2872	-235
chr19	14098106	14103356	14100863	5250	14100731	-2625	2625	132
chr19	40230147	40236711	40236066	6564	40233429	-3282	3282	2637
chr19	3615800	3622862	3619191	7062	3619331	-3531	3531	-140
chr19	5651244	5654538	5653365	3294	5652891	-1647	1647	474
chr19	36065236	36069464	36067342	4228	36067350	-2114	2114	-8
chr19	41314605	41318891	41316575	4286	41316748	-2143	2143	-173
chr19	41431666	41436601	41433319	4935	41434133	-2467	2468	-814
chr19	54136157	54144052	54143178	7895	54140104	-3947	3948	3074
chr19	39405842	39408540	39406865	2698	39407191	-1349	1349	-326
chr19	39412499	39418242	39415066	5743	39415370	-2871	2872	-304
chr19	57777705	57779895	57779790	2190	57778800	-1095	1095	990
chr19	40436373	40442438	40441954	6065	40439405	-3032	3033	2549
chr19	3571396	3579085	3574550	7689	3575240	-3844	3845	-690
chr19	14098106	14103356	14100869	5250	14100731	-2625	2625	138
chr19	33095759	33100129	33096300	4370	33097944	-2185	2185	-1644
chr19	45407641	45408805	45408159	1164	45408223	-582	582	-64
chr19	48136803	48140971	48137534	4168	48138887	-2084	2084	-1353
chr19	39472284	39476831	39473442	4547	39474557	-2273	2274	-1115
chr19	55089389	55095990	55092263	6601	55092689	-3300	3301	-426
chr19	2115885	2117329	2116711	1444	2116607	-722	722	104
chr19	11348124	11354131	11353863	6007	11351127	-3003	3004	2736
chr19	54136157	54144052	54143472	7895	54140104	-3947	3948	3368
chr19	57873270	57875750	57873888	2480	57874510	-1240	1240	-622
chr19	548247	551424	549711	3177	549835	-1588	1589	-124
chr19	2431074	2435595	2434315	4521	2433334	-2260	2261	981
chr19	3571396	3579085	3575620	7689	3575240	-3844	3845	380
chr19	4117056	4119445	4117572	2389	4118250	-1194	1195	-678
chr19	4180603	4185406	4182583	4803	4183004	-2401	2402	-421
chr19	5213688	5216897	5215353	3209	5215292	-1604	1605	61
chr19	5611508	5614400	5612366	2892	5612954	-1446	1446	-588
chr19	5913735	5915043	5914680	1308	5914389	-654	654	291
chr19	6751414	6755318	6754067	3904	6753366	-1952	1952	701
chr19	7899740	7901523	7900763	1783	7900631	-891	892	132
chr19	8512940	8516623	8513328	3683	8514781	-1841	1842	-1453
chr19	8548477	8556204	8550614	7727	8552340	-3863	3864	-1726
chr19	10351670	10354714	10352969	3044	10353192	-1522	1522	-223
chr19	10392394	10397062	10395056	4668	10394728	-2334	2334	328
chr19	10577410	10582212	10581339	4802	10579811	-2401	2401	1528
chr19	10809395	10815485	10812299	6090	10812440	-3045	3045	-141
chr19	11252859	11256162	11253713	3303	11254510	-1651	1652	-797
chr19	11344733	11347200	11346545	2467	11345966	-1233	1234	579
chr19	11380537	11387243	11383022	6706	11383890	-3353	3353	-868
chr19	11722699	11727130	11723183	4431	11724914	-2215	2216	-1731
chr19	12629162	12630805	12629174	1643	12629983	-821	822	-809
chr19	12700715	12704436	12703509	3721	12702575	-1860	1861	934
chr19	12705397	12712071	12706250	6674	12708734	-3337	3337	-2484
chr19	12812032	12815519	12813135	3487	12813775	-1743	1744	-640
chr19	12812032	12815519	12813417	3487	12813775	-1743	1744	-358
chr19	13812970	13815780	13812995	2810	13814375	-1405	1405	-1380
chr19	16184954	16191399	16185745	6445	16188176	-3222	3223	-2431
chr19	16400653	16406523	16402428	5870	16403588	-2935	2935	-1160
chr19	17838483	17842926	17840326	4443	17840704	-2221	2222	-378
chr19	18143370	18147990	18146988	4620	18145680	-2310	2310	1308
chr19	18149297	18151910	18149656	2613	18150603	-1306	1307	-947
chr19	18385280	18389986	18386320	4706	18387633	-2353	2353	-1313
chr19	18535861	18540930	18538241	5069	18538395	-2534	2535	-154
chr19	18848480	18856146	18850147	7666	18852313	-3833	3833	-2166
chr19	19115600	19121855	19120058	6255	19118727	-3127	3128	1331
chr19	34389546	34394700	34393345	5154	34392123	-2577	2577	1222
chr19	34389546	34394700	34393457	5154	34392123	-2577	2577	1334
chr19	34389546	34394700	34393553	5154	34392123	-2577	2577	1430
chr19	35550858	35556059	35551011	5201	35553458	-2600	2601	-2447
chr19	35616966	35620889	35619421	3923	35618927	-1961	1962	494
chr19	35724966	35727176	35725589	2210	35726071	-1105	1105	-482
chr19	36065236	36069464	36067975	4228	36067350	-2114	2114	625
chr19	36112314	36116525	36115916	4211	36114419	-2105	2106	1497
chr19	38299626	38307035	38304407	7409	38303330	-3704	3705	1077
chr19	38920214	38926156	38921557	5942	38923185	-2971	2971	-1628
chr19	39412499	39418242	39414148	5743	39415370	-2871	2872	-1222
chr19	39419128	39424796	39424677	5668	39421962	-2834	2834	2715
chr19	39472284	39476831	39473310	4547	39474557	-2273	2274	-1247
chr19	39487230	39493007	39488068	5777	39490118	-2888	2889	-2050
chr19	39973131	39976730	39974535	3599	39974930	-1799	1800	-395
chr19	42235810	42240524	42240008	4714	42238167	-2357	2357	1841
chr19	43542524	43546896	43543424	4372	43544710	-2186	2186	-1286
chr19	45381378	45383611	45382638	2233	45382494	-1116	1117	144
chr19	45469520	45473607	45471118	4087	45471563	-2043	2044	-445
chr19	45469520	45473607	45472587	4087	45471563	-2043	2044	1024
chr19	45521012	45523030	45521319	2018	45522021	-1009	1009	-702
chr19	45525012	45530422	45526198	5410	45527717	-2705	2705	-1519
chr19	45620384	45624644	45621536	4260	45622514	-2130	2130	-978
chr19	45828052	45832530	45831515	4478	45830291	-2239	2239	1224
chr19	46678937	46683415	46681716	4478	46681176	-2239	2239	540
chr19	48279079	48284734	48282400	5655	48281906	-2827	2828	494
chr19	48463395	48465025	48464471	1630	48464210	-815	815	261
chr19	48463395	48465025	48464744	1630	48464210	-815	815	534
chr19	48920414	48925981	48921902	5567	48923197	-2783	2784	-1295
chr19	48956555	48964353	48960831	7798	48960454	-3899	3899	377
chr19	48956555	48964353	48961635	7798	48960454	-3899	3899	1181
chr19	49115568	49121274	49118381	5706	49118421	-2853	2853	-40
chr19	49660466	49665411	49661980	4945	49662938	-2472	2473	-958
chr19	52275523	52282144	52281878	6621	52278833	-3310	3311	3045
chr19	54136157	54144052	54142950	7895	54140104	-3947	3948	2846
chr19	54217372	54218930	54217462	1558	54218151	-779	779	-689
chr19	57687845	57690137	57688277	2292	57688991	-1146	1146	-714
chr19	58260934	58261548	58261507	614	58261241	-307	307	266
chr19	58334236	58339539	58338661	5303	58336887	-2651	2652	1774
chr19	58510229	58517412	58517346	7183	58513820	-3591	3592	3526
chr19	10148176	10152959	10148981	4783	10150567	-2391	2392	-1586
chr19	19272315	19277209	19276662	4894	19274762	-2447	2447	1900
chr19	3446740	3450742	3449069	4002	3448741	-2001	2001	328
chr19	18592358	18597211	18594338	4853	18594784	-2426	2427	-446
chr19	14164962	14169003	14167020	4041	14166982	-2020	2021	38
chr19	42078637	42081372	42079725	2735	42080004	-1367	1368	-279
chr19	52922509	52930124	52929209	7615	52926316	-3807	3808	2893
chr19	5920533	5924357	5921276	3824	5922445	-1912	1912	-1169
chr19	39979850	39981574	39980337	1724	39980712	-862	862	-375
chr19	47034591	47041215	47041019	6624	47037903	-3312	3312	3116
chr19	48136803	48140971	48137666	4168	48138887	-2084	2084	-1221
chr19	57777705	57779895	57779347	2190	57778800	-1095	1095	547
chr19	18535861	18540930	18539559	5069	18538395	-2534	2535	1164
chr19	5639780	5641969	5641902	2189	5640874	-1094	1095	1028
chr19	39412499	39418242	39415252	5743	39415370	-2871	2872	-118
chr19	17522712	17524865	17523363	2153	17523788	-1076	1077	-425
chr19	40610434	40614979	40614235	4545	40612706	-2272	2273	1529
chr19	49594175	49599158	49594951	4983	49596666	-2491	2492	-1715
chr19	10577410	10582212	10579713	4802	10579811	-2401	2401	-98
chr19	12647794	12651403	12649929	3609	12649598	-1804	1805	331
chr19	19677153	19680094	19679542	2941	19678623	-1470	1471	919
chr19	40230147	40236711	40236350	6564	40233429	-3282	3282	2921
chr19	52218935	52220661	52220204	1726	52219798	-863	863	406
chr19	57701648	57705803	57702421	4155	57703725	-2077	2078	-1304
chr19	18535861	18540930	18537616	5069	18538395	-2534	2535	-779
chr19	35539318	35544588	35542914	5270	35541953	-2635	2635	961
chr19	35539318	35544588	35543355	5270	35541953	-2635	2635	1402
chr19	36112314	36116525	36113785	4211	36114419	-2105	2106	-634
chr19	45298706	45303206	45302404	4500	45300956	-2250	2250	1448
chr19	54171562	54173591	54173248	2029	54172576	-1014	1015	672
chr19	7961217	7963412	7962810	2195	7962314	-1097	1098	496
chr19	12656551	12659276	12658064	2725	12657913	-1362	1363	151
chr19	5707127	5709103	5708341	1976	5708115	-988	988	226
chr19	11576125	11580366	11576769	4241	11578245	-2120	2121	-1476
chr19	335065	337157	336128	2092	336111	-1046	1046	17
chr19	1359449	1361228	1360196	1779	1360338	-889	890	-142
chr19	5039278	5041345	5041174	2067	5040311	-1033	1034	863
chr19	8323785	8327107	8324734	3322	8325446	-1661	1661	-712
chr19	8397650	8401610	8399966	3960	8399630	-1980	1980	336
chr19	9855999	9857955	9857729	1956	9856977	-978	978	752
chr19	10496962	10499620	10499541	2658	10498291	-1329	1329	1250
chr19	10678941	10683453	10682620	4512	10681197	-2256	2256	1423
chr19	11041084	11044007	11041316	2923	11042545	-1461	1462	-1229
chr19	11324723	11327009	11325530	2286	11325866	-1143	1143	-336
chr19	11348124	11354131	11349165	6007	11351127	-3003	3004	-1962
chr19	11722699	11727130	11723264	4431	11724914	-2215	2216	-1650
chr19	12013714	12017840	12015962	4126	12015777	-2063	2063	185
chr19	14515542	14517933	14515881	2391	14516737	-1195	1196	-856
chr19	17838483	17842926	17839584	4443	17840704	-2221	2222	-1120
chr19	18877777	18881443	18878867	3666	18879610	-1833	1833	-743
chr19	19677153	19680094	19680014	2941	19678623	-1470	1471	1391
chr19	32353322	32357281	32354301	3959	32355301	-1979	1980	-1000
chr19	33095759	33100129	33096346	4370	33097944	-2185	2185	-1598
chr19	34380504	34382461	34381507	1957	34381482	-978	979	25
chr19	34438704	34440463	34438711	1759	34439583	-879	880	-872
chr19	37361518	37362476	37362327	958	37361997	-479	479	330
chr19	38378205	38384622	38380973	6417	38381413	-3208	3209	-440
chr19	39405842	39408540	39408371	2698	39407191	-1349	1349	1180
chr19	39419128	39424796	39422126	5668	39421962	-2834	2834	164
chr19	39973131	39976730	39974619	3599	39974930	-1799	1800	-311
chr19	40362848	40367200	40366951	4352	40365024	-2176	2176	1927
chr19	41381120	41383983	41383627	2863	41382551	-1431	1432	1076
chr19	41431666	41436601	41433415	4935	41434133	-2467	2468	-718
chr19	43591524	43595544	43592950	4020	43593534	-2010	2010	-584
chr19	45469520	45473607	45471409	4087	45471563	-2043	2044	-154
chr19	49135496	49141672	49137030	6176	49138584	-3088	3088	-1554
chr19	55577169	55581417	55578041	4248	55579293	-2124	2124	-1252
chr19	57701648	57705803	57701819	4155	57703725	-2077	2078	-1906
chr19	57925911	57927503	57926601	1592	57926707	-796	796	-106
chr19	57925911	57927503	57926955	1592	57926707	-796	796	248
chr19	530388	533765	532034	3377	532076	-1688	1689	-42
chr19	13104148	13107203	13105553	3055	13105675	-1527	1528	-122
chr19	17838483	17842926	17839532	4443	17840704	-2221	2222	-1172
chr19	20195563	20197615	20197148	2052	20196589	-1026	1026	559
chr19	39385700	39391445	39390264	5745	39388572	-2872	2873	1692
chr19	40588478	40592729	40590832	4251	40590603	-2125	2126	229
chr19	45488745	45493637	45493298	4892	45491191	-2446	2446	2107
chr19	45692409	45693684	45692769	1275	45693046	-637	638	-277
chr19	49135496	49141672	49139997	6176	49138584	-3088	3088	1413
chr19	54159301	54163476	54160279	4175	54161388	-2087	2088	-1109
chr19	11444536	11448599	11447156	4063	11446567	-2031	2032	589
chr19	49594175	49599158	49596406	4983	49596666	-2491	2492	-260
chr19	35724966	35727176	35727154	2210	35726071	-1105	1105	1083
chr19	49210281	49211880	49210751	1599	49211080	-799	800	-329
chr19	3763706	3771580	3765206	7874	3767643	-3937	3937	-2437
chr19	11053751	11060071	11058329	6320	11056911	-3160	3160	1418
chr19	10577410	10582212	10578949	4802	10579811	-2401	2401	-862
chr19	19344453	19351465	19348875	7012	19347959	-3506	3506	916
chr19	45293605	45298662	45298218	5057	45296133	-2528	2529	2085
chr19	54159301	54163476	54159676	4175	54161388	-2087	2088	-1712
chr19	17243939	17247375	17245032	3436	17245657	-1718	1718	-625
chr19	46987834	46991233	46989560	3399	46989533	-1699	1700	27
chr19	50262178	50269063	50268180	6885	50265620	-3442	3443	2560
chr19	8548477	8556204	8550157	7727	8552340	-3863	3864	-2183
chr19	11576125	11580366	11576459	4241	11578245	-2120	2121	-1786
chr19	45525012	45530422	45529367	5410	45527717	-2705	2705	1650
chr19	19677153	19680094	19679572	2941	19678623	-1470	1471	949
chr19	18592358	18597211	18596942	4853	18594784	-2426	2427	2158
chr19	55386159	55391772	55386799	5613	55388965	-2806	2807	-2166
chr19	19051022	19052386	19052042	1364	19051704	-682	682	338
chr19	10798099	10804809	10802379	6710	10801454	-3355	3355	925
chr19	13916585	13924029	13923453	7444	13920307	-3722	3722	3146
chr19	19491055	19492909	19492390	1854	19491982	-927	927	408
chr19	41305325	41309876	41306820	4551	41307600	-2275	2276	-780
chr19	41381120	41383983	41383663	2863	41382551	-1431	1432	1112
chr19	57808404	57809492	57808810	1088	57808948	-544	544	-138
chr19	15468004	15472736	15472074	4732	15470370	-2366	2366	1704
chr19	35616966	35620889	35619490	3923	35618927	-1961	1962	563
chr19	45068231	45072886	45068467	4655	45070558	-2327	2328	-2091
chr19	45828052	45832530	45829060	4478	45830291	-2239	2239	-1231
chr19	40317698	40321758	40321189	4060	40319728	-2030	2030	1461
chr19	17206080	17212168	17209665	6088	17209124	-3044	3044	541
chr19	12647794	12651403	12649986	3609	12649598	-1804	1805	388
chr19	16848277	16854895	16854185	6618	16851586	-3309	3309	2599
chr19	36085078	36086929	36086722	1851	36086003	-925	926	719
chr19	8314342	8317896	8316624	3554	8316119	-1777	1777	505
chr19	10577410	10582212	10581362	4802	10579811	-2401	2401	1551
chr19	13104148	13107203	13105521	3055	13105675	-1527	1528	-154
chr19	15111233	15118277	15116233	7044	15114755	-3522	3522	1478
chr19	18143370	18147990	18145085	4620	18145680	-2310	2310	-595
chr19	55077143	55083096	55080422	5953	55080119	-2976	2977	303
chr19	3615800	3622862	3619157	7062	3619331	-3531	3531	-174
chr19	40211515	40218653	40215117	7138	40215084	-3569	3569	33
chr19	49594175	49599158	49596336	4983	49596666	-2491	2492	-330
chr19	40196136	40198778	40198439	2642	40197457	-1321	1321	982
chr19	10827416	10833436	10833007	6020	10830426	-3010	3010	2581
chr19	18592358	18597211	18593442	4853	18594784	-2426	2427	-1342
chr19	49905219	49911250	49909528	6031	49908234	-3015	3016	1294
chr19	58391089	58397802	58393159	6713	58394445	-3356	3357	-1286
chr19	54156260	54158450	54156984	2190	54157355	-1095	1095	-371
chr19	35741394	35745382	35742584	3988	35743388	-1994	1994	-804
chr19	45488745	45493637	45489527	4892	45491191	-2446	2446	-1664
chr19	34389546	34394700	34393810	5154	34392123	-2577	2577	1687
chr19	13777713	13779273	13778104	1560	13778493	-780	780	-389
chr19	35616966	35620889	35618678	3923	35618927	-1961	1962	-249
chr19	35539318	35544588	35543752	5270	35541953	-2635	2635	1799
chr19	39478800	39483840	39482916	5040	39481320	-2520	2520	1596
chr19	45514002	45518203	45517750	4201	45516102	-2100	2101	1648
chr19	46350405	46354893	46353745	4488	46352649	-2244	2244	1096
chr19	35058636	35061653	35060340	3017	35060144	-1508	1509	196
chr19	11506108	11512488	11508001	6380	11509298	-3190	3190	-1297
chr19	37362618	37365254	37363318	2636	37363936	-1318	1318	-618
chr19	57777705	57779895	57779534	2190	57778800	-1095	1095	734
chr19	2188294	2195568	2191092	7274	2191931	-3637	3637	-839
chr19	7532874	7534340	7533855	1466	7533607	-733	733	248
chr19	2043697	2047784	2046206	4087	2045740	-2043	2044	466
chr19	6440845	6445546	6444195	4701	6443195	-2350	2351	1000
chr19	7899740	7901523	7900188	1783	7900631	-891	892	-443
chr19	10283282	10285919	10284087	2637	10284600	-1318	1319	-513
chr19	11344733	11347200	11345521	2467	11345966	-1233	1234	-445
chr19	13830005	13832341	13830390	2336	13831173	-1168	1168	-783
chr19	17206080	17212168	17206687	6088	17209124	-3044	3044	-2437
chr19	18164585	18171838	18166271	7253	18168211	-3626	3627	-1940
chr19	18877777	18881443	18878880	3666	18879610	-1833	1833	-730
chr19	18994391	19000544	18995063	6153	18997467	-3076	3077	-2404
chr19	39419128	39424796	39422989	5668	39421962	-2834	2834	1027
chr19	40230147	40236711	40235988	6564	40233429	-3282	3282	2559
chr19	40754459	40761786	40757404	7327	40758122	-3663	3664	-718
chr19	41431666	41436601	41432502	4935	41434133	-2467	2468	-1631
chr19	45620384	45624644	45621576	4260	45622514	-2130	2130	-938
chr19	49115568	49121274	49118929	5706	49118421	-2853	2853	508
chr19	49657409	49660289	49659618	2880	49658849	-1440	1440	769
chr19	53065563	53068245	53067872	2682	53066904	-1341	1341	968
chr19	48869169	48877051	48874009	7882	48873110	-3941	3941	899
chr19	49905219	49911250	49908178	6031	49908234	-3015	3016	-56
chr19	14098106	14103356	14102904	5250	14100731	-2625	2625	2173
chr19	615804	618745	618718	2941	617274	-1470	1471	1444
chr19	10551020	10555289	10553952	4269	10553154	-2134	2135	798
chr19	38929925	38932796	38932551	2871	38931360	-1435	1436	1191
chr19	43606633	43612795	43612694	6162	43609714	-3081	3081	2980
chr19	47044661	47047555	47045202	2894	47046108	-1447	1447	-906
chr19	48869169	48877051	48873915	7882	48873110	-3941	3941	805
chr19	15540040	15541527	15540471	1487	15540783	-743	744	-312
chr19	7628501	7631491	7629498	2990	7629996	-1495	1495	-498
chr19	48180679	48184271	48182626	3592	48182475	-1796	1796	151
chr19	49135496	49141672	49140053	6176	49138584	-3088	3088	1469
chr19	55634437	55635931	55635641	1494	55635184	-747	747	457
chr19	35048852	35051711	35049443	2859	35050281	-1429	1430	-838
chr19	899622	905875	900098	6253	902748	-3126	3127	-2650
chr19	5913735	5915043	5914415	1308	5914389	-654	654	26
chr19	18447713	18453778	18451562	6065	18450745	-3032	3033	817
chr19	40230147	40236711	40235999	6564	40233429	-3282	3282	2570
chr19	40717506	40719847	40718234	2341	40718676	-1170	1171	-442
chr19	3733559	3739764	3739097	6205	3736661	-3102	3103	2436
chr19	58334236	58339539	58339291	5303	58336887	-2651	2652	2404
chr19	48616809	48620173	48617398	3364	48618491	-1682	1682	-1093
chr19	6751414	6755318	6754144	3904	6753366	-1952	1952	778
chr19	15262772	15269348	15264730	6576	15266060	-3288	3288	-1330
chr19	49096476	49099290	49098683	2814	49097883	-1407	1407	800
chr19	19431402	19437894	19436192	6492	19434648	-3246	3246	1544
chr19	16400653	16406523	16403751	5870	16403588	-2935	2935	163
chr19	10307345	10313629	10310857	6284	10310487	-3142	3142	370
chr19	899622	905875	900926	6253	902748	-3126	3127	-1822
chr19	7610517	7617257	7611929	6740	7613887	-3370	3370	-1958
chr19	10566585	10569534	10567151	2949	10568059	-1474	1475	-908
chr19	10577410	10582212	10581555	4802	10579811	-2401	2401	1744
chr19	17338841	17342035	17339592	3194	17340438	-1597	1597	-846
chr19	58391089	58397802	58393416	6713	58394445	-3356	3357	-1029
chr19	39163623	39170224	39169588	6601	39166923	-3300	3301	2665
chr19	52198684	52202243	52201998	3559	52200463	-1779	1780	1535
chr19	38915082	38917600	38915479	2518	38916341	-1259	1259	-862
chr19	4719796	4725018	4719885	5222	4722407	-2611	2611	-2522
chr19	5915235	5919250	5917921	4015	5917242	-2007	2008	679
chr19	6751414	6755318	6754077	3904	6753366	-1952	1952	711
chr19	18461870	18468889	18465913	7019	18465379	-3509	3510	534
chr19	35633470	35638341	35633690	4871	35635905	-2435	2436	-2215
chr19	35739309	35741282	35739733	1973	35740295	-986	987	-562
chr19	44746909	44752052	44751306	5143	44749480	-2571	2572	1826
chr19	49905219	49911250	49909805	6031	49908234	-3015	3016	1571
chr19	38620056	38622830	38620347	2774	38621443	-1387	1387	-1096
chr19	1072477	1075921	1073549	3444	1074199	-1722	1722	-650
chr19	5639780	5641969	5641883	2189	5640874	-1094	1095	1009
chr19	58510229	58517412	58512024	7183	58513820	-3591	3592	-1796
chr19	4815945	4819903	4816997	3958	4817924	-1979	1979	-927
chr19	12891817	12899734	12899235	7917	12895775	-3958	3959	3460
chr19	15111233	15118277	15113762	7044	15114755	-3522	3522	-993
chr19	41421092	41424046	41422267	2954	41422569	-1477	1477	-302
chr19	47340678	47344010	47341799	3332	47342344	-1666	1666	-545
chr19	10283282	10285919	10284047	2637	10284600	-1318	1319	-553
chr19	15225066	15228429	15227566	3363	15226747	-1681	1682	819
chr19	37370261	37371915	37371187	1654	37371088	-827	827	99
chr19	38920214	38926156	38922227	5942	38923185	-2971	2971	-958
chr19	43598391	43599909	43598925	1518	43599150	-759	759	-225
chr19	35611438	35615482	35613880	4044	35613460	-2022	2022	420
chr19	39419128	39424796	39423484	5668	39421962	-2834	2834	1522
chr19	54156260	54158450	54156808	2190	54157355	-1095	1095	-547
chr19	49594175	49599158	49596180	4983	49596666	-2491	2492	-486
chr19	55620999	55624892	55621179	3893	55622945	-1946	1947	-1766
chr19	57873270	57875750	57873519	2480	57874510	-1240	1240	-991
chr19	1059216	1065926	1063776	6710	1062571	-3355	3355	1205
chr19	49971639	49976702	49971671	5063	49974170	-2531	2532	-2499
chr19	17297697	17303800	17301310	6103	17300748	-3051	3052	562
chr19	54136157	54144052	54143181	7895	54140104	-3947	3948	3077
chr19	41904466	41911902	41906622	7436	41908184	-3718	3718	-1562
chr19	2811445	2819211	2811610	7766	2815328	-3883	3883	-3718
chr19	47029923	47033753	47032280	3830	47031838	-1915	1915	442
chr19	49445065	49451112	49448044	6047	49448088	-3023	3024	-44
chr19	7517979	7523710	7519625	5731	7520844	-2865	2866	-1219
chr19	48609054	48616461	48616080	7407	48612757	-3703	3704	3323
chr19	39837326	39840825	39840483	3499	39839075	-1749	1750	1408
chr19	42235810	42240524	42239996	4714	42238167	-2357	2357	1829
chr19	40777730	40782088	40780446	4358	40779909	-2179	2179	537
chr19	2827698	2832927	2832429	5229	2830312	-2614	2615	2117
chr19	13777713	13779273	13778093	1560	13778493	-780	780	-400
chr19	13916585	13924029	13918974	7444	13920307	-3722	3722	-1333
chr19	13916585	13924029	13920045	7444	13920307	-3722	3722	-262
chr19	39478800	39483840	39480728	5040	39481320	-2520	2520	-592
chr19	40436373	40442438	40441397	6065	40439405	-3032	3033	1992
chr19	45883913	45887300	45884997	3387	45885606	-1693	1694	-609
chr19	18535861	18540930	18539562	5069	18538395	-2534	2535	1167
chr19	35122049	35123546	35122788	1497	35122797	-748	749	-9
chr19	46015417	46018749	46018368	3332	46017083	-1666	1666	1285
chr19	7458372	7464504	7458553	6132	7461438	-3066	3066	-2885
chr19	57489860	57493204	57492176	3344	57491532	-1672	1672	644
chr19	18780155	18786763	18786554	6608	18783459	-3304	3304	3095
chr19	9161005	9162162	9161412	1157	9161583	-578	579	-171
chr19	35550858	35556059	35555676	5201	35553458	-2600	2601	2218
chr19	42295742	42302769	42300008	7027	42299255	-3513	3514	753
chr19	16415509	16419955	16417975	4446	16417732	-2223	2223	243
chr19	36002034	36005196	36003404	3162	36003615	-1581	1581	-211
chr19	10784374	10790177	10786587	5803	10787275	-2901	2902	-688
chr19	10134253	10141167	10139784	6914	10137710	-3457	3457	2074
chr19	19021686	19026132	19025781	4446	19023909	-2223	2223	1872
chr19	7150069	7154199	7152885	4130	7152134	-2065	2065	751
chr19	45523576	45524892	45523860	1316	45524234	-658	658	-374
chr19	1431053	1435086	1432663	4033	1433069	-2016	2017	-406
chr19	4320626	4325247	4323052	4621	4322936	-2310	2311	116
chr19	13822409	13828088	13823359	5679	13825248	-2839	2840	-1889
chr19	3782459	3786760	3785065	4301	3784609	-2150	2151	456
chr19	4534259	4538328	4538276	4069	4536293	-2034	2035	1983
chr19	5654894	5660227	5657310	5333	5657560	-2666	2667	-250
chr19	12700715	12704436	12703753	3721	12702575	-1860	1861	1178
chr19	12891817	12899734	12896342	7917	12895775	-3958	3959	567
chr19	13087312	13092490	13090307	5178	13089901	-2589	2589	406
chr19	19344453	19351465	19349168	7012	19347959	-3506	3506	1209
chr19	19496717	19504383	19502490	7666	19500550	-3833	3833	1940
chr19	19512235	19515169	19514831	2934	19513702	-1467	1467	1129
chr19	34389546	34394700	34393838	5154	34392123	-2577	2577	1715
chr19	35063707	35066493	35066265	2786	35065100	-1393	1393	1165
chr19	35248183	35255398	35248881	7215	35251790	-3607	3608	-2909
chr19	35544801	35548370	35547162	3569	35546585	-1784	1785	577
chr19	35729599	35737394	35733828	7795	35733496	-3897	3898	332
chr19	38915082	38917600	38915734	2518	38916341	-1259	1259	-607
chr19	39468353	39471640	39470194	3287	39469996	-1643	1644	198
chr19	49905219	49911250	49908610	6031	49908234	-3015	3016	376
chr19	54189943	54193442	54191750	3499	54191692	-1749	1750	58
chr19	54189943	54193442	54192182	3499	54191692	-1749	1750	490
chr19	57873270	57875750	57873579	2480	57874510	-1240	1240	-931
chr19	8323785	8327107	8324712	3322	8325446	-1661	1661	-734
chr19	19505531	19508450	19506163	2919	19506990	-1459	1460	-827
chr19	7481420	7483880	7482183	2460	7482650	-1230	1230	-467
chr19	15231099	15234917	15231281	3818	15233008	-1909	1909	-1727
chr19	15239596	15243977	15239973	4381	15241786	-2190	2191	-1813
chr19	44672528	44676580	44672658	4052	44674554	-2026	2026	-1896
chr19	6730133	6734723	6732532	4590	6732428	-2295	2295	104
chr19	7610517	7617257	7616599	6740	7613887	-3370	3370	2712
chr19	13830005	13832341	13831164	2336	13831173	-1168	1168	-9
chr19	36021646	36026033	36024566	4387	36023839	-2193	2194	727
chr19	39163623	39170224	39169628	6601	39166923	-3300	3301	2705
chr19	55386159	55391772	55387907	5613	55388965	-2806	2807	-1058
chr20	45889535	45892396	45892270	2861	45890965	-1430	1431	1305
chr20	2656802	2661952	2660721	5150	2659377	-2575	2575	1344
chr20	31947528	31951750	31950375	4222	31949639	-2111	2111	736
chr20	1177792	1183765	1181150	5973	1180778	-2986	2987	372
chr20	49279991	49281669	49280504	1678	49280830	-839	839	-326
chr20	31944675	31946729	31946516	2054	31945702	-1027	1027	814
chr20	45889535	45892396	45890496	2861	45890965	-1430	1431	-469
chr20	62910434	62911859	62911484	1425	62911146	-712	713	338
chr20	44754068	44758519	44758168	4451	44756293	-2225	2226	1875
chr20	36523651	36527134	36526987	3483	36525392	-1741	1742	1595
chr20	62879132	62881829	62881351	2697	62880480	-1348	1349	871
chr20	13775781	13777218	13775905	1437	13776499	-718	719	-594
chr20	36610303	36616802	36612124	6499	36613552	-3249	3250	-1428
chr20	32108321	32113517	32109691	5196	32110919	-2598	2598	-1228
chr20	18525155	18527713	18526452	2558	18526434	-1279	1279	18
chr20	3800364	3803512	3803143	3148	3801938	-1574	1574	1205
chr20	2653059	2656391	2654838	3332	2654725	-1666	1666	113
chr20	45839998	45842888	45842030	2890	45841443	-1445	1445	587
chr20	63486787	63492274	63490591	5487	63489530	-2743	2744	1061
chr20	37300571	37302556	37301330	1985	37301563	-992	993	-233
chr20	31947528	31951750	31948814	4222	31949639	-2111	2111	-825
chr20	25273717	25281651	25280402	7934	25277684	-3967	3967	2718
chr20	47644514	47647511	47647093	2997	47646012	-1498	1499	1081
chr20	18525155	18527713	18527557	2558	18526434	-1279	1279	1123
chr20	41351742	41357495	41352116	5753	41354618	-2876	2877	-2502
chr20	2461707	2462832	2462577	1125	2462269	-562	563	308
chr20	2469931	2471220	2470697	1289	2470575	-644	645	122
chr20	17942235	17944880	17942323	2645	17943557	-1322	1323	-1234
chr20	62879132	62881829	62879328	2697	62880480	-1348	1349	-1152
chr20	35561798	35565457	35565208	3659	35563627	-1829	1830	1581
chr20	34985381	34988562	34987807	3181	34986971	-1590	1591	836
chr20	58987320	58991728	58989884	4408	58989524	-2204	2204	360
chr20	58987320	58991728	58988980	4408	58989524	-2204	2204	-544
chr20	62879132	62881829	62879609	2697	62880480	-1348	1349	-871
chr20	36610303	36616802	36613797	6499	36613552	-3249	3250	245
chr20	44262693	44267074	44264675	4381	44264883	-2190	2191	-208
chr20	58992107	58995537	58993706	3430	58993822	-1715	1715	-116
chr20	3123325	3126720	3123390	3395	3125022	-1697	1698	-1632
chr20	2861500	2864338	2861684	2838	2862919	-1419	1419	-1235
chr20	47666783	47673943	47672282	7160	47670363	-3580	3580	1919
chr20	62910434	62911859	62911210	1425	62911146	-712	713	64
chr20	3800364	3803512	3802057	3148	3801938	-1574	1574	119
chr20	25296176	25297461	25296633	1285	25296818	-642	643	-185
chr20	35551774	35558123	35556206	6349	35554948	-3174	3175	1258
chr20	45334849	45337964	45335875	3115	45336406	-1557	1558	-531
chr20	45889535	45892396	45890324	2861	45890965	-1430	1431	-641
chr20	48638285	48639872	48639840	1587	48639078	-793	794	762
chr20	63202006	63204048	63203555	2042	63203027	-1021	1021	528
chr20	63707087	63710473	63709075	3386	63708780	-1693	1693	295
chr20	50083670	50089672	50084185	6002	50086671	-3001	3001	-2486
chr20	62135262	62140518	62139832	5256	62137890	-2628	2628	1942
chr20	35652245	35653483	35653153	1238	35652864	-619	619	289
chr20	3034627	3038180	3038101	3553	3036403	-1776	1777	1698
chr20	62195723	62198333	62195865	2610	62197028	-1305	1305	-1163
chr20	64022198	64026851	64024602	4653	64024524	-2326	2327	78
chr20	41174403	41176377	41174661	1974	41175390	-987	987	-729
chr20	3226653	3231447	3230253	4794	3229050	-2397	2397	1203
chr20	2656802	2661952	2659762	5150	2659377	-2575	2575	385
chr20	3780397	3787177	3785112	6780	3783787	-3390	3390	1325
chr20	37395498	37398279	37397801	2781	37396888	-1390	1391	913
chr20	49270630	49271767	49271195	1137	49271198	-568	569	-3
chr20	32433717	32436622	32434780	2905	32435169	-1452	1453	-389
chr20	32433717	32436622	32435299	2905	32435169	-1452	1453	130
chr20	32433717	32436622	32435728	2905	32435169	-1452	1453	559
chr20	32433717	32436622	32436094	2905	32435169	-1452	1453	925
chr20	32433717	32436622	32436305	2905	32435169	-1452	1453	1136
chr20	62135262	62140518	62139832	5256	62137890	-2628	2628	1942
chr20	49257005	49259811	49257606	2806	49258408	-1403	1403	-802
chr20	33378881	33379863	33379538	982	33379372	-491	491	166
chr20	13715133	13717544	13717420	2411	13716338	-1205	1206	1082
chr20	43714958	43717200	43715156	2242	43716079	-1121	1121	-923
chr20	62129385	62134009	62130681	4624	62131697	-2312	2312	-1016
chr20	44947983	44949649	44948768	1666	44948816	-833	833	-48
chr20	49150323	49151906	49151710	1583	49151114	-791	792	596
chr20	325056	328482	326266	3426	326769	-1713	1713	-503
chr20	51789314	51792484	51791952	3170	51790899	-1585	1585	1053
chr20	62332560	62335535	62334264	2975	62334047	-1487	1488	217
chr20	23361461	23366357	23365113	4896	23363909	-2448	2448	1204
chr20	62910434	62911859	62911536	1425	62911146	-712	713	390
chr20	44749601	44753635	44750207	4034	44751618	-2017	2017	-1411
chr20	38005520	38007973	38006292	2453	38006746	-1226	1227	-454
chr20	36576427	36580515	36578796	4088	36578471	-2044	2044	325
chr20	58992107	58995537	58994921	3430	58993822	-1715	1715	1099
chr20	49906169	49907763	49906630	1594	49906966	-797	797	-336
chr20	45967661	45972592	45972173	4931	45970126	-2465	2466	2047
chr20	18525155	18527713	18526499	2558	18526434	-1279	1279	65
chr20	32433717	32436622	32433809	2905	32435169	-1452	1453	-1360
chr20	62879132	62881829	62881536	2697	62880480	-1348	1349	1056
chr20	21333364	21335599	21333703	2235	21334481	-1117	1118	-778
chr20	31665787	31669226	31665881	3439	31667506	-1719	1720	-1625
chr20	33386804	33389707	33387458	2903	33388255	-1451	1452	-797
chr20	51789314	51792484	51791191	3170	51790899	-1585	1585	292
chr20	2653059	2656391	2655428	3332	2654725	-1666	1666	703
chr20	63202006	63204048	63203791	2042	63203027	-1021	1021	764
chr20	32189696	32190899	32189861	1203	32190297	-601	602	-436
chr20	41164256	41171008	41167850	6752	41167632	-3376	3376	218
chr20	34095799	34097513	34097479	1714	34096656	-857	857	823
chr20	1177792	1183765	1180980	5973	1180778	-2986	2987	202
chr20	41164256	41171008	41165295	6752	41167632	-3376	3376	-2337
chr20	35547610	35549452	35548996	1842	35548531	-921	921	465
chr20	63202006	63204048	63203509	2042	63203027	-1021	1021	482
chr20	51789314	51792484	51790854	3170	51790899	-1585	1585	-45
chr20	2656802	2661952	2656949	5150	2659377	-2575	2575	-2428
chr20	3218425	3222213	3221910	3788	3220319	-1894	1894	1591
chr20	32139860	32145572	32145353	5712	32142716	-2856	2856	2637
chr20	33378881	33379863	33379599	982	33379372	-491	491	227
chr20	35674066	35675261	35674543	1195	35674663	-597	598	-120
chr20	41122986	41123497	41123390	511	41123241	-255	256	149
chr20	63202006	63204048	63202434	2042	63203027	-1021	1021	-593
chr20	63202006	63204048	63202878	2042	63203027	-1021	1021	-149
chr20	56625887	56632844	56629314	6957	56629365	-3478	3479	-51
chr20	36589336	36592074	36591184	2738	36590705	-1369	1369	479
chr20	25221567	25224660	25224121	3093	25223113	-1546	1547	1008
chr20	41201789	41205947	41202771	4158	41203868	-2079	2079	-1097
chr20	3868546	3873751	3871334	5205	3871148	-2602	2603	186
chr20	41201789	41205947	41203318	4158	41203868	-2079	2079	-550
chr20	58992107	58995537	58995535	3430	58993822	-1715	1715	1713
chr20	57706973	57710837	57710521	3864	57708905	-1932	1932	1616
chr20	34279578	34282472	34281053	2894	34281025	-1447	1447	28
chr20	51789314	51792484	51791984	3170	51790899	-1585	1585	1085
chr20	62910434	62911859	62910916	1425	62911146	-712	713	-230
chr20	62910434	62911859	62911130	1425	62911146	-712	713	-16
chr20	31944675	31946729	31945748	2054	31945702	-1027	1027	46
chr20	62943713	62947674	62944936	3961	62945693	-1980	1981	-757
chr20	3800364	3803512	3801370	3148	3801938	-1574	1574	-568
chr20	2461707	2462832	2461875	1125	2462269	-562	563	-394
chr20	48635676	48638190	48637732	2514	48636933	-1257	1257	799
chr20	31665787	31669226	31666021	3439	31667506	-1719	1720	-1485
chr20	57706973	57710837	57709513	3864	57708905	-1932	1932	608
chr20	17942235	17944880	17943366	2645	17943557	-1322	1323	-191
chr20	23631163	23635137	23633941	3974	23633150	-1987	1987	791
chr20	3757385	3759295	3758614	1910	3758340	-955	955	274
chr20	2656802	2661952	2659706	5150	2659377	-2575	2575	329
chr20	41201789	41205947	41204945	4158	41203868	-2079	2079	1077
chr20	48689823	48693265	48692678	3442	48691544	-1721	1721	1134
chr20	58987320	58991728	58987804	4408	58989524	-2204	2204	-1720
chr20	56467785	56469360	56468761	1575	56468572	-787	788	189
chr20	32433717	32436622	32434736	2905	32435169	-1452	1453	-433
chr20	34928650	34929919	34929563	1269	34929284	-634	635	279
chr20	34989282	34991375	34989774	2093	34990328	-1046	1047	-554
chr20	3749033	3756984	3755527	7951	3753008	-3975	3976	2519
chr20	3226653	3231447	3229345	4794	3229050	-2397	2397	295
chr20	63888199	63889758	63889200	1559	63888978	-779	780	222
chr20	36523651	36527134	36526015	3483	36525392	-1741	1742	623
chr20	62129385	62134009	62131362	4624	62131697	-2312	2312	-335
chr20	62879132	62881829	62881384	2697	62880480	-1348	1349	904
chr20	62879132	62881829	62881440	2697	62880480	-1348	1349	960
chr20	62201132	62202998	62201132	1866	62202065	-933	933	-933
chr20	63699077	63702589	63701263	3512	63700833	-1756	1756	430
chr20	49908169	49908806	49908224	637	49908487	-318	319	-263
chr20	44262693	44267074	44264673	4381	44264883	-2190	2191	-210
chr20	3780397	3787177	3784941	6780	3783787	-3390	3390	1154
chr20	3868546	3873751	3871202	5205	3871148	-2602	2603	54
chr20	44909638	44912125	44910291	2487	44910881	-1243	1244	-590
chr20	13775781	13777218	13775875	1437	13776499	-718	719	-624
chr20	47666783	47673943	47672270	7160	47670363	-3580	3580	1907
chr20	62135262	62140518	62139097	5256	62137890	-2628	2628	1207
chr20	62195723	62198333	62195945	2610	62197028	-1305	1305	-1083
chr20	3226653	3231447	3228289	4794	3229050	-2397	2397	-761
chr20	35551774	35558123	35556303	6349	35554948	-3174	3175	1355
chr20	58987320	58991728	58989495	4408	58989524	-2204	2204	-29
chr20	35699125	35702080	35700961	2955	35700602	-1477	1478	359
chr20	41122986	41123497	41123240	511	41123241	-255	256	-1
chr20	41201789	41205947	41205031	4158	41203868	-2079	2079	1163
chr20	63202006	63204048	63203637	2042	63203027	-1021	1021	610
chr20	3804517	3807855	3804852	3338	3806186	-1669	1669	-1334
chr20	25478044	25483666	25478993	5622	25480855	-2811	2811	-1862
chr20	2656802	2661952	2657673	5150	2659377	-2575	2575	-1704
chr20	31553475	31561251	31554829	7776	31557363	-3888	3888	-2534
chr20	32433717	32436622	32435759	2905	32435169	-1452	1453	590
chr20	32433717	32436622	32436269	2905	32435169	-1452	1453	1100
chr20	35547610	35549452	35549118	1842	35548531	-921	921	587
chr20	41201789	41205947	41204282	4158	41203868	-2079	2079	414
chr20	44749601	44753635	44750316	4034	44751618	-2017	2017	-1302
chr20	46062420	46063917	46062681	1497	46063168	-748	749	-487
chr20	62809275	62816209	62809649	6934	62812742	-3467	3467	-3093
chr20	45967661	45972592	45968349	4931	45970126	-2465	2466	-1777
chr20	58709689	58716657	58713399	6968	58713173	-3484	3484	226
chr20	58709689	58716657	58713401	6968	58713173	-3484	3484	228
chr20	58709689	58716657	58715093	6968	58713173	-3484	3484	1920
chr20	58709689	58716657	58715422	6968	58713173	-3484	3484	2249
chr20	37401185	37408788	37403753	7603	37404986	-3801	3802	-1233
chr20	49245718	49248306	49246386	2588	49247012	-1294	1294	-626
chr20	63202006	63204048	63203673	2042	63203027	-1021	1021	646
chr20	32139860	32145572	32145210	5712	32142716	-2856	2856	2494
chr20	37401185	37408788	37402438	7603	37404986	-3801	3802	-2548
chr20	44262693	44267074	44264676	4381	44264883	-2190	2191	-207
chr20	49003792	49008181	49005145	4389	49005986	-2194	2195	-841
chr20	51789314	51792484	51790751	3170	51790899	-1585	1585	-148
chr20	58996020	58996952	58996709	932	58996486	-466	466	223
chr20	36793491	36796650	36793838	3159	36795070	-1579	1580	-1232
chr20	45938492	45939689	45939101	1197	45939090	-598	599	11
chr20	49245718	49248306	49246386	2588	49247012	-1294	1294	-626
chr20	62754400	62757009	62754696	2609	62755704	-1304	1305	-1008
chr20	24948368	24952331	24949463	3963	24950349	-1981	1982	-886
chr20	25273717	25281651	25276759	7934	25277684	-3967	3967	-925
chr20	36801246	36807633	36803042	6387	36804439	-3193	3194	-1397
chr20	49112832	49115688	49114785	2856	49114260	-1428	1428	525
chr20	58700757	58702169	58701145	1412	58701463	-706	706	-318
chr20	3749033	3756984	3752766	7951	3753008	-3975	3976	-242
chr20	36523651	36527134	36524255	3483	36525392	-1741	1742	-1137
chr20	41164256	41171008	41165039	6752	41167632	-3376	3376	-2593
chr20	62129385	62134009	62133379	4624	62131697	-2312	2312	1682
chr20	34989282	34991375	34989921	2093	34990328	-1046	1047	-407
chr20	62285600	62289358	62289306	3758	62287479	-1879	1879	1827
chr20	35302747	35305545	35303993	2798	35304146	-1399	1399	-153
chr20	49906169	49907763	49906536	1594	49906966	-797	797	-430
chr20	45799117	45802702	45801131	3585	45800909	-1792	1793	222
chr20	45839998	45842888	45841874	2890	45841443	-1445	1445	431
chr20	32433717	32436622	32433732	2905	32435169	-1452	1453	-1437
chr20	51789314	51792484	51790916	3170	51790899	-1585	1585	17
chr20	49236934	49239883	49239252	2949	49238408	-1474	1475	844
chr20	62337034	62341700	62337872	4666	62339367	-2333	2333	-1495
chr20	3780397	3787177	3785401	6780	3783787	-3390	3390	1614
chr20	57361633	57368366	57365437	6733	57364999	-3366	3367	438
chr20	53570560	53573523	53571720	2963	53572041	-1481	1482	-321
chr20	13775781	13777218	13776180	1437	13776499	-718	719	-319
chr20	32139860	32145572	32141871	5712	32142716	-2856	2856	-845
chr20	34078401	34079563	34078526	1162	34078982	-581	581	-456
chr20	49270630	49271767	49271394	1137	49271198	-568	569	196
chr20	50564917	50570846	50565069	5929	50567881	-2964	2965	-2812
chr20	24953478	24959328	24957316	5850	24956403	-2925	2925	913
chr20	35652245	35653483	35652631	1238	35652864	-619	619	-233
chr20	44754068	44758519	44757724	4451	44756293	-2225	2226	1431
chr20	34985381	34988562	34987878	3181	34986971	-1590	1591	907
chr20	45839998	45842888	45840380	2890	45841443	-1445	1445	-1063
chr20	63202006	63204048	63202638	2042	63203027	-1021	1021	-389
chr20	3226653	3231447	3230961	4794	3229050	-2397	2397	1911
chr20	62879132	62881829	62880547	2697	62880480	-1348	1349	67
chr20	25478044	25483666	25479048	5622	25480855	-2811	2811	-1807
chr20	58709689	58716657	58713884	6968	58713173	-3484	3484	711
chr20	33640801	33645733	33645075	4932	33643267	-2466	2466	1808
chr20	41201789	41205947	41203803	4158	41203868	-2079	2079	-65
chr20	32365169	32368220	32366450	3051	32366694	-1525	1526	-244
chr20	32433717	32436622	32435421	2905	32435169	-1452	1453	252
chr20	2656802	2661952	2656874	5150	2659377	-2575	2575	-2503
chr20	62153907	62160556	62158695	6649	62157231	-3324	3325	1464
chr20	45959053	45964554	45960714	5501	45961803	-2750	2751	-1089
chr20	51789314	51792484	51792135	3170	51790899	-1585	1585	1236
chr20	1177792	1183765	1181422	5973	1180778	-2986	2987	644
chr20	2656802	2661952	2657204	5150	2659377	-2575	2575	-2173
chr20	2861500	2864338	2863304	2838	2862919	-1419	1419	385
chr20	3034627	3038180	3035807	3553	3036403	-1776	1777	-596
chr20	3749033	3756984	3750874	7951	3753008	-3975	3976	-2134
chr20	3780397	3787177	3781297	6780	3783787	-3390	3390	-2490
chr20	4698859	4700616	4699925	1757	4699737	-878	879	188
chr20	18162703	18164925	18162730	2222	18163814	-1111	1111	-1084
chr20	31537607	31538836	31538364	1229	31538221	-614	615	143
chr20	32158094	32161513	32158477	3419	32159803	-1709	1710	-1326
chr20	35500748	35502956	35502672	2208	35501852	-1104	1104	820
chr20	35617855	35621541	35618922	3686	35619698	-1843	1843	-776
chr20	35617855	35621541	35619709	3686	35619698	-1843	1843	11
chr20	36523651	36527134	36525884	3483	36525392	-1741	1742	492
chr20	36589336	36592074	36591436	2738	36590705	-1369	1369	731
chr20	36793491	36796650	36793885	3159	36795070	-1579	1580	-1185
chr20	37395498	37398279	37396259	2781	37396888	-1390	1391	-629
chr20	41164256	41171008	41170169	6752	41167632	-3376	3376	2537
chr20	41171094	41174074	41172243	2980	41172584	-1490	1490	-341
chr20	41201789	41205947	41203526	4158	41203868	-2079	2079	-342
chr20	45790233	45795982	45795365	5749	45793107	-2874	2875	2258
chr20	45799117	45802702	45802005	3585	45800909	-1792	1793	1096
chr20	45799117	45802702	45802006	3585	45800909	-1792	1793	1097
chr20	45889535	45892396	45890700	2861	45890965	-1430	1431	-265
chr20	47644514	47647511	47647230	2997	47646012	-1498	1499	1218
chr20	49270630	49271767	49270996	1137	49271198	-568	569	-202
chr20	49906169	49907763	49906702	1594	49906966	-797	797	-264
chr20	58440112	58442348	58440951	2236	58441230	-1118	1118	-279
chr20	58709689	58716657	58714776	6968	58713173	-3484	3484	1603
chr20	58992107	58995537	58994794	3430	58993822	-1715	1715	972
chr20	58992107	58995537	58995496	3430	58993822	-1715	1715	1674
chr20	62754400	62757009	62754814	2609	62755704	-1304	1305	-890
chr20	62910434	62911859	62910829	1425	62911146	-712	713	-317
chr20	63277465	63284676	63278177	7211	63281070	-3605	3606	-2893
chr20	63556636	63561704	63561651	5068	63559170	-2534	2534	2481
chr20	35712927	35716403	35714286	3476	35714665	-1738	1738	-379
chr20	41174403	41176377	41174519	1974	41175390	-987	987	-871
chr20	34090167	34091240	34090561	1073	34090703	-536	537	-142
chr20	45811476	45813729	45813357	2253	45812602	-1126	1127	755
chr20	386397	394338	388106	7941	390367	-3970	3971	-2261
chr20	499150	502207	499920	3057	500678	-1528	1529	-758
chr20	35674066	35675261	35674600	1195	35674663	-597	598	-63
chr20	63556636	63561704	63560920	5068	63559170	-2534	2534	1750
chr20	57706973	57710837	57710494	3864	57708905	-1932	1932	1589
chr20	9065232	9069799	9069166	4567	9067515	-2283	2284	1651
chr20	41164256	41171008	41166784	6752	41167632	-3376	3376	-848
chr20	1451364	1453583	1453089	2219	1452473	-1109	1110	616
chr20	2656802	2661952	2658518	5150	2659377	-2575	2575	-859
chr20	3199322	3204132	3200021	4810	3201727	-2405	2405	-1706
chr20	13780547	13783293	13782597	2746	13781920	-1373	1373	677
chr20	13780547	13783293	13782831	2746	13781920	-1373	1373	911
chr20	32158094	32161513	32161356	3419	32159803	-1709	1710	1553
chr20	32433717	32436622	32436576	2905	32435169	-1452	1453	1407
chr20	33640801	33645733	33644605	4932	33643267	-2466	2466	1338
chr20	36523651	36527134	36525869	3483	36525392	-1741	1742	477
chr20	36523651	36527134	36527049	3483	36525392	-1741	1742	1657
chr20	36610303	36616802	36612122	6499	36613552	-3249	3250	-1430
chr20	36610303	36616802	36615269	6499	36613552	-3249	3250	1717
chr20	36793491	36796650	36794300	3159	36795070	-1579	1580	-770
chr20	38747715	38750487	38750101	2772	38749101	-1386	1386	1000
chr20	41201789	41205947	41205005	4158	41203868	-2079	2079	1137
chr20	43686591	43688793	43686936	2202	43687692	-1101	1101	-756
chr20	44749601	44753635	44750316	4034	44751618	-2017	2017	-1302
chr20	50578836	50579981	50579290	1145	50579408	-572	573	-118
chr20	57373108	57374242	57373695	1134	57373675	-567	567	20
chr20	63202006	63204048	63203694	2042	63203027	-1021	1021	667
chr20	21333364	21335599	21333781	2235	21334481	-1117	1118	-700
chr20	35617855	35621541	35620708	3686	35619698	-1843	1843	1010
chr20	38747715	38750487	38750228	2772	38749101	-1386	1386	1127
chr20	63202006	63204048	63202589	2042	63203027	-1021	1021	-438
chr20	63556636	63561704	63560476	5068	63559170	-2534	2534	1306
chr20	17656996	17660035	17660005	3039	17658515	-1519	1520	1490
chr20	5944833	5947332	5944858	2499	5946082	-1249	1250	-1224
chr20	62910434	62911859	62911198	1425	62911146	-712	713	52
chr20	62285600	62289358	62286692	3758	62287479	-1879	1879	-787
chr20	32445561	32451724	32447506	6163	32448642	-3081	3082	-1136
chr20	35551774	35558123	35557191	6349	35554948	-3174	3175	2243
chr20	35551774	35558123	35557192	6349	35554948	-3174	3175	2244
chr20	35652245	35653483	35652741	1238	35652864	-619	619	-123
chr20	36801246	36807633	36803001	6387	36804439	-3193	3194	-1438
chr20	34985381	34988562	34987635	3181	34986971	-1590	1591	664
chr20	32433717	32436622	32435949	2905	32435169	-1452	1453	780
chr20	58444015	58445240	58444603	1225	58444627	-612	613	-24
chr20	46062420	46063917	46063475	1497	46063168	-748	749	307
chr20	41171094	41174074	41173498	2980	41172584	-1490	1490	914
chr20	44749601	44753635	44750579	4034	44751618	-2017	2017	-1039
chr20	31944675	31946729	31946505	2054	31945702	-1027	1027	803
chr20	33709753	33716772	33714725	7019	33713262	-3509	3510	1463
chr20	25221567	25224660	25222772	3093	25223113	-1546	1547	-341
chr20	45334849	45337964	45335800	3115	45336406	-1557	1558	-606
chr20	49270630	49271767	49270683	1137	49271198	-568	569	-515
chr20	62390745	62394708	62394163	3963	62392726	-1981	1982	1437
chr20	45959053	45964554	45959280	5501	45961803	-2750	2751	-2523
chr20	2653059	2656391	2655478	3332	2654725	-1666	1666	753
chr20	3034627	3038180	3035803	3553	3036403	-1776	1777	-600
chr20	56625887	56632844	56631313	6957	56629365	-3478	3479	1948
chr20	49245718	49248306	49247321	2588	49247012	-1294	1294	309
chr20	50607697	50610460	50609341	2763	50609078	-1381	1382	263
chr20	45790233	45795982	45795374	5749	45793107	-2874	2875	2267
chr20	31537607	31538836	31538305	1229	31538221	-614	615	84
chr20	44955892	44958116	44956465	2224	44957004	-1112	1112	-539
chr20	20021560	20025525	20022456	3965	20023542	-1982	1983	-1086
chr20	62337034	62341700	62338467	4666	62339367	-2333	2333	-900
chr20	59042142	59043457	59042776	1315	59042799	-657	658	-23
chr20	41164256	41171008	41169524	6752	41167632	-3376	3376	1892
chr20	62195723	62198333	62197876	2610	62197028	-1305	1305	848
chr20	49245718	49248306	49247576	2588	49247012	-1294	1294	564
chr20	5944833	5947332	5944868	2499	5946082	-1249	1250	-1214
chr20	62910434	62911859	62911248	1425	62911146	-712	713	102
chr20	58444015	58445240	58444424	1225	58444627	-612	613	-203
chr20	41164256	41171008	41170235	6752	41167632	-3376	3376	2603
chr20	32158094	32161513	32161310	3419	32159803	-1709	1710	1507
chr20	41359978	41362061	41360560	2083	41361019	-1041	1042	-459
chr20	32433717	32436622	32434850	2905	32435169	-1452	1453	-319
chr20	45959053	45964554	45960646	5501	45961803	-2750	2751	-1157
chr20	31944675	31946729	31946524	2054	31945702	-1027	1027	822
chr20	58709689	58716657	58713805	6968	58713173	-3484	3484	632
chr20	63202006	63204048	63203203	2042	63203027	-1021	1021	176
chr20	24948368	24952331	24949463	3963	24950349	-1981	1982	-886
chr20	32433717	32436622	32434887	2905	32435169	-1452	1453	-282
chr20	34985381	34988562	34987808	3181	34986971	-1590	1591	837
chr20	49908169	49908806	49908264	637	49908487	-318	319	-223
chr20	6040279	6043804	6041018	3525	6042041	-1762	1763	-1023
chr20	34282747	34285796	34285439	3049	34284271	-1524	1525	1168
chr20	1177792	1183765	1181190	5973	1180778	-2986	2987	412
chr20	34298806	34304422	34303329	5616	34301614	-2808	2808	1715
chr20	50941067	50943275	50942076	2208	50942171	-1104	1104	-95
chr20	59938696	59940172	59939101	1476	59939434	-738	738	-333
chr20	2653059	2656391	2655415	3332	2654725	-1666	1666	690
chr20	23047422	23052608	23048412	5186	23050015	-2593	2593	-1603
chr20	34928650	34929919	34928809	1269	34929284	-634	635	-475
chr20	36589336	36592074	36590909	2738	36590705	-1369	1369	204
chr20	45959053	45964554	45960452	5501	45961803	-2750	2751	-1351
chr20	51789314	51792484	51790445	3170	51790899	-1585	1585	-454
chr20	51789314	51792484	51791056	3170	51790899	-1585	1585	157
chr20	36589336	36592074	36591005	2738	36590705	-1369	1369	300
chr20	45799117	45802702	45801138	3585	45800909	-1792	1793	229
chr20	48689823	48693265	48692699	3442	48691544	-1721	1721	1155
chr20	2839256	2842146	2839879	2890	2840701	-1445	1445	-822
chr20	5944833	5947332	5946474	2499	5946082	-1249	1250	392
chr20	23047422	23052608	23048307	5186	23050015	-2593	2593	-1708
chr20	50607697	50610460	50609716	2763	50609078	-1381	1382	638
chr21	29056042	29059208	29056489	3166	29057625	-1583	1583	-1136
chr21	33548627	33554404	33549984	5777	33551515	-2888	2889	-1531
chr21	42902890	42904210	42903770	1320	42903550	-660	660	220
chr21	43774113	43778662	43774137	4549	43776387	-2274	2275	-2250
chr21	45472527	45476894	45476383	4367	45474710	-2183	2184	1673
chr21	41991262	41993293	41992854	2031	41992277	-1015	1016	577
chr21	46363557	46369104	46366825	5547	46366330	-2773	2774	495
chr21	25734448	25736244	25734946	1796	25735346	-898	898	-400
chr21	39198001	39201676	39198952	3675	39199838	-1837	1838	-886
chr21	10412631	10417293	10413744	4662	10414962	-2331	2331	-1218
chr21	46271902	46274085	46272566	2183	46272993	-1091	1092	-427
chr21	39198001	39201676	39199316	3675	39199838	-1837	1838	-522
chr21	44423257	44426894	44425616	3637	44425075	-1818	1819	541
chr21	42381006	42384232	42383072	3226	42382619	-1613	1613	453
chr21	46363557	46369104	46363727	5547	46366330	-2773	2774	-2603
chr21	42878267	42879785	42879550	1518	42879026	-759	759	524
chr21	9068575	9076535	9069350	7960	9072555	-3980	3980	-3205
chr21	14382244	14383659	14383170	1415	14382951	-707	708	219
chr21	41991262	41993293	41992932	2031	41992277	-1015	1016	655
chr21	42902890	42904210	42903493	1320	42903550	-660	660	-57
chr21	33344181	33346592	33345283	2411	33345386	-1205	1206	-103
chr21	39348054	39351227	39348316	3173	39349640	-1586	1587	-1324
chr21	42902890	42904210	42903743	1320	42903550	-660	660	193
chr21	42902890	42904210	42904126	1320	42903550	-660	660	576
chr21	36132795	36139296	36132907	6501	36136045	-3250	3251	-3138
chr21	45464972	45469692	45468322	4720	45467332	-2360	2360	990
chr21	43774113	43778662	43774137	4549	43776387	-2274	2275	-2250
chr21	45453280	45458857	45455547	5577	45456068	-2788	2789	-521
chr21	9068575	9076535	9068835	7960	9072555	-3980	3980	-3720
chr21	46271902	46274085	46272630	2183	46272993	-1091	1092	-363
chr21	32732615	32734042	32733988	1427	32733328	-713	714	660
chr21	46248026	46250684	46249974	2658	46249355	-1329	1329	619
chr21	41991262	41993293	41992110	2031	41992277	-1015	1016	-167
chr21	42381006	42384232	42382150	3226	42382619	-1613	1613	-469
chr21	44423257	44426894	44426686	3637	44425075	-1818	1819	1611
chr21	44335253	44340430	44335709	5177	44337841	-2588	2589	-2132
chr21	33548627	33554404	33550239	5777	33551515	-2888	2889	-1276
chr21	9068575	9076535	9069461	7960	9072555	-3980	3980	-3094
chr21	44221376	44229154	44229026	7778	44225265	-3889	3889	3761
chr21	41991262	41993293	41991645	2031	41992277	-1015	1016	-632
chr21	44061679	44064551	44063762	2872	44063115	-1436	1436	647
chr21	33548627	33554404	33550400	5777	33551515	-2888	2889	-1115
chr21	42578832	42584921	42580538	6089	42581876	-3044	3045	-1338
chr21	46243958	46247902	46245085	3944	46245930	-1972	1972	-845
chr21	37223515	37228600	37227671	5085	37226057	-2542	2543	1614
chr21	45453280	45458857	45455529	5577	45456068	-2788	2789	-539
chr21	46315951	46318829	46318235	2878	46317390	-1439	1439	845
chr21	33548627	33554404	33553124	5777	33551515	-2888	2889	1609
chr21	43774113	43778662	43774181	4549	43776387	-2274	2275	-2206
chr21	32353459	32357451	32353955	3992	32355455	-1996	1996	-1500
chr21	36034874	36036603	36035829	1729	36035738	-864	865	91
chr21	44086672	44090349	44089900	3677	44088510	-1838	1839	1390
chr21	39198001	39201676	39199632	3675	39199838	-1837	1838	-206
chr21	39348054	39351227	39348565	3173	39349640	-1586	1587	-1075
chr21	39198001	39201676	39199289	3675	39199838	-1837	1838	-549
chr21	42907809	42911881	42908996	4072	42909845	-2036	2036	-849
chr21	46189239	46192550	46191884	3311	46190894	-1655	1656	990
chr21	33548627	33554404	33554358	5777	33551515	-2888	2889	2843
chr21	41991262	41993293	41991479	2031	41992277	-1015	1016	-798
chr21	42850006	42854992	42850109	4986	42852499	-2493	2493	-2390
chr21	39198001	39201676	39199276	3675	39199838	-1837	1838	-562
chr21	44423257	44426894	44423665	3637	44425075	-1818	1819	-1410
chr21	44083199	44086404	44084130	3205	44084801	-1602	1603	-671
chr21	39198001	39201676	39199024	3675	39199838	-1837	1838	-814
chr21	37223515	37228600	37227744	5085	37226057	-2542	2543	1687
chr21	33566514	33568189	33567387	1675	33567351	-837	838	36
chr21	31671653	31673651	31671678	1998	31672652	-999	999	-974
chr21	46363557	46369104	46363804	5547	46366330	-2773	2774	-2526
chr21	33548627	33554404	33551414	5777	33551515	-2888	2889	-101
chr21	37237614	37240211	37238601	2597	37238912	-1298	1299	-311
chr21	42907809	42911881	42909048	4072	42909845	-2036	2036	-797
chr21	45464972	45469692	45468399	4720	45467332	-2360	2360	1067
chr21	46215720	46219321	46215746	3601	46217520	-1800	1801	-1774
chr21	46243958	46247902	46245054	3944	46245930	-1972	1972	-876
chr21	44104748	44109553	44109004	4805	44107150	-2402	2403	1854
chr21	32323559	32325960	32324565	2401	32324759	-1200	1201	-194
chr21	46363557	46369104	46367078	5547	46366330	-2773	2774	748
chr21	39198001	39201676	39198980	3675	39199838	-1837	1838	-858
chr21	25734448	25736244	25734946	1796	25735346	-898	898	-400
chr21	45071315	45075785	45072116	4470	45073550	-2235	2235	-1434
chr21	46315951	46318829	46318065	2878	46317390	-1439	1439	675
chr21	44058069	44060358	44059187	2289	44059213	-1144	1145	-26
chr21	46235079	46236112	46235257	1033	46235595	-516	517	-338
chr21	43735445	43740320	43737259	4875	43737882	-2437	2438	-623
chr21	45453280	45458857	45455569	5577	45456068	-2788	2789	-499
chr21	28931683	28935068	28932497	3385	28933375	-1692	1693	-878
chr21	41817876	41822569	41819605	4693	41820222	-2346	2347	-617
chr21	33548627	33554404	33551499	5777	33551515	-2888	2889	-16
chr21	36750974	36754873	36754297	3899	36752923	-1949	1950	1374
chr21	33548627	33554404	33553356	5777	33551515	-2888	2889	1841
chr21	32378335	32380051	32378516	1716	32379193	-858	858	-677
chr21	39198001	39201676	39199126	3675	39199838	-1837	1838	-712
chr21	39198001	39201676	39199467	3675	39199838	-1837	1838	-371
chr21	33548627	33554404	33549727	5777	33551515	-2888	2889	-1788
chr21	33548627	33554404	33552685	5777	33551515	-2888	2889	1170
chr22	35299190	35300916	35299933	1726	35300053	-863	863	-120
chr22	46273747	46275683	46275347	1936	46274715	-968	968	632
chr22	29788196	29794590	29793419	6394	29791393	-3197	3197	2026
chr22	41677114	41680629	41680343	3515	41678871	-1757	1758	1472
chr22	24570695	24573395	24572025	2700	24572045	-1350	1350	-20
chr22	30367211	30374831	30372220	7620	30371021	-3810	3810	1199
chr22	42126524	42131497	42130876	4973	42129010	-2486	2487	1866
chr22	46350043	46354381	46350367	4338	46352212	-2169	2169	-1845
chr22	20700715	20704780	20701648	4065	20702747	-2032	2033	-1099
chr22	20992893	20999445	20994270	6552	20996169	-3276	3276	-1899
chr22	20992893	20999445	20997014	6552	20996169	-3276	3276	845
chr22	50518408	50522511	50519213	4103	50520459	-2051	2052	-1246
chr22	23970927	23972350	23971416	1423	23971638	-711	712	-222
chr22	30017688	30020727	30019733	3039	30019207	-1519	1520	526
chr22	30340098	30343959	30340342	3861	30342028	-1930	1931	-1686
chr22	30379231	30380691	30379725	1460	30379961	-730	730	-236
chr22	31096421	31100962	31097287	4541	31098691	-2270	2271	-1404
chr22	38297157	38300368	38298876	3211	38298762	-1605	1606	114
chr22	46360566	46368275	46367007	7709	46364420	-3854	3855	2587
chr22	20444246	20447450	20446455	3204	20445848	-1602	1602	607
chr22	28795417	28801882	28796204	6465	28798649	-3232	3233	-2445
chr22	30017688	30020727	30019829	3039	30019207	-1519	1520	622
chr22	41355161	41358624	41356437	3463	41356892	-1731	1732	-455
chr22	49883756	49886773	49885832	3017	49885264	-1508	1509	568
chr22	50578975	50580596	50579803	1621	50579785	-810	811	18
chr22	37567178	37572893	37568199	5715	37570035	-2857	2858	-1836
chr22	38505281	38506467	38506316	1186	38505874	-593	593	442
chr22	42559616	42561140	42560227	1524	42560378	-762	762	-151
chr22	49883756	49886773	49884939	3017	49885264	-1508	1509	-325
chr22	19846599	19851512	19851385	4913	19849055	-2456	2457	2330
chr22	38482931	38488428	38488198	5497	38485679	-2748	2749	2519
chr22	19439508	19445096	19441679	5588	19442302	-2794	2794	-623
chr22	38864208	38866296	38864430	2088	38865252	-1044	1044	-822
chr22	39512871	39516212	39514093	3341	39514541	-1670	1671	-448
chr22	26491124	26496444	26494871	5320	26493784	-2660	2660	1087
chr22	29788196	29794590	29788897	6394	29791393	-3197	3197	-2496
chr22	17888351	17891366	17889119	3015	17889858	-1507	1508	-739
chr22	46288794	46291080	46289832	2286	46289937	-1143	1143	-105
chr22	20110954	20116675	20112743	5721	20113814	-2860	2861	-1071
chr22	24553770	24555979	24555881	2209	24554874	-1104	1105	1007
chr22	41179642	41181558	41180060	1916	41180600	-958	958	-540
chr22	31343776	31345752	31344719	1976	31344764	-988	988	-45
chr22	41215757	41218012	41217187	2255	41216884	-1127	1128	303
chr22	46387347	46389711	46389293	2364	46388529	-1182	1182	764
chr22	24070116	24074468	24072409	4352	24072292	-2176	2176	117
chr22	30244588	30247737	30244851	3149	30246162	-1574	1575	-1311
chr22	31710388	31713889	31713114	3501	31712138	-1750	1751	976
chr22	41170356	41172307	41170471	1951	41171331	-975	976	-860
chr22	46360566	46368275	46365375	7709	46364420	-3854	3855	955
chr22	41355161	41358624	41356373	3463	41356892	-1731	1732	-519
chr22	49962700	49963882	49963059	1182	49963291	-591	591	-232
chr22	19969017	19974376	19973263	5359	19971696	-2679	2680	1567
chr22	23763641	23771337	23766230	7696	23767489	-3848	3848	-1259
chr22	29544211	29546097	29544577	1886	29545154	-943	943	-577
chr22	37564540	37567023	37566737	2483	37565781	-1241	1242	956
chr22	37828977	37833385	37833165	4408	37831181	-2204	2204	1984
chr22	41863451	41867354	41867054	3903	41865402	-1951	1952	1652
chr22	38479626	38481075	38479749	1449	38480350	-724	725	-601
chr22	32398834	32400066	32399672	1232	32399450	-616	616	222
chr22	36511474	36512465	36511657	991	36511969	-495	496	-312
chr22	17742256	17744573	17743986	2317	17743414	-1158	1159	572
chr22	19039802	19045075	19041928	5273	19042438	-2636	2637	-510
chr22	21932571	21935041	21933477	2470	21933806	-1235	1235	-329
chr22	30335908	30339256	30337845	3348	30337582	-1674	1674	263
chr22	31102839	31106231	31104444	3392	31104535	-1696	1696	-91
chr22	41172967	41178821	41177565	5854	41175894	-2927	2927	1671
chr22	41355161	41358624	41357315	3463	41356892	-1731	1732	423
chr22	41506981	41510781	41507924	3800	41508881	-1900	1900	-957
chr22	50273833	50279279	50277944	5446	50276556	-2723	2723	1388
chr22	37181980	37185787	37182026	3807	37183883	-1903	1904	-1857
chr22	31086588	31088896	31088734	2308	31087742	-1154	1154	992
chr22	18077536	18080296	18079931	2760	18078916	-1380	1380	1015
chr22	37771165	37773861	37773811	2696	37772513	-1348	1348	1298
chr22	42126524	42131497	42130872	4973	42129010	-2486	2487	1862
chr22	19513576	19519370	19518888	5794	19516473	-2897	2897	2415
chr22	40415985	40419691	40418947	3706	40417838	-1853	1853	1109
chr22	19513576	19519370	19516884	5794	19516473	-2897	2897	411
chr22	17734533	17740825	17735587	6292	17737679	-3146	3146	-2092
chr22	49962700	49963882	49963378	1182	49963291	-591	591	87
chr22	30572854	30580639	30579205	7785	30576746	-3892	3893	2459
chr22	42212066	42215405	42214875	3339	42213735	-1669	1670	1140
chr22	45181939	45185259	45183562	3320	45183599	-1660	1660	-37
chr22	30572854	30580639	30579895	7785	30576746	-3892	3893	3149
chr22	23257194	23263512	23260947	6318	23260353	-3159	3159	594
chr22	40403496	40410187	40404413	6691	40406841	-3345	3346	-2428
chr22	28795417	28801882	28796984	6465	28798649	-3232	3233	-1665
chr22	29047827	29052014	29049684	4187	29049920	-2093	2094	-236
chr22	40403496	40410187	40406531	6691	40406841	-3345	3346	-310
chr22	30335908	30339256	30337787	3348	30337582	-1674	1674	205
chr22	42688983	42696216	42693310	7233	42692599	-3616	3617	711
chr22	44493100	44499045	44497283	5945	44496072	-2972	2973	1211
chr22	50273833	50279279	50278937	5446	50276556	-2723	2723	2381
chr22	17734533	17740825	17738090	6292	17737679	-3146	3146	411
chr22	19064577	19069079	19064888	4502	19066828	-2251	2251	-1940
chr22	23636930	23641610	23638801	4680	23639270	-2340	2340	-469
chr22	20585621	20589168	20587000	3547	20587394	-1773	1774	-394
chr22	30367211	30374831	30370719	7620	30371021	-3810	3810	-302
chr22	36310825	36313698	36312212	2873	36312261	-1436	1437	-49
chr22	30421006	30427771	30425911	6765	30424388	-3382	3383	1523
chr22	31682082	31686801	31685618	4719	31684441	-2359	2360	1177
chr22	38730955	38733855	38732361	2900	38732405	-1450	1450	-44
chr22	40428925	40430710	40429735	1785	40429817	-892	893	-82
chr22	49921883	49926346	49922359	4463	49924114	-2231	2232	-1755
chr22	41662188	41664824	41663700	2636	41663506	-1318	1318	194
chr22	31714649	31716397	31715748	1748	31715523	-874	874	225
chr22	17589640	17592496	17590159	2856	17591068	-1428	1428	-909
chr22	36348107	36352241	36348963	4134	36350174	-2067	2067	-1211
chr22	42870974	42873135	42871443	2161	42872054	-1080	1081	-611
chr22	29546134	29553030	29549123	6896	29549582	-3448	3448	-459
chr22	49797539	49801470	49799000	3931	49799504	-1965	1966	-504
chr22	42126524	42131497	42130617	4973	42129010	-2486	2487	1607
chr22	19455012	19456948	19456584	1936	19455980	-968	968	604
chr22	20954096	20959285	20957451	5189	20956690	-2594	2595	761
chr22	41209482	41214997	41209689	5515	41212239	-2757	2758	-2550
chr22	17589640	17592496	17590214	2856	17591068	-1428	1428	-854
chr22	43132229	43133366	43133351	1137	43132797	-568	569	554
chr22	20700715	20704780	20702243	4065	20702747	-2032	2033	-504
chr22	21697557	21699969	21699739	2412	21698763	-1206	1206	976
chr22	26491124	26496444	26496101	5320	26493784	-2660	2660	2317
chr22	41588575	41592947	41589724	4372	41590761	-2186	2186	-1037
chr22	15827023	15828804	15827052	1781	15827913	-890	891	-861
chr22	41172967	41178821	41177239	5854	41175894	-2927	2927	1345
chr22	17817129	17821993	17817775	4864	17819561	-2432	2432	-1786
chr22	29788196	29794590	29793381	6394	29791393	-3197	3197	1988
chr22	23881272	23886100	23884346	4828	23883686	-2414	2414	660
chr22	50273833	50279279	50278967	5446	50276556	-2723	2723	2411
chr22	38297157	38300368	38298850	3211	38298762	-1605	1606	88
chr22	30924269	30929059	30926742	4790	30926664	-2395	2395	78
chr22	31441262	31445814	31443061	4552	31443538	-2276	2276	-477
chr22	21932571	21935041	21933452	2470	21933806	-1235	1235	-354
chr22	49921883	49926346	49925512	4463	49924114	-2231	2232	1398
chr22	26497485	26500089	26499418	2604	26498787	-1302	1302	631
chr22	20990511	20992846	20991692	2335	20991678	-1167	1168	14
chr22	37058878	37064359	37059348	5481	37061618	-2740	2741	-2270
chr22	19969017	19974376	19973007	5359	19971696	-2679	2680	1311
chr22	29536469	29538413	29536699	1944	29537441	-972	972	-742
chr22	40428925	40430710	40429705	1785	40429817	-892	893	-112
chr22	41329257	41333093	41330061	3836	41331175	-1918	1918	-1114
chr22	41892178	41897025	41894839	4847	41894601	-2423	2424	238
chr22	49962700	49963882	49962746	1182	49963291	-591	591	-545
chr22	19818374	19825986	19821371	7612	19822180	-3806	3806	-809
chr22	37684931	37689581	37687911	4650	37687256	-2325	2325	655
chr22	41433623	41436190	41435759	2567	41434906	-1283	1284	853
chr22	42126524	42131497	42128248	4973	42129010	-2486	2487	-762
chr22	27918282	27920019	27919113	1737	27919150	-868	869	-37
chr22	49883756	49886773	49885575	3017	49885264	-1508	1509	311
chr22	29527856	29528928	29528423	1072	29528392	-536	536	31
chr22	20103351	20110656	20110177	7305	20107003	-3652	3653	3174
chr22	41571580	41576073	41571916	4493	41573826	-2246	2247	-1910
chr22	43132229	43133366	43133277	1137	43132797	-568	569	480
chr22	50192943	50200183	50194432	7240	50196563	-3620	3620	-2131
chr22	43165775	43168410	43168152	2635	43167092	-1317	1318	1060
chr22	39676210	39682910	39682612	6700	39679560	-3350	3350	3052
chr22	25181673	25185176	25181709	3503	25183424	-1751	1752	-1715
chr22	39676210	39682910	39679208	6700	39679560	-3350	3350	-352
chr22	45325380	45329235	45328077	3855	45327307	-1927	1928	770
chr22	23831640	23837325	23836882	5685	23834482	-2842	2843	2400
chr22	42612418	42618818	42614826	6400	42615618	-3200	3200	-792
chr22	21919338	21925272	21923433	5934	21922305	-2967	2967	1128
chr22	38714740	38717581	38716967	2841	38716160	-1420	1421	807
chr22	49883756	49886773	49885438	3017	49885264	-1508	1509	174
chr22	42212066	42215405	42212675	3339	42213735	-1669	1670	-1060
chr22	22322622	22323994	22322901	1372	22323308	-686	686	-407
chr22	29816953	29822670	29822384	5717	29819811	-2858	2859	2573
chr22	30285444	30291982	30287528	6538	30288713	-3269	3269	-1185
chr22	30367211	30374831	30371696	7620	30371021	-3810	3810	675
chr22	37684931	37689581	37686440	4650	37687256	-2325	2325	-816
chr22	37805555	37807009	37806560	1454	37806282	-727	727	278
chr22	44493100	44499045	44497013	5945	44496072	-2972	2973	941
chr22	37567178	37572893	37570358	5715	37570035	-2857	2858	323
chr22	31714649	31716397	31715834	1748	31715523	-874	874	311
chr22	50192943	50200183	50194420	7240	50196563	-3620	3620	-2143
chr22	17817129	17821993	17818905	4864	17819561	-2432	2432	-656
chr22	21663311	21670175	21666079	6864	21666743	-3432	3432	-664
chr22	30285444	30291982	30286043	6538	30288713	-3269	3269	-2670
chr22	45181939	45185259	45183486	3320	45183599	-1660	1660	-113
chr22	50578975	50580596	50580055	1621	50579785	-810	811	270
chr22	42212066	42215405	42213204	3339	42213735	-1669	1670	-531
chr22	18077536	18080296	18079900	2760	18078916	-1380	1380	984
chr22	39221035	39228439	39225803	7404	39224737	-3702	3702	1066
chr22	50205280	50211365	50208520	6085	50208322	-3042	3043	198
chr22	20992893	20999445	20993967	6552	20996169	-3276	3276	-2202
chr22	37564540	37567023	37566789	2483	37565781	-1241	1242	1008
chr22	19504691	19508011	19507501	3320	19506351	-1660	1660	1150
chr22	30240526	30244575	30243809	4049	30242550	-2024	2025	1259
chr22	46273747	46275683	46275330	1936	46274715	-968	968	615
chr22	27918282	27920019	27919182	1737	27919150	-868	869	32
chr22	41172967	41178821	41178812	5854	41175894	-2927	2927	2918
chr22	42126524	42131497	42129160	4973	42129010	-2486	2487	150
chr22	36310825	36313698	36312059	2873	36312261	-1436	1437	-202
chr22	17142726	17149005	17143106	6279	17145865	-3139	3140	-2759
chr22	29823985	29827682	29825120	3697	29825833	-1848	1849	-713
chr22	31326589	31329923	31327054	3334	31328256	-1667	1667	-1202
chr22	38482931	38488428	38485957	5497	38485679	-2748	2749	278
chr22	38687010	38691607	38689000	4597	38689308	-2298	2299	-308
chr22	20999779	21004157	21000143	4378	21001968	-2189	2189	-1825
chr22	17817129	17821993	17818990	4864	17819561	-2432	2432	-571
chr22	25038059	25040280	25040108	2221	25039169	-1110	1111	939
chr22	29262656	29270060	29265476	7404	29266358	-3702	3702	-882
chr22	39687719	39689593	39689573	1874	39688656	-937	937	917
chr22	46337972	46344622	46343347	6650	46341297	-3325	3325	2050
chr22	46350043	46354381	46350304	4338	46352212	-2169	2169	-1908
chr22	46360566	46368275	46362618	7709	46364420	-3854	3855	-1802
chr22	46360566	46368275	46363036	7709	46364420	-3854	3855	-1384
chr22	46360566	46368275	46364671	7709	46364420	-3854	3855	251
chr22	41170356	41172307	41170503	1951	41171331	-975	976	-828
chr22	29801788	29809167	29802157	7379	29805477	-3689	3690	-3320
chr22	17742256	17744573	17743966	2317	17743414	-1158	1159	552
chr22	39519109	39522635	39521505	3526	39520872	-1763	1763	633
chr22	42870974	42873135	42871469	2161	42872054	-1080	1081	-585
chr22	29047827	29052014	29049651	4187	29049920	-2093	2094	-269
chr22	32202088	32206637	32202452	4549	32204362	-2274	2275	-1910
chr22	41215757	41218012	41217157	2255	41216884	-1127	1128	273
chr22	42212066	42215405	42213190	3339	42213735	-1669	1670	-545
chr22	50205280	50211365	50210776	6085	50208322	-3042	3043	2454
chr22	21960669	21965527	21965313	4858	21963098	-2429	2429	2215
chr22	36310825	36313698	36312189	2873	36312261	-1436	1437	-72
chr22	36511474	36512465	36511515	991	36511969	-495	496	-454
chr22	38482931	38488428	38486168	5497	38485679	-2748	2749	489
chr22	44493100	44499045	44497014	5945	44496072	-2972	2973	942
chr22	17107419	17112195	17109857	4776	17109807	-2388	2388	50
chr22	20999779	21004157	21000418	4378	21001968	-2189	2189	-1550
chr22	31096421	31100962	31098766	4541	31098691	-2270	2271	75
chr22	39687719	39689593	39688962	1874	39688656	-937	937	306
chr22	41693528	41697532	41696772	4004	41695530	-2002	2002	1242
chr22	49883756	49886773	49883906	3017	49885264	-1508	1509	-1358
chr22	49883756	49886773	49884007	3017	49885264	-1508	1509	-1257
chr22	49905266	49912389	49910514	7123	49908827	-3561	3562	1687
chr22	42168199	42170157	42168670	1958	42169178	-979	979	-508
chr22	25038059	25040280	25039248	2221	25039169	-1110	1111	79
chr22	36523188	36524850	36524705	1662	36524019	-831	831	686
chr22	37754958	37759847	37755157	4889	37757402	-2444	2445	-2245
chr22	46360566	46368275	46363148	7709	46364420	-3854	3855	-1272
chr22	49905266	49912389	49907932	7123	49908827	-3561	3562	-895
chr22	29047827	29052014	29050615	4187	29049920	-2093	2094	695
chr22	20580708	20583968	20582911	3260	20582338	-1630	1630	573
chr22	50192943	50200183	50197324	7240	50196563	-3620	3620	761
chr22	17789448	17791865	17791406	2417	17790656	-1208	1209	750
chr22	20999779	21004157	20999978	4378	21001968	-2189	2189	-1990
chr22	38714740	38717581	38715926	2841	38716160	-1420	1421	-234
chr22	30379231	30380691	30379562	1460	30379961	-730	730	-399
chr22	37684931	37689581	37686456	4650	37687256	-2325	2325	-800
chr22	24298872	24302787	24302340	3915	24300829	-1957	1958	1511
chr22	29823985	29827682	29825255	3697	29825833	-1848	1849	-578
chr22	19975616	19981853	19975725	6237	19978734	-3118	3119	-3009
chr22	50518408	50522511	50519485	4103	50520459	-2051	2052	-974
chr22	42212066	42215405	42213480	3339	42213735	-1669	1670	-255
chr22	29296658	29298966	29298802	2308	29297812	-1154	1154	990
chr22	41209482	41214997	41209846	5515	41212239	-2757	2758	-2393
chr22	41355161	41358624	41356459	3463	41356892	-1731	1732	-433
chr22	21702996	21707109	21703970	4113	21705052	-2056	2057	-1082
chr22	21960669	21965527	21963929	4858	21963098	-2429	2429	831
chr22	31441262	31445814	31444642	4552	31443538	-2276	2276	1104
chr22	42593122	42596345	42596315	3223	42594733	-1611	1612	1582
chr22	17734533	17740825	17738021	6292	17737679	-3146	3146	342
chr22	38069770	38071908	38071723	2138	38070839	-1069	1069	884
chr22	21685669	21689610	21687667	3941	21687639	-1970	1971	28
chr22	46535834	46539843	46536311	4009	46537838	-2004	2005	-1527
chr22	20110954	20116675	20114621	5721	20113814	-2860	2861	807
chr22	17817129	17821993	17818757	4864	17819561	-2432	2432	-804
chr22	42126524	42131497	42127568	4973	42129010	-2486	2487	-1442
chr22	19132341	19134142	19132460	1801	19133241	-900	901	-781
chr22	19132341	19134142	19132349	1801	19133241	-900	901	-892
chr22	38505281	38506467	38506322	1186	38505874	-593	593	448
chr22	19039802	19045075	19041166	5273	19042438	-2636	2637	-1272
chr22	19818374	19825986	19821294	7612	19822180	-3806	3806	-886
chr22	19969017	19974376	19974234	5359	19971696	-2679	2680	2538
chr22	20110954	20116675	20116126	5721	20113814	-2860	2861	2312
chr22	20992893	20999445	20994946	6552	20996169	-3276	3276	-1223
chr22	23155332	23160767	23158949	5435	23158049	-2717	2718	900
chr22	26491124	26496444	26494829	5320	26493784	-2660	2660	1045
chr22	26497485	26500089	26499377	2604	26498787	-1302	1302	590
chr22	28741262	28742455	28742180	1193	28741858	-596	597	322
chr22	28795417	28801882	28797167	6465	28798649	-3232	3233	-1482
chr22	28795417	28801882	28799112	6465	28798649	-3232	3233	463
chr22	30292016	30299247	30294793	7231	30295631	-3615	3616	-838
chr22	31441262	31445814	31442977	4552	31443538	-2276	2276	-561
chr22	31710388	31713889	31712541	3501	31712138	-1750	1751	403
chr22	37851102	37853042	37851333	1940	37852072	-970	970	-739
chr22	38064280	38069532	38065053	5252	38066906	-2626	2626	-1853
chr22	40403496	40410187	40405711	6691	40406841	-3345	3346	-1130
chr22	40403496	40410187	40406608	6691	40406841	-3345	3346	-233
chr22	41209482	41214997	41213866	5515	41212239	-2757	2758	1627
chr22	41355161	41358624	41356405	3463	41356892	-1731	1732	-487
chr22	42126524	42131497	42127968	4973	42129010	-2486	2487	-1042
chr22	46288794	46291080	46289513	2286	46289937	-1143	1143	-424
chr22	49883756	49886773	49884145	3017	49885264	-1508	1509	-1119
chr22	49883756	49886773	49884259	3017	49885264	-1508	1509	-1005
chr22	49883756	49886773	49884402	3017	49885264	-1508	1509	-862
chr22	50518408	50522511	50521773	4103	50520459	-2051	2052	1314
chr22	31714649	31716397	31714759	1748	31715523	-874	874	-764
chr22	31282620	31285497	31283179	2877	31284058	-1438	1439	-879
chr22	36348107	36352241	36348957	4134	36350174	-2067	2067	-1217
chr22	20548811	20551903	20551450	3092	20550357	-1546	1546	1093
chr22	31282620	31285497	31283137	2877	31284058	-1438	1439	-921
chr22	21690177	21697064	21693819	6887	21693620	-3443	3444	199
chr22	20110954	20116675	20116242	5721	20113814	-2860	2861	2428
chr22	40403496	40410187	40406543	6691	40406841	-3345	3346	-298
chr22	20124107	20131448	20126349	7341	20127777	-3670	3671	-1428
chr22	21589016	21595713	21592899	6697	21592364	-3348	3349	535
chr22	24063559	24067554	24064126	3995	24065556	-1997	1998	-1430
chr22	24544973	24547294	24546953	2321	24546133	-1160	1161	820
chr22	31710388	31713889	31713755	3501	31712138	-1750	1751	1617
chr22	36523188	36524850	36523271	1662	36524019	-831	831	-748
chr22	37181980	37185787	37182239	3807	37183883	-1903	1904	-1644
chr22	37684931	37689581	37687943	4650	37687256	-2325	2325	687
chr22	39512871	39516212	39514010	3341	39514541	-1670	1671	-531
chr22	42126524	42131497	42128865	4973	42129010	-2486	2487	-145
chr22	43165775	43168410	43167964	2635	43167092	-1317	1318	872
chr22	49823236	49825626	49823510	2390	49824431	-1195	1195	-921
chr22	49883756	49886773	49885345	3017	49885264	-1508	1509	81
chr22	50578975	50580596	50580393	1621	50579785	-810	811	608
chr22	29823985	29827682	29825664	3697	29825833	-1848	1849	-169
chr22	38672964	38678457	38673204	5493	38675710	-2746	2747	-2506
chr22	39519109	39522635	39522336	3526	39520872	-1763	1763	1464
chr22	19975616	19981853	19978939	6237	19978734	-3118	3119	205
chr22	50578975	50580596	50580581	1621	50579785	-810	811	796
chr22	43134076	43137257	43137191	3181	43135666	-1590	1591	1525
chr22	19064577	19069079	19064886	4502	19066828	-2251	2251	-1942
chr22	20700715	20704780	20701611	4065	20702747	-2032	2033	-1136
chr22	44818126	44822827	44822441	4701	44820476	-2350	2351	1965
chr22	29823985	29827682	29825137	3697	29825833	-1848	1849	-696
chr22	37754958	37759847	37759561	4889	37757402	-2444	2445	2159
chr22	43165775	43168410	43167323	2635	43167092	-1317	1318	231
chr22	20914551	20920541	20918008	5990	20917546	-2995	2995	462
chr22	31737279	31739339	31738596	2060	31738309	-1030	1030	287
chr22	40403496	40410187	40409220	6691	40406841	-3345	3346	2379
chr22	41571580	41576073	41575103	4493	41573826	-2246	2247	1277
chr22	42564987	42569648	42566324	4661	42567317	-2330	2331	-993
chr22	46360566	46368275	46367852	7709	46364420	-3854	3855	3432
chr22	50578975	50580596	50579183	1621	50579785	-810	811	-602
chr22	30240526	30244575	30243837	4049	30242550	-2024	2025	1287
chr22	19969017	19974376	19973003	5359	19971696	-2679	2680	1307
chr22	20700715	20704780	20701208	4065	20702747	-2032	2033	-1539
chr22	23864957	23872411	23868502	7454	23868684	-3727	3727	-182
chr22	37933747	37940130	37937079	6383	37936938	-3191	3192	141
chr22	38700055	38703502	38700182	3447	38701778	-1723	1724	-1596
chr22	17589640	17592496	17592441	2856	17591068	-1428	1428	1373
chr22	21919338	21925272	21923402	5934	21922305	-2967	2967	1097
chr22	23881272	23886100	23884790	4828	23883686	-2414	2414	1104
chr22	29047827	29052014	29050513	4187	29049920	-2093	2094	593
chr22	37564540	37567023	37566749	2483	37565781	-1241	1242	968
chr22	40403496	40410187	40409713	6691	40406841	-3345	3346	2872
chr22	41215757	41218012	41217203	2255	41216884	-1127	1128	319
chr22	49883756	49886773	49886109	3017	49885264	-1508	1509	845
chr22	23178713	23182501	23181860	3788	23180607	-1894	1894	1253
chr22	23750422	23755239	23754401	4817	23752830	-2408	2409	1571
chr22	21960669	21965527	21964200	4858	21963098	-2429	2429	1102
chr22	41355161	41358624	41357369	3463	41356892	-1731	1732	477
chr22	36319939	36323319	36322426	3380	36321629	-1690	1690	797
chr22	38482931	38488428	38485755	5497	38485679	-2748	2749	76
chr22	29047827	29052014	29049247	4187	29049920	-2093	2094	-673
chr22	46396257	46401371	46399716	5114	46398814	-2557	2557	902
chr22	39519109	39522635	39521832	3526	39520872	-1763	1763	960
chr22	20110954	20116675	20114682	5721	20113814	-2860	2861	868
chr22	21968954	21974886	21971906	5932	21971920	-2966	2966	-14
chr22	37181980	37185787	37182478	3807	37183883	-1903	1904	-1405
chr22	50205280	50211365	50206498	6085	50208322	-3042	3043	-1824
chr22	21919338	21925272	21923190	5934	21922305	-2967	2967	885
chr22	37847988	37849946	37849483	1958	37848967	-979	979	516
chr22	46360566	46368275	46366417	7709	46364420	-3854	3855	1997
chr22	42612418	42618818	42614810	6400	42615618	-3200	3200	-808
chr22	37567178	37572893	37571891	5715	37570035	-2857	2858	1856
chr22	20110954	20116675	20114682	5721	20113814	-2860	2861	868
chr22	29296658	29298966	29297923	2308	29297812	-1154	1154	111
chr22	35326290	35333749	35333475	7459	35330019	-3729	3730	3456
chr22	20124107	20131448	20127098	7341	20127777	-3670	3671	-679
chr22	41317368	41322532	41320709	5164	41319950	-2582	2582	759
chr22	21960669	21965527	21963998	4858	21963098	-2429	2429	900
chr22	49823236	49825626	49823390	2390	49824431	-1195	1195	-1041
chr22	23178713	23182501	23181131	3788	23180607	-1894	1894	524
chr22	20145915	20149919	20146136	4004	20147917	-2002	2002	-1781
chr22	40403496	40410187	40408994	6691	40406841	-3345	3346	2153
chr22	20992893	20999445	20996936	6552	20996169	-3276	3276	767
chr22	42086100	42089641	42087078	3541	42087870	-1770	1771	-792
chr22	20979845	20982700	20980043	2855	20981272	-1427	1428	-1229
chr22	19969017	19974376	19971972	5359	19971696	-2679	2680	276
chr22	41172967	41178821	41177734	5854	41175894	-2927	2927	1840
chr22	41279513	41281253	41280996	1740	41280383	-870	870	613
chr22	30379231	30380691	30379755	1460	30379961	-730	730	-206
chr22	23873879	23878878	23875122	4999	23876378	-2499	2500	-1256
chr22	17107419	17112195	17109819	4776	17109807	-2388	2388	12
chr22	36310825	36313698	36312189	2873	36312261	-1436	1437	-72
chr22	49823236	49825626	49823778	2390	49824431	-1195	1195	-653
chr22	49883756	49886773	49885222	3017	49885264	-1508	1509	-42
chr22	39512871	39516212	39514040	3341	39514541	-1670	1671	-501
chr22	23750422	23755239	23754327	4817	23752830	-2408	2409	1497
chr22	31086588	31088896	31088071	2308	31087742	-1154	1154	329
chr22	42086100	42089641	42087137	3541	42087870	-1770	1771	-733
chr22	49797539	49801470	49798656	3931	49799504	-1965	1966	-848
chr22	24543467	24544178	24543935	711	24543822	-355	356	113
chr22	37828977	37833385	37831985	4408	37831181	-2204	2204	804
chr22	49921883	49926346	49922417	4463	49924114	-2231	2232	-1697
chr22	23693630	23697291	23695045	3661	23695460	-1830	1831	-415
chr22	23881272	23886100	23883881	4828	23883686	-2414	2414	195
chr22	29286891	29289564	29288774	2673	29288227	-1336	1337	547
chr22	30421006	30427771	30422401	6765	30424388	-3382	3383	-1987
chr22	30946055	30948162	30946372	2107	30947108	-1053	1054	-736
chr22	37877513	37879802	37877862	2289	37878657	-1144	1145	-795
chr22	38687010	38691607	38689340	4597	38689308	-2298	2299	32
chr22	44859478	44866349	44859736	6871	44862913	-3435	3436	-3177
chr22	38479626	38481075	38479695	1449	38480350	-724	725	-655
chr22	24117706	24121271	24119434	3565	24119488	-1782	1783	-54
chr22	17107419	17112195	17109803	4776	17109807	-2388	2388	-4
chr22	19504691	19508011	19507481	3320	19506351	-1660	1660	1130
chr22	40403496	40410187	40406660	6691	40406841	-3345	3346	-181
chrX	48903812	48905925	48904652	2113	48904868	-1056	1057	-216
chrX	71614958	71618404	71616393	3446	71616681	-1723	1723	-288
chrX	101620277	101626356	101625822	6079	101623316	-3039	3040	2506
chrX	154360172	154365400	154362266	5228	154362786	-2614	2614	-520
chrX	47568246	47573308	47572892	5062	47570777	-2531	2531	2115
chrX	47635213	47640085	47636836	4872	47637649	-2436	2436	-813
chrX	48803193	48806972	48806837	3779	48805082	-1889	1890	1755
chrX	152910486	152918397	152914777	7911	152914441	-3955	3956	336
chrX	153456149	153460067	153456599	3918	153458108	-1959	1959	-1509
chrX	154430430	154436086	154435732	5656	154433258	-2828	2828	2474
chrX	154397318	154403250	154400167	5932	154400284	-2966	2966	-117
chrX	64188959	64192325	64190290	3366	64190642	-1683	1683	-352
chrX	136510936	136512273	136511027	1337	136511604	-668	669	-577
chrX	153735123	153739048	153736450	3925	153737085	-1962	1963	-635
chrX	9725352	9727996	9725667	2644	9726674	-1322	1322	-1007
chrX	48559754	48562001	48560553	2247	48560877	-1123	1124	-324
chrX	64188959	64192325	64189850	3366	64190642	-1683	1683	-792
chrX	48903812	48905925	48905094	2113	48904868	-1056	1057	226
chrX	48681751	48684834	48684356	3083	48683292	-1541	1542	1064
chrX	71614958	71618404	71616996	3446	71616681	-1723	1723	315
chrX	47236518	47243756	47239434	7238	47240137	-3619	3619	-703
chrX	154397318	154403250	154398587	5932	154400284	-2966	2966	-1697
chrX	49031401	49034065	49031447	2664	49032733	-1332	1332	-1286
chrX	150988554	150989715	150988771	1161	150989134	-580	581	-363
chrX	154360172	154365400	154364826	5228	154362786	-2614	2614	2040
chrX	119870455	119873663	119871231	3208	119872059	-1604	1604	-828
chrX	76171794	76175636	76173126	3842	76173715	-1921	1921	-589
chrX	48820513	48824988	48824294	4475	48822750	-2237	2238	1544
chrX	54445151	54451177	54445896	6026	54448164	-3013	3013	-2268
chrX	48596356	48602699	48597873	6343	48599527	-3171	3172	-1654
chrX	47568246	47573308	47571372	5062	47570777	-2531	2531	595
chrX	154397318	154403250	154399820	5932	154400284	-2966	2966	-464
chrX	154436975	154443590	154440474	6615	154440282	-3307	3308	192
chrX	119870455	119873663	119870992	3208	119872059	-1604	1604	-1067
chrX	47222878	47229976	47227417	7098	47226427	-3549	3549	990
chrX	47236518	47243756	47242299	7238	47240137	-3619	3619	2162
chrX	135020669	135023563	135021867	2894	135022116	-1447	1447	-249
chrX	68839345	68843629	68840417	4284	68841487	-2142	2142	-1070
chrX	48820513	48824988	48822917	4475	48822750	-2237	2238	167
chrX	47222878	47229976	47226638	7098	47226427	-3549	3549	211
chrX	47565796	47567854	47566644	2058	47566825	-1029	1029	-181
chrX	47568246	47573308	47571458	5062	47570777	-2531	2531	681
chrX	64188959	64192325	64190283	3366	64190642	-1683	1683	-359
chrX	101390026	101391668	101390985	1642	101390847	-821	821	138
chrX	48897694	48903087	48902679	5393	48900390	-2696	2697	2289
chrX	55005073	55009259	55007016	4186	55007166	-2093	2093	-150
chrX	64188959	64192325	64190169	3366	64190642	-1683	1683	-473
chrX	101405438	101410052	101407788	4614	101407745	-2307	2307	43
chrX	154012960	154018926	154017014	5966	154015943	-2983	2983	1071
chrX	154360172	154365400	154364584	5228	154362786	-2614	2614	1798
chrX	49171933	49174569	49173450	2636	49173251	-1318	1318	199
chrX	53084297	53087235	53084832	2938	53085766	-1469	1469	-934
chrX	53192392	53196456	53194294	4064	53194424	-2032	2032	-130
chrX	53192392	53196456	53194296	4064	53194424	-2032	2032	-128
chrX	54445151	54451177	54446399	6026	54448164	-3013	3013	-1765
chrX	107627232	107628982	107628533	1750	107628107	-875	875	426
chrX	135020669	135023563	135021925	2894	135022116	-1447	1447	-191
chrX	154397318	154403250	154398429	5932	154400284	-2966	2966	-1855
chrX	154436975	154443590	154441342	6615	154440282	-3307	3308	1060
chrX	154469164	154472459	154471257	3295	154470811	-1647	1648	446
chrX	19342879	19345915	19344094	3036	19344397	-1518	1518	-303
chrX	48559754	48562001	48559978	2247	48560877	-1123	1124	-899
chrX	154397318	154403250	154400578	5932	154400284	-2966	2966	294
chrX	48903812	48905925	48904579	2113	48904868	-1056	1057	-289
chrX	101411210	101413134	101412424	1924	101412172	-962	962	252
chrX	68839345	68843629	68840409	4284	68841487	-2142	2142	-1078
chrX	153588415	153594991	153588440	6576	153591703	-3288	3288	-3263
chrX	153588415	153594991	153594631	6576	153591703	-3288	3288	2928
chrX	64188959	64192325	64191878	3366	64190642	-1683	1683	1236
chrX	48596356	48602699	48601914	6343	48599527	-3171	3172	2387
chrX	103585203	103587267	103585608	2064	103586235	-1032	1032	-627
chrX	136874790	136882347	136879014	7557	136878568	-3778	3779	446
chrX	48897694	48903087	48902014	5393	48900390	-2696	2697	1624
chrX	154360172	154365400	154362740	5228	154362786	-2614	2614	-46
chrX	47222878	47229976	47226141	7098	47226427	-3549	3549	-286
chrX	48897694	48903087	48902787	5393	48900390	-2696	2697	2397
chrX	70491878	70494525	70492529	2647	70493201	-1323	1324	-672
chrX	53192392	53196456	53195050	4064	53194424	-2032	2032	626
chrX	72272623	72274224	72273277	1601	72273423	-800	801	-146
chrX	48897694	48903087	48902787	5393	48900390	-2696	2697	2397
chrX	48820513	48824988	48824629	4475	48822750	-2237	2238	1879
chrX	49066757	49069772	49068692	3015	49068264	-1507	1508	428
chrX	136873140	136874531	136874194	1391	136873835	-695	696	359
chrX	47568246	47573308	47569960	5062	47570777	-2531	2531	-817
chrX	135020669	135023563	135022413	2894	135022116	-1447	1447	297
chrX	153588415	153594991	153592665	6576	153591703	-3288	3288	962
chrX	48897694	48903087	48898360	5393	48900390	-2696	2697	-2030
chrX	53936882	53940658	53940420	3776	53938770	-1888	1888	1650
chrX	154397318	154403250	154398278	5932	154400284	-2966	2966	-2006
chrX	48525740	48529741	48526986	4001	48527740	-2000	2001	-754
chrX	53084297	53087235	53086184	2938	53085766	-1469	1469	418
chrX	48820513	48824988	48823376	4475	48822750	-2237	2238	626
chrX	53084297	53087235	53085761	2938	53085766	-1469	1469	-5
chrX	49071473	49076049	49075222	4576	49073761	-2288	2288	1461
chrX	49031401	49034065	49033534	2664	49032733	-1332	1332	801
chrX	154436975	154443590	154441794	6615	154440282	-3307	3308	1512
chrX	119870455	119873663	119871933	3208	119872059	-1604	1604	-126
chrX	104115119	104118416	104115328	3297	104116767	-1648	1649	-1439
chrX	54181632	54183876	54182599	2244	54182754	-1122	1122	-155
chrX	38803071	38805209	38805036	2138	38804140	-1069	1069	896
chrX	53192392	53196456	53194357	4064	53194424	-2032	2032	-67
chrX	47568246	47573308	47572952	5062	47570777	-2531	2531	2175
chrX	48596356	48602699	48600336	6343	48599527	-3171	3172	809
chrX	53084297	53087235	53084992	2938	53085766	-1469	1469	-774
chrX	154430430	154436086	154433657	5656	154433258	-2828	2828	399
chrX	154357941	154359762	154359117	1821	154358851	-910	911	266
chrX	64188959	64192325	64192026	3366	64190642	-1683	1683	1384
chrX	103674426	103677068	103676194	2642	103675747	-1321	1321	447
chrX	7147087	7150088	7148143	3001	7148587	-1500	1501	-444
chrX	9725352	9727996	9725798	2644	9726674	-1322	1322	-876
chrX	48897694	48903087	48898260	5393	48900390	-2696	2697	-2130
chrX	49285674	49288036	49287200	2362	49286855	-1181	1181	345
chrX	53550865	53556455	53550921	5590	53553660	-2795	2795	-2739
chrX	154436975	154443590	154442083	6615	154440282	-3307	3308	1801
chrX	47568246	47573308	47568877	5062	47570777	-2531	2531	-1900
chrX	47568246	47573308	47571437	5062	47570777	-2531	2531	660
chrX	71614958	71618404	71616925	3446	71616681	-1723	1723	244
chrX	48559754	48562001	48559916	2247	48560877	-1123	1124	-961
chrX	48596356	48602699	48600513	6343	48599527	-3171	3172	986
chrX	154019078	154023143	154019234	4065	154021110	-2032	2033	-1876
chrX	53532459	53535413	53533374	2954	53533936	-1477	1477	-562
chrX	103585203	103587267	103587237	2064	103586235	-1032	1032	1002
chrX	48803193	48806972	48805505	3779	48805082	-1889	1890	423
chrX	47222878	47229976	47226699	7098	47226427	-3549	3549	272
chrX	103606983	103609571	103609122	2588	103608277	-1294	1294	845
chrX	48820513	48824988	48823580	4475	48822750	-2237	2238	830
chrX	154430430	154436086	154432325	5656	154433258	-2828	2828	-933
chrX	154407142	154413808	154412152	6666	154410475	-3333	3333	1677
chrX	71140300	71143843	71142312	3543	71142071	-1771	1772	241
chrX	153693882	153695694	153694261	1812	153694788	-906	906	-527
chrX	48897694	48903087	48902355	5393	48900390	-2696	2697	1965
chrX	147910012	147912933	147912141	2921	147911472	-1460	1461	669
chrX	53084297	53087235	53084792	2938	53085766	-1469	1469	-974
chrX	64188959	64192325	64191147	3366	64190642	-1683	1683	505
chrX	41347119	41348579	41347449	1460	41347849	-730	730	-400
chrX	47635213	47640085	47638968	4872	47637649	-2436	2436	1319
chrX	53430921	53432884	53431006	1963	53431902	-981	982	-896
chrX	135020669	135023563	135021834	2894	135022116	-1447	1447	-282
chrX	135972633	135975212	135973710	2579	135973922	-1289	1290	-212
chrX	154436975	154443590	154440030	6615	154440282	-3307	3308	-252
chrX	154764539	154766442	154764940	1903	154765490	-951	952	-550
chrX	49061577	49065425	49064475	3848	49063501	-1924	1924	974
chrX	135020669	135023563	135022007	2894	135022116	-1447	1447	-109
chrX	76171794	76175636	76173163	3842	76173715	-1921	1921	-552
chrX	49029039	49030702	49030363	1663	49029870	-831	832	493
chrX	48525740	48529741	48527017	4001	48527740	-2000	2001	-723
chrX	49029039	49030702	49029998	1663	49029870	-831	832	128
chrX	48596356	48602699	48599649	6343	48599527	-3171	3172	122
chrX	154764539	154766442	154764921	1903	154765490	-951	952	-569
chrX	55005073	55009259	55006740	4186	55007166	-2093	2093	-426
chrX	154360172	154365400	154361513	5228	154362786	-2614	2614	-1273
chrX	48820513	48824988	48823936	4475	48822750	-2237	2238	1186
chrX	49066757	49069772	49068104	3015	49068264	-1507	1508	-160
chrX	154397318	154403250	154399903	5932	154400284	-2966	2966	-381
chrX	64188959	64192325	64190508	3366	64190642	-1683	1683	-134
chrX	47200116	47203971	47202408	3855	47202043	-1927	1928	365
chrX	154357941	154359762	154358533	1821	154358851	-910	911	-318
chrX	54445151	54451177	54449675	6026	54448164	-3013	3013	1511
chrX	103377697	103381538	103377713	3841	103379617	-1920	1921	-1904
chrX	48604310	48606609	48604957	2299	48605459	-1149	1150	-502
chrX	136874790	136882347	136879053	7557	136878568	-3778	3779	485
chrX	153456149	153460067	153456636	3918	153458108	-1959	1959	-1472
chrX	53084297	53087235	53086106	2938	53085766	-1469	1469	340
chrX	153588415	153594991	153594546	6576	153591703	-3288	3288	2843
chrX	48972287	48976151	48975176	3864	48974219	-1932	1932	957
chrX	120467985	120470020	120469243	2035	120469002	-1017	1018	241
chrX	154477863	154480212	154477867	2349	154479037	-1174	1175	-1170
chrX	100832560	100833773	100832886	1213	100833166	-606	607	-280
chrX	48921922	48925582	48923718	3660	48923752	-1830	1830	-34
chrX	49880371	49885695	49880745	5324	49883033	-2662	2662	-2288
chrX	152957831	152961623	152959761	3792	152959727	-1896	1896	34
chrX	53084297	53087235	53086091	2938	53085766	-1469	1469	325
chrX	154397318	154403250	154402960	5932	154400284	-2966	2966	2676
chrX	49880371	49885695	49880692	5324	49883033	-2662	2662	-2341
chrX	49285674	49288036	49286410	2362	49286855	-1181	1181	-445
chrX	68839345	68843629	68840573	4284	68841487	-2142	2142	-914
chrX	72272623	72274224	72273252	1601	72273423	-800	801	-171
chrX	47184234	47189109	47186573	4875	47186671	-2437	2438	-98
chrX	49031401	49034065	49031432	2664	49032733	-1332	1332	-1301
chrX	48559754	48562001	48560362	2247	48560877	-1123	1124	-515
chrX	154397318	154403250	154400604	5932	154400284	-2966	2966	320
chrX	53532459	53535413	53534049	2954	53533936	-1477	1477	113
chrX	71366064	71367974	71366399	1910	71367019	-955	955	-620
chrX	129792192	129794920	129794009	2728	129793556	-1364	1364	453
chrX	130077628	130085093	130081438	7465	130081360	-3732	3733	78
chrX	71366064	71367974	71366386	1910	71367019	-955	955	-633
chrX	47222878	47229976	47223706	7098	47226427	-3549	3549	-2721
chrX	153943808	153947620	153943968	3812	153945714	-1906	1906	-1746
chrX	136510936	136512273	136511327	1337	136511604	-668	669	-277
chrX	54445151	54451177	54445505	6026	54448164	-3013	3013	-2659
chrX	47222878	47229976	47228731	7098	47226427	-3549	3549	2304
chrX	49880371	49885695	49880901	5324	49883033	-2662	2662	-2132
chrX	136510936	136512273	136511100	1337	136511604	-668	669	-504
chrX	47222878	47229976	47228731	7098	47226427	-3549	3549	2304
chrX	38803071	38805209	38804882	2138	38804140	-1069	1069	742
chrX	48706519	48708416	48707555	1897	48707467	-948	949	88
chrX	107648164	107652498	107650011	4334	107650331	-2167	2167	-320
chrX	153900726	153906626	153905951	5900	153903676	-2950	2950	2275
chrX	47650969	47653922	47651813	2953	47652445	-1476	1477	-632
chrX	49071473	49076049	49074669	4576	49073761	-2288	2288	908
chrX	136873140	136874531	136874384	1391	136873835	-695	696	549
chrX	119870455	119873663	119871134	3208	119872059	-1604	1604	-925
chrX	48596356	48602699	48600632	6343	48599527	-3171	3172	1105
chrX	49285674	49288036	49287328	2362	49286855	-1181	1181	473
chrX	119870455	119873663	119873316	3208	119872059	-1604	1604	1257
chrX	150767315	150769131	150769035	1816	150768223	-908	908	812
chrX	53084297	53087235	53085322	2938	53085766	-1469	1469	-444
chrX	49285674	49288036	49287048	2362	49286855	-1181	1181	193
chrX	71614958	71618404	71617390	3446	71616681	-1723	1723	709
chrX	64188959	64192325	64190245	3366	64190642	-1683	1683	-397
chrX	154477863	154480212	154477955	2349	154479037	-1174	1175	-1082
chrX	47568246	47573308	47568721	5062	47570777	-2531	2531	-2056
chrX	48903812	48905925	48905248	2113	48904868	-1056	1057	380
chrX	76171794	76175636	76173648	3842	76173715	-1921	1921	-67
chrX	103685875	103687666	103686650	1791	103686770	-895	896	-120
chrX	132022084	132024340	132023403	2256	132023212	-1128	1128	191
chrX	53532459	53535413	53534637	2954	53533936	-1477	1477	701
chrX	136510936	136512273	136511200	1337	136511604	-668	669	-404
chrX	154360172	154365400	154364263	5228	154362786	-2614	2614	1477
chrX	71140300	71143843	71141346	3543	71142071	-1771	1772	-725
chrX	47635213	47640085	47637914	4872	47637649	-2436	2436	265
chrX	53550865	53556455	53554714	5590	53553660	-2795	2795	1054
chrX	16840474	16842132	16841616	1658	16841303	-829	829	313
chrX	48681751	48684834	48684339	3083	48683292	-1541	1542	1047
chrX	49880371	49885695	49881012	5324	49883033	-2662	2662	-2021
chrX	154436975	154443590	154438862	6615	154440282	-3307	3308	-1420
chrX	48911025	48914560	48914152	3535	48912792	-1767	1768	1360
chrX	64188959	64192325	64190056	3366	64190642	-1683	1683	-586
chrX	48706519	48708416	48706563	1897	48707467	-948	949	-904
chrX	101411210	101413134	101412046	1924	101412172	-962	962	-126
chrX	47222878	47229976	47227447	7098	47226427	-3549	3549	1020
chrX	136510936	136512273	136511147	1337	136511604	-668	669	-457
chrX	153444029	153447332	153445425	3303	153445680	-1651	1652	-255
chrX	47236518	47243756	47242114	7238	47240137	-3619	3619	1977
chrX	136510936	136512273	136511747	1337	136511604	-668	669	143
chrX	47200116	47203971	47202199	3855	47202043	-1927	1928	156
chrX	47236518	47243756	47242714	7238	47240137	-3619	3619	2577
chrX	101620277	101626356	101625831	6079	101623316	-3039	3040	2515
chrX	129919983	129922640	129921417	2657	129921311	-1328	1329	106
chrX	41347119	41348579	41347415	1460	41347849	-730	730	-434
chrX	71614958	71618404	71616598	3446	71616681	-1723	1723	-83
chrX	103674426	103677068	103676348	2642	103675747	-1321	1321	601
chrX	153970656	153973088	153970684	2432	153971872	-1216	1216	-1188
chrX	71140300	71143843	71141950	3543	71142071	-1771	1772	-121
chrX	53936882	53940658	53940264	3776	53938770	-1888	1888	1494
chrX	119870455	119873663	119871929	3208	119872059	-1604	1604	-130
chrX	136874790	136882347	136875106	7557	136878568	-3778	3779	-3462
chrX	152910486	152918397	152914740	7911	152914441	-3955	3956	299
chrX	48559754	48562001	48561064	2247	48560877	-1123	1124	187
chrX	48990240	48992451	48990997	2211	48991345	-1105	1106	-348
chrX	154397318	154403250	154399498	5932	154400284	-2966	2966	-786
chrX	153693882	153695694	153694552	1812	153694788	-906	906	-236
chrX	154357941	154359762	154359576	1821	154358851	-910	911	725
chrX	154407142	154413808	154413527	6666	154410475	-3333	3333	3052
chrX	53550865	53556455	53554785	5590	53553660	-2795	2795	1125
chrX	9725352	9727996	9725756	2644	9726674	-1322	1322	-918
chrX	70134630	70137421	70134698	2791	70136025	-1395	1396	-1327
chrX	48897694	48903087	48902804	5393	48900390	-2696	2697	2414
chrX	48897694	48903087	48902232	5393	48900390	-2696	2697	1842
chrX	49077484	49079266	49077534	1782	49078375	-891	891	-841
chrX	48525740	48529741	48528614	4001	48527740	-2000	2001	874
chrX	48972287	48976151	48974057	3864	48974219	-1932	1932	-162
chrX	119870455	119873663	119871230	3208	119872059	-1604	1604	-829
chrX	48570379	48576416	48575642	6037	48573397	-3018	3019	2245
chrX	47635213	47640085	47639119	4872	47637649	-2436	2436	1470
chrX	135020669	135023563	135022086	2894	135022116	-1447	1447	-30
chrX	47635213	47640085	47639289	4872	47637649	-2436	2436	1640
chrX	47200116	47203971	47202408	3855	47202043	-1927	1928	365
chrX	119870455	119873663	119871631	3208	119872059	-1604	1604	-428
chrX	47200116	47203971	47201316	3855	47202043	-1927	1928	-727
chrX	47236518	47243756	47241315	7238	47240137	-3619	3619	1178
chrX	48820513	48824988	48823000	4475	48822750	-2237	2238	250
chrX	49066757	49069772	49068665	3015	49068264	-1507	1508	401
chrX	49077484	49079266	49077880	1782	49078375	-891	891	-495
chrX	53430921	53432884	53431405	1963	53431902	-981	982	-497
chrX	53550865	53556455	53551175	5590	53553660	-2795	2795	-2485
chrX	55005073	55009259	55006756	4186	55007166	-2093	2093	-410
chrX	76171794	76175636	76174893	3842	76173715	-1921	1921	1178
chrX	101411210	101413134	101412419	1924	101412172	-962	962	247
chrX	103606983	103609571	103609515	2588	103608277	-1294	1294	1238
chrX	119870455	119873663	119870568	3208	119872059	-1604	1604	-1491
chrX	119870455	119873663	119871280	3208	119872059	-1604	1604	-779
chrX	153693882	153695694	153695131	1812	153694788	-906	906	343
chrX	154357941	154359762	154358243	1821	154358851	-910	911	-608
chrX	154397318	154403250	154398610	5932	154400284	-2966	2966	-1674
chrX	48990240	48992451	48991082	2211	48991345	-1105	1106	-263
chrX	71366064	71367974	71367568	1910	71367019	-955	955	549
chrX	136874790	136882347	136875483	7557	136878568	-3778	3779	-3085
chrX	19355364	19357119	19355726	1755	19356241	-877	878	-515
chrX	53084297	53087235	53085361	2938	53085766	-1469	1469	-405
chrX	154469164	154472459	154470006	3295	154470811	-1647	1648	-805
chrX	53192392	53196456	53196036	4064	53194424	-2032	2032	1612
chrX	154436975	154443590	154440069	6615	154440282	-3307	3308	-213
chrX	16868747	16871846	16869149	3099	16870296	-1549	1550	-1147
chrX	47222878	47229976	47226489	7098	47226427	-3549	3549	62
chrX	47568246	47573308	47568845	5062	47570777	-2531	2531	-1932
chrX	47568246	47573308	47569573	5062	47570777	-2531	2531	-1204
chrX	48559754	48562001	48560206	2247	48560877	-1123	1124	-671
chrX	48820513	48824988	48823008	4475	48822750	-2237	2238	258
chrX	48897694	48903087	48903041	5393	48900390	-2696	2697	2651
chrX	49171933	49174569	49174395	2636	49173251	-1318	1318	1144
chrX	49285674	49288036	49286774	2362	49286855	-1181	1181	-81
chrX	53532459	53535413	53533333	2954	53533936	-1477	1477	-603
chrX	53550865	53556455	53550928	5590	53553660	-2795	2795	-2732
chrX	53936882	53940658	53940232	3776	53938770	-1888	1888	1462
chrX	53936882	53940658	53940438	3776	53938770	-1888	1888	1668
chrX	54445151	54451177	54446376	6026	54448164	-3013	3013	-1788
chrX	76171794	76175636	76175587	3842	76173715	-1921	1921	1872
chrX	101620277	101626356	101625583	6079	101623316	-3039	3040	2267
chrX	119451179	119453331	119452017	2152	119452255	-1076	1076	-238
chrX	135020669	135023563	135021984	2894	135022116	-1447	1447	-132
chrX	136510936	136512273	136511836	1337	136511604	-668	669	232
chrX	136874790	136882347	136875522	7557	136878568	-3778	3779	-3046
chrX	136874790	136882347	136879257	7557	136878568	-3778	3779	689
chrX	154360172	154365400	154365245	5228	154362786	-2614	2614	2459
chrX	154469164	154472459	154471156	3295	154470811	-1647	1648	345
chrX	48897694	48903087	48898505	5393	48900390	-2696	2697	-1885
chrX	49061577	49065425	49064650	3848	49063501	-1924	1924	1149
chrX	71366064	71367974	71366379	1910	71367019	-955	955	-640
chrX	153943808	153947620	153944624	3812	153945714	-1906	1906	-1090
chrX	49171933	49174569	49172024	2636	49173251	-1318	1318	-1227
chrX	69529160	69532716	69529610	3556	69530938	-1778	1778	-1328
chrX	154469164	154472459	154471576	3295	154470811	-1647	1648	765
chrX	19355364	19357119	19355716	1755	19356241	-877	878	-525
chrX	55005073	55009259	55006689	4186	55007166	-2093	2093	-477
chrX	154436975	154443590	154440410	6615	154440282	-3307	3308	128
chrX	48911025	48914560	48914106	3535	48912792	-1767	1768	1314
chrX	48596356	48602699	48598822	6343	48599527	-3171	3172	-705
chrX	68839345	68843629	68840941	4284	68841487	-2142	2142	-546
chrX	54445151	54451177	54446169	6026	54448164	-3013	3013	-1995
chrX	49285674	49288036	49287258	2362	49286855	-1181	1181	403
chrX	23703021	23705805	23705581	2784	23704413	-1392	1392	1168
chrX	48596356	48602699	48599698	6343	48599527	-3171	3172	171
chrX	154360172	154365400	154364019	5228	154362786	-2614	2614	1233
chrX	154397318	154403250	154400574	5932	154400284	-2966	2966	290
chrX	49061577	49065425	49063927	3848	49063501	-1924	1924	426
chrX	47184234	47189109	47186696	4875	47186671	-2437	2438	25
chrX	47635213	47640085	47638084	4872	47637649	-2436	2436	435
chrX	48559754	48562001	48560605	2247	48560877	-1123	1124	-272
chrX	48681751	48684834	48684352	3083	48683292	-1541	1542	1060
chrX	49029039	49030702	49029831	1663	49029870	-831	832	-39
chrX	49029039	49030702	49030091	1663	49029870	-831	832	221
chrX	71614958	71618404	71616890	3446	71616681	-1723	1723	209
chrX	103377697	103381538	103377762	3841	103379617	-1920	1921	-1855
chrX	136510936	136512273	136511552	1337	136511604	-668	669	-52
chrX	71140300	71143843	71141964	3543	71142071	-1771	1772	-107
chrX	64188959	64192325	64192298	3366	64190642	-1683	1683	1656
chrX	101620277	101626356	101626204	6079	101623316	-3039	3040	2888
chrX	119451179	119453331	119452901	2152	119452255	-1076	1076	646
chrX	154012960	154018926	154016071	5966	154015943	-2983	2983	128
chrX	49071473	49076049	49074867	4576	49073761	-2288	2288	1106
chrX	103606983	103609571	103609308	2588	103608277	-1294	1294	1031
chrX	53550865	53556455	53556319	5590	53553660	-2795	2795	2659
chrX	64188959	64192325	64190508	3366	64190642	-1683	1683	-134
chrX	136510936	136512273	136511983	1337	136511604	-668	669	379
chrX	69529160	69532716	69529930	3556	69530938	-1778	1778	-1008
chrX	71614958	71618404	71617152	3446	71616681	-1723	1723	471
chrX	64188959	64192325	64192169	3366	64190642	-1683	1683	1527
chrX	48596356	48602699	48600428	6343	48599527	-3171	3172	901
chrX	48903812	48905925	48904700	2113	48904868	-1056	1057	-168
chrX	135020669	135023563	135022235	2894	135022116	-1447	1447	119
chrX	71614958	71618404	71617365	3446	71616681	-1723	1723	684
chrX	64188959	64192325	64191398	3366	64190642	-1683	1683	756
chrX	154360172	154365400	154364116	5228	154362786	-2614	2614	1330
chrX	154436975	154443590	154439007	6615	154440282	-3307	3308	-1275
chrX	49066757	49069772	49068156	3015	49068264	-1507	1508	-108
chrX	71301279	71302444	71301782	1165	71301861	-582	583	-79
chrX	54555423	54559883	54558584	4460	54557653	-2230	2230	931
chrX	153900726	153906626	153906622	5900	153903676	-2950	2950	2946
chrX	48559754	48562001	48560332	2247	48560877	-1123	1124	-545
chrX	49029039	49030702	49030335	1663	49029870	-831	832	465
chrX	154360172	154365400	154364879	5228	154362786	-2614	2614	2093
chrX	130077628	130085093	130081422	7465	130081360	-3732	3733	62
chrX	154360172	154365400	154360198	5228	154362786	-2614	2614	-2588
chrX	47222878	47229976	47226809	7098	47226427	-3549	3549	382
chrX	47635213	47640085	47639042	4872	47637649	-2436	2436	1393
chrX	47222878	47229976	47229664	7098	47226427	-3549	3549	3237
chrX	154775870	154777320	154776837	1450	154776595	-725	725	242
chrX	154360172	154365400	154364836	5228	154362786	-2614	2614	2050
chrX	119870455	119873663	119871229	3208	119872059	-1604	1604	-830
chrX	48803193	48806972	48806626	3779	48805082	-1889	1890	1544
chrX	53211333	53212689	53211521	1356	53212011	-678	678	-490
chrX	104115119	104118416	104115556	3297	104116767	-1648	1649	-1211
chrX	10123174	10127753	10124311	4579	10125463	-2289	2290	-1152
chrX	53936882	53940658	53939127	3776	53938770	-1888	1888	357
chrX	64188959	64192325	64190794	3366	64190642	-1683	1683	152
chrX	48897694	48903087	48902739	5393	48900390	-2696	2697	2349
chrX	53192392	53196456	53192676	4064	53194424	-2032	2032	-1748
chrX	154503026	154507959	154506764	4933	154505492	-2466	2467	1272
chrX	101411210	101413134	101412123	1924	101412172	-962	962	-49
chrX	103674426	103677068	103676439	2642	103675747	-1321	1321	692
chrX	154012960	154018926	154013225	5966	154015943	-2983	2983	-2718
chrX	119870455	119873663	119871819	3208	119872059	-1604	1604	-240
chrX	48820513	48824988	48822935	4475	48822750	-2237	2238	185
chrX	119870455	119873663	119870981	3208	119872059	-1604	1604	-1078
chrX	154477863	154480212	154477906	2349	154479037	-1174	1175	-1131
chrX	48559754	48562001	48560838	2247	48560877	-1123	1124	-39
chrX	119870455	119873663	119871413	3208	119872059	-1604	1604	-646
chrX	71614958	71618404	71617575	3446	71616681	-1723	1723	894
chrX	48903812	48905925	48904841	2113	48904868	-1056	1057	-27
chrX	48706519	48708416	48707584	1897	48707467	-948	949	117
chrX	48706519	48708416	48707846	1897	48707467	-948	949	379
chrX	53379170	53381789	53380646	2619	53380479	-1309	1310	167
chrX	71614958	71618404	71617390	3446	71616681	-1723	1723	709
chrX	64188959	64192325	64190891	3366	64190642	-1683	1683	249
chrX	101620277	101626356	101625908	6079	101623316	-3039	3040	2592
