Chr	Start	End	Mutation	Size	Middle	Start_C	End_C	Mutations_C
chr1	32360321	32367284	32363805	6963	32363802	-3481	3482	3
chr1	145845583	145848365	145847270	2782	145846974	-1391	1391	296
chr1	153771364	153774208	153772667	2844	153772786	-1422	1422	-119
chr1	181088390	181090557	181088914	2167	181089473	-1083	1084	-559
chr1	11053700	11060620	11056717	6920	11057160	-3460	3460	-443
chr1	31622642	31629892	31626858	7250	31626267	-3625	3625	591
chr1	153618818	153620573	153618854	1755	153619695	-877	878	-841
chr1	32202502	32207732	32207474	5230	32205117	-2615	2615	2357
chr1	109237658	109240175	109237770	2517	109238916	-1258	1259	-1146
chr1	154943668	154946271	154945116	2603	154944969	-1301	1302	147
chr1	155266297	155267644	155266853	1347	155266970	-673	674	-117
chr1	161121454	161124393	161124279	2939	161122923	-1469	1470	1356
chr1	205526398	205531112	205530687	4714	205528755	-2357	2357	1932
chr1	214332725	214334587	214334031	1862	214333656	-931	931	375
chr1	226068700	226072173	226071473	3473	226070436	-1736	1737	1037
chr1	154925015	154928076	154926408	3061	154926545	-1530	1531	-137
chr1	214332725	214334587	214333953	1862	214333656	-931	931	297
chr1	1638370	1642737	1638532	4367	1640553	-2183	2184	-2021
chr1	11847599	11850118	11847627	2519	11848858	-1259	1260	-1231
chr1	109237658	109240175	109237802	2517	109238916	-1258	1259	-1114
chr1	11669859	11675057	11673766	5198	11672458	-2599	2599	1308
chr1	161121454	161124393	161122110	2939	161122923	-1469	1470	-813
chr1	153951063	153956383	153951374	5320	153953723	-2660	2660	-2349
chr1	161155682	161161485	161158123	5803	161158583	-2901	2902	-460
chr1	26779388	26781241	26779863	1853	26780314	-926	927	-451
chr1	179086885	179094678	179094136	7793	179090781	-3896	3897	3355
chr1	112695108	112699703	112698081	4595	112697405	-2297	2298	676
chr1	150963764	150965163	150964252	1399	150964463	-699	700	-211
chr1	145845583	145848365	145847587	2782	145846974	-1391	1391	613
chr1	37481025	37484310	37483802	3285	37482667	-1642	1643	1135
chr1	154958882	154962939	154958907	4057	154960910	-2028	2029	-2003
chr1	156290990	156293471	156293366	2481	156292230	-1240	1241	1136
chr1	36455455	36456492	36456312	1037	36455973	-518	519	339
chr1	180270012	180272560	180271869	2548	180271286	-1274	1274	583
chr1	161212057	161216693	161214164	4636	161214375	-2318	2318	-211
chr1	160998900	161001224	160999977	2324	161000062	-1162	1162	-85
chr1	150967054	150969017	150968442	1963	150968035	-981	982	407
chr1	42816044	42817506	42816441	1462	42816775	-731	731	-334
chr1	154550069	154556304	154552445	6235	154553186	-3117	3118	-741
chr1	202009453	202015827	202015368	6374	202012640	-3187	3187	2728
chr1	205303865	205306518	205304207	2653	205305191	-1326	1327	-984
chr1	6585134	6589608	6585882	4474	6587371	-2237	2237	-1489
chr1	37481025	37484310	37483603	3285	37482667	-1642	1643	936
chr1	46188177	46190504	46189991	2327	46189340	-1163	1164	651
chr1	85580671	85582611	85582466	1940	85581641	-970	970	825
chr1	114713576	114714496	114713920	920	114714036	-460	460	-116
chr1	155135584	155138430	155137693	2846	155137007	-1423	1423	686
chr1	156937683	156942123	156938455	4440	156939903	-2220	2220	-1448
chr1	161114984	161121140	161118016	6156	161118062	-3078	3078	-46
chr1	31433438	31437448	31434185	4010	31435443	-2005	2005	-1258
chr1	226983256	226987161	226984118	3905	226985208	-1952	1953	-1090
chr1	58575507	58578070	58576516	2563	58576788	-1281	1282	-272
chr1	8354824	8361599	8356115	6775	8358211	-3387	3388	-2096
chr1	44776008	44778123	44777615	2115	44777065	-1057	1058	550
chr1	150806278	150808039	150806710	1761	150807158	-880	881	-448
chr1	153662162	153662626	153662399	464	153662394	-232	232	5
chr1	154347482	154353924	154348467	6442	154350703	-3221	3221	-2236
chr1	154958882	154962939	154959512	4057	154960910	-2028	2029	-1398
chr1	204128958	204132439	204132042	3481	204130698	-1740	1741	1344
chr1	150281278	150286016	150283554	4738	150283647	-2369	2369	-93
chr1	205526398	205531112	205529580	4714	205528755	-2357	2357	825
chr1	17407736	17414325	17409983	6589	17411030	-3294	3295	-1047
chr1	161071980	161075267	161073272	3287	161073623	-1643	1644	-351
chr1	45565962	45569792	45568563	3830	45567877	-1915	1915	686
chr1	112699838	112704251	112703675	4413	112702044	-2206	2207	1631
chr1	181088390	181090557	181088945	2167	181089473	-1083	1084	-528
chr1	204425403	204428208	204425733	2805	204426805	-1402	1403	-1072
chr1	32767962	32774402	32772872	6440	32771182	-3220	3220	1690
chr1	156172283	156178465	156176616	6182	156175374	-3091	3091	1242
chr1	6463969	6471224	6470561	7255	6467596	-3627	3628	2965
chr1	32325315	32332699	32331722	7384	32329007	-3692	3692	2715
chr1	26182702	26187437	26187188	4735	26185069	-2367	2368	2119
chr1	156290990	156293471	156293074	2481	156292230	-1240	1241	844
chr1	153662162	153662626	153662545	464	153662394	-232	232	151
chr1	44217008	44222829	44219188	5821	44219918	-2910	2911	-730
chr1	159928025	159930684	159930181	2659	159929354	-1329	1330	827
chr1	26853009	26858472	26853845	5463	26855740	-2731	2732	-1895
chr1	153662162	153662626	153662324	464	153662394	-232	232	-70
chr1	155317947	155318924	155318278	977	155318435	-488	489	-157
chr1	45508695	45509395	45508918	700	45509045	-350	350	-127
chr1	22118960	22123510	22120234	4550	22121235	-2275	2275	-1001
chr1	15935117	15937568	15937302	2451	15936342	-1225	1226	960
chr1	150965395	150966925	150966604	1530	150966160	-765	765	444
chr1	43975882	43977538	43976304	1656	43976710	-828	828	-406
chr1	151404031	151405712	151405417	1681	151404871	-840	841	546
chr1	114570179	114573859	114570731	3680	114572019	-1840	1840	-1288
chr1	145845583	145848365	145846633	2782	145846974	-1391	1391	-341
chr1	154267602	154271369	154268785	3767	154269485	-1883	1884	-700
chr1	156929492	156933388	156932549	3896	156931440	-1948	1948	1109
chr1	27849031	27850920	27850215	1889	27849975	-944	945	240
chr1	154347482	154353924	154351193	6442	154350703	-3221	3221	490
chr1	161169074	161171462	161169695	2388	161170268	-1194	1194	-573
chr1	201464767	201470045	201465853	5278	201467406	-2639	2639	-1553
chr1	202880645	202883616	202881174	2971	202882130	-1485	1486	-956
chr1	145845583	145848365	145846069	2782	145846974	-1391	1391	-905
chr1	155263029	155264030	155263318	1001	155263529	-500	501	-211
chr1	44217008	44222829	44221539	5821	44219918	-2910	2911	1621
chr1	154943668	154946271	154945566	2603	154944969	-1301	1302	597
chr1	3780434	3783270	3781140	2836	3781852	-1418	1418	-712
chr1	32360321	32367284	32361360	6963	32363802	-3481	3482	-2442
chr1	45620780	45623000	45621953	2220	45621890	-1110	1110	63
chr1	43620805	43623398	43622088	2593	43622101	-1296	1297	-13
chr1	153771364	153774208	153773762	2844	153772786	-1422	1422	976
chr1	204121640	204124898	204124640	3258	204123269	-1629	1629	1371
chr1	150263349	150266356	150266105	3007	150264852	-1503	1504	1253
chr1	150267428	150270167	150268047	2739	150268797	-1369	1370	-750
chr1	12007696	12013475	12011546	5779	12010585	-2889	2890	961
chr1	32767962	32774402	32771338	6440	32771182	-3220	3220	156
chr1	33321856	33324631	33323806	2775	33323243	-1387	1388	563
chr1	43620805	43623398	43622098	2593	43622101	-1296	1297	-3
chr1	156290990	156293471	156292926	2481	156292230	-1240	1241	696
chr1	46034800	46037804	46034937	3004	46036302	-1502	1502	-1365
chr1	204125633	204127790	204126754	2157	204126711	-1078	1079	43
chr1	205303865	205306518	205305312	2653	205305191	-1326	1327	121
chr1	963535	968263	964004	4728	965899	-2364	2364	-1895
chr1	161173127	161176094	161175132	2967	161174610	-1483	1484	522
chr1	2186892	2191124	2187003	4232	2189008	-2116	2116	-2005
chr1	26779388	26781241	26779863	1853	26780314	-926	927	-451
chr1	32767962	32774402	32772909	6440	32771182	-3220	3220	1727
chr1	42816044	42817506	42816492	1462	42816775	-731	731	-283
chr1	45326597	45333684	45328036	7087	45330140	-3543	3544	-2104
chr1	155263029	155264030	155263227	1001	155263529	-500	501	-302
chr1	159928025	159930684	159930332	2659	159929354	-1329	1330	978
chr1	45002551	45008655	45004879	6104	45005603	-3052	3052	-724
chr1	151170822	151172343	151170920	1521	151171582	-760	761	-662
chr1	30932953	30935482	30933212	2529	30934217	-1264	1265	-1005
chr1	150958956	150963712	150963013	4756	150961334	-2378	2378	1679
chr1	155261785	155262911	155262143	1126	155262348	-563	563	-205
chr1	225848075	225850428	225848915	2353	225849251	-1176	1177	-336
chr1	108698729	108699871	108699260	1142	108699300	-571	571	-40
chr1	155129000	155131746	155131361	2746	155130373	-1373	1373	988
chr1	43620805	43623398	43621989	2593	43622101	-1296	1297	-112
chr1	151398646	151400519	151399711	1873	151399582	-936	937	129
chr1	161047292	161048664	161048438	1372	161047978	-686	686	460
chr1	154964996	154967213	154966053	2217	154966104	-1108	1109	-51
chr1	151170822	151172343	151171457	1521	151171582	-760	761	-125
chr1	27403227	27407478	27405668	4251	27405352	-2125	2126	316
chr1	1309105	1316720	1314919	7615	1312912	-3807	3808	2007
chr1	45620780	45623000	45622814	2220	45621890	-1110	1110	924
chr1	67684293	67689096	67687841	4803	67686694	-2401	2402	1147
chr1	150267428	150270167	150268720	2739	150268797	-1369	1370	-77
chr1	31622642	31629892	31627267	7250	31626267	-3625	3625	1000
chr1	151265042	151267448	151266518	2406	151266245	-1203	1203	273
chr1	26779388	26781241	26779645	1853	26780314	-926	927	-669
chr1	22118960	22123510	22120460	4550	22121235	-2275	2275	-775
chr1	23084750	23085698	23085361	948	23085224	-474	474	137
chr1	156733816	156736365	156734385	2549	156735090	-1274	1275	-705
chr1	153775045	153776516	153775375	1471	153775780	-735	736	-405
chr1	45565962	45569792	45567957	3830	45567877	-1915	1915	80
chr1	153932478	153935315	153932959	2837	153933896	-1418	1419	-937
chr1	155015279	155019083	155016348	3804	155017181	-1902	1902	-833
chr1	112699838	112704251	112701698	4413	112702044	-2206	2207	-346
chr1	156050621	156055890	156054935	5269	156053255	-2634	2635	1680
chr1	8354824	8361599	8355053	6775	8358211	-3387	3388	-3158
chr1	32360321	32367284	32364104	6963	32363802	-3481	3482	302
chr1	154323517	154328328	154327817	4811	154325922	-2405	2406	1895
chr1	151173367	151175655	151174830	2288	151174511	-1144	1144	319
chr1	150263349	150266356	150266092	3007	150264852	-1503	1504	1240
chr1	15935117	15937568	15937461	2451	15936342	-1225	1226	1119
chr1	154943668	154946271	154945908	2603	154944969	-1301	1302	939
chr1	151404031	151405712	151404640	1681	151404871	-840	841	-231
chr1	155015279	155019083	155018599	3804	155017181	-1902	1902	1418
chr1	32767962	32774402	32773120	6440	32771182	-3220	3220	1938
chr1	226983256	226987161	226986479	3905	226985208	-1952	1953	1271
chr1	154943668	154946271	154945737	2603	154944969	-1301	1302	768
chr1	200911214	200917456	200913731	6242	200914335	-3121	3121	-604
chr1	32333381	32336657	32335011	3276	32335019	-1638	1638	-8
chr1	43446678	43454364	43451332	7686	43450521	-3843	3843	811
chr1	2495943	2503581	2502799	7638	2499762	-3819	3819	3037
chr1	204133228	204135356	204134574	2128	204134292	-1064	1064	282
chr1	200407901	200411046	200408787	3145	200409473	-1572	1573	-686
chr1	150263349	150266356	150266043	3007	150264852	-1503	1504	1191
chr1	153775045	153776516	153775320	1471	153775780	-735	736	-460
chr1	150963764	150965163	150964048	1399	150964463	-699	700	-415
chr1	1054391	1061712	1055442	7321	1058051	-3660	3661	-2609
chr1	220150861	220152725	220151735	1864	220151793	-932	932	-58
chr1	151173367	151175655	151174492	2288	151174511	-1144	1144	-19
chr1	27002757	27010516	27006606	7759	27006636	-3879	3880	-30
chr1	112699838	112704251	112700226	4413	112702044	-2206	2207	-1818
chr1	155129000	155131746	155131400	2746	155130373	-1373	1373	1027
chr1	161047292	161048664	161047819	1372	161047978	-686	686	-159
chr1	236546920	236548039	236548009	1119	236547479	-559	560	530
chr1	181088390	181090557	181089816	2167	181089473	-1083	1084	343
chr1	225842442	225846747	225845166	4305	225844594	-2152	2153	572
chr1	9730426	9732155	9731127	1729	9731290	-864	865	-163
chr1	228374689	228378764	228378660	4075	228376726	-2037	2038	1934
chr1	155321746	155328952	155322712	7206	155325349	-3603	3603	-2637
chr1	77941576	77944071	77942949	2495	77942823	-1247	1248	126
chr1	112695108	112699703	112696758	4595	112697405	-2297	2298	-647
chr1	154964996	154967213	154965639	2217	154966104	-1108	1109	-465
chr1	151700935	151708597	151702656	7662	151704766	-3831	3831	-2110
chr1	181088390	181090557	181089838	2167	181089473	-1083	1084	365
chr1	85580671	85582611	85582140	1940	85581641	-970	970	499
chr1	43386394	43389005	43386600	2611	43387699	-1305	1306	-1099
chr1	151404031	151405712	151405658	1681	151404871	-840	841	787
chr1	151042476	151049117	151046113	6641	151045796	-3320	3321	317
chr1	151342066	151344097	151342257	2031	151343081	-1015	1016	-824
chr1	19255468	19258083	19257972	2615	19256775	-1307	1308	1197
chr1	77941576	77944071	77942884	2495	77942823	-1247	1248	61
chr1	112699838	112704251	112700263	4413	112702044	-2206	2207	-1781
chr1	153932478	153935315	153932921	2837	153933896	-1418	1419	-975
chr1	161047292	161048664	161047895	1372	161047978	-686	686	-83
chr1	161121454	161124393	161123184	2939	161122923	-1469	1470	261
chr1	26779388	26781241	26780325	1853	26780314	-926	927	11
chr1	149922555	149924928	149923867	2373	149923741	-1186	1187	126
chr1	161037575	161039474	161038626	1899	161038524	-949	950	102
chr1	43386394	43389005	43386588	2611	43387699	-1305	1306	-1111
chr1	182885434	182888937	182887372	3503	182887185	-1751	1752	187
chr1	1385742	1390941	1387308	5199	1388341	-2599	2600	-1033
chr1	39004107	39005596	39004145	1489	39004851	-744	745	-706
chr1	159914459	159920601	159918967	6142	159917530	-3071	3071	1437
chr1	160212880	160214597	160213578	1717	160213738	-858	859	-160
chr1	154347482	154353924	154349138	6442	154350703	-3221	3221	-1565
chr1	1254620	1258777	1255246	4157	1256698	-2078	2079	-1452
chr1	155263029	155264030	155263978	1001	155263529	-500	501	449
chr1	9730426	9732155	9730558	1729	9731290	-864	865	-732
chr1	85580671	85582611	85582550	1940	85581641	-970	970	909
chr1	151265042	151267448	151266559	2406	151266245	-1203	1203	314
chr1	151175675	151178927	151176917	3252	151177301	-1626	1626	-384
chr1	153644489	153648787	153645124	4298	153646638	-2149	2149	-1514
chr1	161114984	161121140	161119186	6156	161118062	-3078	3078	1124
chr1	1309105	1316720	1313888	7615	1312912	-3807	3808	976
chr1	26779388	26781241	26779732	1853	26780314	-926	927	-582
chr1	40071605	40072678	40072341	1073	40072141	-536	537	200
chr1	44217008	44222829	44220558	5821	44219918	-2910	2911	640
chr1	206732860	206735449	206733818	2589	206734154	-1294	1295	-336
chr1	1309105	1316720	1313879	7615	1312912	-3807	3808	967
chr1	77941576	77944071	77942573	2495	77942823	-1247	1248	-250
chr1	161212057	161216693	161213712	4636	161214375	-2318	2318	-663
chr1	1054391	1061712	1055374	7321	1058051	-3660	3661	-2677
chr1	1054391	1061712	1055376	7321	1058051	-3660	3661	-2675
chr1	11787002	11791187	11788615	4185	11789094	-2092	2093	-479
chr1	150965395	150966925	150966597	1530	150966160	-765	765	437
chr1	228392126	228399671	228394823	7545	228395898	-3772	3773	-1075
chr1	32325315	32332699	32330895	7384	32329007	-3692	3692	1888
chr1	26779388	26781241	26779872	1853	26780314	-926	927	-442
chr1	153640966	153644403	153643504	3437	153642684	-1718	1719	820
chr1	43975882	43977538	43976634	1656	43976710	-828	828	-76
chr1	155321746	155328952	155328255	7206	155325349	-3603	3603	2906
chr1	156172283	156178465	156176453	6182	156175374	-3091	3091	1079
chr1	151404031	151405712	151404917	1681	151404871	-840	841	46
chr1	26779388	26781241	26781026	1853	26780314	-926	927	712
chr1	32202502	32207732	32203925	5230	32205117	-2615	2615	-1192
chr1	32325315	32332699	32332143	7384	32329007	-3692	3692	3136
chr1	45326597	45333684	45332169	7087	45330140	-3543	3544	2029
chr1	109490617	109492495	109491164	1878	109491556	-939	939	-392
chr1	11787002	11791187	11790692	4185	11789094	-2092	2093	1598
chr1	156929492	156933388	156932516	3896	156931440	-1948	1948	1076
chr1	150958956	150963712	150962604	4756	150961334	-2378	2378	1270
chr1	43975882	43977538	43977242	1656	43976710	-828	828	532
chr1	220150861	220152725	220151227	1864	220151793	-932	932	-566
chr1	15940968	15947097	15944934	6129	15944032	-3064	3065	902
chr1	151404031	151405712	151405154	1681	151404871	-840	841	283
chr1	26779388	26781241	26779739	1853	26780314	-926	927	-575
chr1	155290311	155295192	155291782	4881	155292751	-2440	2441	-969
chr1	161071980	161075267	161074693	3287	161073623	-1643	1644	1070
chr1	226068700	226072173	226071375	3473	226070436	-1736	1737	939
chr1	161071980	161075267	161072721	3287	161073623	-1643	1644	-902
chr1	159914459	159920601	159918701	6142	159917530	-3071	3071	1171
chr1	155290311	155295192	155293212	4881	155292751	-2440	2441	461
chr1	11669859	11675057	11674660	5198	11672458	-2599	2599	2202
chr1	1254620	1258777	1255342	4157	1256698	-2078	2079	-1356
chr1	151042476	151049117	151048729	6641	151045796	-3320	3321	2933
chr1	156172283	156178465	156176578	6182	156175374	-3091	3091	1204
chr1	205526398	205531112	205529095	4714	205528755	-2357	2357	340
chr1	205526398	205531112	205530297	4714	205528755	-2357	2357	1542
chr1	226983256	226987161	226984902	3905	226985208	-1952	1953	-306
chr1	159914459	159920601	159919335	6142	159917530	-3071	3071	1805
chr1	32202502	32207732	32207279	5230	32205117	-2615	2615	2162
chr1	151042476	151049117	151048711	6641	151045796	-3320	3321	2915
chr1	160998900	161001224	161000737	2324	161000062	-1162	1162	675
chr1	46030610	46034532	46032636	3922	46032571	-1961	1961	65
chr1	26779388	26781241	26780007	1853	26780314	-926	927	-307
chr1	32333381	32336657	32334829	3276	32335019	-1638	1638	-190
chr1	151538765	151545989	151540355	7224	151542377	-3612	3612	-2022
chr1	15940968	15947097	15942688	6129	15944032	-3064	3065	-1344
chr1	15940968	15947097	15944578	6129	15944032	-3064	3065	546
chr1	17407736	17414325	17408956	6589	17411030	-3294	3295	-2074
chr1	29120343	29125958	29120958	5615	29123150	-2807	2808	-2192
chr1	36455455	36456492	36455779	1037	36455973	-518	519	-194
chr1	37805349	37809614	37806902	4265	37807481	-2132	2133	-579
chr1	43620805	43623398	43620841	2593	43622101	-1296	1297	-1260
chr1	45565962	45569792	45568482	3830	45567877	-1915	1915	605
chr1	150958956	150963712	150963001	4756	150961334	-2378	2378	1667
chr1	150967054	150969017	150968175	1963	150968035	-981	982	140
chr1	151034134	151037655	151034295	3521	151035894	-1760	1761	-1599
chr1	155319387	155320229	155319905	842	155319808	-421	421	97
chr1	156929492	156933388	156930613	3896	156931440	-1948	1948	-827
chr1	156929492	156933388	156932633	3896	156931440	-1948	1948	1193
chr1	159928025	159930684	159930300	2659	159929354	-1329	1330	946
chr1	181088390	181090557	181089808	2167	181089473	-1083	1084	335
chr1	26779388	26781241	26780065	1853	26780314	-926	927	-249
chr1	37481025	37484310	37481742	3285	37482667	-1642	1643	-925
chr1	200407901	200411046	200408596	3145	200409473	-1572	1573	-877
chr1	156172283	156178465	156176926	6182	156175374	-3091	3091	1552
chr1	32325315	32332699	32331713	7384	32329007	-3692	3692	2706
chr1	112699838	112704251	112703698	4413	112702044	-2206	2207	1654
chr1	145845583	145848365	145847629	2782	145846974	-1391	1391	655
chr1	150963764	150965163	150964547	1399	150964463	-699	700	84
chr1	151042476	151049117	151046089	6641	151045796	-3320	3321	293
chr1	151173367	151175655	151174776	2288	151174511	-1144	1144	265
chr1	151404031	151405712	151405340	1681	151404871	-840	841	469
chr1	153640966	153644403	153643138	3437	153642684	-1718	1719	454
chr1	153928238	153930241	153930225	2003	153929239	-1001	1002	986
chr1	153957573	153964497	153962702	6924	153961035	-3462	3462	1667
chr1	154550069	154556304	154552450	6235	154553186	-3117	3118	-736
chr1	159928025	159930684	159928586	2659	159929354	-1329	1330	-768
chr1	161121454	161124393	161123125	2939	161122923	-1469	1470	202
chr1	161169074	161171462	161169660	2388	161170268	-1194	1194	-608
chr1	161173127	161176094	161175966	2967	161174610	-1483	1484	1356
chr1	161212057	161216693	161214188	4636	161214375	-2318	2318	-187
chr1	180264808	180266531	180266528	1723	180265669	-861	862	859
chr1	204133228	204135356	204134569	2128	204134292	-1064	1064	277
chr1	15940968	15947097	15944190	6129	15944032	-3064	3065	158
chr1	153957573	153964497	153958529	6924	153961035	-3462	3462	-2506
chr1	161121454	161124393	161124151	2939	161122923	-1469	1470	1228
chr1	37481025	37484310	37483268	3285	37482667	-1642	1643	601
chr1	151034134	151037655	151037523	3521	151035894	-1760	1761	1629
chr1	153771364	153774208	153772674	2844	153772786	-1422	1422	-112
chr1	155135584	155138430	155136931	2846	155137007	-1423	1423	-76
chr1	11669859	11675057	11672003	5198	11672458	-2599	2599	-455
chr1	109237658	109240175	109237924	2517	109238916	-1258	1259	-992
chr1	43975882	43977538	43976100	1656	43976710	-828	828	-610
chr1	151400860	151402348	151400862	1488	151401604	-744	744	-742
chr1	26470760	26473631	26473504	2871	26472195	-1435	1436	1309
chr1	150967054	150969017	150967423	1963	150968035	-981	982	-612
chr1	45508695	45509395	45508876	700	45509045	-350	350	-169
chr1	156172283	156178465	156176810	6182	156175374	-3091	3091	1436
chr1	15940968	15947097	15945786	6129	15944032	-3064	3065	1754
chr1	19336557	19343499	19339724	6942	19340028	-3471	3471	-304
chr1	150263349	150266356	150264851	3007	150264852	-1503	1504	-1
chr1	150281278	150286016	150283329	4738	150283647	-2369	2369	-318
chr1	151342066	151344097	151343406	2031	151343081	-1015	1016	325
chr1	226983256	226987161	226986569	3905	226985208	-1952	1953	1361
chr1	155279859	155286466	155285743	6607	155283162	-3303	3304	2581
chr1	155261785	155262911	155262115	1126	155262348	-563	563	-233
chr1	43614371	43620204	43620184	5833	43617287	-2916	2917	2897
chr1	160998900	161001224	161000183	2324	161000062	-1162	1162	121
chr1	150967054	150969017	150968416	1963	150968035	-981	982	381
chr1	32100261	32104545	32102486	4284	32102403	-2142	2142	83
chr1	112699838	112704251	112702599	4413	112702044	-2206	2207	555
chr1	151342066	151344097	151342941	2031	151343081	-1015	1016	-140
chr1	154943668	154946271	154945841	2603	154944969	-1301	1302	872
chr1	225842442	225846747	225844529	4305	225844594	-2152	2153	-65
chr1	43620805	43623398	43620841	2593	43622101	-1296	1297	-1260
chr1	36087282	36090966	36087974	3684	36089124	-1842	1842	-1150
chr1	963535	968263	966556	4728	965899	-2364	2364	657
chr1	150267428	150270167	150268720	2739	150268797	-1369	1370	-77
chr1	202965290	202968233	202965456	2943	202966761	-1471	1472	-1305
chr1	31433438	31437448	31434349	4010	31435443	-2005	2005	-1094
chr1	37481025	37484310	37482540	3285	37482667	-1642	1643	-127
chr1	156069611	156073584	156073226	3973	156071597	-1986	1987	1629
chr1	161114984	161121140	161118053	6156	161118062	-3078	3078	-9
chr1	228392126	228399671	228395130	7545	228395898	-3772	3773	-768
chr1	32360321	32367284	32362779	6963	32363802	-3481	3482	-1023
chr1	30932953	30935482	30933187	2529	30934217	-1264	1265	-1030
chr1	46188177	46190504	46188803	2327	46189340	-1163	1164	-537
chr1	58575507	58578070	58576516	2563	58576788	-1281	1282	-272
chr1	32360321	32367284	32363592	6963	32363802	-3481	3482	-210
chr1	153988080	153991349	153991226	3269	153989714	-1634	1635	1512
chr1	200407901	200411046	200408388	3145	200409473	-1572	1573	-1085
chr1	151404031	151405712	151405109	1681	151404871	-840	841	238
chr1	151265042	151267448	151265522	2406	151266245	-1203	1203	-723
chr1	151265042	151267448	151267308	2406	151266245	-1203	1203	1063
chr1	3780434	3783270	3781267	2836	3781852	-1418	1418	-585
chr1	156069611	156073584	156069747	3973	156071597	-1986	1987	-1850
chr1	45002551	45008655	45003925	6104	45005603	-3052	3052	-1678
chr1	1309105	1316720	1310552	7615	1312912	-3807	3808	-2360
chr1	31366713	31369611	31367444	2898	31368162	-1449	1449	-718
chr1	45620780	45623000	45622606	2220	45621890	-1110	1110	716
chr1	6094063	6100872	6098600	6809	6097467	-3404	3405	1133
chr1	200407901	200411046	200408924	3145	200409473	-1572	1573	-549
chr1	23557678	23560173	23559051	2495	23558925	-1247	1248	126
chr1	114570179	114573859	114570708	3680	114572019	-1840	1840	-1311
chr1	151400860	151402348	151401509	1488	151401604	-744	744	-95
chr1	201464767	201470045	201465607	5278	201467406	-2639	2639	-1799
chr1	155914983	155917155	155916663	2172	155916069	-1086	1086	594
chr1	161121454	161124393	161121830	2939	161122923	-1469	1470	-1093
chr1	145845583	145848365	145846039	2782	145846974	-1391	1391	-935
chr1	156929492	156933388	156932005	3896	156931440	-1948	1948	565
chr1	154925015	154928076	154925161	3061	154926545	-1530	1531	-1384
chr1	37805349	37809614	37809109	4265	37807481	-2132	2133	1628
chr1	160212880	160214597	160213258	1717	160213738	-858	859	-480
chr1	155135584	155138430	155137999	2846	155137007	-1423	1423	992
chr1	10633649	10638161	10637243	4512	10635905	-2256	2256	1338
chr1	154943668	154946271	154944877	2603	154944969	-1301	1302	-92
chr1	155321746	155328952	155322045	7206	155325349	-3603	3603	-3304
chr1	159914459	159920601	159919019	6142	159917530	-3071	3071	1489
chr1	23557678	23560173	23558041	2495	23558925	-1247	1248	-884
chr1	154550069	154556304	154551807	6235	154553186	-3117	3118	-1379
chr1	228374689	228378764	228377157	4075	228376726	-2037	2038	431
chr1	150281278	150286016	150283549	4738	150283647	-2369	2369	-98
chr1	1014022	1021822	1014276	7800	1017922	-3900	3900	-3646
chr1	45002551	45008655	45004909	6104	45005603	-3052	3052	-694
chr1	45620780	45623000	45622793	2220	45621890	-1110	1110	903
chr1	150965395	150966925	150965793	1530	150966160	-765	765	-367
chr1	150965395	150966925	150965794	1530	150966160	-765	765	-366
chr1	151175675	151178927	151178084	3252	151177301	-1626	1626	783
chr1	150267428	150270167	150268061	2739	150268797	-1369	1370	-736
chr1	161047292	161048664	161048554	1372	161047978	-686	686	576
chr1	6457814	6463312	6462072	5498	6460563	-2749	2749	1509
chr1	17407736	17414325	17408819	6589	17411030	-3294	3295	-2211
chr1	151342066	151344097	151343409	2031	151343081	-1015	1016	328
chr1	26779388	26781241	26779517	1853	26780314	-926	927	-797
chr1	32892842	32898619	32898128	5777	32895730	-2888	2889	2398
chr1	37481025	37484310	37483522	3285	37482667	-1642	1643	855
chr1	46188177	46190504	46188846	2327	46189340	-1163	1164	-494
chr1	150967054	150969017	150967176	1963	150968035	-981	982	-859
chr1	151342066	151344097	151342439	2031	151343081	-1015	1016	-642
chr1	151406103	151407085	151406630	982	151406594	-491	491	36
chr1	154990692	154993450	154992746	2758	154992071	-1379	1379	675
chr1	156069611	156073584	156070366	3973	156071597	-1986	1987	-1231
chr1	200911214	200917456	200913672	6242	200914335	-3121	3121	-663
chr1	43446678	43454364	43451622	7686	43450521	-3843	3843	1101
chr1	114716234	114719986	114719652	3752	114718110	-1876	1876	1542
chr1	151364965	151367993	151366779	3028	151366479	-1514	1514	300
chr1	151406103	151407085	151406297	982	151406594	-491	491	-297
chr1	155319387	155320229	155319905	842	155319808	-421	421	97
chr1	160212880	160214597	160213448	1717	160213738	-858	859	-290
chr1	180270012	180272560	180271494	2548	180271286	-1274	1274	208
chr2	20446344	20449414	20447368	3070	20447879	-1535	1535	-511
chr2	74458304	74463041	74458494	4737	74460672	-2368	2369	-2178
chr2	111119713	111125232	111123896	5519	111122472	-2759	2760	1424
chr2	27374562	27382505	27378308	7943	27378533	-3971	3972	-225
chr2	219235396	219237766	219236643	2370	219236581	-1185	1185	62
chr2	43224041	43227934	43226311	3893	43225987	-1946	1947	324
chr2	96270098	96272848	96271120	2750	96271473	-1375	1375	-353
chr2	206158618	206161366	206159979	2748	206159992	-1374	1374	-13
chr2	27326247	27330333	27327185	4086	27328290	-2043	2043	-1105
chr2	96018500	96022325	96021958	3825	96020412	-1912	1913	1546
chr2	241223790	241228069	241227445	4279	241225929	-2139	2140	1516
chr2	108786116	108787294	108786763	1178	108786705	-589	589	58
chr2	231711591	231718063	231713262	6472	231714827	-3236	3236	-1565
chr2	27440424	27445824	27443253	5400	27443124	-2700	2700	129
chr2	27653173	27655215	27653689	2042	27654194	-1021	1021	-505
chr2	74458304	74463041	74461781	4737	74460672	-2368	2369	1109
chr2	96277347	96282791	96277551	5444	96280069	-2722	2722	-2518
chr2	101004627	101006806	101005979	2179	101005716	-1089	1090	263
chr2	219284396	219289683	219284940	5287	219287039	-2643	2644	-2099
chr2	238096683	238101037	238096850	4354	238098860	-2177	2177	-2010
chr2	27374562	27382505	27375901	7943	27378533	-3971	3972	-2632
chr2	27326247	27330333	27329482	4086	27328290	-2043	2043	1192
chr2	99402692	99404406	99402771	1714	99403549	-857	857	-778
chr2	219246512	219249251	219247119	2739	219247881	-1369	1370	-762
chr2	27440424	27445824	27441838	5400	27443124	-2700	2700	-1286
chr2	27374562	27382505	27377790	7943	27378533	-3971	3972	-743
chr2	20446344	20449414	20448392	3070	20447879	-1535	1535	513
chr2	219549870	219552079	219550310	2209	219550974	-1104	1105	-664
chr2	219235396	219237766	219235540	2370	219236581	-1185	1185	-1041
chr2	42766165	42769373	42767624	3208	42767769	-1604	1604	-145
chr2	101010560	101011124	101010936	564	101010842	-282	282	94
chr2	219535489	219538367	219538034	2878	219536928	-1439	1439	1106
chr2	120345537	120351187	120349419	5650	120348362	-2825	2825	1057
chr2	109613137	109617205	109615915	4068	109615171	-2034	2034	744
chr2	42766165	42769373	42767327	3208	42767769	-1604	1604	-442
chr2	27326247	27330333	27328849	4086	27328290	-2043	2043	559
chr2	65071468	65073009	65072148	1541	65072238	-770	771	-90
chr2	65071468	65073009	65071737	1541	65072238	-770	771	-501
chr2	232857670	232861167	232858386	3497	232859418	-1748	1749	-1032
chr2	27374562	27382505	27381601	7943	27378533	-3971	3972	3068
chr2	27363778	27366262	27364731	2484	27365020	-1242	1242	-289
chr2	156327600	156328941	156327981	1341	156328270	-670	671	-289
chr2	108786116	108787294	108786876	1178	108786705	-589	589	171
chr2	218394390	218401883	218394705	7493	218398136	-3746	3747	-3431
chr2	27653173	27655215	27653695	2042	27654194	-1021	1021	-499
chr2	27326247	27330333	27327274	4086	27328290	-2043	2043	-1016
chr2	65312607	65314976	65313366	2369	65313791	-1184	1185	-425
chr2	20446344	20449414	20447783	3070	20447879	-1535	1535	-96
chr2	27094799	27100762	27100061	5963	27097780	-2981	2982	2281
chr2	241672188	241675792	241672194	3604	241673990	-1802	1802	-1796
chr2	27440424	27445824	27440692	5400	27443124	-2700	2700	-2432
chr2	27440424	27445824	27441758	5400	27443124	-2700	2700	-1366
chr2	85598558	85604590	85601283	6032	85601574	-3016	3016	-291
chr2	233290412	233294181	233293290	3769	233292296	-1884	1885	994
chr2	73254490	73260242	73255054	5752	73257366	-2876	2876	-2312
chr2	74489113	74492524	74492170	3411	74490818	-1705	1706	1352
chr2	219206693	219210618	219207671	3925	219208655	-1962	1963	-984
chr2	74458304	74463041	74462039	4737	74460672	-2368	2369	1367
chr2	27094799	27100762	27100473	5963	27097780	-2981	2982	2693
chr2	219206693	219210618	219209273	3925	219208655	-1962	1963	618
chr2	43224041	43227934	43225731	3893	43225987	-1946	1947	-256
chr2	27094799	27100762	27100619	5963	27097780	-2981	2982	2839
chr2	241495095	241498271	241498240	3176	241496683	-1588	1588	1557
chr2	27374562	27382505	27378683	7943	27378533	-3971	3972	150
chr2	65312607	65314976	65312654	2369	65313791	-1184	1185	-1137
chr2	218401902	218409025	218404326	7123	218405463	-3561	3562	-1137
chr2	241495095	241498271	241498242	3176	241496683	-1588	1588	1559
chr2	241093580	241095933	241095794	2353	241094756	-1176	1177	1038
chr2	233467955	233472025	233468496	4070	233469990	-2035	2035	-1494
chr2	27374562	27382505	27375921	7943	27378533	-3971	3972	-2612
chr2	74458304	74463041	74459404	4737	74460672	-2368	2369	-1268
chr2	65071468	65073009	65072306	1541	65072238	-770	771	68
chr2	73249447	73251075	73249917	1628	73250261	-814	814	-344
chr2	43224041	43227934	43226295	3893	43225987	-1946	1947	308
chr2	20446344	20449414	20447828	3070	20447879	-1535	1535	-51
chr2	27374562	27382505	27377821	7943	27378533	-3971	3972	-712
chr2	24819390	24820510	24819641	1120	24819950	-560	560	-309
chr2	24821347	24826852	24821615	5505	24824099	-2752	2753	-2484
chr2	108786116	108787294	108786786	1178	108786705	-589	589	81
chr2	218633193	218635712	218633834	2519	218634452	-1259	1260	-618
chr2	27081301	27087831	27083600	6530	27084566	-3265	3265	-966
chr2	231395126	231400896	231398323	5770	231398011	-2885	2885	312
chr2	27374562	27382505	27376674	7943	27378533	-3971	3972	-1859
chr2	10438911	10440432	10440397	1521	10439671	-760	761	726
chr2	20446344	20449414	20447429	3070	20447879	-1535	1535	-450
chr2	120345537	120351187	120349556	5650	120348362	-2825	2825	1194
chr2	206158618	206161366	206159830	2748	206159992	-1374	1374	-162
chr2	27094799	27100762	27099511	5963	27097780	-2981	2982	1731
chr2	233467955	233472025	233469387	4070	233469990	-2035	2035	-603
chr2	231395126	231400896	231397927	5770	231398011	-2885	2885	-84
chr2	85598558	85604590	85599918	6032	85601574	-3016	3016	-1656
chr2	85543763	85550478	85544640	6715	85547120	-3357	3358	-2480
chr2	24819390	24820510	24819920	1120	24819950	-560	560	-30
chr2	74455676	74457955	74457708	2279	74456815	-1139	1140	893
chr2	99317106	99321104	99319690	3998	99319105	-1999	1999	585
chr2	233290412	233294181	233292399	3769	233292296	-1884	1885	103
chr2	27094799	27100762	27099799	5963	27097780	-2981	2982	2019
chr2	74497546	74502391	74498122	4845	74499968	-2422	2423	-1846
chr2	27094799	27100762	27097647	5963	27097780	-2981	2982	-133
chr2	27374562	27382505	27375558	7943	27378533	-3971	3972	-2975
chr2	111119713	111125232	111123929	5519	111122472	-2759	2760	1457
chr2	20446344	20449414	20447502	3070	20447879	-1535	1535	-377
chr2	27440424	27445824	27444413	5400	27443124	-2700	2700	1289
chr2	99402692	99404406	99402891	1714	99403549	-857	857	-658
chr2	74458304	74463041	74462607	4737	74460672	-2368	2369	1935
chr2	218661919	218663653	218662575	1734	218662786	-867	867	-211
chr2	74458304	74463041	74459949	4737	74460672	-2368	2369	-723
chr2	27440424	27445824	27444435	5400	27443124	-2700	2700	1311
chr2	27094799	27100762	27100039	5963	27097780	-2981	2982	2259
chr2	27304827	27308636	27305034	3809	27306731	-1904	1905	-1697
chr2	27326247	27330333	27328159	4086	27328290	-2043	2043	-131
chr2	27366916	27369683	27367618	2767	27368299	-1383	1384	-681
chr2	27374562	27382505	27375087	7943	27378533	-3971	3972	-3446
chr2	65071468	65073009	65072969	1541	65072238	-770	771	731
chr2	74458304	74463041	74458530	4737	74460672	-2368	2369	-2142
chr2	74504301	74506230	74506026	1929	74505265	-964	965	761
chr2	96018500	96022325	96021144	3825	96020412	-1912	1913	732
chr2	130346358	130348782	130346510	2424	130347570	-1212	1212	-1060
chr2	218661919	218663653	218663268	1734	218662786	-867	867	482
chr2	219284396	219289683	219285962	5287	219287039	-2643	2644	-1077
chr2	231453841	231455690	231455261	1849	231454765	-924	925	496
chr2	231453841	231455690	231455436	1849	231454765	-924	925	671
chr2	43224041	43227934	43225335	3893	43225987	-1946	1947	-652
chr2	219235396	219237766	219235826	2370	219236581	-1185	1185	-755
chr2	99402692	99404406	99402891	1714	99403549	-857	857	-658
chr2	43224041	43227934	43225428	3893	43225987	-1946	1947	-559
chr2	20446344	20449414	20447804	3070	20447879	-1535	1535	-75
chr2	27326247	27330333	27326647	4086	27328290	-2043	2043	-1643
chr2	219246512	219249251	219247224	2739	219247881	-1369	1370	-657
chr2	219246512	219249251	219248584	2739	219247881	-1369	1370	703
chr2	27374562	27382505	27376156	7943	27378533	-3971	3972	-2377
chr2	131043130	131046708	131044356	3578	131044919	-1789	1789	-563
chr2	74458304	74463041	74458553	4737	74460672	-2368	2369	-2119
chr2	74497546	74502391	74497969	4845	74499968	-2422	2423	-1999
chr2	177228998	177231589	177230309	2591	177230293	-1295	1296	16
chr2	65071468	65073009	65072115	1541	65072238	-770	771	-123
chr2	73224152	73227665	73224947	3513	73225908	-1756	1757	-961
chr2	219535489	219538367	219537078	2878	219536928	-1439	1439	150
chr2	27653173	27655215	27653711	2042	27654194	-1021	1021	-483
chr2	99402692	99404406	99402905	1714	99403549	-857	857	-644
chr2	219235396	219237766	219237247	2370	219236581	-1185	1185	666
chr2	130369613	130374880	130373289	5267	130372246	-2633	2634	1043
chr2	218401902	218409025	218402117	7123	218405463	-3561	3562	-3346
chr2	27374562	27382505	27378634	7943	27378533	-3971	3972	101
chr2	27366916	27369683	27367326	2767	27368299	-1383	1384	-973
chr2	70086204	70090364	70087762	4160	70088284	-2080	2080	-522
chr2	130346358	130348782	130346403	2424	130347570	-1212	1212	-1167
chr2	24067806	24069700	24068456	1894	24068753	-947	947	-297
chr2	74458304	74463041	74462752	4737	74460672	-2368	2369	2080
chr2	105892695	105894483	105893661	1788	105893589	-894	894	72
chr2	65071468	65073009	65071674	1541	65072238	-770	771	-564
chr2	241093580	241095933	241095647	2353	241094756	-1176	1177	891
chr2	218661919	218663653	218663266	1734	218662786	-867	867	480
chr2	219206693	219210618	219210036	3925	219208655	-1962	1963	1381
chr2	105892695	105894483	105893056	1788	105893589	-894	894	-533
chr2	65071468	65073009	65072837	1541	65072238	-770	771	599
chr2	235054972	235057208	235055613	2236	235056090	-1118	1118	-477
chr2	177228998	177231589	177230932	2591	177230293	-1295	1296	639
chr2	27128885	27129552	27129097	667	27129218	-333	334	-121
chr2	130188888	130190926	130190485	2038	130189907	-1019	1019	578
chr2	177228998	177231589	177230803	2591	177230293	-1295	1296	510
chr2	65312607	65314976	65312773	2369	65313791	-1184	1185	-1018
chr2	65071468	65073009	65071501	1541	65072238	-770	771	-737
chr3	194132399	194139821	194136645	7422	194136110	-3711	3711	535
chr3	49718040	49719966	49718936	1926	49719003	-963	963	-67
chr3	65354859	65357442	65356634	2583	65356150	-1291	1292	484
chr3	113284056	113287343	113285545	3287	113285699	-1643	1644	-154
chr3	49012331	49018943	49012951	6612	49015637	-3306	3306	-2686
chr3	49023380	49028077	49024908	4697	49025728	-2348	2349	-820
chr3	51395135	51396729	51395803	1594	51395932	-797	797	-129
chr3	12584389	12585497	12584647	1108	12584943	-554	554	-296
chr3	185489966	185494010	185491670	4044	185491988	-2022	2022	-318
chr3	184576946	184582346	184580798	5400	184579646	-2700	2700	1152
chr3	52693334	52695544	52695250	2210	52694439	-1105	1105	811
chr3	113284056	113287343	113284562	3287	113285699	-1643	1644	-1137
chr3	11554665	11556732	11554939	2067	11555698	-1033	1034	-759
chr3	47016967	47018876	47017702	1909	47017921	-954	955	-219
chr3	184576946	184582346	184581610	5400	184579646	-2700	2700	1964
chr3	49718040	49719966	49719373	1926	49719003	-963	963	370
chr3	48629479	48634152	48629639	4673	48631815	-2336	2337	-2176
chr3	47408758	47413734	47411507	4976	47411246	-2488	2488	261
chr3	48619303	48624248	48621492	4945	48621775	-2472	2473	-283
chr3	52486704	52489738	52489544	3034	52488221	-1517	1517	1323
chr3	184169739	184172831	184170437	3092	184171285	-1546	1546	-848
chr3	184185335	184186639	184186230	1304	184185987	-652	652	243
chr3	184576946	184582346	184581608	5400	184579646	-2700	2700	1962
chr3	11554665	11556732	11554817	2067	11555698	-1033	1034	-881
chr3	50362940	50369128	50366061	6188	50366034	-3094	3094	27
chr3	46921813	46925624	46925532	3811	46923718	-1905	1906	1814
chr3	184185335	184186639	184186221	1304	184185987	-652	652	234
chr3	51390347	51393725	51393724	3378	51392036	-1689	1689	1688
chr3	49159011	49165037	49162633	6026	49162024	-3013	3013	609
chr3	49720740	49724364	49721989	3624	49722552	-1812	1812	-563
chr3	53187872	53191694	53189076	3822	53189783	-1911	1911	-707
chr3	49159011	49165037	49163285	6026	49162024	-3013	3013	1261
chr3	48401925	48405303	48404446	3378	48403614	-1689	1689	832
chr3	9914981	9918108	9917414	3127	9916544	-1563	1564	870
chr3	52399677	52404248	52403147	4571	52401962	-2285	2286	1185
chr3	113284056	113287343	113286811	3287	113285699	-1643	1644	1112
chr3	39141496	39145537	39143494	4041	39143516	-2020	2021	-22
chr3	184382658	184389686	184389433	7028	184386172	-3514	3514	3261
chr3	127669822	127676278	127671540	6456	127673050	-3228	3228	-1510
chr3	9914981	9918108	9917891	3127	9916544	-1563	1564	1347
chr3	48464602	48467908	48466956	3306	48466255	-1653	1653	701
chr3	49012331	49018943	49016324	6612	49015637	-3306	3306	687
chr3	38121384	38124029	38121696	2645	38122706	-1322	1323	-1010
chr3	49012331	49018943	49017475	6612	49015637	-3306	3306	1838
chr3	49720740	49724364	49720858	3624	49722552	-1812	1812	-1694
chr3	49718040	49719966	49718479	1926	49719003	-963	963	-524
chr3	184185335	184186639	184186623	1304	184185987	-652	652	636
chr3	49012331	49018943	49015226	6612	49015637	-3306	3306	-411
chr3	49012331	49018943	49016261	6612	49015637	-3306	3306	624
chr3	15254683	15258002	15256345	3319	15256342	-1659	1660	3
chr3	39134851	39141210	39138613	6359	39138030	-3179	3180	583
chr3	52693334	52695544	52695275	2210	52694439	-1105	1105	836
chr3	196947394	196949866	196948409	2472	196948630	-1236	1236	-221
chr3	4976828	4984042	4983534	7214	4980435	-3607	3607	3099
chr3	49028281	49033045	49029312	4764	49030663	-2382	2382	-1351
chr3	49012331	49018943	49016301	6612	49015637	-3306	3306	664
chr3	184576946	184582346	184580796	5400	184579646	-2700	2700	1150
chr3	184576946	184582346	184581359	5400	184579646	-2700	2700	1713
chr3	47408758	47413734	47409964	4976	47411246	-2488	2488	-1282
chr3	47408758	47413734	47412513	4976	47411246	-2488	2488	1267
chr3	49012331	49018943	49015873	6612	49015637	-3306	3306	236
chr3	49023380	49028077	49024348	4697	49025728	-2348	2349	-1380
chr3	49159011	49165037	49163127	6026	49162024	-3013	3013	1103
chr3	196947394	196949866	196948197	2472	196948630	-1236	1236	-433
chr3	49718040	49719966	49718605	1926	49719003	-963	963	-398
chr3	49012331	49018943	49018499	6612	49015637	-3306	3306	2862
chr3	50362940	50369128	50366037	6188	50366034	-3094	3094	3
chr3	184382658	184389686	184386849	7028	184386172	-3514	3514	677
chr3	184169739	184172831	184170786	3092	184171285	-1546	1546	-499
chr3	127571804	127573726	127573488	1922	127572765	-961	961	723
chr3	39134851	39141210	39136396	6359	39138030	-3179	3180	-1634
chr3	47408758	47413734	47409476	4976	47411246	-2488	2488	-1770
chr3	49720740	49724364	49721799	3624	49722552	-1812	1812	-753
chr3	39141496	39145537	39143016	4041	39143516	-2020	2021	-500
chr3	39141496	39145537	39144015	4041	39143516	-2020	2021	499
chr3	49012331	49018943	49013861	6612	49015637	-3306	3306	-1776
chr3	49275918	49282115	49278813	6197	49279016	-3098	3099	-203
chr3	52399677	52404248	52402908	4571	52401962	-2285	2286	946
chr3	52399677	52404248	52403854	4571	52401962	-2285	2286	1892
chr3	9945730	9951351	9948872	5621	9948540	-2810	2811	332
chr3	9942291	9945586	9943148	3295	9943938	-1647	1648	-790
chr3	49012331	49018943	49017779	6612	49015637	-3306	3306	2142
chr3	51390347	51393725	51393534	3378	51392036	-1689	1689	1498
chr3	113284056	113287343	113285507	3287	113285699	-1643	1644	-192
chr3	170866277	170867586	170866388	1309	170866931	-654	655	-543
chr3	49012331	49018943	49014822	6612	49015637	-3306	3306	-815
chr3	51390347	51393725	51393008	3378	51392036	-1689	1689	972
chr3	49718040	49719966	49718904	1926	49719003	-963	963	-99
chr3	9945730	9951351	9947333	5621	9948540	-2810	2811	-1207
chr3	12581076	12583519	12582358	2443	12582297	-1221	1222	61
chr3	42662731	42666152	42665308	3421	42664441	-1710	1711	867
chr3	49012331	49018943	49014983	6612	49015637	-3306	3306	-654
chr3	50251401	50257300	50256768	5899	50254350	-2949	2950	2418
chr3	184241069	184242343	184241196	1274	184241706	-637	637	-510
chr3	195862947	195869673	195864182	6726	195866310	-3363	3363	-2128
chr3	49275918	49282115	49276526	6197	49279016	-3098	3099	-2490
chr3	50362940	50369128	50365814	6188	50366034	-3094	3094	-220
chr3	184576946	184582346	184579913	5400	184579646	-2700	2700	267
chr3	184576946	184582346	184581075	5400	184579646	-2700	2700	1429
chr3	50362940	50369128	50366281	6188	50366034	-3094	3094	247
chr3	12584389	12585497	12584501	1108	12584943	-554	554	-442
chr3	49012331	49018943	49018538	6612	49015637	-3306	3306	2901
chr3	49012331	49018943	49015455	6612	49015637	-3306	3306	-182
chr3	184331182	184333744	184332043	2562	184332463	-1281	1281	-420
chr3	47408758	47413734	47411408	4976	47411246	-2488	2488	162
chr3	4976828	4984042	4983714	7214	4980435	-3607	3607	3279
chr3	48619303	48624248	48620972	4945	48621775	-2472	2473	-803
chr3	39141496	39145537	39144260	4041	39143516	-2020	2021	744
chr3	196938791	196945817	196942565	7026	196942304	-3513	3513	261
chr3	12584389	12585497	12584642	1108	12584943	-554	554	-301
chr3	47408758	47413734	47409692	4976	47411246	-2488	2488	-1554
chr3	49012331	49018943	49014390	6612	49015637	-3306	3306	-1247
chr3	49093123	49097590	49096046	4467	49095356	-2233	2234	690
chr3	52490775	52496966	52492752	6191	52493870	-3095	3096	-1118
chr3	52693334	52695544	52694234	2210	52694439	-1105	1105	-205
chr3	65354859	65357442	65356514	2583	65356150	-1291	1292	364
chr3	65354859	65357442	65356642	2583	65356150	-1291	1292	492
chr3	184382658	184389686	184388673	7028	184386172	-3514	3514	2501
chr3	194588283	194594489	194588412	6206	194591386	-3103	3103	-2974
chr3	196936357	196937934	196937042	1577	196937145	-788	789	-103
chr3	39141496	39145537	39145135	4041	39143516	-2020	2021	1619
chr3	52693334	52695544	52694904	2210	52694439	-1105	1105	465
chr3	12581076	12583519	12582327	2443	12582297	-1221	1222	30
chr3	39134851	39141210	39136430	6359	39138030	-3179	3180	-1600
chr3	46921813	46925624	46922265	3811	46923718	-1905	1906	-1453
chr3	51390347	51393725	51393078	3378	51392036	-1689	1689	1042
chr3	121985856	121988613	121988228	2757	121987234	-1378	1379	994
chr3	184576946	184582346	184581358	5400	184579646	-2700	2700	1712
chr3	47408758	47413734	47412341	4976	47411246	-2488	2488	1095
chr3	196936357	196937934	196937367	1577	196937145	-788	789	222
chr3	50187524	50189638	50187828	2114	50188581	-1057	1057	-753
chr3	49275918	49282115	49276754	6197	49279016	-3098	3099	-2262
chr3	65354859	65357442	65356805	2583	65356150	-1291	1292	655
chr3	184241069	184242343	184242056	1274	184241706	-637	637	350
chr3	12581076	12583519	12581890	2443	12582297	-1221	1222	-407
chr3	49012331	49018943	49017445	6612	49015637	-3306	3306	1808
chr3	184241069	184242343	184241351	1274	184241706	-637	637	-355
chr3	53187872	53191694	53189057	3822	53189783	-1911	1911	-726
chr3	51984873	51989491	51985894	4618	51987182	-2309	2309	-1288
chr3	126434634	126439307	126438334	4673	126436970	-2336	2337	1364
chr3	9945730	9951351	9949128	5621	9948540	-2810	2811	588
chr3	15254683	15258002	15256442	3319	15256342	-1659	1660	100
chr3	15254683	15258002	15256443	3319	15256342	-1659	1660	101
chr3	39134851	39141210	39137372	6359	39138030	-3179	3180	-658
chr3	15254683	15258002	15256112	3319	15256342	-1659	1660	-230
chr3	49023380	49028077	49027743	4697	49025728	-2348	2349	2015
chr3	47408758	47413734	47409964	4976	47411246	-2488	2488	-1282
chr3	49672439	49675329	49675288	2890	49673884	-1445	1445	1404
chr3	50362940	50369128	50365468	6188	50366034	-3094	3094	-566
chr3	184576946	184582346	184579708	5400	184579646	-2700	2700	62
chr3	52399677	52404248	52403449	4571	52401962	-2285	2286	1487
chr3	195862947	195869673	195864150	6726	195866310	-3363	3363	-2160
chr3	50251401	50257300	50256835	5899	50254350	-2949	2950	2485
chr3	47408758	47413734	47409695	4976	47411246	-2488	2488	-1551
chr3	46921813	46925624	46923423	3811	46923718	-1905	1906	-295
chr3	49275918	49282115	49278862	6197	49279016	-3098	3099	-154
chr3	49119929	49122458	49121999	2529	49121193	-1264	1265	806
chr3	48401925	48405303	48404500	3378	48403614	-1689	1689	886
chr3	49012331	49018943	49017245	6612	49015637	-3306	3306	1608
chr3	53225022	53231133	53226851	6111	53228077	-3055	3056	-1226
chr3	15254683	15258002	15256535	3319	15256342	-1659	1660	193
chr3	49012331	49018943	49013404	6612	49015637	-3306	3306	-2233
chr4	1804163	1807863	1806648	3700	1806013	-1850	1850	635
chr4	76896040	76898728	76896589	2688	76897384	-1344	1344	-795
chr4	6297979	6305647	6301056	7668	6301813	-3834	3834	-757
chr4	6707308	6710080	6709497	2772	6708694	-1386	1386	803
chr4	1334971	1341733	1336933	6762	1338352	-3381	3381	-1419
chr4	6640773	6642459	6640935	1686	6641616	-843	843	-681
chr4	70686553	70690109	70689236	3556	70688331	-1778	1778	905
chr4	6616585	6622104	6619977	5519	6619344	-2759	2760	633
chr4	68313663	68315737	68314263	2074	68314700	-1037	1037	-437
chr4	123395840	123402357	123402059	6517	123399098	-3258	3259	2961
chr4	1978139	1983840	1983612	5701	1980989	-2850	2851	2623
chr4	6640773	6642459	6641147	1686	6641616	-843	843	-469
chr4	99948140	99949308	99948711	1168	99948724	-584	584	-13
chr4	7054131	7055956	7054677	1825	7055043	-912	913	-366
chr4	99948140	99949308	99948732	1168	99948724	-584	584	8
chr4	6297979	6305647	6301126	7668	6301813	-3834	3834	-687
chr4	70686553	70690109	70689300	3556	70688331	-1778	1778	969
chr4	7054131	7055956	7054166	1825	7055043	-912	913	-877
chr4	68313663	68315737	68314043	2074	68314700	-1037	1037	-657
chr4	123395840	123402357	123401999	6517	123399098	-3258	3259	2901
chr4	99948140	99949308	99948895	1168	99948724	-584	584	171
chr4	173332245	173335318	173333553	3073	173333781	-1536	1537	-228
chr4	151102159	151105918	151104553	3759	151104038	-1879	1880	515
chr4	8615794	8623265	8619522	7471	8619529	-3735	3736	-7
chr4	2062563	2065747	2065090	3184	2064155	-1592	1592	935
chr4	151102159	151105918	151103892	3759	151104038	-1879	1880	-146
chr4	6297979	6305647	6302376	7668	6301813	-3834	3834	563
chr4	173332245	173335318	173333614	3073	173333781	-1536	1537	-167
chr4	82426454	82427556	82426531	1102	82427005	-551	551	-474
chr4	6616585	6622104	6619950	5519	6619344	-2759	2760	606
chr4	173332245	173335318	173332946	3073	173333781	-1536	1537	-835
chr4	6707308	6710080	6709558	2772	6708694	-1386	1386	864
chr4	7061417	7062951	7062196	1534	7062184	-767	767	12
chr4	70686553	70690109	70689368	3556	70688331	-1778	1778	1037
chr4	99948140	99949308	99949108	1168	99948724	-584	584	384
chr4	123395840	123402357	123402101	6517	123399098	-3258	3259	3003
chr4	1978139	1983840	1983457	5701	1980989	-2850	2851	2468
chr4	123395840	123402357	123401596	6517	123399098	-3258	3259	2498
chr4	123395840	123402357	123402162	6517	123399098	-3258	3259	3064
chr4	6707308	6710080	6709594	2772	6708694	-1386	1386	900
chr4	99948140	99949308	99948895	1168	99948724	-584	584	171
chr4	99948140	99949308	99948571	1168	99948724	-584	584	-153
chr4	8615794	8623265	8618468	7471	8619529	-3735	3736	-1061
chr4	6640773	6642459	6641222	1686	6641616	-843	843	-394
chr4	56960420	56963488	56963436	3068	56961954	-1534	1534	1482
chr4	6297979	6305647	6301391	7668	6301813	-3834	3834	-422
chr4	123395840	123402357	123402184	6517	123399098	-3258	3259	3086
chr5	140554648	140558866	140558672	4218	140556757	-2109	2109	1915
chr5	177510470	177513842	177512144	3372	177512156	-1686	1686	-12
chr5	179834022	179839625	179836910	5603	179836823	-2801	2802	87
chr5	181232383	181236516	181232604	4133	181234449	-2066	2067	-1845
chr5	154819024	154820697	154820108	1673	154819860	-836	837	248
chr5	138931929	138935254	138934155	3325	138933591	-1662	1663	564
chr5	154819024	154820697	154820434	1673	154819860	-836	837	574
chr5	179834022	179839625	179836500	5603	179836823	-2801	2802	-323
chr5	180849873	180852657	180851312	2784	180851265	-1392	1392	47
chr5	181232383	181236516	181232574	4133	181234449	-2066	2067	-1875
chr5	141639313	141641341	141640312	2028	141640327	-1014	1014	-15
chr5	177440073	177444444	177441898	4371	177442258	-2185	2186	-360
chr5	174726928	174730108	174729474	3180	174728518	-1590	1590	956
chr5	177482175	177488421	177483944	6246	177485298	-3123	3123	-1354
chr5	181232383	181236516	181234772	4133	181234449	-2066	2067	323
chr5	177440073	177444444	177441911	4371	177442258	-2185	2186	-347
chr5	139389361	139395326	139393614	5965	139392343	-2982	2983	1271
chr5	151026301	151027765	151026972	1464	151027033	-732	732	-61
chr5	138931929	138935254	138934092	3325	138933591	-1662	1663	501
chr5	140704198	140706701	140706235	2503	140705449	-1251	1252	786
chr5	181232383	181236516	181235245	4133	181234449	-2066	2067	796
chr5	174726928	174730108	174729266	3180	174728518	-1590	1590	748
chr5	180849873	180852657	180849874	2784	180851265	-1392	1392	-1391
chr5	132641876	132643627	132643269	1751	132642751	-875	876	518
chr5	140546598	140551282	140550843	4684	140548940	-2342	2342	1903
chr5	141939196	141943279	141939720	4083	141941237	-2041	2042	-1517
chr5	181232383	181236516	181232574	4133	181234449	-2066	2067	-1875
chr5	141639313	141641341	141640384	2028	141640327	-1014	1014	57
chr5	140704198	140706701	140706226	2503	140705449	-1251	1252	777
chr5	141639313	141641341	141639698	2028	141640327	-1014	1014	-629
chr5	151028593	151032593	151030174	4000	151030593	-2000	2000	-419
chr5	151028593	151032593	151030742	4000	151030593	-2000	2000	149
chr5	177440073	177444444	177441293	4371	177442258	-2185	2186	-965
chr5	181232383	181236516	181233920	4133	181234449	-2066	2067	-529
chr5	139389361	139395326	139392337	5965	139392343	-2982	2983	-6
chr5	154819024	154820697	154820534	1673	154819860	-836	837	674
chr5	157786787	157788585	157787882	1798	157787686	-899	899	196
chr5	181232383	181236516	181235333	4133	181234449	-2066	2067	884
chr5	181232383	181236516	181233402	4133	181234449	-2066	2067	-1047
chr5	2746426	2748988	2748638	2562	2747707	-1281	1281	931
chr5	139389361	139395326	139394252	5965	139392343	-2982	2983	1909
chr5	141509682	141511999	141511158	2317	141510840	-1158	1159	318
chr5	177482175	177488421	177483977	6246	177485298	-3123	3123	-1321
chr5	179834022	179839625	179837713	5603	179836823	-2801	2802	890
chr5	180849873	180852657	180850231	2784	180851265	-1392	1392	-1034
chr5	180849873	180852657	180850605	2784	180851265	-1392	1392	-660
chr5	181232383	181236516	181234694	4133	181234449	-2066	2067	245
chr5	174726928	174730108	174729282	3180	174728518	-1590	1590	764
chr5	1877381	1884664	1877673	7283	1881022	-3641	3642	-3349
chr5	180849873	180852657	180851287	2784	180851265	-1392	1392	22
chr5	139389361	139395326	139393417	5965	139392343	-2982	2983	1074
chr5	87394249	87396077	87394407	1828	87395163	-914	914	-756
chr5	179834022	179839625	179836530	5603	179836823	-2801	2802	-293
chr5	179774333	179775889	179774416	1556	179775111	-778	778	-695
chr5	180849873	180852657	180850760	2784	180851265	-1392	1392	-505
chr5	180849873	180852657	180850762	2784	180851265	-1392	1392	-503
chr5	141509682	141511999	141511103	2317	141510840	-1158	1159	263
chr5	141639313	141641341	141639749	2028	141640327	-1014	1014	-578
chr5	151097542	151102774	151101406	5232	151100158	-2616	2616	1248
chr5	139389361	139395326	139393351	5965	139392343	-2982	2983	1008
chr5	140554648	140558866	140558671	4218	140556757	-2109	2109	1914
chr5	1877381	1884664	1880762	7283	1881022	-3641	3642	-260
chr5	139389361	139395326	139393978	5965	139392343	-2982	2983	1635
chr5	140675389	140677217	140676785	1828	140676303	-914	914	482
chr5	140675389	140677217	140676994	1828	140676303	-914	914	691
chr5	141639313	141641341	141640552	2028	141640327	-1014	1014	225
chr5	177510470	177513842	177511744	3372	177512156	-1686	1686	-412
chr5	180849873	180852657	180850409	2784	180851265	-1392	1392	-856
chr6	99400749	99401834	99401260	1085	99401291	-542	543	-31
chr6	31557413	31560659	31557833	3246	31559036	-1623	1623	-1203
chr6	33409254	33412600	33412304	3346	33410927	-1673	1673	1377
chr6	31638178	31642698	31640409	4520	31640438	-2260	2260	-29
chr6	33274740	33281352	33276234	6612	33278046	-3306	3306	-1812
chr6	43504562	43506078	43505605	1516	43505320	-758	758	285
chr6	27866609	27868605	27867086	1996	27867607	-998	998	-521
chr6	44251736	44258674	44253337	6938	44255205	-3469	3469	-1868
chr6	27836509	27838789	27838771	2280	27837649	-1140	1140	1122
chr6	33314433	33318611	33316250	4178	33316522	-2089	2089	-272
chr6	27866609	27868605	27866966	1996	27867607	-998	998	-641
chr6	43178584	43181442	43179433	2858	43180013	-1429	1429	-580
chr6	99400749	99401834	99401583	1085	99401291	-542	543	292
chr6	33453440	33455884	33455767	2444	33454662	-1222	1222	1105
chr6	34535586	34543360	34538354	7774	34539473	-3887	3887	-1119
chr6	42933127	42940952	42938621	7825	42937039	-3912	3913	1582
chr6	26155581	26158361	26157096	2780	26156971	-1390	1390	125
chr6	33211051	33212572	33211850	1521	33211811	-760	761	39
chr6	43006663	43011099	43008706	4436	43008881	-2218	2218	-175
chr6	7248185	7249266	7248593	1081	7248725	-540	541	-132
chr6	43506494	43509064	43507507	2570	43507779	-1285	1285	-272
chr6	131948665	131951790	131950307	3125	131950227	-1562	1563	80
chr6	33694358	33696822	33695095	2464	33695590	-1232	1232	-495
chr6	31504598	31510253	31509926	5655	31507425	-2827	2828	2501
chr6	33314433	33318611	33315611	4178	33316522	-2089	2089	-911
chr6	132813604	132814894	132814583	1290	132814249	-645	645	334
chr6	131948665	131951790	131949541	3125	131950227	-1562	1563	-686
chr6	35472828	35476576	35475055	3748	35474702	-1874	1874	353
chr6	73415673	73417133	73416197	1460	73416403	-730	730	-206
chr6	43012312	43015271	43013252	2959	43013791	-1479	1480	-539
chr6	31967094	31972717	31971114	5623	31969905	-2811	2812	1209
chr6	43019606	43020880	43020765	1274	43020243	-637	637	522
chr6	33274740	33281352	33279803	6612	33278046	-3306	3306	1757
chr6	44251736	44258674	44255531	6938	44255205	-3469	3469	326
chr6	30729879	30731621	30731042	1742	30730750	-871	871	292
chr6	30648283	30652466	30649598	4183	30650374	-2091	2092	-776
chr6	33274740	33281352	33278080	6612	33278046	-3306	3306	34
chr6	37481060	37486944	37483213	5884	37484002	-2942	2942	-789
chr6	30909531	30916450	30914853	6919	30912990	-3459	3460	1863
chr6	139372988	139375125	139373725	2137	139374056	-1068	1069	-331
chr6	30342744	30347404	30343058	4660	30345074	-2330	2330	-2016
chr6	7248185	7249266	7248772	1081	7248725	-540	541	47
chr6	41768758	41772385	41770655	3627	41770571	-1813	1814	84
chr6	43506494	43509064	43507274	2570	43507779	-1285	1285	-505
chr6	44251736	44258674	44251789	6938	44255205	-3469	3469	-3416
chr6	44251736	44258674	44251790	6938	44255205	-3469	3469	-3415
chr6	41768758	41772385	41770999	3627	41770571	-1813	1814	428
chr6	109444358	109450716	109445246	6358	109447537	-3179	3179	-2291
chr6	3269746	3271062	3269983	1316	3270404	-658	658	-421
chr6	26155581	26158361	26158165	2780	26156971	-1390	1390	1194
chr6	82363501	82365741	82365408	2240	82364621	-1120	1120	787
chr6	44251736	44258674	44253260	6938	44255205	-3469	3469	-1945
chr6	44249187	44250552	44250390	1365	44249869	-682	683	521
chr6	30601886	30603735	30603570	1849	30602810	-924	925	760
chr6	13287086	13289553	13287210	2467	13288319	-1233	1234	-1109
chr6	30601886	30603735	30602281	1849	30602810	-924	925	-529
chr6	99400749	99401834	99401311	1085	99401291	-542	543	20
chr6	33274740	33281352	33277637	6612	33278046	-3306	3306	-409
chr6	7582873	7585809	7583615	2936	7584341	-1468	1468	-726
chr6	26155581	26158361	26156572	2780	26156971	-1390	1390	-399
chr6	33694358	33696822	33695721	2464	33695590	-1232	1232	131
chr6	44251736	44258674	44254773	6938	44255205	-3469	3469	-432
chr6	139372988	139375125	139373185	2137	139374056	-1068	1069	-871
chr6	43781997	43785877	43784714	3880	43783937	-1940	1940	777
chr6	30898144	30899943	30899569	1799	30899043	-899	900	526
chr6	31949113	31950700	31949427	1587	31949906	-793	794	-479
chr6	33274740	33281352	33278318	6612	33278046	-3306	3306	272
chr6	131948665	131951790	131950011	3125	131950227	-1562	1563	-216
chr6	44251736	44258674	44252191	6938	44255205	-3469	3469	-3014
chr6	43620517	43621660	43621253	1143	43621088	-571	572	165
chr6	43024250	43028878	43025076	4628	43026564	-2314	2314	-1488
chr6	43781997	43785877	43784790	3880	43783937	-1940	1940	853
chr6	27836509	27838789	27838335	2280	27837649	-1140	1140	686
chr6	41768758	41772385	41770442	3627	41770571	-1813	1814	-129
chr6	41935475	41940306	41935986	4831	41937890	-2415	2416	-1904
chr6	109444358	109450716	109445442	6358	109447537	-3179	3179	-2095
chr6	30909531	30916450	30915777	6919	30912990	-3459	3460	2787
chr6	7582873	7585809	7582883	2936	7584341	-1468	1468	-1458
chr6	7582873	7585809	7584887	2936	7584341	-1468	1468	546
chr6	33274740	33281352	33280808	6612	33278046	-3306	3306	2762
chr6	43035525	43039315	43037711	3790	43037420	-1895	1895	291
chr6	31638178	31642698	31640224	4520	31640438	-2260	2260	-214
chr6	73415673	73417133	73416112	1460	73416403	-730	730	-291
chr6	44251736	44258674	44255354	6938	44255205	-3469	3469	149
chr6	133990655	133992235	133991130	1580	133991445	-790	790	-315
chr6	41026923	41033476	41033112	6553	41030199	-3276	3277	2913
chr6	31967094	31972717	31972666	5623	31969905	-2811	2812	2761
chr6	33694358	33696822	33695174	2464	33695590	-1232	1232	-416
chr6	44251736	44258674	44256439	6938	44255205	-3469	3469	1234
chr6	33314433	33318611	33315849	4178	33316522	-2089	2089	-673
chr6	31947780	31948881	31948433	1101	31948330	-550	551	103
chr6	7582873	7585809	7583923	2936	7584341	-1468	1468	-418
chr6	33413462	33415405	33414309	1943	33414433	-971	972	-124
chr6	35835195	35837308	35835230	2113	35836251	-1056	1057	-1021
chr6	43012312	43015271	43013334	2959	43013791	-1479	1480	-457
chr6	43012312	43015271	43012476	2959	43013791	-1479	1480	-1315
chr6	31967094	31972717	31970800	5623	31969905	-2811	2812	895
chr6	43781997	43785877	43785472	3880	43783937	-1940	1940	1535
chr6	27836509	27838789	27838123	2280	27837649	-1140	1140	474
chr6	41768758	41772385	41770812	3627	41770571	-1813	1814	241
chr6	32166568	32172513	32170857	5945	32169540	-2972	2973	1317
chr6	26155581	26158361	26156657	2780	26156971	-1390	1390	-314
chr6	43006663	43011099	43010986	4436	43008881	-2218	2218	2105
chr6	35495749	35502112	35498299	6363	35498930	-3181	3182	-631
chr6	33274740	33281352	33280698	6612	33278046	-3306	3306	2652
chr6	43506494	43509064	43507538	2570	43507779	-1285	1285	-241
chr6	31967094	31972717	31968903	5623	31969905	-2811	2812	-1002
chr6	37481060	37486944	37485161	5884	37484002	-2942	2942	1159
chr6	26232827	26234688	26234589	1861	26233757	-930	931	832
chr6	7582873	7585809	7583184	2936	7584341	-1468	1468	-1157
chr6	31504598	31510253	31507458	5655	31507425	-2827	2828	33
chr6	31860810	31862967	31862749	2157	31861888	-1078	1079	861
chr6	31949113	31950700	31950616	1587	31949906	-793	794	710
chr6	37481060	37486944	37483084	5884	37484002	-2942	2942	-918
chr6	43006663	43011099	43009330	4436	43008881	-2218	2218	449
chr6	43006663	43011099	43010688	4436	43008881	-2218	2218	1807
chr6	89083945	89085026	89084178	1081	89084485	-540	541	-307
chr6	26051501	26056616	26055889	5115	26054058	-2557	2558	1831
chr6	33314433	33318611	33315669	4178	33316522	-2089	2089	-853
chr6	33314433	33318611	33316713	4178	33316522	-2089	2089	191
chr6	34247481	34250908	34247792	3427	34249194	-1713	1714	-1402
chr6	42933127	42940952	42938125	7825	42937039	-3912	3913	1086
chr6	133990655	133992235	133991148	1580	133991445	-790	790	-297
chr6	7582873	7585809	7583635	2936	7584341	-1468	1468	-706
chr6	33413462	33415405	33414538	1943	33414433	-971	972	105
chr6	30722954	30724528	30724389	1574	30723741	-787	787	648
chr6	30909531	30916450	30911179	6919	30912990	-3459	3460	-1811
chr6	33453440	33455884	33455749	2444	33454662	-1222	1222	1087
chr6	34535586	34543360	34541045	7774	34539473	-3887	3887	1572
chr6	41935475	41940306	41935854	4831	41937890	-2415	2416	-2036
chr6	41935475	41940306	41936054	4831	41937890	-2415	2416	-1836
chr6	42688132	42690107	42689668	1975	42689119	-987	988	549
chr6	26051501	26056616	26055834	5115	26054058	-2557	2558	1776
chr6	26051501	26056616	26055878	5115	26054058	-2557	2558	1820
chr6	27836509	27838789	27838112	2280	27837649	-1140	1140	463
chr6	30601886	30603735	30602316	1849	30602810	-924	925	-494
chr6	169701646	169703832	169702603	2186	169702739	-1093	1093	-136
chr6	169701646	169703832	169703368	2186	169702739	-1093	1093	629
chr6	31967094	31972717	31969597	5623	31969905	-2811	2812	-308
chr6	7248185	7249266	7248538	1081	7248725	-540	541	-187
chr6	33274740	33281352	33278119	6612	33278046	-3306	3306	73
chr6	33572431	33573695	33573690	1264	33573063	-632	632	627
chr6	33274740	33281352	33277432	6612	33278046	-3306	3306	-614
chr6	31531513	31537583	31532822	6070	31534548	-3035	3035	-1726
chr6	35472828	35476576	35476361	3748	35474702	-1874	1874	1659
chr6	32186623	32189053	32187142	2430	32187838	-1215	1215	-696
chr6	44251736	44258674	44255298	6938	44255205	-3469	3469	93
chr6	44249187	44250552	44250308	1365	44249869	-682	683	439
chr6	32166568	32172513	32168063	5945	32169540	-2972	2973	-1477
chr6	34243465	34247115	34246522	3650	34245290	-1825	1825	1232
chr6	26155581	26158361	26156675	2780	26156971	-1390	1390	-296
chr6	44251736	44258674	44254706	6938	44255205	-3469	3469	-499
chr6	7582873	7585809	7585460	2936	7584341	-1468	1468	1119
chr6	27836509	27838789	27838306	2280	27837649	-1140	1140	657
chr6	31967094	31972717	31969828	5623	31969905	-2811	2812	-77
chr6	43006663	43011099	43008406	4436	43008881	-2218	2218	-475
chr6	7582873	7585809	7583252	2936	7584341	-1468	1468	-1089
chr6	30743669	30746008	30743926	2339	30744838	-1169	1170	-912
chr6	33274740	33281352	33276066	6612	33278046	-3306	3306	-1980
chr6	26232827	26234688	26234490	1861	26233757	-930	931	733
chr6	7582873	7585809	7584352	2936	7584341	-1468	1468	11
chr6	43012312	43015271	43013122	2959	43013791	-1479	1480	-669
chr6	26155581	26158361	26158156	2780	26156971	-1390	1390	1185
chr6	26232827	26234688	26234459	1861	26233757	-930	931	702
chr6	36684986	36685930	36685864	944	36685458	-472	472	406
chr6	43012312	43015271	43012961	2959	43013791	-1479	1480	-830
chr6	42933127	42940952	42938666	7825	42937039	-3912	3913	1627
chr6	44251736	44258674	44253690	6938	44255205	-3469	3469	-1515
chr6	27836509	27838789	27838745	2280	27837649	-1140	1140	1096
chr6	44251736	44258674	44255391	6938	44255205	-3469	3469	186
chr6	32186623	32189053	32186812	2430	32187838	-1215	1215	-1026
chr6	30342744	30347404	30345361	4660	30345074	-2330	2330	287
chr6	26232827	26234688	26234269	1861	26233757	-930	931	512
chr6	30909531	30916450	30913180	6919	30912990	-3459	3460	190
chr6	30909531	30916450	30915153	6919	30912990	-3459	3460	2163
chr6	31967094	31972717	31971606	5623	31969905	-2811	2812	1701
chr6	35472828	35476576	35474855	3748	35474702	-1874	1874	153
chr6	44251736	44258674	44253307	6938	44255205	-3469	3469	-1898
chr6	109444358	109450716	109445236	6358	109447537	-3179	3179	-2301
chr6	43071351	43074201	43072193	2850	43072776	-1425	1425	-583
chr6	26596434	26599131	26598050	2697	26597782	-1348	1349	268
chr6	7582873	7585809	7583741	2936	7584341	-1468	1468	-600
chr6	7582873	7585809	7584636	2936	7584341	-1468	1468	295
chr6	7582873	7585809	7584827	2936	7584341	-1468	1468	486
chr6	7582873	7585809	7585504	2936	7584341	-1468	1468	1163
chr6	31638178	31642698	31641108	4520	31640438	-2260	2260	670
chr6	32186623	32189053	32187029	2430	32187838	-1215	1215	-809
chr6	33575045	33580260	33575912	5215	33577652	-2607	2608	-1740
chr6	41768758	41772385	41770749	3627	41770571	-1813	1814	178
chr6	43178584	43181442	43179255	2858	43180013	-1429	1429	-758
chr6	27866609	27868605	27867101	1996	27867607	-998	998	-506
chr6	27836509	27838789	27837976	2280	27837649	-1140	1140	327
chr6	28231344	28232817	28232602	1473	28232080	-736	737	522
chr6	30722954	30724528	30724193	1574	30723741	-787	787	452
chr6	31967094	31972717	31970020	5623	31969905	-2811	2812	115
chr6	139372988	139375125	139373952	2137	139374056	-1068	1069	-104
chr6	89083945	89085026	89084378	1081	89084485	-540	541	-107
chr6	30743669	30746008	30743972	2339	30744838	-1169	1170	-866
chr6	31638178	31642698	31639076	4520	31640438	-2260	2260	-1362
chr6	43506494	43509064	43508785	2570	43507779	-1285	1285	1006
chr6	13616734	13618217	13618085	1483	13617475	-741	742	610
chr6	33314433	33318611	33316004	4178	33316522	-2089	2089	-518
chr6	33690725	33693754	33693605	3029	33692239	-1514	1515	1366
chr6	26596434	26599131	26598289	2697	26597782	-1348	1349	507
chr6	36683515	36684768	36684394	1253	36684141	-626	627	253
chr6	132813604	132814894	132814595	1290	132814249	-645	645	346
chr6	132813604	132814894	132814596	1290	132814249	-645	645	347
chr6	33694358	33696822	33694999	2464	33695590	-1232	1232	-591
chr6	26596434	26599131	26597982	2697	26597782	-1348	1349	200
chr6	43035525	43039315	43037743	3790	43037420	-1895	1895	323
chr6	44251736	44258674	44256461	6938	44255205	-3469	3469	1256
chr6	31721065	31726370	31723649	5305	31723717	-2652	2653	-68
chr6	43035525	43039315	43037773	3790	43037420	-1895	1895	353
chr6	27866609	27868605	27867416	1996	27867607	-998	998	-191
chr6	43178584	43181442	43179915	2858	43180013	-1429	1429	-98
chr6	31638178	31642698	31641317	4520	31640438	-2260	2260	879
chr6	109444358	109450716	109447712	6358	109447537	-3179	3179	175
chr6	33274740	33281352	33279534	6612	33278046	-3306	3306	1488
chr6	27836509	27838789	27837957	2280	27837649	-1140	1140	308
chr6	33314433	33318611	33316566	4178	33316522	-2089	2089	44
chr6	30655845	30657551	30656701	1706	30656698	-853	853	3
chr6	21596595	21597942	21597493	1347	21597268	-673	674	225
chr6	32166568	32172513	32170424	5945	32169540	-2972	2973	884
chr6	33453440	33455884	33455430	2444	33454662	-1222	1222	768
chr6	26051501	26056616	26055811	5115	26054058	-2557	2558	1753
chr6	33274740	33281352	33278670	6612	33278046	-3306	3306	624
chr6	26232827	26234688	26234265	1861	26233757	-930	931	508
chr6	158764064	158767769	158767067	3705	158765916	-1852	1853	1151
chr6	42695518	42699158	42698397	3640	42697338	-1820	1820	1059
chr6	44251736	44258674	44253723	6938	44255205	-3469	3469	-1482
chr6	31967094	31972717	31970400	5623	31969905	-2811	2812	495
chr6	43012312	43015271	43013185	2959	43013791	-1479	1480	-606
chr6	43504562	43506078	43504896	1516	43505320	-758	758	-424
chr6	43006663	43011099	43008735	4436	43008881	-2218	2218	-146
chr6	44251736	44258674	44251817	6938	44255205	-3469	3469	-3388
chr6	26596434	26599131	26598605	2697	26597782	-1348	1349	823
chr6	27836509	27838789	27838278	2280	27837649	-1140	1140	629
chr6	44251736	44258674	44256412	6938	44255205	-3469	3469	1207
chr6	27836509	27838789	27838154	2280	27837649	-1140	1140	505
chr6	41026923	41033476	41031727	6553	41030199	-3276	3277	1528
chr7	73441232	73442669	73442223	1437	73441950	-718	719	273
chr7	98216252	98219264	98218028	3012	98217758	-1506	1506	270
chr7	102423668	102426666	102425386	2998	102425167	-1499	1499	219
chr7	128392033	128393986	128392414	1953	128393009	-976	977	-595
chr7	72948147	72949602	72948253	1455	72948874	-727	728	-621
chr7	86861988	86864696	86864306	2708	86863342	-1354	1354	964
chr7	5620239	5624111	5622907	3872	5622175	-1936	1936	732
chr7	44112477	44119400	44113961	6923	44115938	-3461	3462	-1977
chr7	44112477	44119400	44116475	6923	44115938	-3461	3462	537
chr7	128392033	128393986	128393025	1953	128393009	-976	977	16
chr7	102470751	102473139	102472267	2388	102471945	-1194	1194	322
chr7	44577925	44579987	44579520	2062	44578956	-1031	1031	564
chr7	72948147	72949602	72948879	1455	72948874	-727	728	5
chr7	128773764	128777661	128774616	3897	128775712	-1948	1949	-1096
chr7	135165605	135166956	135166782	1351	135166280	-675	676	502
chr7	149222431	149225447	149224569	3016	149223939	-1508	1508	630
chr7	149762853	149767720	149764795	4867	149765286	-2433	2434	-491
chr7	5307363	5310071	5308941	2708	5308717	-1354	1354	224
chr7	123684270	123685151	123684581	881	123684710	-440	441	-129
chr7	45099880	45103698	45101575	3818	45101789	-1909	1909	-214
chr7	99390658	99393789	99390932	3131	99392223	-1565	1566	-1291
chr7	43950229	43953401	43952806	3172	43951815	-1586	1586	991
chr7	149729678	149732633	149730584	2955	149731155	-1477	1478	-571
chr7	151239687	151240600	151240516	913	151240143	-456	457	373
chr7	86861988	86864696	86864286	2708	86863342	-1354	1354	944
chr7	44112477	44119400	44116913	6923	44115938	-3461	3462	975
chr7	44565144	44571388	44566476	6244	44568266	-3122	3122	-1790
chr7	140453780	140459518	140454672	5738	140456649	-2869	2869	-1977
chr7	151241396	151242689	151241908	1293	151242042	-646	647	-134
chr7	75418524	75421241	75418866	2717	75419882	-1358	1359	-1016
chr7	19697993	19698870	19698533	877	19698431	-438	439	102
chr7	99394001	99398523	99394111	4522	99396262	-2261	2261	-2151
chr7	76062749	76068479	76064822	5730	76065614	-2865	2865	-792
chr7	151052650	151056748	151052723	4098	151054699	-2049	2049	-1976
chr7	151052650	151056748	151055373	4098	151054699	-2049	2049	674
chr7	72948147	72949602	72948447	1455	72948874	-727	728	-427
chr7	75415481	75416938	75416282	1457	75416209	-728	729	73
chr7	86861988	86864696	86864615	2708	86863342	-1354	1354	1273
chr7	149729678	149732633	149731686	2955	149731155	-1477	1478	531
chr7	151052650	151056748	151052667	4098	151054699	-2049	2049	-2032
chr7	75415481	75416938	75415650	1457	75416209	-728	729	-559
chr7	151048292	151050945	151049344	2653	151049618	-1326	1327	-274
chr7	128773764	128777661	128775459	3897	128775712	-1948	1949	-253
chr7	149762853	149767720	149766229	4867	149765286	-2433	2434	943
chr7	72948147	72949602	72948894	1455	72948874	-727	728	20
chr7	103097757	103099632	103098356	1875	103098694	-937	938	-338
chr7	73567717	73573474	73570653	5757	73570595	-2878	2879	58
chr7	140453780	140459518	140454630	5738	140456649	-2869	2869	-2019
chr7	151239687	151240600	151240491	913	151240143	-456	457	348
chr7	99390658	99393789	99391040	3131	99392223	-1565	1566	-1183
chr7	44112477	44119400	44116219	6923	44115938	-3461	3462	281
chr7	128944962	128948094	128947187	3132	128946528	-1566	1566	659
chr7	99417614	99422661	99419929	5047	99420137	-2523	2524	-208
chr7	151234921	151236954	151235247	2033	151235937	-1016	1017	-690
chr7	73731828	73739375	73737263	7547	73735601	-3773	3774	1662
chr7	43875981	43879580	43878457	3599	43877780	-1799	1800	677
chr7	151048292	151050945	151048985	2653	151049618	-1326	1327	-633
chr7	100218480	100225933	100220949	7453	100222206	-3726	3727	-1257
chr7	100571803	100574670	100572390	2867	100573236	-1433	1434	-846
chr7	128948324	128950243	128948679	1919	128949283	-959	960	-604
chr7	74194020	74196350	74195293	2330	74195185	-1165	1165	108
chr7	128944962	128948094	128946607	3132	128946528	-1566	1566	79
chr7	148807029	148810170	148809098	3141	148808599	-1570	1571	499
chr7	76302026	76304970	76304224	2944	76303498	-1472	1472	726
chr7	45077044	45084967	45080923	7923	45081005	-3961	3962	-82
chr7	151048292	151050945	151048946	2653	151049618	-1326	1327	-672
chr7	151052650	151056748	151055068	4098	151054699	-2049	2049	369
chr7	76302026	76304970	76304065	2944	76303498	-1472	1472	567
chr7	44112477	44119400	44113717	6923	44115938	-3461	3462	-2221
chr7	100125157	100129493	100128120	4336	100127325	-2168	2168	795
chr7	140453780	140459518	140456649	5738	140456649	-2869	2869	0
chr7	151048292	151050945	151049069	2653	151049618	-1326	1327	-549
chr7	43875981	43879580	43876495	3599	43877780	-1799	1800	-1285
chr7	135163282	135164985	135164751	1703	135164133	-851	852	618
chr7	99417614	99422661	99419370	5047	99420137	-2523	2524	-767
chr7	43875981	43879580	43876774	3599	43877780	-1799	1800	-1006
chr7	98286802	98291305	98291212	4503	98289053	-2251	2252	2159
chr7	151052650	151056748	151056591	4098	151054699	-2049	2049	1892
chr7	99394001	99398523	99394617	4522	99396262	-2261	2261	-1645
chr7	149253959	149256013	149254499	2054	149254986	-1027	1027	-487
chr7	151048292	151050945	151048959	2653	151049618	-1326	1327	-659
chr7	73767615	73770524	73769320	2909	73769069	-1454	1455	251
chr7	99394001	99398523	99397965	4522	99396262	-2261	2261	1703
chr7	2247477	2251316	2250994	3839	2249396	-1919	1920	1598
chr7	6022601	6023961	6023712	1360	6023281	-680	680	431
chr7	151239687	151240600	151240116	913	151240143	-456	457	-27
chr7	148797611	148800533	148798651	2922	148799072	-1461	1461	-421
chr7	92112530	92113593	92113448	1063	92113061	-531	532	387
chr7	128773764	128777661	128775083	3897	128775712	-1948	1949	-629
chr7	151048292	151050945	151049073	2653	151049618	-1326	1327	-545
chr7	135165605	135166956	135166577	1351	135166280	-675	676	297
chr7	151052650	151056748	151052738	4098	151054699	-2049	2049	-1961
chr7	5307363	5310071	5308189	2708	5308717	-1354	1354	-528
chr7	19697993	19698870	19698718	877	19698431	-438	439	287
chr7	43875981	43879580	43877590	3599	43877780	-1799	1800	-190
chr7	44072267	44077171	44073393	4904	44074719	-2452	2452	-1326
chr7	45077044	45084967	45082129	7923	45081005	-3961	3962	1124
chr7	45077044	45084967	45082793	7923	45081005	-3961	3962	1788
chr7	100089798	100094692	100092877	4894	100092245	-2447	2447	632
chr7	100571803	100574670	100572569	2867	100573236	-1433	1434	-667
chr7	135163282	135164985	135164660	1703	135164133	-851	852	527
chr7	151048292	151050945	151049095	2653	151049618	-1326	1327	-523
chr7	151048292	151050945	151050226	2653	151049618	-1326	1327	608
chr7	2252260	2259704	2255092	7444	2255982	-3722	3722	-890
chr7	45077044	45084967	45082187	7923	45081005	-3961	3962	1182
chr7	43875981	43879580	43877077	3599	43877780	-1799	1800	-703
chr7	43875981	43879580	43877394	3599	43877780	-1799	1800	-386
chr7	43875981	43879580	43876612	3599	43877780	-1799	1800	-1168
chr7	43875981	43879580	43878014	3599	43877780	-1799	1800	234
chr7	43875981	43879580	43878664	3599	43877780	-1799	1800	884
chr7	43875981	43879580	43878954	3599	43877780	-1799	1800	1174
chr7	6493483	6498906	6498174	5423	6496194	-2711	2712	1980
chr7	43875981	43879580	43878668	3599	43877780	-1799	1800	888
chr7	76062749	76068479	76066392	5730	76065614	-2865	2865	778
chr7	151052650	151056748	151056597	4098	151054699	-2049	2049	1898
chr7	23701878	23704776	23702338	2898	23703327	-1449	1449	-989
chr7	45077044	45084967	45083385	7923	45081005	-3961	3962	2380
chr7	75418524	75421241	75418733	2717	75419882	-1358	1359	-1149
chr7	100089798	100094692	100091470	4894	100092245	-2447	2447	-775
chr7	44112477	44119400	44113673	6923	44115938	-3461	3462	-2265
chr7	149762853	149767720	149764803	4867	149765286	-2433	2434	-483
chr7	128944962	128948094	128947903	3132	128946528	-1566	1566	1375
chr7	100571803	100574670	100572404	2867	100573236	-1433	1434	-832
chr7	72948147	72949602	72948612	1455	72948874	-727	728	-262
chr7	73567717	73573474	73571278	5757	73570595	-2878	2879	683
chr7	151048292	151050945	151049277	2653	151049618	-1326	1327	-341
chr7	128773764	128777661	128775718	3897	128775712	-1948	1949	6
chr7	101204572	101211348	101206234	6776	101207960	-3388	3388	-1726
chr7	149762853	149767720	149764858	4867	149765286	-2433	2434	-428
chr7	149253959	149256013	149255304	2054	149254986	-1027	1027	318
chr7	151239687	151240600	151240480	913	151240143	-456	457	337
chr7	100089798	100094692	100091277	4894	100092245	-2447	2447	-968
chr7	99394001	99398523	99394113	4522	99396262	-2261	2261	-2149
chr7	149222431	149225447	149224477	3016	149223939	-1508	1508	538
chr7	73731828	73739375	73737593	7547	73735601	-3773	3774	1992
chr7	102316598	102322365	102320470	5767	102319481	-2883	2884	989
chr7	102453417	102458057	102457694	4640	102455737	-2320	2320	1957
chr7	107922223	107925794	107924056	3571	107924008	-1785	1786	48
chr7	100089798	100094692	100092835	4894	100092245	-2447	2447	590
chr7	43875981	43879580	43878113	3599	43877780	-1799	1800	333
chr7	100089798	100094692	100092918	4894	100092245	-2447	2447	673
chr7	100218480	100225933	100221168	7453	100222206	-3726	3727	-1038
chr7	100119767	100125000	100124891	5233	100122383	-2616	2617	2508
chr7	144377439	144382006	144380010	4567	144379722	-2283	2284	288
chr7	151234921	151236954	151235573	2033	151235937	-1016	1017	-364
chr7	72948147	72949602	72948190	1455	72948874	-727	728	-684
chr7	100095581	100099543	100095775	3962	100097562	-1981	1981	-1787
chr7	105112684	105113420	105113283	736	105113052	-368	368	231
chr7	128773764	128777661	128775458	3897	128775712	-1948	1949	-254
chr7	44112477	44119400	44117940	6923	44115938	-3461	3462	2002
chr7	100089798	100094692	100089818	4894	100092245	-2447	2447	-2427
chr7	100089798	100094692	100093085	4894	100092245	-2447	2447	840
chr7	100089798	100094692	100093381	4894	100092245	-2447	2447	1136
chr7	151068290	151074583	151074228	6293	151071436	-3146	3147	2792
chr7	151147844	151149128	151149117	1284	151148486	-642	642	631
chr7	73731828	73739375	73736338	7547	73735601	-3773	3774	737
chr7	99417614	99422661	99419298	5047	99420137	-2523	2524	-839
chr7	100564881	100571704	100565133	6823	100568292	-3411	3412	-3159
chr8	25418051	25421531	25419348	3480	25419791	-1740	1740	-443
chr8	47734857	47739132	47735411	4275	47736994	-2137	2138	-1583
chr8	143974839	143978636	143975285	3797	143976737	-1898	1899	-1452
chr8	100259976	100261768	100261670	1792	100260872	-896	896	798
chr8	97274351	97279248	97277329	4897	97276799	-2448	2449	530
chr8	126555222	126559654	126556398	4432	126557438	-2216	2216	-1040
chr8	37693616	37698922	37698037	5306	37696269	-2653	2653	1768
chr8	37693616	37698922	37698039	5306	37696269	-2653	2653	1770
chr8	144431485	144437772	144432423	6287	144434628	-3143	3144	-2205
chr8	27459000	27464241	27463312	5241	27461620	-2620	2621	1692
chr8	144387627	144393263	144391400	5636	144390445	-2818	2818	955
chr8	93733302	93735334	93734854	2032	93734318	-1016	1016	536
chr8	144082058	144088146	144084827	6088	144085102	-3044	3044	-275
chr8	144810103	144812858	144810489	2755	144811480	-1377	1378	-991
chr8	97274351	97279248	97277380	4897	97276799	-2448	2449	581
chr8	22689056	22696052	22690594	6996	22692554	-3498	3498	-1960
chr8	144387627	144393263	144390738	5636	144390445	-2818	2818	293
chr8	144810103	144812858	144810740	2755	144811480	-1377	1378	-740
chr8	70574747	70578865	70574771	4118	70576806	-2059	2059	-2035
chr8	37693616	37698922	37698543	5306	37696269	-2653	2653	2274
chr8	37844413	37845197	37844873	784	37844805	-392	392	68
chr8	144082058	144088146	144085671	6088	144085102	-3044	3044	569
chr8	144452784	144460425	144453231	7641	144456604	-3820	3821	-3373
chr8	125434296	125437523	125436299	3227	125435909	-1613	1614	390
chr8	125023897	125025748	125024478	1851	125024822	-925	926	-344
chr8	144387627	144393263	144391000	5636	144390445	-2818	2818	555
chr8	144421001	144424964	144424073	3963	144422982	-1981	1982	1091
chr8	144850795	144853362	144851098	2567	144852078	-1283	1284	-980
chr8	70574747	70578865	70574930	4118	70576806	-2059	2059	-1876
chr8	22689056	22696052	22689612	6996	22692554	-3498	3498	-2942
chr8	142540178	142547582	142542129	7404	142543880	-3702	3702	-1751
chr8	144421001	144424964	144424092	3963	144422982	-1981	1982	1110
chr8	38267327	38269820	38268399	2493	38268573	-1246	1247	-174
chr8	144079324	144081891	144080587	2567	144080607	-1283	1284	-20
chr8	22615738	22622302	22618946	6564	22619020	-3282	3282	-74
chr8	22615738	22622302	22620045	6564	22619020	-3282	3282	1025
chr8	97274351	97279248	97276514	4897	97276799	-2448	2449	-285
chr8	144082058	144088146	144084514	6088	144085102	-3044	3044	-588
chr8	8700818	8703276	8702914	2458	8702047	-1229	1229	867
chr8	47734857	47739132	47735560	4275	47736994	-2137	2138	-1434
chr8	125434296	125437523	125436367	3227	125435909	-1613	1614	458
chr8	125434296	125437523	125436500	3227	125435909	-1613	1614	591
chr8	144394278	144399885	144396657	5607	144397081	-2803	2804	-424
chr8	100259976	100261768	100261709	1792	100260872	-896	896	837
chr8	144082058	144088146	144083295	6088	144085102	-3044	3044	-1807
chr8	93733302	93735334	93733754	2032	93734318	-1016	1016	-564
chr8	97274351	97279248	97276951	4897	97276799	-2448	2449	152
chr8	125364253	125367868	125367088	3615	125366060	-1807	1808	1028
chr8	37693616	37698922	37696129	5306	37696269	-2653	2653	-140
chr8	37693616	37698922	37696138	5306	37696269	-2653	2653	-131
chr8	37844413	37845197	37845004	784	37844805	-392	392	199
chr8	47734857	47739132	47735356	4275	47736994	-2137	2138	-1638
chr8	11328178	11332268	11331684	4090	11330223	-2045	2045	1461
chr8	97274351	97279248	97276617	4897	97276799	-2448	2449	-182
chr8	144082058	144088146	144085985	6088	144085102	-3044	3044	883
chr8	97274351	97279248	97276799	4897	97276799	-2448	2449	0
chr8	144394278	144399885	144395180	5607	144397081	-2803	2804	-1901
chr8	144452784	144460425	144453426	7641	144456604	-3820	3821	-3178
chr8	22689056	22696052	22691091	6996	22692554	-3498	3498	-1463
chr8	142655962	142661161	142659044	5199	142658561	-2599	2600	483
chr8	93733302	93735334	93734126	2032	93734318	-1016	1016	-192
chr9	133056804	133060628	133058091	3824	133058716	-1912	1912	-625
chr9	113372153	113375572	113374003	3419	113373862	-1709	1710	141
chr9	33463825	33467327	33464044	3502	33465576	-1751	1751	-1532
chr9	128634021	128638739	128636307	4718	128636380	-2359	2359	-73
chr9	34253944	34257362	34256372	3418	34255653	-1709	1709	719
chr9	35731772	35739402	35737758	7630	35735587	-3815	3815	2171
chr9	83970107	83972007	83971976	1900	83971057	-950	950	919
chr9	133056804	133060628	133057852	3824	133058716	-1912	1912	-864
chr9	33463825	33467327	33464970	3502	33465576	-1751	1751	-606
chr9	35731772	35739402	35735124	7630	35735587	-3815	3815	-463
chr9	127505392	127509723	127508523	4331	127507557	-2165	2166	966
chr9	37439351	37441262	37441078	1911	37440306	-955	956	772
chr9	127444592	127446702	127445165	2110	127445647	-1055	1055	-482
chr9	135480775	135488272	135486171	7497	135484523	-3748	3749	1648
chr9	127505392	127509723	127508175	4331	127507557	-2165	2166	618
chr9	124854885	124859975	124858053	5090	124857430	-2545	2545	623
chr9	89000179	89003591	89001470	3412	89001885	-1706	1706	-415
chr9	35559314	35563587	35563033	4273	35561450	-2136	2137	1583
chr9	35731772	35739402	35738883	7630	35735587	-3815	3815	3296
chr9	133362037	133365675	133364905	3638	133363856	-1819	1819	1049
chr9	133467712	133473562	133472160	5850	133470637	-2925	2925	1523
chr9	137609842	137616204	137615837	6362	137613023	-3181	3181	2814
chr9	137609842	137616204	137615917	6362	137613023	-3181	3181	2894
chr9	35731772	35739402	35739065	7630	35735587	-3815	3815	3478
chr9	89360796	89366140	89364143	5344	89363468	-2672	2672	675
chr9	89604431	89606523	89605256	2092	89605477	-1046	1046	-221
chr9	89604431	89606523	89605811	2092	89605477	-1046	1046	334
chr9	136722271	136724401	136723321	2130	136723336	-1065	1065	-15
chr9	120855324	120856947	120856270	1623	120856135	-811	812	135
chr9	128725942	128731343	128731318	5401	128728642	-2700	2701	2676
chr9	133457800	133461719	133458032	3919	133459759	-1959	1960	-1727
chr9	89000179	89003591	89002226	3412	89001885	-1706	1706	341
chr9	35659126	35661228	35660618	2102	35660177	-1051	1051	441
chr9	83970107	83972007	83970808	1900	83971057	-950	950	-249
chr9	35659126	35661228	35660352	2102	35660177	-1051	1051	175
chr9	35659126	35661228	35660650	2102	35660177	-1051	1051	473
chr9	33918573	33924272	33923896	5699	33921422	-2849	2850	2474
chr9	127813708	127819260	127818300	5552	127816484	-2776	2776	1816
chr9	89360796	89366140	89363765	5344	89363468	-2672	2672	297
chr9	133467712	133473562	133472092	5850	133470637	-2925	2925	1455
chr9	137554334	137556029	137555419	1695	137555181	-847	848	238
chr9	35731772	35739402	35739006	7630	35735587	-3815	3815	3419
chr9	135480775	135488272	135485995	7497	135484523	-3748	3749	1472
chr9	137609842	137616204	137612871	6362	137613023	-3181	3181	-152
chr9	94299828	94301830	94299879	2002	94300829	-1001	1001	-950
chr9	137554334	137556029	137555536	1695	137555181	-847	848	355
chr9	131230305	131236361	131233453	6056	131233333	-3028	3028	120
chr9	133358709	133362004	133361115	3295	133360356	-1647	1648	759
chr9	35559314	35563587	35562548	4273	35561450	-2136	2137	1098
chr9	133349415	133351371	133349427	1956	133350393	-978	978	-966
chr9	137187190	137192973	137189119	5783	137190081	-2891	2892	-962
chr9	133467712	133473562	133468026	5850	133470637	-2925	2925	-2611
chr9	38392156	38397683	38395917	5527	38394919	-2763	2764	998
chr9	128632467	128633664	128633295	1197	128633065	-598	599	230
chr9	133331589	133339454	133332039	7865	133335521	-3932	3933	-3482
chr9	37439351	37441262	37439623	1911	37440306	-955	956	-683
chr9	35559314	35563587	35560530	4273	35561450	-2136	2137	-920
chr9	124854885	124859975	124857931	5090	124857430	-2545	2545	501
chr9	128360412	128365600	128360441	5188	128363006	-2594	2594	-2565
chr9	113593756	113597466	113594094	3710	113595611	-1855	1855	-1517
chr9	89360796	89366140	89362363	5344	89363468	-2672	2672	-1105
chr9	89000179	89003591	89001720	3412	89001885	-1706	1706	-165
chr9	94299828	94301830	94300097	2002	94300829	-1001	1001	-732
chr9	122911708	122916757	122911863	5049	122914232	-2524	2525	-2369
chr9	34253944	34257362	34255757	3418	34255653	-1709	1709	104
chr9	128733186	128740885	128733506	7699	128737035	-3849	3850	-3529
chr9	129813032	129818156	129813817	5124	129815594	-2562	2562	-1777
chr9	135480775	135488272	135488271	7497	135484523	-3748	3749	3748
chr9	89000179	89003591	89001845	3412	89001885	-1706	1706	-40
chr9	137187190	137192973	137187332	5783	137190081	-2891	2892	-2749
chr9	136671765	136679452	136672073	7687	136675608	-3843	3844	-3535
chr9	35054184	35059349	35057432	5165	35056766	-2582	2583	666
chr9	127813708	127819260	127815924	5552	127816484	-2776	2776	-560
chr9	133344602	133348611	133348236	4009	133346606	-2004	2005	1630
chr9	133351389	133354160	133353795	2771	133352774	-1385	1386	1021
chr9	34253944	34257362	34256036	3418	34255653	-1709	1709	383
chr9	5772838	5774487	5772982	1649	5773662	-824	825	-680
chr9	33463825	33467327	33465110	3502	33465576	-1751	1751	-466
chr9	35731772	35739402	35733106	7630	35735587	-3815	3815	-2481
chr9	129808190	129811407	129808978	3217	129809798	-1608	1609	-820
chr9	6006800	6009152	6007299	2352	6007976	-1176	1176	-677
chr9	123111454	123112802	123112133	1348	123112128	-674	674	5
chr9	37439351	37441262	37440934	1911	37440306	-955	956	628
chr9	137187190	137192973	137187552	5783	137190081	-2891	2892	-2529
chr9	127813708	127819260	127817278	5552	127816484	-2776	2776	794
chr9	113593756	113597466	113596847	3710	113595611	-1855	1855	1236
chr9	35659126	35661228	35660409	2102	35660177	-1051	1051	232
chr9	124854885	124859975	124857366	5090	124857430	-2545	2545	-64
chr9	35731772	35739402	35738363	7630	35735587	-3815	3815	2776
chr9	137609842	137616204	137612997	6362	137613023	-3181	3181	-26
chr9	137609842	137616204	137616011	6362	137613023	-3181	3181	2988
chr9	89000179	89003591	89001994	3412	89001885	-1706	1706	109
chr9	19375794	19376683	19376336	889	19376238	-444	445	98
chr9	113372153	113375572	113374523	3419	113373862	-1709	1710	661
chr9	6006800	6009152	6007235	2352	6007976	-1176	1176	-741
chr9	134156570	134159906	134157997	3336	134158238	-1668	1668	-241
chr9	133056804	133060628	133058048	3824	133058716	-1912	1912	-668
chr9	89000179	89003591	89001383	3412	89001885	-1706	1706	-502
chr9	113372153	113375572	113373491	3419	113373862	-1709	1710	-371
chr9	122911708	122916757	122912036	5049	122914232	-2524	2525	-2196
chr9	133351389	133354160	133351937	2771	133352774	-1385	1386	-837
chr9	133358709	133362004	133360091	3295	133360356	-1647	1648	-265
chr9	137609842	137616204	137616055	6362	137613023	-3181	3181	3032
chr9	35089575	35091994	35090194	2419	35090784	-1209	1210	-590
chr9	134027254	134032898	134032672	5644	134030076	-2822	2822	2596
chr9	94299828	94301830	94299934	2002	94300829	-1001	1001	-895
chr9	35659126	35661228	35660321	2102	35660177	-1051	1051	144
chr9	89354115	89359960	89358893	5845	89357037	-2922	2923	1856
chr9	129813032	129818156	129813761	5124	129815594	-2562	2562	-1833
chr9	89360796	89366140	89362196	5344	89363468	-2672	2672	-1272
chr9	127813708	127819260	127817165	5552	127816484	-2776	2776	681
chr9	127505392	127509723	127508154	4331	127507557	-2165	2166	597
chr9	135480775	135488272	135487369	7497	135484523	-3748	3749	2846
chr9	126880303	126883549	126881880	3246	126881926	-1623	1623	-46
chr9	35731772	35739402	35736900	7630	35735587	-3815	3815	1313
chr9	113372153	113375572	113374129	3419	113373862	-1709	1710	267
chr9	136938341	136945118	136940919	6777	136941729	-3388	3389	-810
chr9	133064416	133070067	133068761	5651	133067241	-2825	2826	1520
chr9	136671765	136679452	136672378	7687	136675608	-3843	3844	-3230
chr9	89000179	89003591	89002838	3412	89001885	-1706	1706	953
chr9	136114816	136119949	136116688	5133	136117382	-2566	2567	-694
chr9	130892607	130895048	130893471	2441	130893827	-1220	1221	-356
chr9	133351389	133354160	133354056	2771	133352774	-1385	1386	1282
chr9	35089575	35091994	35090236	2419	35090784	-1209	1210	-548
chr9	124854885	124859975	124856767	5090	124857430	-2545	2545	-663
chr9	137609842	137616204	137615070	6362	137613023	-3181	3181	2047
chr9	127813708	127819260	127818363	5552	127816484	-2776	2776	1879
chr9	129813032	129818156	129814050	5124	129815594	-2562	2562	-1544
chr9	89000179	89003591	89002275	3412	89001885	-1706	1706	390
chr9	89360796	89366140	89362352	5344	89363468	-2672	2672	-1116
chr9	128634021	128638739	128635187	4718	128636380	-2359	2359	-1193
chr9	137457730	137462960	137462308	5230	137460345	-2615	2615	1963
chr9	19375794	19376683	19376264	889	19376238	-444	445	26
chr9	94299828	94301830	94301000	2002	94300829	-1001	1001	171
chr9	34253944	34257362	34255845	3418	34255653	-1709	1709	192
chr9	137079388	137083387	137082711	3999	137081387	-1999	2000	1324
chr9	122911708	122916757	122911909	5049	122914232	-2524	2525	-2323
chr9	33918573	33924272	33923951	5699	33921422	-2849	2850	2529
chr9	89000179	89003591	89001528	3412	89001885	-1706	1706	-357
chr9	89000179	89003591	89001797	3412	89001885	-1706	1706	-88
chr10	102145109	102147464	102146861	2355	102146286	-1177	1178	575
chr10	99611342	99613599	99613539	2257	99612470	-1128	1129	1069
chr10	132783128	132790105	132784918	6977	132786616	-3488	3489	-1698
chr10	8067508	8074330	8073783	6822	8070919	-3411	3411	2864
chr10	101003135	101007790	101004017	4655	101005462	-2327	2328	-1445
chr10	102066283	102069433	102066525	3150	102067858	-1575	1575	-1333
chr10	43386262	43389901	43386927	3639	43388081	-1819	1820	-1154
chr10	12166689	12169824	12167887	3135	12168256	-1567	1568	-369
chr10	12166689	12169824	12169339	3135	12168256	-1567	1568	1083
chr10	73766668	73770278	73768829	3610	73768473	-1805	1805	356
chr10	43386262	43389901	43387569	3639	43388081	-1819	1820	-512
chr10	8067508	8074330	8073738	6822	8070919	-3411	3411	2819
chr10	133262574	133265861	133263100	3287	133264217	-1643	1644	-1117
chr10	102066283	102069433	102067128	3150	102067858	-1575	1575	-730
chr10	131968838	131970875	131970748	2037	131969856	-1018	1019	892
chr10	133417926	133425328	133420161	7402	133421627	-3701	3701	-1466
chr10	62812712	62814296	62813365	1584	62813504	-792	792	-139
chr10	52314151	52316000	52314533	1849	52315075	-924	925	-542
chr10	133417926	133425328	133419584	7402	133421627	-3701	3701	-2043
chr10	6113793	6115331	6115154	1538	6114562	-769	769	592
chr10	69399344	69406656	69401061	7312	69403000	-3656	3656	-1939
chr10	102377274	102382834	102379389	5560	102380054	-2780	2780	-665
chr10	62812712	62814296	62814271	1584	62813504	-792	792	767
chr10	71818321	71820131	71819522	1810	71819226	-905	905	296
chr10	8067508	8074330	8074109	6822	8070919	-3411	3411	3190
chr10	73771408	73774536	73773397	3128	73772972	-1564	1564	425
chr10	62812712	62814296	62813739	1584	62813504	-792	792	235
chr10	62812712	62814296	62813424	1584	62813504	-792	792	-80
chr10	8067508	8074330	8074021	6822	8070919	-3411	3411	3102
chr10	43386262	43389901	43387534	3639	43388081	-1819	1820	-547
chr10	125837054	125839817	125839015	2763	125838435	-1381	1382	580
chr10	102377274	102382834	102380313	5560	102380054	-2780	2780	259
chr10	102066283	102069433	102067991	3150	102067858	-1575	1575	133
chr10	133262574	133265861	133263222	3287	133264217	-1643	1644	-995
chr10	75230651	75237486	75230921	6835	75234068	-3417	3418	-3147
chr10	124983256	124984125	124983540	869	124983690	-434	435	-150
chr10	102145109	102147464	102147376	2355	102146286	-1177	1178	1090
chr10	102377274	102382834	102382135	5560	102380054	-2780	2780	2081
chr10	73771408	73774536	73773796	3128	73772972	-1564	1564	824
chr10	73771408	73774536	73771736	3128	73772972	-1564	1564	-1236
chr10	73771408	73774536	73772091	3128	73772972	-1564	1564	-881
chr10	97676871	97680985	97679803	4114	97678928	-2057	2057	875
chr10	102145109	102147464	102146971	2355	102146286	-1177	1178	685
chr10	102402655	102408688	102403964	6033	102405671	-3016	3017	-1707
chr10	73771408	73774536	73772457	3128	73772972	-1564	1564	-515
chr10	102398193	102402416	102399307	4223	102400304	-2111	2112	-997
chr10	24543416	24545180	24544223	1764	24544298	-882	882	-75
chr10	125837054	125839817	125839100	2763	125838435	-1381	1382	665
chr10	12166689	12169824	12169330	3135	12168256	-1567	1568	1074
chr10	69169977	69171690	69171344	1713	69170833	-856	857	511
chr10	97676871	97680985	97677876	4114	97678928	-2057	2057	-1052
chr10	102377274	102382834	102382350	5560	102380054	-2780	2780	2296
chr10	24543416	24545180	24544101	1764	24544298	-882	882	-197
chr10	74117489	74119368	74118180	1879	74118428	-939	940	-248
chr10	102402655	102408688	102405378	6033	102405671	-3016	3017	-293
chr10	102420994	102428735	102423370	7741	102424864	-3870	3871	-1494
chr10	8067508	8074330	8073760	6822	8070919	-3411	3411	2841
chr10	119035300	119036469	119036043	1169	119035884	-584	585	159
chr10	1017418	1020781	1019776	3363	1019099	-1681	1682	677
chr10	97458975	97460991	97459380	2016	97459983	-1008	1008	-603
chr10	133262574	133265861	133263022	3287	133264217	-1643	1644	-1195
chr10	133348995	133354196	133352411	5201	133351595	-2600	2601	816
chr10	124984429	124985509	124984963	1080	124984969	-540	540	-6
chr10	12166689	12169824	12167887	3135	12168256	-1567	1568	-369
chr10	24543416	24545180	24544140	1764	24544298	-882	882	-158
chr10	73771408	73774536	73773571	3128	73772972	-1564	1564	599
chr10	97458975	97460991	97460127	2016	97459983	-1008	1008	144
chr10	97676871	97680985	97678022	4114	97678928	-2057	2057	-906
chr10	98414108	98416840	98415074	2732	98415474	-1366	1366	-400
chr10	124984429	124985509	124984877	1080	124984969	-540	540	-92
chr10	74117489	74119368	74118180	1879	74118428	-939	940	-248
chr10	79350474	79354233	79353806	3759	79352353	-1879	1880	1453
chr10	97456739	97457848	97456990	1109	97457293	-554	555	-303
chr10	73496535	73498828	73498662	2293	73497681	-1146	1147	981
chr10	62812712	62814296	62812954	1584	62813504	-792	792	-550
chr10	5763825	5765606	5765335	1781	5764715	-890	891	620
chr10	8067508	8074330	8073914	6822	8070919	-3411	3411	2995
chr10	102149352	102156869	102149958	7517	102153110	-3758	3759	-3152
chr10	73766668	73770278	73769125	3610	73768473	-1805	1805	652
chr10	73766668	73770278	73769833	3610	73768473	-1805	1805	1360
chr10	97458975	97460991	97460920	2016	97459983	-1008	1008	937
chr10	69399344	69406656	69405044	7312	69403000	-3656	3656	2044
chr10	73771408	73774536	73771828	3128	73772972	-1564	1564	-1144
chr10	69399344	69406656	69405026	7312	69403000	-3656	3656	2026
chr10	8067508	8074330	8074229	6822	8070919	-3411	3411	3310
chr10	73496535	73498828	73498743	2293	73497681	-1146	1147	1062
chr10	97456739	97457848	97456996	1109	97457293	-554	555	-297
chr10	43386262	43389901	43386609	3639	43388081	-1819	1820	-1472
chr10	71812717	71817431	71812823	4714	71815074	-2357	2357	-2251
chr10	6113793	6115331	6115002	1538	6114562	-769	769	440
chr10	73771408	73774536	73772969	3128	73772972	-1564	1564	-3
chr10	97676871	97680985	97679826	4114	97678928	-2057	2057	898
chr10	100283027	100287226	100286145	4199	100285126	-2099	2100	1019
chr10	102377274	102382834	102381162	5560	102380054	-2780	2780	1108
chr10	102066283	102069433	102067527	3150	102067858	-1575	1575	-331
chr10	101060343	101065453	101064952	5110	101062898	-2555	2555	2054
chr10	24543416	24545180	24544043	1764	24544298	-882	882	-255
chr10	101060343	101065453	101064345	5110	101062898	-2555	2555	1447
chr11	1596299	1598659	1597436	2360	1597479	-1180	1180	-43
chr11	6606944	6613110	6609144	6166	6610027	-3083	3083	-883
chr11	63996914	64002113	63997182	5199	63999513	-2599	2600	-2331
chr11	65914927	65922841	65917250	7914	65918884	-3957	3957	-1634
chr11	67489750	67497730	67491909	7980	67493740	-3990	3990	-1831
chr11	67489750	67497730	67495164	7980	67493740	-3990	3990	1424
chr11	2995938	3001124	3001058	5186	2998531	-2593	2593	2527
chr11	3822916	3824712	3824084	1796	3823814	-898	898	270
chr11	44933525	44935588	44934776	2063	44934556	-1031	1032	220
chr11	67308074	67314201	67309479	6127	67311137	-3063	3064	-1658
chr11	812545	815675	812762	3130	814110	-1565	1565	-1348
chr11	62884779	62890157	62885495	5378	62887468	-2689	2689	-1973
chr11	66335067	66338108	66335835	3041	66336587	-1520	1521	-752
chr11	47411298	47416455	47415327	5157	47413876	-2578	2579	1451
chr11	57699499	57700408	57699970	909	57699953	-454	455	17
chr11	65711560	65719441	65718636	7881	65715500	-3940	3941	3136
chr11	71998978	72006294	72001474	7316	72002636	-3658	3658	-1162
chr11	62660241	62666599	62666503	6358	62663420	-3179	3179	3083
chr11	64223872	64227729	64225865	3857	64225800	-1928	1929	65
chr11	65879274	65883826	65882237	4552	65881550	-2276	2276	687
chr11	62676500	62683117	62676637	6617	62679808	-3308	3309	-3171
chr11	47416484	47421318	47418818	4834	47418901	-2417	2417	-83
chr11	71998978	72006294	72006226	7316	72002636	-3658	3658	3590
chr11	6606944	6613110	6613040	6166	6610027	-3083	3083	3013
chr11	47235726	47241595	47237703	5869	47238660	-2934	2935	-957
chr11	67489750	67497730	67493042	7980	67493740	-3990	3990	-698
chr11	65996412	66000833	66000377	4421	65998622	-2210	2211	1755
chr11	62690078	62693132	62692403	3054	62691605	-1527	1527	798
chr11	62804927	62807252	62805387	2325	62806089	-1162	1163	-702
chr11	64223872	64227729	64224568	3857	64225800	-1928	1929	-1232
chr11	46395872	46401244	46397495	5372	46398558	-2686	2686	-1063
chr11	47411298	47416455	47413438	5157	47413876	-2578	2579	-438
chr11	72233961	72240637	72238372	6676	72237299	-3338	3338	1073
chr11	65914927	65922841	65920372	7914	65918884	-3957	3957	1488
chr11	378381	382101	380165	3720	380241	-1860	1860	-76
chr11	65879274	65883826	65883406	4552	65881550	-2276	2276	1856
chr11	126274286	126278158	126277626	3872	126276222	-1936	1936	1404
chr11	62784799	62792273	62789031	7474	62788536	-3737	3737	495
chr11	34151342	34155769	34152422	4427	34153555	-2213	2214	-1133
chr11	60850951	60854746	60853334	3795	60852848	-1897	1898	486
chr11	62624916	62632527	62627118	7611	62628721	-3805	3806	-1603
chr11	64316793	64322457	64319843	5664	64319625	-2832	2832	218
chr11	65105007	65110555	65107912	5548	65107781	-2774	2774	131
chr11	68158062	68159094	68158210	1032	68158578	-516	516	-368
chr11	119335052	119338374	119336214	3322	119336713	-1661	1661	-499
chr11	126274286	126278158	126275389	3872	126276222	-1936	1936	-833
chr11	6606944	6613110	6610036	6166	6610027	-3083	3083	9
chr11	65711560	65719441	65718866	7881	65715500	-3940	3941	3366
chr11	65879274	65883826	65883679	4552	65881550	-2276	2276	2129
chr11	126262717	126268473	126265070	5756	126265595	-2878	2878	-525
chr11	117193029	117196774	117195941	3745	117194901	-1872	1873	1040
chr11	47572424	47575600	47573413	3176	47574012	-1588	1588	-599
chr11	61964171	61969736	61968246	5565	61966953	-2782	2783	1293
chr11	126262717	126268473	126263966	5756	126265595	-2878	2878	-1629
chr11	65118993	65122566	65122380	3573	65120779	-1786	1787	1601
chr11	64303510	64307796	64304566	4286	64305653	-2143	2143	-1087
chr11	67308074	67314201	67309533	6127	67311137	-3063	3064	-1604
chr11	62690078	62693132	62690663	3054	62691605	-1527	1527	-942
chr11	62690078	62693132	62690862	3054	62691605	-1527	1527	-743
chr11	62784799	62792273	62792141	7474	62788536	-3737	3737	3605
chr11	62735693	62740158	62738329	4465	62737925	-2232	2233	404
chr11	67297068	67303170	67299110	6102	67300119	-3051	3051	-1009
chr11	119046334	119051042	119046649	4708	119048688	-2354	2354	-2039
chr11	85684967	85686382	85686135	1415	85685674	-707	708	461
chr11	119335052	119338374	119335683	3322	119336713	-1661	1661	-1030
chr11	73975273	73979041	73978357	3768	73977157	-1884	1884	1200
chr11	72105292	72112069	72108667	6777	72108680	-3388	3389	-13
chr11	64229816	64237784	64230289	7968	64233800	-3984	3984	-3511
chr11	65711560	65719441	65719087	7881	65715500	-3940	3941	3587
chr11	64223872	64227729	64227203	3857	64225800	-1928	1929	1403
chr11	65890396	65895821	65891203	5425	65893108	-2712	2713	-1905
chr11	64316793	64322457	64316922	5664	64319625	-2832	2832	-2703
chr11	3826310	3829595	3827859	3285	3827952	-1642	1643	-93
chr11	47235726	47241595	47238166	5869	47238660	-2934	2935	-494
chr11	73975273	73979041	73978285	3768	73977157	-1884	1884	1128
chr11	119355302	119358215	119357207	2913	119356758	-1456	1457	449
chr11	119335052	119338374	119335110	3322	119336713	-1661	1661	-1603
chr11	47411298	47416455	47415290	5157	47413876	-2578	2579	1414
chr11	3822916	3824712	3824068	1796	3823814	-898	898	254
chr11	64316793	64322457	64317114	5664	64319625	-2832	2832	-2511
chr11	67308074	67314201	67310169	6127	67311137	-3063	3064	-968
chr11	65996412	66000833	65999665	4421	65998622	-2210	2211	1043
chr11	63824414	63829841	63826980	5427	63827127	-2713	2714	-147
chr11	117204741	117207453	117207065	2712	117206097	-1356	1356	968
chr11	65118993	65122566	65120986	3573	65120779	-1786	1787	207
chr11	65879274	65883826	65883759	4552	65881550	-2276	2276	2209
chr11	67308074	67314201	67309855	6127	67311137	-3063	3064	-1282
chr11	65105007	65110555	65109766	5548	65107781	-2774	2774	1985
chr11	62624916	62632527	62626622	7611	62628721	-3805	3806	-2099
chr11	68158062	68159094	68158424	1032	68158578	-516	516	-154
chr11	1596299	1598659	1597655	2360	1597479	-1180	1180	176
chr11	66335067	66338108	66337719	3041	66336587	-1520	1521	1132
chr11	65914927	65922841	65917294	7914	65918884	-3957	3957	-1590
chr11	63911228	63917655	63912679	6427	63914441	-3213	3214	-1762
chr11	65105007	65110555	65109762	5548	65107781	-2774	2774	1981
chr11	34151342	34155769	34152446	4427	34153555	-2213	2214	-1109
chr11	62676500	62683117	62678917	6617	62679808	-3308	3309	-891
chr11	3089033	3094249	3090619	5216	3091641	-2608	2608	-1022
chr11	67297068	67303170	67299885	6102	67300119	-3051	3051	-234
chr11	66335067	66338108	66336330	3041	66336587	-1520	1521	-257
chr11	117404867	117410730	117409694	5863	117407798	-2931	2932	1896
chr11	117204741	117207453	117206463	2712	117206097	-1356	1356	366
chr11	85684967	85686382	85685546	1415	85685674	-707	708	-128
chr11	85684967	85686382	85685998	1415	85685674	-707	708	324
chr11	68158062	68159094	68158673	1032	68158578	-516	516	95
chr11	64316793	64322457	64318246	5664	64319625	-2832	2832	-1379
chr11	69651393	69656336	69653084	4943	69653864	-2471	2472	-780
chr11	64803868	64807066	64805751	3198	64805467	-1599	1599	284
chr11	6606944	6613110	6609770	6166	6610027	-3083	3083	-257
chr11	65111174	65113466	65111407	2292	65112320	-1146	1146	-913
chr11	65105007	65110555	65108302	5548	65107781	-2774	2774	521
chr11	65996412	66000833	65997583	4421	65998622	-2210	2211	-1039
chr11	62735693	62740158	62738317	4465	62737925	-2232	2233	392
chr11	64205593	64207897	64207400	2304	64206745	-1152	1152	655
chr11	63911228	63917655	63913997	6427	63914441	-3213	3214	-444
chr11	64216964	64223381	64219914	6417	64220172	-3208	3209	-258
chr11	7663311	7666553	7666547	3242	7664932	-1621	1621	1615
chr11	59575969	59577447	59576511	1478	59576708	-739	739	-197
chr11	45809387	45812715	45810956	3328	45811051	-1664	1664	-95
chr11	57302017	57307999	57302636	5982	57305008	-2991	2991	-2372
chr11	126262717	126268473	126265421	5756	126265595	-2878	2878	-174
chr11	62645684	62649727	62648063	4043	62647705	-2021	2022	358
chr11	639184	645283	640571	6099	642233	-3049	3050	-1662
chr11	119308545	119312905	119310877	4360	119310725	-2180	2180	152
chr11	61515711	61521372	61516004	5661	61518541	-2830	2831	-2537
chr11	64316793	64322457	64316912	5664	64319625	-2832	2832	-2713
chr11	65105007	65110555	65109887	5548	65107781	-2774	2774	2106
chr11	117404867	117410730	117409736	5863	117407798	-2931	2932	1938
chr11	1596299	1598659	1598255	2360	1597479	-1180	1180	776
chr11	65711560	65719441	65719297	7881	65715500	-3940	3941	3797
chr11	47267926	47271655	47267977	3729	47269790	-1864	1865	-1813
chr11	66281630	66283388	66282774	1758	66282509	-879	879	265
chr11	47177460	47179317	47178412	1857	47178388	-928	929	24
chr11	117193029	117196774	117193879	3745	117194901	-1872	1873	-1022
chr11	117285846	117293161	117287355	7315	117289503	-3657	3658	-2148
chr11	62598883	62605203	62604027	6320	62602043	-3160	3160	1984
chr11	64316793	64322457	64317092	5664	64319625	-2832	2832	-2533
chr11	126262717	126268473	126266866	5756	126265595	-2878	2878	1271
chr11	66284234	66289459	66288233	5225	66286846	-2612	2613	1387
chr11	66284234	66289459	66284579	5225	66286846	-2612	2613	-2267
chr11	47171073	47175930	47174976	4857	47173501	-2428	2429	1475
chr11	1583608	1585427	1584748	1819	1584517	-909	910	231
chr11	46395872	46401244	46397739	5372	46398558	-2686	2686	-819
chr11	64367067	64372248	64369557	5181	64369657	-2590	2591	-100
chr11	65111174	65113466	65112004	2292	65112320	-1146	1146	-316
chr11	865739	871044	865764	5305	868391	-2652	2653	-2627
chr11	126262717	126268473	126263969	5756	126265595	-2878	2878	-1626
chr11	47572424	47575600	47573264	3176	47574012	-1588	1588	-748
chr11	126262717	126268473	126265099	5756	126265595	-2878	2878	-496
chr11	45809387	45812715	45810786	3328	45811051	-1664	1664	-265
chr11	64229816	64237784	64237197	7968	64233800	-3984	3984	3397
chr11	3089033	3094249	3090660	5216	3091641	-2608	2608	-981
chr11	46377936	46383449	46379011	5513	46380692	-2756	2757	-1681
chr11	47411298	47416455	47415084	5157	47413876	-2578	2579	1208
chr11	126262717	126268473	126266529	5756	126265595	-2878	2878	934
chr11	66668693	66672944	66668814	4251	66670818	-2125	2126	-2004
chr11	67308074	67314201	67311848	6127	67311137	-3063	3064	711
chr11	73975273	73979041	73976822	3768	73977157	-1884	1884	-335
chr11	378381	382101	380848	3720	380241	-1860	1860	607
chr11	119308545	119312905	119311539	4360	119310725	-2180	2180	814
chr11	66001614	66005880	66003368	4266	66003747	-2133	2133	-379
chr11	73975273	73979041	73976867	3768	73977157	-1884	1884	-290
chr11	126274286	126278158	126277499	3872	126276222	-1936	1936	1277
chr11	62908128	62912016	62910930	3888	62910072	-1944	1944	858
chr11	73975273	73979041	73976660	3768	73977157	-1884	1884	-497
chr11	6680696	6683979	6682178	3283	6682337	-1641	1642	-159
chr11	64316793	64322457	64319767	5664	64319625	-2832	2832	142
chr11	62645684	62649727	62647027	4043	62647705	-2021	2022	-678
chr11	62735693	62740158	62738428	4465	62737925	-2232	2233	503
chr11	62804927	62807252	62805386	2325	62806089	-1162	1163	-703
chr11	378381	382101	379938	3720	380241	-1860	1860	-303
chr11	526957	534085	533450	7128	530521	-3564	3564	2929
chr11	639184	645283	640489	6099	642233	-3049	3050	-1744
chr11	3822916	3824712	3824071	1796	3823814	-898	898	257
chr11	6606944	6613110	6610165	6166	6610027	-3083	3083	138
chr11	44930624	44932474	44930781	1850	44931549	-925	925	-768
chr11	47411298	47416455	47414478	5157	47413876	-2578	2579	602
chr11	47411298	47416455	47414617	5157	47413876	-2578	2579	741
chr11	47572424	47575600	47572888	3176	47574012	-1588	1588	-1124
chr11	47572424	47575600	47573294	3176	47574012	-1588	1588	-718
chr11	62624916	62632527	62627110	7611	62628721	-3805	3806	-1611
chr11	62908128	62912016	62910021	3888	62910072	-1944	1944	-51
chr11	63911228	63917655	63914488	6427	63914441	-3213	3214	47
chr11	63996914	64002113	64000242	5199	63999513	-2599	2600	729
chr11	64271351	64275589	64271640	4238	64273470	-2119	2119	-1830
chr11	64803868	64807066	64804261	3198	64805467	-1599	1599	-1206
chr11	64803868	64807066	64804365	3198	64805467	-1599	1599	-1102
chr11	65118993	65122566	65120848	3573	65120779	-1786	1787	69
chr11	65118993	65122566	65122143	3573	65120779	-1786	1787	1364
chr11	65711560	65719441	65719270	7881	65715500	-3940	3941	3770
chr11	65890396	65895821	65894032	5425	65893108	-2712	2713	924
chr11	66284234	66289459	66284963	5225	66286846	-2612	2613	-1883
chr11	67297068	67303170	67298825	6102	67300119	-3051	3051	-1294
chr11	67297068	67303170	67299089	6102	67300119	-3051	3051	-1030
chr11	67308074	67314201	67309482	6127	67311137	-3063	3064	-1655
chr11	72233961	72240637	72238045	6676	72237299	-3338	3338	746
chr11	73975273	73979041	73976903	3768	73977157	-1884	1884	-254
chr11	117204741	117207453	117206434	2712	117206097	-1356	1356	337
chr11	71998978	72006294	72001325	7316	72002636	-3658	3658	-1311
chr11	526957	534085	533787	7128	530521	-3564	3564	3266
chr11	65711560	65719441	65718424	7881	65715500	-3940	3941	2924
chr11	66281630	66283388	66283332	1758	66282509	-879	879	823
chr11	66339780	66343268	66341215	3488	66341524	-1744	1744	-309
chr11	6606944	6613110	6608113	6166	6610027	-3083	3083	-1914
chr11	73975273	73979041	73976660	3768	73977157	-1884	1884	-497
chr11	64310996	64316646	64314910	5650	64313821	-2825	2825	1089
chr11	47235726	47241595	47237938	5869	47238660	-2934	2935	-722
chr11	62598883	62605203	62603216	6320	62602043	-3160	3160	1173
chr11	68158062	68159094	68158185	1032	68158578	-516	516	-393
chr11	119308545	119312905	119310441	4360	119310725	-2180	2180	-284
chr11	119308545	119312905	119312300	4360	119310725	-2180	2180	1575
chr11	126274286	126278158	126277621	3872	126276222	-1936	1936	1399
chr11	47171073	47175930	47175102	4857	47173501	-2428	2429	1601
chr11	68890061	68891873	68891325	1812	68890967	-906	906	358
chr11	64223872	64227729	64227639	3857	64225800	-1928	1929	1839
chr11	46395872	46401244	46397656	5372	46398558	-2686	2686	-902
chr11	62645684	62649727	62648688	4043	62647705	-2021	2022	983
chr11	62660241	62666599	62665452	6358	62663420	-3179	3179	2032
chr11	3822916	3824712	3823960	1796	3823814	-898	898	146
chr11	119308545	119312905	119310468	4360	119310725	-2180	2180	-257
chr11	62908128	62912016	62910115	3888	62910072	-1944	1944	43
chr11	57699499	57700408	57700005	909	57699953	-454	455	52
chr11	65114207	65118729	65115907	4522	65116468	-2261	2261	-561
chr11	6606944	6613110	6609077	6166	6610027	-3083	3083	-950
chr11	85684967	85686382	85685067	1415	85685674	-707	708	-607
chr11	62645684	62649727	62648995	4043	62647705	-2021	2022	1290
chr11	65118993	65122566	65121199	3573	65120779	-1786	1787	420
chr11	71998978	72006294	72005244	7316	72002636	-3658	3658	2608
chr11	117204741	117207453	117206941	2712	117206097	-1356	1356	844
chr11	46395872	46401244	46397315	5372	46398558	-2686	2686	-1243
chr11	67308074	67314201	67309868	6127	67311137	-3063	3064	-1269
chr11	62624916	62632527	62628822	7611	62628721	-3805	3806	101
chr11	65879274	65883826	65881460	4552	65881550	-2276	2276	-90
chr11	119015794	119017017	119015874	1223	119016405	-611	612	-531
chr11	117204741	117207453	117206424	2712	117206097	-1356	1356	327
chr11	68158062	68159094	68158765	1032	68158578	-516	516	187
chr11	46377936	46383449	46382098	5513	46380692	-2756	2757	1406
chr11	64229816	64237784	64229876	7968	64233800	-3984	3984	-3924
chr11	67308074	67314201	67309962	6127	67311137	-3063	3064	-1175
chr11	66284234	66289459	66287638	5225	66286846	-2612	2613	792
chr11	71998978	72006294	72003419	7316	72002636	-3658	3658	783
chr11	68027744	68032802	68027772	5058	68030273	-2529	2529	-2501
chr11	526957	534085	532642	7128	530521	-3564	3564	2121
chr11	62784799	62792273	62791722	7474	62788536	-3737	3737	3186
chr11	67489750	67497730	67495131	7980	67493740	-3990	3990	1391
chr11	47235726	47241595	47240003	5869	47238660	-2934	2935	1343
chr11	47177460	47179317	47179220	1857	47178388	-928	929	832
chr11	63996914	64002113	63996922	5199	63999513	-2599	2600	-2591
chr11	117285846	117293161	117289538	7315	117289503	-3657	3658	35
chr11	59575969	59577447	59576189	1478	59576708	-739	739	-519
chr11	65711560	65719441	65716797	7881	65715500	-3940	3941	1297
chr11	126262717	126268473	126266794	5756	126265595	-2878	2878	1199
chr11	62690078	62693132	62691134	3054	62691605	-1527	1527	-471
chr11	126262717	126268473	126263782	5756	126265595	-2878	2878	-1813
chr11	117285846	117293161	117288000	7315	117289503	-3657	3658	-1503
chr11	46703637	46709031	46704611	5394	46706334	-2697	2697	-1723
chr11	126274286	126278158	126277022	3872	126276222	-1936	1936	800
chr11	62676500	62683117	62677652	6617	62679808	-3308	3309	-2156
chr11	71998978	72006294	71999797	7316	72002636	-3658	3658	-2839
chr11	67489750	67497730	67494041	7980	67493740	-3990	3990	301
chr11	47411298	47416455	47415347	5157	47413876	-2578	2579	1471
chr11	66273975	66280041	66276134	6066	66277008	-3033	3033	-874
chr11	45809387	45812715	45811173	3328	45811051	-1664	1664	122
chr11	66522673	66525987	66523500	3314	66524330	-1657	1657	-830
chr11	117285846	117293161	117289107	7315	117289503	-3657	3658	-396
chr11	62784799	62792273	62790632	7474	62788536	-3737	3737	2096
chr11	64201600	64203728	64203208	2128	64202664	-1064	1064	544
chr11	63911228	63917655	63914320	6427	63914441	-3213	3214	-121
chr11	119355302	119358215	119358049	2913	119356758	-1456	1457	1291
chr11	62598883	62605203	62604189	6320	62602043	-3160	3160	2146
chr12	57598924	57603426	57600413	4502	57601175	-2251	2251	-762
chr12	57598924	57603426	57600907	4502	57601175	-2251	2251	-268
chr12	57598924	57603426	57601676	4502	57601175	-2251	2251	501
chr12	56234018	56238448	56237669	4430	56236233	-2215	2215	1436
chr12	54281748	54284447	54283121	2699	54283097	-1349	1350	24
chr12	54281748	54284447	54284364	2699	54283097	-1349	1350	1267
chr12	120196260	120198087	120196821	1827	120197173	-913	914	-352
chr12	49553737	49556186	49554460	2449	49554961	-1224	1225	-501
chr12	56234018	56238448	56235693	4430	56236233	-2215	2215	-540
chr12	53057221	53064650	53063756	7429	53060935	-3714	3715	2821
chr12	56317368	56321971	56317581	4603	56319669	-2301	2302	-2088
chr12	56001962	56008616	56003837	6654	56005289	-3327	3327	-1452
chr12	53187066	53189132	53187586	2066	53188099	-1033	1033	-513
chr12	2858256	2861607	2858728	3351	2859931	-1675	1676	-1203
chr12	56097722	56102514	56102184	4792	56100118	-2396	2396	2066
chr12	49557247	49560571	49558920	3324	49558909	-1662	1662	11
chr12	53190887	53194619	53193803	3732	53192753	-1866	1866	1050
chr12	132617879	132624092	132621642	6213	132620985	-3106	3107	657
chr12	56001962	56008616	56005004	6654	56005289	-3327	3327	-285
chr12	57763599	57767444	57764150	3845	57765521	-1922	1923	-1371
chr12	6326872	6328797	6327436	1925	6327834	-962	963	-398
chr12	50094725	50099260	50099088	4535	50096992	-2267	2268	2096
chr12	53209102	53212236	53211396	3134	53210669	-1567	1567	727
chr12	53190887	53194619	53191473	3732	53192753	-1866	1866	-1280
chr12	55723690	55725009	55724380	1319	55724349	-659	660	31
chr12	113156995	113159177	113157772	2182	113158086	-1091	1091	-314
chr12	92143582	92146790	92144277	3208	92145186	-1604	1604	-909
chr12	118032907	118034806	118034212	1899	118033856	-949	950	356
chr12	1784791	1786714	1786193	1923	1785752	-961	962	441
chr12	6939900	6943679	6941424	3779	6941789	-1889	1890	-365
chr12	47779066	47783305	47780654	4239	47781185	-2119	2120	-531
chr12	53065405	53067890	53066341	2485	53066647	-1242	1243	-306
chr12	53479728	53483476	53481235	3748	53481602	-1874	1874	-367
chr12	124908910	124915502	124913484	6592	124912206	-3296	3296	1278
chr12	55900722	55903559	55901791	2837	55902140	-1418	1419	-349
chr12	56227839	56232891	56232780	5052	56230365	-2526	2526	2415
chr12	122474070	122476224	122474107	2154	122475147	-1077	1077	-1040
chr12	47779066	47783305	47781049	4239	47781185	-2119	2120	-136
chr12	132617879	132624092	132620469	6213	132620985	-3106	3107	-516
chr12	14773939	14775891	14775769	1952	14774915	-976	976	854
chr12	124908910	124915502	124911706	6592	124912206	-3296	3296	-500
chr12	108522872	108525222	108523286	2350	108524047	-1175	1175	-761
chr12	57750622	57756759	57750982	6137	57753690	-3068	3069	-2708
chr12	122857966	122862040	122861141	4074	122860003	-2037	2037	1138
chr12	53190887	53194619	53193838	3732	53192753	-1866	1866	1085
chr12	132703125	132707151	132704801	4026	132705138	-2013	2013	-337
chr12	56234018	56238448	56236405	4430	56236233	-2215	2215	172
chr12	53057221	53064650	53063563	7429	53060935	-3714	3715	2628
chr12	120196260	120198087	120197330	1827	120197173	-913	914	157
chr12	49272639	49273885	49272898	1246	49273262	-623	623	-364
chr12	118032907	118034806	118033897	1899	118033856	-949	950	41
chr12	125135522	125143141	125142243	7619	125139331	-3809	3810	2912
chr12	120196260	120198087	120196905	1827	120197173	-913	914	-268
chr12	2858256	2861607	2859241	3351	2859931	-1675	1676	-690
chr12	6939900	6943679	6941471	3779	6941789	-1889	1890	-318
chr12	120578605	120581408	120581142	2803	120580006	-1401	1402	1136
chr12	120211582	120217953	120212294	6371	120214767	-3185	3186	-2473
chr12	56097722	56102514	56102295	4792	56100118	-2396	2396	2177
chr12	120578605	120581408	120579134	2803	120580006	-1401	1402	-872
chr12	48856534	48860307	48858044	3773	48858420	-1886	1887	-376
chr12	49553737	49556186	49555885	2449	49554961	-1224	1225	924
chr12	48856534	48860307	48857176	3773	48858420	-1886	1887	-1244
chr12	56001962	56008616	56003869	6654	56005289	-3327	3327	-1420
chr12	56001962	56008616	56004739	6654	56005289	-3327	3327	-550
chr12	131914699	131921918	131920055	7219	131918308	-3609	3610	1747
chr12	12716324	12719045	12718824	2721	12717684	-1360	1361	1140
chr12	48832979	48838253	48833303	5274	48835616	-2637	2637	-2313
chr12	120094775	120096551	120096535	1776	120095663	-888	888	872
chr12	53305713	53308629	53308507	2916	53307171	-1458	1458	1336
chr12	132617879	132624092	132621606	6213	132620985	-3106	3107	621
chr12	57516638	57517655	57516892	1017	57517146	-508	509	-254
chr12	49557247	49560571	49557527	3324	49558909	-1662	1662	-1382
chr12	113156995	113159177	113158751	2182	113158086	-1091	1091	665
chr12	120129203	120130975	120129306	1772	120130089	-886	886	-783
chr12	1784791	1786714	1786322	1923	1785752	-961	962	570
chr12	132717478	132721286	132720708	3808	132719382	-1904	1904	1326
chr12	49557247	49560571	49559960	3324	49558909	-1662	1662	1051
chr12	124908910	124915502	124912411	6592	124912206	-3296	3296	205
chr12	49016771	49019074	49018768	2303	49017922	-1151	1152	846
chr12	132617879	132624092	132621555	6213	132620985	-3106	3107	570
chr12	124908910	124915502	124913265	6592	124912206	-3296	3296	1059
chr12	52169964	52174040	52171486	4076	52172002	-2038	2038	-516
chr12	56227839	56232891	56231435	5052	56230365	-2526	2526	1070
chr12	48856534	48860307	48858047	3773	48858420	-1886	1887	-373
chr12	6326872	6328797	6327883	1925	6327834	-962	963	49
chr12	57745350	57747331	57746638	1981	57746340	-990	991	298
chr12	56342696	56346344	56343418	3648	56344520	-1824	1824	-1102
chr12	120461457	120464402	120462080	2945	120462929	-1472	1473	-849
chr12	56342696	56346344	56343835	3648	56344520	-1824	1824	-685
chr12	112021998	112023375	112022230	1377	112022686	-688	689	-456
chr12	112148897	112152451	112151892	3554	112150674	-1777	1777	1218
chr12	124908910	124915502	124913399	6592	124912206	-3296	3296	1193
chr12	50130410	50137469	50130587	7059	50133939	-3529	3530	-3352
chr12	132617879	132624092	132620309	6213	132620985	-3106	3107	-676
chr12	124908910	124915502	124912639	6592	124912206	-3296	3296	433
chr12	49553737	49556186	49555795	2449	49554961	-1224	1225	834
chr12	56120388	56122689	56121311	2301	56121538	-1150	1151	-227
chr12	56314440	56316472	56314920	2032	56315456	-1016	1016	-536
chr12	55900722	55903559	55901699	2837	55902140	-1418	1419	-441
chr12	56317368	56321971	56319927	4603	56319669	-2301	2302	258
chr12	6939900	6943679	6940944	3779	6941789	-1889	1890	-845
chr12	2858256	2861607	2859068	3351	2859931	-1675	1676	-863
chr12	6939900	6943679	6940931	3779	6941789	-1889	1890	-858
chr12	6939900	6943679	6941383	3779	6941789	-1889	1890	-406
chr12	6939900	6943679	6941750	3779	6941789	-1889	1890	-39
chr12	53190887	53194619	53193762	3732	53192753	-1866	1866	1009
chr12	55723690	55725009	55724479	1319	55724349	-659	660	130
chr12	56155108	56159297	56155696	4189	56157202	-2094	2095	-1506
chr12	6943962	6944845	6944583	883	6944403	-441	442	180
chr12	14773939	14775891	14775263	1952	14774915	-976	976	348
chr12	50094725	50099260	50098783	4535	50096992	-2267	2268	1791
chr12	55726829	55729610	55727307	2781	55728219	-1390	1391	-912
chr12	56234018	56238448	56235240	4430	56236233	-2215	2215	-993
chr12	54281748	54284447	54284269	2699	54283097	-1349	1350	1172
chr12	56097722	56102514	56101531	4792	56100118	-2396	2396	1413
chr12	49272639	49273885	49272944	1246	49273262	-623	623	-318
chr12	56155108	56159297	56158491	4189	56157202	-2094	2095	1289
chr12	56314440	56316472	56315142	2032	56315456	-1016	1016	-314
chr12	2937137	2938360	2937640	1223	2937748	-611	612	-108
chr12	6939900	6943679	6941407	3779	6941789	-1889	1890	-382
chr12	56342696	56346344	56343454	3648	56344520	-1824	1824	-1066
chr12	49272639	49273885	49272990	1246	49273262	-623	623	-272
chr12	108522872	108525222	108524400	2350	108524047	-1175	1175	353
chr12	121000610	121002694	121001247	2084	121001652	-1042	1042	-405
chr12	132617879	132624092	132620264	6213	132620985	-3106	3107	-721
chr12	53065405	53067890	53065931	2485	53066647	-1242	1243	-716
chr12	56227839	56232891	56231335	5052	56230365	-2526	2526	970
chr12	55723690	55725009	55724419	1319	55724349	-659	660	70
chr12	52169964	52174040	52171403	4076	52172002	-2038	2038	-599
chr12	6943962	6944845	6944760	883	6944403	-441	442	357
chr12	56001962	56008616	56004786	6654	56005289	-3327	3327	-503
chr12	113386096	113392622	113388533	6526	113389359	-3263	3263	-826
chr12	56120388	56122689	56120715	2301	56121538	-1150	1151	-823
chr12	56338591	56341911	56339763	3320	56340251	-1660	1660	-488
chr12	112148897	112152451	112149751	3554	112150674	-1777	1777	-923
chr12	132617879	132624092	132619713	6213	132620985	-3106	3107	-1272
chr12	124908910	124915502	124911923	6592	124912206	-3296	3296	-283
chr12	132077125	132078768	132077664	1643	132077946	-821	822	-282
chr12	118032907	118034806	118033897	1899	118033856	-949	950	41
chr12	49272639	49273885	49273144	1246	49273262	-623	623	-118
chr12	56097722	56102514	56099979	4792	56100118	-2396	2396	-139
chr12	56155108	56159297	56157858	4189	56157202	-2094	2095	656
chr12	56314440	56316472	56315142	2032	56315456	-1016	1016	-314
chr12	56338591	56341911	56339190	3320	56340251	-1660	1660	-1061
chr12	56599343	56606181	56600089	6838	56602762	-3419	3419	-2673
chr12	110347512	110350104	110350006	2592	110348808	-1296	1296	1198
chr12	120458553	120461086	120459958	2533	120459819	-1266	1267	139
chr12	124908910	124915502	124912690	6592	124912206	-3296	3296	484
chr12	131942790	131950517	131943719	7727	131946653	-3863	3864	-2934
chr12	47779066	47783305	47779119	4239	47781185	-2119	2120	-2066
chr12	56317368	56321971	56319111	4603	56319669	-2301	2302	-558
chr12	113156995	113159177	113158760	2182	113158086	-1091	1091	674
chr12	52169964	52174040	52172287	4076	52172002	-2038	2038	285
chr12	52896547	52900449	52898884	3902	52898498	-1951	1951	386
chr12	47783949	47787095	47785694	3146	47785522	-1573	1573	172
chr12	49016771	49019074	49018715	2303	49017922	-1151	1152	793
chr12	132617879	132624092	132621702	6213	132620985	-3106	3107	717
chr12	56097722	56102514	56102145	4792	56100118	-2396	2396	2027
chr12	132617879	132624092	132621313	6213	132620985	-3106	3107	328
chr12	124908910	124915502	124912517	6592	124912206	-3296	3296	311
chr12	56001962	56008616	56004652	6654	56005289	-3327	3327	-637
chr12	53709496	53714776	53711934	5280	53712136	-2640	2640	-202
chr12	53187066	53189132	53187748	2066	53188099	-1033	1033	-351
chr12	53190887	53194619	53193333	3732	53192753	-1866	1866	580
chr12	53479728	53483476	53482004	3748	53481602	-1874	1874	402
chr12	57821598	57826707	57823614	5109	57824152	-2554	2555	-538
chr12	3039555	3043906	3040511	4351	3041730	-2175	2176	-1219
chr12	124908910	124915502	124911850	6592	124912206	-3296	3296	-356
chr12	57763599	57767444	57765422	3845	57765521	-1922	1923	-99
chr12	56317368	56321971	56319374	4603	56319669	-2301	2302	-295
chr12	56001962	56008616	56005141	6654	56005289	-3327	3327	-148
chr12	56314440	56316472	56316088	2032	56315456	-1016	1016	632
chr12	112021998	112023375	112022406	1377	112022686	-688	689	-280
chr12	56097722	56102514	56101808	4792	56100118	-2396	2396	1690
chr12	56354056	56358231	56356569	4175	56356143	-2087	2088	426
chr12	120578605	120581408	120581154	2803	120580006	-1401	1402	1148
chr12	47965279	47967555	47966685	2276	47966417	-1138	1138	268
chr12	124908910	124915502	124913404	6592	124912206	-3296	3296	1198
chr12	2858256	2861607	2859377	3351	2859931	-1675	1676	-554
chr12	132617879	132624092	132621719	6213	132620985	-3106	3107	734
chr12	56338591	56341911	56340175	3320	56340251	-1660	1660	-76
chr12	111643297	111647483	111644090	4186	111645390	-2093	2093	-1300
chr12	121231585	121235306	121232448	3721	121233445	-1860	1861	-997
chr12	53479728	53483476	53483190	3748	53481602	-1874	1874	1588
chr12	57516638	57517655	57517024	1017	57517146	-508	509	-122
chr12	56001962	56008616	56003766	6654	56005289	-3327	3327	-1523
chr12	6326872	6328797	6327312	1925	6327834	-962	963	-522
chr12	57598924	57603426	57600401	4502	57601175	-2251	2251	-774
chr12	6537804	6539496	6538176	1692	6538650	-846	846	-474
chr12	53972367	53976330	53975278	3963	53974348	-1981	1982	930
chr12	132703125	132707151	132704884	4026	132705138	-2013	2013	-254
chr12	52896547	52900449	52898830	3902	52898498	-1951	1951	332
chr12	124324507	124326810	124324783	2303	124325658	-1151	1152	-875
chr13	113324572	113327913	113326024	3341	113326242	-1670	1671	-218
chr13	21146752	21148289	21147405	1537	21147520	-768	769	-115
chr13	51771332	51773316	51771395	1984	51772324	-992	992	-929
chr13	52030593	52033024	52031007	2431	52031808	-1215	1216	-801
chr13	44434137	44435047	44434184	910	44434592	-455	455	-408
chr13	52030593	52033024	52032850	2431	52031808	-1215	1216	1042
chr13	113324572	113327913	113326000	3341	113326242	-1670	1671	-242
chr13	21146752	21148289	21147607	1537	21147520	-768	769	87
chr13	52030593	52033024	52030806	2431	52031808	-1215	1216	-1002
chr14	22772576	22775111	22774023	2535	22773843	-1267	1268	180
chr14	39030787	39032798	39032682	2011	39031792	-1005	1006	890
chr14	24439351	24443282	24442069	3931	24441316	-1965	1966	753
chr14	24439351	24443282	24442815	3931	24441316	-1965	1966	1499
chr14	72970323	72972463	72971051	2140	72971393	-1070	1070	-342
chr14	73717420	73722089	73717580	4669	73719754	-2334	2335	-2174
chr14	93181158	93186174	93183317	5016	93183666	-2508	2508	-349
chr14	105173723	105177738	105176748	4015	105175730	-2007	2008	1018
chr14	20455593	20458059	20457511	2466	20456826	-1233	1233	685
chr14	21085377	21087584	21087075	2207	21086480	-1103	1104	595
chr14	93181158	93186174	93183248	5016	93183666	-2508	2508	-418
chr14	69770320	69771886	69771428	1566	69771103	-783	783	325
chr14	21090213	21095907	21091458	5694	21093060	-2847	2847	-1602
chr14	21210691	21212500	21211915	1809	21211595	-904	905	320
chr14	104767164	104770642	104770340	3478	104768903	-1739	1739	1437
chr14	21502342	21504253	21503079	1911	21503297	-955	956	-218
chr14	75134264	75135904	75134775	1640	75135084	-820	820	-309
chr14	22840676	22847590	22845318	6914	22844133	-3457	3457	1185
chr14	24212069	24214183	24214134	2114	24213126	-1057	1057	1008
chr14	103503301	103511016	103503416	7715	103507158	-3857	3858	-3742
chr14	75134264	75135904	75134866	1640	75135084	-820	820	-218
chr14	73711891	73715294	73713038	3403	73713592	-1701	1702	-554
chr14	22840676	22847590	22845320	6914	22844133	-3457	3457	1187
chr14	20455593	20458059	20455930	2466	20456826	-1233	1233	-896
chr14	21090213	21095907	21091449	5694	21093060	-2847	2847	-1611
chr14	75276674	75281886	75278873	5212	75279280	-2606	2606	-407
chr14	20455593	20458059	20457104	2466	20456826	-1233	1233	278
chr14	90405678	90407600	90406167	1922	90406639	-961	961	-472
chr14	24439351	24443282	24440201	3931	24441316	-1965	1966	-1115
chr14	102926806	102933566	102928853	6760	102930186	-3380	3380	-1333
chr14	39177852	39179957	39179462	2105	39178904	-1052	1053	558
chr14	24439351	24443282	24442207	3931	24441316	-1965	1966	891
chr14	20455593	20458059	20455659	2466	20456826	-1233	1233	-1167
chr14	21090213	21095907	21092376	5694	21093060	-2847	2847	-684
chr14	24188111	24191629	24189429	3518	24189870	-1759	1759	-441
chr14	75276674	75281886	75278993	5212	75279280	-2606	2606	-287
chr14	23358681	23361706	23360034	3025	23360193	-1512	1513	-159
chr14	24439351	24443282	24439913	3931	24441316	-1965	1966	-1403
chr14	69765765	69769422	69769210	3657	69767593	-1828	1829	1617
chr14	21090213	21095907	21092389	5694	21093060	-2847	2847	-671
chr14	74905060	74910833	74907065	5773	74907946	-2886	2887	-881
chr14	93181158	93186174	93183121	5016	93183666	-2508	2508	-545
chr14	93181158	93186174	93183843	5016	93183666	-2508	2508	177
chr14	24136319	24139271	24139197	2952	24137795	-1476	1476	1402
chr14	24136319	24139271	24138769	2952	24137795	-1476	1476	974
chr14	24290517	24292787	24290916	2270	24291652	-1135	1135	-736
chr14	75134264	75135904	75134956	1640	75135084	-820	820	-128
chr14	24439351	24443282	24440523	3931	24441316	-1965	1966	-793
chr14	22775910	22778916	22776273	3006	22777413	-1503	1503	-1140
chr14	23358681	23361706	23358878	3025	23360193	-1512	1513	-1315
chr14	24290517	24292787	24292646	2270	24291652	-1135	1135	994
chr14	77022122	77028914	77026664	6792	77025518	-3396	3396	1146
chr14	24188111	24191629	24190646	3518	24189870	-1759	1759	776
chr14	49784615	49786084	49784628	1469	49785349	-734	735	-721
chr14	93181158	93186174	93184242	5016	93183666	-2508	2508	576
chr14	20455593	20458059	20457416	2466	20456826	-1233	1233	590
chr14	24236399	24239111	24238362	2712	24237755	-1356	1356	607
chr14	93181158	93186174	93183171	5016	93183666	-2508	2508	-495
chr14	68786165	68788502	68787676	2337	68787333	-1168	1169	343
chr14	103518305	103523222	103522353	4917	103520763	-2458	2459	1590
chr14	75276674	75281886	75280594	5212	75279280	-2606	2606	1314
chr14	90263485	90267321	90265141	3836	90265403	-1918	1918	-262
chr14	24307134	24312575	24311608	5441	24309854	-2720	2721	1754
chr14	24191760	24193111	24191812	1351	24192435	-675	676	-623
chr14	75276674	75281886	75281622	5212	75279280	-2606	2606	2342
chr14	93181158	93186174	93183708	5016	93183666	-2508	2508	42
chr14	73272219	73274038	73272914	1819	73273128	-909	910	-214
chr14	24236399	24239111	24237068	2712	24237755	-1356	1356	-687
chr14	21210691	21212500	21211342	1809	21211595	-904	905	-253
chr14	60972199	60973142	60972270	943	60972670	-471	472	-400
chr14	75276674	75281886	75280062	5212	75279280	-2606	2606	782
chr14	93181158	93186174	93183837	5016	93183666	-2508	2508	171
chr14	93181158	93186174	93184224	5016	93183666	-2508	2508	558
chr14	68786165	68788502	68787876	2337	68787333	-1168	1169	543
chr14	75276674	75281886	75281370	5212	75279280	-2606	2606	2090
chr14	24439351	24443282	24441019	3931	24441316	-1965	1966	-297
chr14	34514366	34520017	34516522	5651	34517191	-2825	2826	-669
chr14	22772576	22775111	22774389	2535	22773843	-1267	1268	546
chr14	77022122	77028914	77026385	6792	77025518	-3396	3396	867
chr14	102926806	102933566	102929505	6760	102930186	-3380	3380	-681
chr15	74628952	74631529	74629776	2577	74630240	-1288	1289	-464
chr15	43527364	43530964	43527970	3600	43529164	-1800	1800	-1194
chr15	43527364	43530964	43528177	3600	43529164	-1800	1800	-987
chr15	66778972	66784905	66781987	5933	66781938	-2966	2967	49
chr15	90888521	90894285	90893409	5764	90891403	-2882	2882	2006
chr15	90951225	90954353	90952950	3128	90952789	-1564	1564	161
chr15	90888521	90894285	90893767	5764	90891403	-2882	2882	2364
chr15	75371185	75374734	75371878	3549	75372959	-1774	1775	-1081
chr15	90888521	90894285	90893146	5764	90891403	-2882	2882	1743
chr15	74632540	74634438	74632831	1898	74633489	-949	949	-658
chr15	74835391	74839136	74837201	3745	74837263	-1872	1873	-62
chr15	75354890	75356998	75356843	2108	75355944	-1054	1054	899
chr15	90888521	90894285	90893784	5764	90891403	-2882	2882	2381
chr15	90951225	90954353	90953239	3128	90952789	-1564	1564	450
chr15	40329964	40332652	40331711	2688	40331308	-1344	1344	403
chr15	72195606	72201234	72199735	5628	72198420	-2814	2814	1315
chr15	90877071	90880513	90880209	3442	90878792	-1721	1721	1417
chr15	65326130	65330182	65329561	4052	65328156	-2026	2026	1405
chr15	89319724	89322636	89321174	2912	89321180	-1456	1456	-6
chr15	65326130	65330182	65329058	4052	65328156	-2026	2026	902
chr15	90227539	90231216	90228002	3677	90229377	-1838	1839	-1375
chr15	81000190	81003342	81003239	3152	81001766	-1576	1576	1473
chr15	74835391	74839136	74838690	3745	74837263	-1872	1873	1427
chr15	65326130	65330182	65328463	4052	65328156	-2026	2026	307
chr15	39587421	39591945	39591255	4524	39589683	-2262	2262	1572
chr15	42408729	42412566	42412220	3837	42410647	-1918	1919	1573
chr15	65326130	65330182	65329443	4052	65328156	-2026	2026	1287
chr15	64153289	64158974	64156900	5685	64156131	-2842	2843	769
chr15	65326130	65330182	65329564	4052	65328156	-2026	2026	1408
chr15	39587421	39591945	39589905	4524	39589683	-2262	2262	222
chr15	40766125	40771496	40768027	5371	40768810	-2685	2686	-783
chr15	40766125	40771496	40768036	5371	40768810	-2685	2686	-774
chr15	90877071	90880513	90880169	3442	90878792	-1721	1721	1377
chr15	43399874	43403076	43401746	3202	43401475	-1601	1601	271
chr15	75354890	75356998	75356828	2108	75355944	-1054	1054	884
chr15	90641285	90643891	90642024	2606	90642588	-1303	1303	-564
chr15	40465508	40469738	40466021	4230	40467623	-2115	2115	-1602
chr15	42140193	42143679	42141891	3486	42141936	-1743	1743	-45
chr15	43527364	43530964	43529736	3600	43529164	-1800	1800	572
chr15	74835391	74839136	74838718	3745	74837263	-1872	1873	1455
chr15	90083451	90085471	90084174	2020	90084461	-1010	1010	-287
chr15	90958766	90962964	90961747	4198	90960865	-2099	2099	882
chr15	64149074	64152651	64152626	3577	64150862	-1788	1789	1764
chr15	40851014	40858545	40855959	7531	40854779	-3765	3766	1180
chr15	43527364	43530964	43528293	3600	43529164	-1800	1800	-871
chr15	42408729	42412566	42411324	3837	42410647	-1918	1919	677
chr15	39587421	39591945	39591567	4524	39589683	-2262	2262	1884
chr15	75354890	75356998	75354979	2108	75355944	-1054	1054	-965
chr15	90888521	90894285	90893657	5764	90891403	-2882	2882	2254
chr15	90888521	90894285	90893810	5764	90891403	-2882	2882	2407
chr15	70047849	70052287	70049928	4438	70050068	-2219	2219	-140
chr15	64153289	64158974	64156430	5685	64156131	-2842	2843	299
chr15	74835391	74839136	74838336	3745	74837263	-1872	1873	1073
chr15	90951225	90954353	90953170	3128	90952789	-1564	1564	381
chr15	40851014	40858545	40857000	7531	40854779	-3765	3766	2221
chr15	43527364	43530964	43529308	3600	43529164	-1800	1800	144
chr15	90888521	90894285	90892741	5764	90891403	-2882	2882	1338
chr15	63594448	63598402	63597452	3954	63596425	-1977	1977	1027
chr15	66778972	66784905	66781069	5933	66781938	-2966	2967	-869
chr15	40465508	40469738	40466347	4230	40467623	-2115	2115	-1276
chr15	64153289	64158974	64156859	5685	64156131	-2842	2843	728
chr15	65382601	65388862	65384368	6261	65385731	-3130	3131	-1363
chr15	43527364	43530964	43528442	3600	43529164	-1800	1800	-722
chr15	74835391	74839136	74838723	3745	74837263	-1872	1873	1460
chr15	74835391	74839136	74838176	3745	74837263	-1872	1873	913
chr16	58663623	58669481	58667286	5858	58666552	-2929	2929	734
chr16	1959125	1966168	1961612	7043	1962646	-3521	3522	-1034
chr16	69936157	69940225	69940170	4068	69938191	-2034	2034	1979
chr16	28497674	28503397	28497990	5723	28500535	-2861	2862	-2545
chr16	70478421	70483634	70479756	5213	70481027	-2606	2607	-1271
chr16	30381003	30383713	30381464	2710	30382358	-1355	1355	-894
chr16	28497674	28503397	28498525	5723	28500535	-2861	2862	-2010
chr16	31487340	31490193	31488290	2853	31488766	-1426	1427	-476
chr16	30182803	30190232	30186437	7429	30186517	-3714	3715	-80
chr16	1697559	1699736	1699023	2177	1698647	-1088	1089	376
chr16	57469630	57476418	57470991	6788	57473024	-3394	3394	-2033
chr16	1361273	1364144	1362657	2871	1362708	-1435	1436	-51
chr16	89738113	89741017	89740290	2904	89739565	-1452	1452	725
chr16	30761511	30763962	30761604	2451	30762736	-1225	1226	-1132
chr16	31487340	31490193	31489217	2853	31488766	-1426	1427	451
chr16	28832080	28838312	28835097	6232	28835196	-3116	3116	-99
chr16	68353010	68360872	68358590	7862	68356941	-3931	3931	1649
chr16	28984813	28992064	28985418	7251	28988438	-3625	3626	-3020
chr16	24822664	24823982	24823887	1318	24823323	-659	659	564
chr16	646228	650683	647983	4455	648455	-2227	2228	-472
chr16	18788032	18791633	18788988	3601	18789832	-1800	1801	-844
chr16	284032	287503	285568	3471	285767	-1735	1736	-199
chr16	628162	632343	631257	4181	630252	-2090	2091	1005
chr16	646228	650683	648297	4455	648455	-2227	2228	-158
chr16	1434288	1438866	1436792	4578	1436577	-2289	2289	215
chr16	31036732	31043319	31039808	6587	31040025	-3293	3294	-217
chr16	31487340	31490193	31488855	2853	31488766	-1426	1427	89
chr16	69936157	69940225	69939114	4068	69938191	-2034	2034	923
chr16	1442531	1449768	1443973	7237	1446149	-3618	3619	-2176
chr16	31492858	31495892	31493182	3034	31494375	-1517	1517	-1193
chr16	173302	177107	173496	3805	175204	-1902	1903	-1708
chr16	30068401	30074981	30069641	6580	30071691	-3290	3290	-2050
chr16	30358036	30360133	30359619	2097	30359084	-1048	1049	535
chr16	31465835	31468841	31466041	3006	31467338	-1503	1503	-1297
chr16	70684326	70688707	70688195	4381	70686516	-2190	2191	1679
chr16	30761511	30763962	30763164	2451	30762736	-1225	1226	428
chr16	58515032	58518254	58516653	3222	58516643	-1611	1611	10
chr16	8643392	8649003	8646337	5611	8646197	-2805	2806	140
chr16	57752812	57758263	57755212	5451	57755537	-2725	2726	-325
chr16	30523214	30530505	30524568	7291	30526859	-3645	3646	-2291
chr16	28984813	28992064	28986164	7251	28988438	-3625	3626	-2274
chr16	85090403	85096139	85093407	5736	85093271	-2868	2868	136
chr16	89562010	89564667	89562346	2657	89563338	-1328	1329	-992
chr16	284032	287503	286659	3471	285767	-1735	1736	892
chr16	28872810	28875732	28873728	2922	28874271	-1461	1461	-543
chr16	31465835	31468841	31466607	3006	31467338	-1503	1503	-731
chr16	31487340	31490193	31487681	2853	31488766	-1426	1427	-1085
chr16	29804322	29808524	29807666	4202	29806423	-2101	2101	1243
chr16	28838528	28846122	28844257	7594	28842325	-3797	3797	1932
chr16	2768472	2772733	2770354	4261	2770602	-2130	2131	-248
chr16	57469630	57476418	57473356	6788	57473024	-3394	3394	332
chr16	2966010	2972404	2971110	6394	2969207	-3197	3197	1903
chr16	70478421	70483634	70482749	5213	70481027	-2606	2607	1722
chr16	30381003	30383713	30381118	2710	30382358	-1355	1355	-1240
chr16	4688036	4694986	4689252	6950	4691511	-3475	3475	-2259
chr16	30381003	30383713	30381025	2710	30382358	-1355	1355	-1333
chr16	30753550	30760117	30759682	6567	30756833	-3283	3284	2849
chr16	27226660	27232027	27226741	5367	27229343	-2683	2684	-2602
chr16	30358036	30360133	30358445	2097	30359084	-1048	1049	-639
chr16	89738113	89741017	89739940	2904	89739565	-1452	1452	375
chr16	89738113	89741017	89740290	2904	89739565	-1452	1452	725
chr16	28904484	28907031	28905507	2547	28905757	-1273	1274	-250
chr16	31190636	31194669	31191099	4033	31192652	-2016	2017	-1553
chr16	8643392	8649003	8646324	5611	8646197	-2805	2806	127
chr16	67149143	67156537	67149740	7394	67152840	-3697	3697	-3100
chr16	89738113	89741017	89739976	2904	89739565	-1452	1452	411
chr16	31036732	31043319	31039644	6587	31040025	-3293	3294	-381
chr16	1980953	1988494	1986125	7541	1984723	-3770	3771	1402
chr16	31199384	31201918	31201740	2534	31200651	-1267	1267	1089
chr16	30523214	30530505	30524845	7291	30526859	-3645	3646	-2014
chr16	29808851	29810382	29810205	1531	29809616	-765	766	589
chr16	1978930	1980663	1979830	1733	1979796	-866	867	34
chr16	67636170	67638382	67637747	2212	67637276	-1106	1106	471
chr16	89870559	89874430	89873587	3871	89872494	-1935	1936	1093
chr16	1361273	1364144	1362631	2871	1362708	-1435	1436	-77
chr16	30381003	30383713	30381067	2710	30382358	-1355	1355	-1291
chr16	30358036	30360133	30359071	2097	30359084	-1048	1049	-13
chr16	67724640	67726891	67726099	2251	67725765	-1125	1126	334
chr16	30753550	30760117	30759044	6567	30756833	-3283	3284	2211
chr16	57469630	57476418	57474001	6788	57473024	-3394	3394	977
chr16	30068401	30074981	30069855	6580	30071691	-3290	3290	-1836
chr16	28832080	28838312	28836271	6232	28835196	-3116	3116	1075
chr16	4510154	4515089	4512820	4935	4512621	-2467	2468	199
chr16	30652605	30657065	30652987	4460	30654835	-2230	2230	-1848
chr16	69936157	69940225	69939886	4068	69938191	-2034	2034	1695
chr16	30753550	30760117	30757481	6567	30756833	-3283	3284	648
chr16	3055091	3060102	3057151	5011	3057596	-2505	2506	-445
chr16	2711770	2716397	2712621	4627	2714083	-2313	2314	-1462
chr16	2711770	2716397	2712725	4627	2714083	-2313	2314	-1358
chr16	30068401	30074981	30070083	6580	30071691	-3290	3290	-1608
chr16	30780760	30782163	30781855	1403	30781461	-701	702	394
chr16	30552109	30557344	30555676	5235	30554726	-2617	2618	950
chr16	4880899	4887501	4883761	6602	4884200	-3301	3301	-439
chr16	284032	287503	285197	3471	285767	-1735	1736	-570
chr16	29808851	29810382	29809558	1531	29809616	-765	766	-58
chr16	67149143	67156537	67149496	7394	67152840	-3697	3697	-3344
chr16	28838528	28846122	28842979	7594	28842325	-3797	3797	654
chr16	4688036	4694986	4693810	6950	4691511	-3475	3475	2299
chr16	2039835	2043287	2040175	3452	2041561	-1726	1726	-1386
chr16	4880899	4887501	4885678	6602	4884200	-3301	3301	1478
chr16	30602880	30605973	30604985	3093	30604426	-1546	1547	559
chr16	30602880	30605973	30604616	3093	30604426	-1546	1547	190
chr16	4510154	4515089	4513800	4935	4512621	-2467	2468	1179
chr16	30780760	30782163	30782016	1403	30781461	-701	702	555
chr16	30663823	30669859	30667592	6036	30666841	-3018	3018	751
chr16	75109654	75113268	75112648	3614	75111461	-1807	1807	1187
chr16	89738113	89741017	89738816	2904	89739565	-1452	1452	-749
chr16	29808851	29810382	29810104	1531	29809616	-765	766	488
chr16	646228	650683	648415	4455	648455	-2227	2228	-40
chr16	30068401	30074981	30070275	6580	30071691	-3290	3290	-1416
chr16	30652605	30657065	30654869	4460	30654835	-2230	2230	34
chr16	89870559	89874430	89873810	3871	89872494	-1935	1936	1316
chr16	2711770	2716397	2713622	4627	2714083	-2313	2314	-461
chr16	67269788	67271831	67270746	2043	67270809	-1021	1022	-63
chr16	30068401	30074981	30068838	6580	30071691	-3290	3290	-2853
chr16	628162	632343	630025	4181	630252	-2090	2091	-227
chr16	628162	632343	630232	4181	630252	-2090	2091	-20
chr16	28872810	28875732	28873450	2922	28874271	-1461	1461	-821
chr16	30523214	30530505	30525981	7291	30526859	-3645	3646	-878
chr16	30068401	30074981	30068649	6580	30071691	-3290	3290	-3042
chr16	30978687	30981767	30981139	3080	30980227	-1540	1540	912
chr16	31190636	31194669	31190776	4033	31192652	-2016	2017	-1876
chr16	67149143	67156537	67149830	7394	67152840	-3697	3697	-3010
chr16	29992230	29994098	29993707	1868	29993164	-934	934	543
chr16	31036732	31043319	31039755	6587	31040025	-3293	3294	-270
chr16	29992230	29994098	29993707	1868	29993164	-934	934	543
chr16	646228	650683	648368	4455	648455	-2227	2228	-87
chr16	4880899	4887501	4881820	6602	4884200	-3301	3301	-2380
chr16	4880899	4887501	4884663	6602	4884200	-3301	3301	463
chr16	11674976	11677664	11677355	2688	11676320	-1344	1344	1035
chr16	14664812	14669103	14667720	4291	14666957	-2145	2146	763
chr16	28497674	28503397	28497832	5723	28500535	-2861	2862	-2703
chr16	67829359	67834774	67831243	5415	67832066	-2707	2708	-823
chr16	89870559	89874430	89873641	3871	89872494	-1935	1936	1147
chr16	363010	370814	370169	7804	366912	-3902	3902	3257
chr16	67829359	67834774	67830575	5415	67832066	-2707	2708	-1491
chr16	1959125	1966168	1962928	7043	1962646	-3521	3522	282
chr16	30984658	30987058	30985565	2400	30985858	-1200	1200	-293
chr16	628162	632343	630205	4181	630252	-2090	2091	-47
chr16	633191	638855	634903	5664	636023	-2832	2832	-1120
chr16	10531814	10534170	10531827	2356	10532992	-1178	1178	-1165
chr16	28497674	28503397	28497841	5723	28500535	-2861	2862	-2694
chr16	28497674	28503397	28498334	5723	28500535	-2861	2862	-2201
chr16	4695248	4701454	4699361	6206	4698351	-3103	3103	1010
chr16	8643392	8649003	8646269	5611	8646197	-2805	2806	72
chr16	1361273	1364144	1362249	2871	1362708	-1435	1436	-459
chr16	67925197	67932425	67930999	7228	67928811	-3614	3614	2188
chr16	89159009	89163550	89160402	4541	89161279	-2270	2271	-877
chr16	3676417	3680359	3679753	3942	3678388	-1971	1971	1365
chr16	30602880	30605973	30604258	3093	30604426	-1546	1547	-168
chr16	66931184	66933469	66932211	2285	66932326	-1142	1143	-115
chr16	30652605	30657065	30656280	4460	30654835	-2230	2230	1445
chr16	1978930	1980663	1979884	1733	1979796	-866	867	88
chr16	28872810	28875732	28873650	2922	28874271	-1461	1461	-621
chr16	30602880	30605973	30604854	3093	30604426	-1546	1547	428
chr16	173302	177107	173550	3805	175204	-1902	1903	-1654
chr16	30957778	30959774	30958800	1996	30958776	-998	998	24
chr16	11674976	11677664	11676185	2688	11676320	-1344	1344	-135
chr16	1959125	1966168	1959718	7043	1962646	-3521	3522	-2928
chr16	633191	638855	635285	5664	636023	-2832	2832	-738
chr16	67434381	67440550	67438864	6169	67437465	-3084	3085	1399
chr16	2966010	2972404	2971842	6394	2969207	-3197	3197	2635
chr16	1434288	1438866	1434492	4578	1436577	-2289	2289	-2085
chr16	1434288	1438866	1436458	4578	1436577	-2289	2289	-119
chr16	1503827	1509634	1507646	5807	1506730	-2903	2904	916
chr16	3055091	3060102	3058208	5011	3057596	-2505	2506	612
chr16	10760540	10767729	10761524	7189	10764134	-3594	3595	-2610
chr16	28832080	28838312	28835600	6232	28835196	-3116	3116	404
chr16	28838528	28846122	28843085	7594	28842325	-3797	3797	760
chr16	28838528	28846122	28845916	7594	28842325	-3797	3797	3591
chr16	67636170	67638382	67637959	2212	67637276	-1106	1106	683
chr16	70684326	70688707	70688228	4381	70686516	-2190	2191	1712
chr16	89738113	89741017	89738841	2904	89739565	-1452	1452	-724
chr16	30381003	30383713	30381791	2710	30382358	-1355	1355	-567
chr16	2852487	2856076	2853882	3589	2854281	-1794	1795	-399
chr16	4688036	4694986	4694362	6950	4691511	-3475	3475	2851
chr16	30652605	30657065	30656391	4460	30654835	-2230	2230	1556
chr16	31487340	31490193	31487460	2853	31488766	-1426	1427	-1306
chr16	27226660	27232027	27226818	5367	27229343	-2683	2684	-2525
chr16	1503827	1509634	1507315	5807	1506730	-2903	2904	585
chr16	27459712	27466096	27462315	6384	27462904	-3192	3192	-589
chr16	28838528	28846122	28844093	7594	28842325	-3797	3797	1768
chr16	57511744	57515599	57512866	3855	57513671	-1927	1928	-805
chr16	1361273	1364144	1362860	2871	1362708	-1435	1436	152
chr16	30068401	30074981	30069529	6580	30071691	-3290	3290	-2162
chr16	30358036	30360133	30358121	2097	30359084	-1048	1049	-963
chr16	29804322	29808524	29805162	4202	29806423	-2101	2101	-1261
chr16	363010	370814	368609	7804	366912	-3902	3902	1697
chr16	30552109	30557344	30555784	5235	30554726	-2617	2618	1058
chr16	30652605	30657065	30656276	4460	30654835	-2230	2230	1441
chr16	1959125	1966168	1962155	7043	1962646	-3521	3522	-491
chr16	11674976	11677664	11676080	2688	11676320	-1344	1344	-240
chr16	30350971	30354406	30353225	3435	30352688	-1717	1718	537
chr16	89738113	89741017	89739800	2904	89739565	-1452	1452	235
chr16	1442531	1449768	1447551	7237	1446149	-3618	3619	1402
chr16	68353010	68360872	68355802	7862	68356941	-3931	3931	-1139
chr16	30602880	30605973	30604110	3093	30604426	-1546	1547	-316
chr16	30182803	30190232	30186831	7429	30186517	-3714	3715	314
chr16	4688036	4694986	4694070	6950	4691511	-3475	3475	2559
chr16	30602880	30605973	30604817	3093	30604426	-1546	1547	391
chr16	30602880	30605973	30604915	3093	30604426	-1546	1547	489
chr16	30182803	30190232	30188111	7429	30186517	-3714	3715	1594
chr16	57469630	57476418	57469971	6788	57473024	-3394	3394	-3053
chr16	67149143	67156537	67149602	7394	67152840	-3697	3697	-3238
chr16	29804322	29808524	29807849	4202	29806423	-2101	2101	1426
chr16	30602880	30605973	30604526	3093	30604426	-1546	1547	100
chr16	67829359	67834774	67829964	5415	67832066	-2707	2708	-2102
chr16	1959125	1966168	1964291	7043	1962646	-3521	3522	1645
chr16	4880899	4887501	4885559	6602	4884200	-3301	3301	1359
chr16	30602880	30605973	30604702	3093	30604426	-1546	1547	276
chr16	28872810	28875732	28873529	2922	28874271	-1461	1461	-742
chr16	85669771	85672580	85672541	2809	85671175	-1404	1405	1366
chr16	28899255	28904080	28902021	4825	28901667	-2412	2413	354
chr16	28497674	28503397	28499731	5723	28500535	-2861	2862	-804
chr16	30068401	30074981	30068917	6580	30071691	-3290	3290	-2774
chr16	3117271	3122301	3120062	5030	3119786	-2515	2515	276
chr16	30523214	30530505	30525863	7291	30526859	-3645	3646	-996
chr16	28838528	28846122	28844425	7594	28842325	-3797	3797	2100
chr16	28832080	28838312	28836493	6232	28835196	-3116	3116	1297
chr16	66931184	66933469	66932105	2285	66932326	-1142	1143	-221
chr16	28832080	28838312	28834606	6232	28835196	-3116	3116	-590
chr16	31130049	31132230	31130468	2181	31131139	-1090	1091	-671
chr16	4880899	4887501	4881982	6602	4884200	-3301	3301	-2218
chr16	67925197	67932425	67930044	7228	67928811	-3614	3614	1233
chr16	30602880	30605973	30605123	3093	30604426	-1546	1547	697
chr16	29804322	29808524	29808242	4202	29806423	-2101	2101	1819
chr16	30652605	30657065	30656246	4460	30654835	-2230	2230	1411
chr16	4880899	4887501	4884650	6602	4884200	-3301	3301	450
chr16	28904484	28907031	28905743	2547	28905757	-1273	1274	-14
chr16	3055091	3060102	3057377	5011	3057596	-2505	2506	-219
chr16	18788032	18791633	18789106	3601	18789832	-1800	1801	-726
chr16	30066510	30068011	30067284	1501	30067260	-750	751	24
chr16	67169194	67171238	67169778	2044	67170216	-1022	1022	-438
chr16	10531814	10534170	10532232	2356	10532992	-1178	1178	-760
chr16	30523214	30530505	30525992	7291	30526859	-3645	3646	-867
chr17	7462460	7465813	7463304	3353	7464136	-1676	1677	-832
chr17	39728765	39731741	39729470	2976	39730253	-1488	1488	-783
chr17	74948948	74954705	74952334	5757	74951826	-2878	2879	508
chr17	63432647	63434814	63434530	2167	63433730	-1083	1084	800
chr17	81557511	81561769	81559267	4258	81559640	-2129	2129	-373
chr17	1006382	1009300	1007173	2918	1007841	-1459	1459	-668
chr17	74769145	74775822	74771818	6677	74772483	-3338	3339	-665
chr17	82440634	82446427	82445929	5793	82443530	-2896	2897	2399
chr17	43016359	43019133	43018055	2774	43017746	-1387	1387	309
chr17	7592390	7597141	7592763	4751	7594765	-2375	2376	-2002
chr17	42689449	42696237	42696065	6788	42692843	-3394	3394	3222
chr17	39407156	39408609	39408271	1453	39407882	-726	727	389
chr17	7307175	7315026	7313394	7851	7311100	-3925	3926	2294
chr17	8160685	8167141	8161516	6456	8163913	-3228	3228	-2397
chr17	74948948	74954705	74952035	5757	74951826	-2878	2879	209
chr17	78425315	78426764	78425367	1449	78426039	-724	725	-672
chr17	28722974	28728512	28725550	5538	28725743	-2769	2769	-193
chr17	75521122	75527354	75522251	6232	75524238	-3116	3116	-1987
chr17	43011924	43015085	43013601	3161	43013504	-1580	1581	97
chr17	75262561	75268220	75265849	5659	75265390	-2829	2830	459
chr17	7921868	7925555	7925043	3687	7923711	-1843	1844	1332
chr17	8169536	8174503	8173586	4967	8172019	-2483	2484	1567
chr17	4933605	4936631	4934468	3026	4935118	-1513	1513	-650
chr17	82440634	82446427	82444738	5793	82443530	-2896	2897	1208
chr17	38729310	38734813	38731363	5503	38732061	-2751	2752	-698
chr17	41688102	41692609	41690945	4507	41690355	-2253	2254	590
chr17	43011924	43015085	43013343	3161	43013504	-1580	1581	-161
chr17	44396683	44401321	44398827	4638	44399002	-2319	2319	-175
chr17	75846036	75851256	75848635	5220	75848646	-2610	2610	-11
chr17	7848349	7851767	7851667	3418	7850058	-1709	1709	1609
chr17	7439163	7443547	7442672	4384	7441355	-2192	2192	1317
chr17	7439163	7443547	7443053	4384	7441355	-2192	2192	1698
chr17	75127946	75132713	75128697	4767	75130329	-2383	2384	-1632
chr17	81671316	81673637	81672618	2321	81672476	-1160	1161	142
chr17	39407156	39408609	39407571	1453	39407882	-726	727	-311
chr17	1894561	1897653	1897135	3092	1896107	-1546	1546	1028
chr17	28895284	28902159	28901049	6875	28898721	-3437	3438	2328
chr17	42113414	42118920	42117982	5506	42116167	-2753	2753	1815
chr17	75262561	75268220	75266883	5659	75265390	-2829	2830	1493
chr17	79782846	79787906	79785064	5060	79785376	-2530	2530	-312
chr17	44347639	44353095	44351759	5456	44350367	-2728	2728	1392
chr17	28739932	28745368	28741140	5436	28742650	-2718	2718	-1510
chr17	7315683	7321959	7317814	6276	7318821	-3138	3138	-1007
chr17	45393965	45399231	45396013	5266	45396598	-2633	2633	-585
chr17	4933605	4936631	4934356	3026	4935118	-1513	1513	-762
chr17	12991593	12994199	12993738	2606	12992896	-1303	1303	842
chr17	43204323	43210535	43210073	6212	43207429	-3106	3106	2644
chr17	74769145	74775822	74771749	6677	74772483	-3338	3339	-734
chr17	1651291	1656542	1651547	5251	1653916	-2625	2626	-2369
chr17	7235511	7240997	7237387	5486	7238254	-2743	2743	-867
chr17	75521122	75527354	75521490	6232	75524238	-3116	3116	-2748
chr17	75819268	75823770	75822605	4502	75821519	-2251	2251	1086
chr17	45146218	45150638	45148504	4420	45148428	-2210	2210	76
chr17	4942629	4946191	4945195	3562	4944410	-1781	1781	785
chr17	76276237	76279695	76278034	3458	76277966	-1729	1729	68
chr17	42999850	43004306	43002771	4456	43002078	-2228	2228	693
chr17	45146218	45150638	45149667	4420	45148428	-2210	2210	1239
chr17	44347639	44353095	44350307	5456	44350367	-2728	2728	-60
chr17	74839910	74844526	74844472	4616	74842218	-2308	2308	2254
chr17	42701839	42703985	42703624	2146	42702912	-1073	1073	712
chr17	61404218	61406573	61405755	2355	61405395	-1177	1178	360
chr17	8160685	8167141	8160829	6456	8163913	-3228	3228	-3084
chr17	28739932	28745368	28741431	5436	28742650	-2718	2718	-1219
chr17	81118192	81121593	81120715	3401	81119892	-1700	1701	823
chr17	42556892	42564020	42563156	7128	42560456	-3564	3564	2700
chr17	4163770	4166110	4165026	2340	4164940	-1170	1170	86
chr17	7345264	7349743	7348354	4479	7347503	-2239	2240	851
chr17	7587796	7591079	7589767	3283	7589437	-1641	1642	330
chr17	36598665	36602832	36602087	4167	36600748	-2083	2084	1339
chr17	59105272	59106824	59106681	1552	59106048	-776	776	633
chr17	63829091	63832952	63831954	3861	63831021	-1930	1931	933
chr17	63829091	63832952	63832729	3861	63831021	-1930	1931	1708
chr17	1775493	1777461	1776603	1968	1776477	-984	984	126
chr17	63829091	63832952	63830810	3861	63831021	-1930	1931	-211
chr17	7279714	7286981	7284294	7267	7283347	-3633	3634	947
chr17	41688102	41692609	41688925	4507	41690355	-2253	2254	-1430
chr17	18244843	18247818	18245993	2975	18246330	-1487	1488	-337
chr17	38768388	38771057	38769607	2669	38769722	-1334	1335	-115
chr17	63829091	63832952	63831916	3861	63831021	-1930	1931	895
chr17	40351066	40354608	40354351	3542	40352837	-1771	1771	1514
chr17	47834867	47837843	47835018	2976	47836355	-1488	1488	-1337
chr17	7854768	7858993	7858719	4225	7856880	-2112	2113	1839
chr17	7921868	7925555	7925115	3687	7923711	-1843	1844	1404
chr17	7921868	7925555	7922886	3687	7923711	-1843	1844	-825
chr17	38916970	38922118	38918642	5148	38919544	-2574	2574	-902
chr17	79782846	79787906	79784382	5060	79785376	-2530	2530	-994
chr17	2040640	2045366	2042541	4726	2043003	-2363	2363	-462
chr17	41968416	41970105	41968658	1689	41969260	-844	845	-602
chr17	44004112	44010689	44008557	6577	44007400	-3288	3289	1157
chr17	73284381	73289143	73285218	4762	73286762	-2381	2381	-1544
chr17	40094377	40098613	40095639	4236	40096495	-2118	2118	-856
chr17	50553010	50557224	50555535	4214	50555117	-2107	2107	418
chr17	76467793	76470909	76469969	3116	76469351	-1558	1558	618
chr17	75521122	75527354	75524436	6232	75524238	-3116	3116	198
chr17	7315683	7321959	7319145	6276	7318821	-3138	3138	324
chr17	7455407	7458192	7455836	2785	7456799	-1392	1393	-963
chr17	2376479	2380200	2379072	3721	2378339	-1860	1861	733
chr17	76735848	76737031	76735904	1183	76736439	-591	592	-535
chr17	44396683	44401321	44397463	4638	44399002	-2319	2319	-1539
chr17	7852212	7853906	7853001	1694	7853059	-847	847	-58
chr17	50087229	50090409	50089245	3180	50088819	-1590	1590	426
chr17	40133773	40136017	40133846	2244	40134895	-1122	1122	-1049
chr17	42556892	42564020	42563173	7128	42560456	-3564	3564	2717
chr17	42556892	42564020	42563261	7128	42560456	-3564	3564	2805
chr17	42574049	42578307	42574193	4258	42576178	-2129	2129	-1985
chr17	78356468	78362526	78358883	6058	78359497	-3029	3029	-614
chr17	17218250	17220839	17219083	2589	17219544	-1294	1295	-461
chr17	81865106	81871973	81869551	6867	81868539	-3433	3434	1012
chr17	7832069	7836219	7833124	4150	7834144	-2075	2075	-1020
chr17	7832069	7836219	7833591	4150	7834144	-2075	2075	-553
chr17	45138640	45145902	45143509	7262	45142271	-3631	3631	1238
chr17	75521122	75527354	75523747	6232	75524238	-3116	3116	-491
chr17	7576250	7583423	7580774	7173	7579836	-3586	3587	938
chr17	40362452	40368361	40363470	5909	40365406	-2954	2955	-1936
chr17	45240535	45244357	45243952	3822	45242446	-1911	1911	1506
chr17	77494755	77501031	77500147	6276	77497893	-3138	3138	2254
chr17	44175959	44179447	44177710	3488	44177703	-1744	1744	7
chr17	1003045	1005808	1003740	2763	1004426	-1381	1382	-686
chr17	40094377	40098613	40095848	4236	40096495	-2118	2118	-647
chr17	7349946	7353527	7352680	3581	7351736	-1790	1791	944
chr17	28739932	28745368	28742029	5436	28742650	-2718	2718	-621
chr17	43011924	43015085	43012278	3161	43013504	-1580	1581	-1226
chr17	8474881	8477170	8475772	2289	8476025	-1144	1145	-253
chr17	44347639	44353095	44349742	5456	44350367	-2728	2728	-625
chr17	76735848	76737031	76737005	1183	76736439	-591	592	566
chr17	28739932	28745368	28740513	5436	28742650	-2718	2718	-2137
chr17	42556892	42564020	42563151	7128	42560456	-3564	3564	2695
chr17	42701839	42703985	42702486	2146	42702912	-1073	1073	-426
chr17	7462460	7465813	7463124	3353	7464136	-1676	1677	-1012
chr17	59698609	59700264	59699727	1655	59699436	-827	828	291
chr17	75521122	75527354	75524389	6232	75524238	-3116	3116	151
chr17	1775493	1777461	1776578	1968	1776477	-984	984	101
chr17	7039993	7043203	7041736	3210	7041598	-1605	1605	138
chr17	7345264	7349743	7349003	4479	7347503	-2239	2240	1500
chr17	7557803	7561047	7558948	3244	7559425	-1622	1622	-477
chr17	18928240	18929396	18928826	1156	18928818	-578	578	8
chr17	28739932	28745368	28741515	5436	28742650	-2718	2718	-1135
chr17	42020038	42025413	42021618	5375	42022725	-2687	2688	-1107
chr17	42574049	42578307	42577098	4258	42576178	-2129	2129	920
chr17	47834867	47837843	47837084	2976	47836355	-1488	1488	729
chr17	63829091	63832952	63830346	3861	63831021	-1930	1931	-675
chr17	79782846	79787906	79784305	5060	79785376	-2530	2530	-1071
chr17	4942629	4946191	4944879	3562	4944410	-1781	1781	469
chr17	42556892	42564020	42562733	7128	42560456	-3564	3564	2277
chr17	61408575	61409182	61409020	607	61408878	-303	304	142
chr17	81917089	81918340	81917562	1251	81917714	-625	626	-152
chr17	7307175	7315026	7314128	7851	7311100	-3925	3926	3028
chr17	18241317	18244822	18241982	3505	18243069	-1752	1753	-1087
chr17	76276237	76279695	76277239	3458	76277966	-1729	1729	-727
chr17	78356468	78362526	78358390	6058	78359497	-3029	3029	-1107
chr17	42541346	42543511	42543226	2165	42542428	-1082	1083	798
chr17	3663706	3665691	3664273	1985	3664698	-992	993	-425
chr17	7006779	7010272	7010095	3493	7008525	-1746	1747	1570
chr17	38735074	38736928	38735387	1854	38736001	-927	927	-614
chr17	44353457	44358364	44355133	4907	44355910	-2453	2454	-777
chr17	47926633	47928712	47927828	2079	47927672	-1039	1040	156
chr17	4968225	4973236	4968807	5011	4970730	-2505	2506	-1923
chr17	16378948	16381785	16381057	2837	16380366	-1418	1419	691
chr17	38798206	38801517	38799332	3311	38799861	-1655	1656	-529
chr17	1513934	1518307	1518009	4373	1516120	-2186	2187	1889
chr17	2380222	2383876	2380230	3654	2382049	-1827	1827	-1819
chr17	4163770	4166110	4164876	2340	4164940	-1170	1170	-64
chr17	7307175	7315026	7313570	7851	7311100	-3925	3926	2470
chr17	7576250	7583423	7578165	7173	7579836	-3586	3587	-1671
chr17	40628016	40631912	40628976	3896	40629964	-1948	1948	-988
chr17	43011924	43015085	43014197	3161	43013504	-1580	1581	693
chr17	43011924	43015085	43014869	3161	43013504	-1580	1581	1365
chr17	44175959	44179447	44176609	3488	44177703	-1744	1744	-1094
chr17	44175959	44179447	44178466	3488	44177703	-1744	1744	763
chr17	45107026	45113394	45112605	6368	45110210	-3184	3184	2395
chr17	63829091	63832952	63829419	3861	63831021	-1930	1931	-1602
chr17	75262561	75268220	75268141	5659	75265390	-2829	2830	2751
chr17	81111167	81117493	81116034	6326	81114330	-3163	3163	1704
chr17	7576250	7583423	7577482	7173	7579836	-3586	3587	-2354
chr17	8204746	8206826	8205335	2080	8205786	-1040	1040	-451
chr17	44347639	44353095	44352127	5456	44350367	-2728	2728	1760
chr17	7307175	7315026	7313434	7851	7311100	-3925	3926	2334
chr17	42556892	42564020	42562953	7128	42560456	-3564	3564	2497
chr17	75269418	75273502	75270158	4084	75271460	-2042	2042	-1302
chr17	75846036	75851256	75847819	5220	75848646	-2610	2610	-827
chr17	2040640	2045366	2043052	4726	2043003	-2363	2363	49
chr17	75262561	75268220	75265762	5659	75265390	-2829	2830	372
chr17	41820396	41827990	41821713	7594	41824193	-3797	3797	-2480
chr17	42313951	42316678	42316067	2727	42315314	-1363	1364	753
chr17	43011924	43015085	43014332	3161	43013504	-1580	1581	828
chr17	44396683	44401321	44398892	4638	44399002	-2319	2319	-110
chr17	28401996	28404378	28402290	2382	28403187	-1191	1191	-897
chr17	7592390	7597141	7593926	4751	7594765	-2375	2376	-839
chr17	8474881	8477170	8475686	2289	8476025	-1144	1145	-339
chr17	40628016	40631912	40628897	3896	40629964	-1948	1948	-1067
chr17	76735848	76737031	76736420	1183	76736439	-591	592	-19
chr17	28719811	28721596	28720812	1785	28720703	-892	893	109
chr17	7235511	7240997	7235576	5486	7238254	-2743	2743	-2678
chr17	7511468	7513866	7513084	2398	7512667	-1199	1199	417
chr17	28879659	28885696	28881281	6037	28882677	-3018	3019	-1396
chr17	38729310	38734813	38730791	5503	38732061	-2751	2752	-1270
chr17	79782846	79787906	79786646	5060	79785376	-2530	2530	1270
chr17	50369682	50373895	50370510	4213	50371788	-2106	2107	-1278
chr17	41970375	41977151	41973612	6776	41973763	-3388	3388	-151
chr17	48927815	48932284	48931688	4469	48930049	-2234	2235	1639
chr17	7006779	7010272	7009677	3493	7008525	-1746	1747	1152
chr17	61409253	61413712	61412289	4459	61411482	-2229	2230	807
chr17	28895284	28902159	28898492	6875	28898721	-3437	3438	-229
chr17	7279714	7286981	7285708	7267	7283347	-3633	3634	2361
chr17	45393965	45399231	45395174	5266	45396598	-2633	2633	-1424
chr17	74839910	74844526	74844468	4616	74842218	-2308	2308	2250
chr17	82485599	82488598	82487977	2999	82487098	-1499	1500	879
chr17	28879659	28885696	28880842	6037	28882677	-3018	3019	-1835
chr17	28719811	28721596	28720607	1785	28720703	-892	893	-96
chr17	75237049	75243516	75239433	6467	75240282	-3233	3234	-849
chr17	1465735	1471920	1467904	6185	1468827	-3092	3093	-923
chr17	2323898	2326194	2324241	2296	2325046	-1148	1148	-805
chr17	4731475	4734592	4733217	3117	4733033	-1558	1559	184
chr17	7006779	7010272	7009830	3493	7008525	-1746	1747	1305
chr17	7439163	7443547	7441532	4384	7441355	-2192	2192	177
chr17	7576250	7583423	7579836	7173	7579836	-3586	3587	0
chr17	7854768	7858993	7858053	4225	7856880	-2112	2113	1173
chr17	7854768	7858993	7858204	4225	7856880	-2112	2113	1324
chr17	17491975	17499336	17495496	7361	17495655	-3680	3681	-159
chr17	18244843	18247818	18245602	2975	18246330	-1487	1488	-728
chr17	18244843	18247818	18246397	2975	18246330	-1487	1488	67
chr17	18928240	18929396	18928937	1156	18928818	-578	578	119
chr17	19382896	19385725	19384405	2829	19384310	-1414	1415	95
chr17	21312574	21316045	21314278	3471	21314309	-1735	1736	-31
chr17	40133773	40136017	40134394	2244	40134895	-1122	1122	-501
chr17	75237049	75243516	75240082	6467	75240282	-3233	3234	-200
chr17	75269418	75273502	75269422	4084	75271460	-2042	2042	-2038
chr17	75846036	75851256	75848601	5220	75848646	-2610	2610	-45
chr17	76735848	76737031	76736996	1183	76736439	-591	592	557
chr17	78425315	78426764	78426534	1449	78426039	-724	725	495
chr17	7576250	7583423	7577972	7173	7579836	-3586	3587	-1864
chr17	81865106	81871973	81868952	6867	81868539	-3433	3434	413
chr17	42663303	42666830	42665544	3527	42665066	-1763	1764	478
chr17	28746148	28752424	28749016	6276	28749286	-3138	3138	-270
chr17	42667513	42672925	42669578	5412	42670219	-2706	2706	-641
chr17	63693098	63700942	63694835	7844	63697020	-3922	3922	-2185
chr17	74769145	74775822	74773638	6677	74772483	-3338	3339	1155
chr17	1640823	1648233	1645614	7410	1644528	-3705	3705	1086
chr17	7576250	7583423	7578876	7173	7579836	-3586	3587	-960
chr17	4933605	4936631	4934126	3026	4935118	-1513	1513	-992
chr17	7235511	7240997	7236391	5486	7238254	-2743	2743	-1863
chr17	7557803	7561047	7560824	3244	7559425	-1622	1622	1399
chr17	41820396	41827990	41820998	7594	41824193	-3797	3797	-3195
chr17	42701839	42703985	42703782	2146	42702912	-1073	1073	870
chr17	75521122	75527354	75523696	6232	75524238	-3116	3116	-542
chr17	73284381	73289143	73286038	4762	73286762	-2381	2381	-724
chr17	8169536	8174503	8174187	4967	8172019	-2483	2484	2168
chr17	7832069	7836219	7833666	4150	7834144	-2075	2075	-478
chr17	74769145	74775822	74771997	6677	74772483	-3338	3339	-486
chr17	80210167	80215516	80212094	5349	80212841	-2674	2675	-747
chr17	1651291	1656542	1653996	5251	1653916	-2625	2626	80
chr17	28739932	28745368	28741419	5436	28742650	-2718	2718	-1231
chr17	7345264	7349743	7347988	4479	7347503	-2239	2240	485
chr17	59695010	59697951	59697316	2941	59696480	-1470	1471	836
chr17	59695010	59697951	59697387	2941	59696480	-1470	1471	907
chr17	75237049	75243516	75239385	6467	75240282	-3233	3234	-897
chr17	7592390	7597141	7593099	4751	7594765	-2375	2376	-1666
chr17	81118192	81121593	81118385	3401	81119892	-1700	1701	-1507
chr17	47681025	47683871	47682698	2846	47682448	-1423	1423	250
chr17	7439163	7443547	7443044	4384	7441355	-2192	2192	1689
chr17	7462460	7465813	7462738	3353	7464136	-1676	1677	-1398
chr17	7557803	7561047	7560081	3244	7559425	-1622	1622	656
chr17	18244843	18247818	18245779	2975	18246330	-1487	1488	-551
chr17	18244843	18247818	18246010	2975	18246330	-1487	1488	-320
chr17	42778403	42782066	42779054	3663	42780234	-1831	1832	-1180
chr17	61409253	61413712	61412105	4459	61411482	-2229	2230	623
chr17	28347203	28350625	28348014	3422	28348914	-1711	1711	-900
chr17	28895284	28902159	28900999	6875	28898721	-3437	3438	2278
chr17	44396683	44401321	44399077	4638	44399002	-2319	2319	75
chr17	42113414	42118920	42117985	5506	42116167	-2753	2753	1818
chr17	4933605	4936631	4934406	3026	4935118	-1513	1513	-712
chr17	82440634	82446427	82444088	5793	82443530	-2896	2897	558
chr17	50087229	50090409	50089159	3180	50088819	-1590	1590	340
chr17	7592390	7597141	7592578	4751	7594765	-2375	2376	-2187
chr17	12991593	12994199	12993744	2606	12992896	-1303	1303	848
chr17	38729310	38734813	38731353	5503	38732061	-2751	2752	-708
chr17	79782846	79787906	79785063	5060	79785376	-2530	2530	-313
chr17	36598665	36602832	36599754	4167	36600748	-2083	2084	-994
chr17	7587796	7591079	7589509	3283	7589437	-1641	1642	72
chr17	7921868	7925555	7922816	3687	7923711	-1843	1844	-895
chr17	18244843	18247818	18246456	2975	18246330	-1487	1488	126
chr17	40094377	40098613	40096081	4236	40096495	-2118	2118	-414
chr17	42556892	42564020	42563410	7128	42560456	-3564	3564	2954
chr17	18241317	18244822	18242627	3505	18243069	-1752	1753	-442
chr17	7439163	7443547	7442742	4384	7441355	-2192	2192	1387
chr17	42667513	42672925	42668031	5412	42670219	-2706	2706	-2188
chr17	12991593	12994199	12993746	2606	12992896	-1303	1303	850
chr17	76307047	76311771	76307477	4724	76309409	-2362	2362	-1932
chr17	44396683	44401321	44397443	4638	44399002	-2319	2319	-1559
chr17	63693098	63700942	63693736	7844	63697020	-3922	3922	-3284
chr17	76467793	76470909	76468858	3116	76469351	-1558	1558	-493
chr17	7832069	7836219	7832887	4150	7834144	-2075	2075	-1257
chr17	44353457	44358364	44356262	4907	44355910	-2453	2454	352
chr17	81111167	81117493	81115832	6326	81114330	-3163	3163	1502
chr17	19382896	19385725	19384393	2829	19384310	-1414	1415	83
chr17	7576250	7583423	7577425	7173	7579836	-3586	3587	-2411
chr17	39726614	39728501	39727755	1887	39727557	-943	944	198
chr17	7006779	7010272	7010003	3493	7008525	-1746	1747	1478
chr17	7557803	7561047	7560907	3244	7559425	-1622	1622	1482
chr17	42663303	42666830	42663403	3527	42665066	-1763	1764	-1663
chr17	7852212	7853906	7852251	1694	7853059	-847	847	-808
chr17	4968225	4973236	4969693	5011	4970730	-2505	2506	-1037
chr17	7279714	7286981	7284531	7267	7283347	-3633	3634	1184
chr17	75262561	75268220	75265860	5659	75265390	-2829	2830	470
chr17	41970375	41977151	41976652	6776	41973763	-3388	3388	2889
chr17	4942629	4946191	4943458	3562	4944410	-1781	1781	-952
chr17	4942629	4946191	4944641	3562	4944410	-1781	1781	231
chr17	28722974	28728512	28725373	5538	28725743	-2769	2769	-370
chr17	74948948	74954705	74949297	5757	74951826	-2878	2879	-2529
chr17	75521122	75527354	75521862	6232	75524238	-3116	3116	-2376
chr17	82440634	82446427	82441823	5793	82443530	-2896	2897	-1707
chr17	28895284	28902159	28901555	6875	28898721	-3437	3438	2834
chr17	42020038	42025413	42024016	5375	42022725	-2687	2688	1291
chr17	79782846	79787906	79785012	5060	79785376	-2530	2530	-364
chr17	50087229	50090409	50088302	3180	50088819	-1590	1590	-517
chr17	28895284	28902159	28898584	6875	28898721	-3437	3438	-137
chr17	4933605	4936631	4934586	3026	4935118	-1513	1513	-532
chr17	7576250	7583423	7579890	7173	7579836	-3586	3587	54
chr17	42120998	42125598	42123294	4600	42123298	-2300	2300	-4
chr17	76307047	76311771	76307482	4724	76309409	-2362	2362	-1927
chr17	75521122	75527354	75524494	6232	75524238	-3116	3116	256
chr17	79782846	79787906	79784542	5060	79785376	-2530	2530	-834
chr18	79967528	79969509	79968123	1981	79968518	-990	991	-395
chr18	3255826	3259727	3255913	3901	3257776	-1950	1951	-1863
chr18	669960	672085	670739	2125	671022	-1062	1063	-283
chr18	79897350	79905145	79899086	7795	79901247	-3897	3898	-2161
chr19	19532553	19538908	19535082	6355	19535730	-3177	3178	-648
chr19	39472284	39475545	39474894	3261	39473914	-1630	1631	980
chr19	45687071	45692076	45687489	5005	45689573	-2502	2503	-2084
chr19	3775612	3779148	3779041	3536	3777380	-1768	1768	1661
chr19	49115568	49121274	49116378	5706	49118421	-2853	2853	-2043
chr19	12917961	12919779	12919268	1818	12918870	-909	909	398
chr19	48463395	48465025	48464336	1630	48464210	-815	815	126
chr19	2714614	2719840	2717408	5226	2717227	-2613	2613	181
chr19	6749457	6750791	6750552	1334	6750124	-667	667	428
chr19	35633470	35637471	35637461	4001	35635470	-2000	2001	1991
chr19	39419128	39424796	39424785	5668	39421962	-2834	2834	2823
chr19	40588478	40592729	40589177	4251	40590603	-2125	2126	-1426
chr19	44900438	44908115	44901049	7677	44904276	-3838	3839	-3227
chr19	10283282	10285919	10284564	2637	10284600	-1318	1319	-36
chr19	44176806	44177703	44177656	897	44177254	-448	449	402
chr19	44176806	44177703	44177658	897	44177254	-448	449	404
chr19	41867888	41873387	41869735	5499	41870637	-2749	2750	-902
chr19	48635470	48640265	48640097	4795	48637867	-2397	2398	2230
chr19	55089389	55095990	55092538	6601	55092689	-3300	3301	-151
chr19	13965178	13970347	13965517	5169	13967762	-2584	2585	-2245
chr19	49657409	49660289	49659823	2880	49658849	-1440	1440	974
chr19	4320626	4325247	4324468	4621	4322936	-2310	2311	1532
chr19	15225066	15228429	15228095	3363	15226747	-1681	1682	1348
chr19	48463395	48465025	48464264	1630	48464210	-815	815	54
chr19	49551791	49558652	49556407	6861	49555221	-3430	3431	1186
chr19	55452470	55454237	55453198	1767	55453353	-883	884	-155
chr19	15376680	15381665	15380524	4985	15379172	-2492	2493	1352
chr19	49905219	49909275	49909077	4056	49907247	-2028	2028	1830
chr19	49551791	49558652	49557209	6861	49555221	-3430	3431	1988
chr19	5915235	5919250	5917804	4015	5917242	-2007	2008	562
chr19	11722699	11727130	11723256	4431	11724914	-2215	2216	-1658
chr19	18254287	18261258	18257796	6971	18257772	-3485	3486	24
chr19	10551020	10554757	10552300	3737	10552888	-1868	1869	-588
chr19	35275842	35280215	35278783	4373	35278028	-2186	2187	755
chr19	12923517	12926735	12924721	3218	12925126	-1609	1609	-405
chr19	1982757	1990357	1986481	7600	1986557	-3800	3800	-76
chr19	10827416	10833436	10831057	6020	10830426	-3010	3010	631
chr19	49670119	49673361	49670382	3242	49671740	-1621	1621	-1358
chr19	7517979	7523710	7520653	5731	7520844	-2865	2866	-191
chr19	35497831	35502821	35499996	4990	35500326	-2495	2495	-330
chr19	39385700	39389540	39385932	3840	39387620	-1920	1920	-1688
chr19	45068231	45072886	45069116	4655	45070558	-2327	2328	-1442
chr19	58477046	58482175	58479817	5129	58479610	-2564	2565	207
chr19	11377286	11379250	11378013	1964	11378268	-982	982	-255
chr19	3775612	3779148	3778302	3536	3777380	-1768	1768	922
chr19	4815945	4818196	4816943	2251	4817070	-1125	1126	-127
chr19	8506504	8512089	8510733	5585	8509296	-2792	2793	1437
chr19	10351670	10354714	10353071	3044	10353192	-1522	1522	-121
chr19	14408173	14410057	14409037	1884	14409115	-942	942	-78
chr19	35264850	35271773	35266486	6923	35268311	-3461	3462	-1825
chr19	39385700	39389540	39386719	3840	39387620	-1920	1920	-901
chr19	45523576	45524892	45524601	1316	45524234	-658	658	367
chr19	49635102	49639104	49636676	4002	49637103	-2001	2001	-427
chr19	58510229	58517412	58511725	7183	58513820	-3591	3592	-2095
chr19	8322515	8323247	8322872	732	8322881	-366	366	-9
chr19	35633470	35637471	35634358	4001	35635470	-2000	2001	-1112
chr19	45350389	45354350	45351414	3961	45352369	-1980	1981	-955
chr19	46775172	46780504	46777273	5332	46777838	-2666	2666	-565
chr19	49660466	49664399	49660768	3933	49662432	-1966	1967	-1664
chr19	55089389	55095990	55091383	6601	55092689	-3300	3301	-1306
chr19	55401575	55404914	55404408	3339	55403244	-1669	1670	1164
chr19	18564234	18568789	18568584	4555	18566511	-2277	2278	2073
chr19	4320626	4325247	4325223	4621	4322936	-2310	2311	2287
chr19	38299626	38307035	38304278	7409	38303330	-3704	3705	948
chr19	35887389	35891006	35888489	3617	35889197	-1808	1809	-708
chr19	38384722	38386466	38385992	1744	38385594	-872	872	398
chr19	40447795	40453485	40451448	5690	40450640	-2845	2845	808
chr19	12755633	12762195	12757944	6562	12758914	-3281	3281	-970
chr19	7897337	7899282	7898685	1945	7898309	-972	973	376
chr19	11377286	11379250	11378726	1964	11378268	-982	982	458
chr19	18780155	18786763	18786595	6608	18783459	-3304	3304	3136
chr19	4320626	4325247	4323755	4621	4322936	-2310	2311	819
chr19	38299626	38307035	38304473	7409	38303330	-3704	3705	1143
chr19	19202284	19205236	19203112	2952	19203760	-1476	1476	-648
chr19	17731663	17737777	17733352	6114	17734720	-3057	3057	-1368
chr19	43503491	43508174	43506848	4683	43505832	-2341	2342	1016
chr19	48743378	48746493	48745850	3115	48744935	-1557	1558	915
chr19	54159301	54163476	54159640	4175	54161388	-2087	2088	-1748
chr19	54174005	54178274	54174276	4269	54176139	-2134	2135	-1863
chr19	38907098	38913277	38907222	6179	38910187	-3089	3090	-2965
chr19	44900438	44908115	44901283	7677	44904276	-3838	3839	-2993
chr19	4443937	4449892	4448465	5955	4446914	-2977	2978	1551
chr19	11354764	11358402	11357682	3638	11356583	-1819	1819	1099
chr19	35264850	35271773	35267451	6923	35268311	-3461	3462	-860
chr19	2992896	2996552	2993574	3656	2994724	-1828	1828	-1150
chr19	15111233	15118277	15117979	7044	15114755	-3522	3522	3224
chr19	19677153	19680094	19680089	2941	19678623	-1470	1471	1466
chr19	55577169	55581417	55577896	4248	55579293	-2124	2124	-1397
chr19	15225066	15228429	15227844	3363	15226747	-1681	1682	1097
chr19	4320626	4325247	4323010	4621	4322936	-2310	2311	74
chr19	1919367	1927356	1924319	7989	1923361	-3994	3995	958
chr19	9808893	9814868	9811155	5975	9811880	-2987	2988	-725
chr19	36008531	36012328	36008650	3797	36010429	-1898	1899	-1779
chr19	35633470	35637471	35634369	4001	35635470	-2000	2001	-1101
chr19	11354764	11358402	11356871	3638	11356583	-1819	1819	288
chr19	12947728	12954867	12954274	7139	12951297	-3569	3570	2977
chr19	49014198	49019399	49015857	5201	49016798	-2600	2601	-941
chr19	44900438	44908115	44903357	7677	44904276	-3838	3839	-919
chr19	4320626	4325247	4324545	4621	4322936	-2310	2311	1609
chr19	40762384	40765521	40765201	3137	40763952	-1568	1569	1249
chr19	15111233	15118277	15113783	7044	15114755	-3522	3522	-972
chr19	19532553	19538908	19535082	6355	19535730	-3177	3178	-648
chr19	19117986	19121855	19121643	3869	19119920	-1934	1935	1723
chr19	49115568	49121274	49118854	5706	49118421	-2853	2853	433
chr19	58470627	58475872	58471936	5245	58473249	-2622	2623	-1313
chr19	16184954	16191399	16191028	6445	16188176	-3222	3223	2852
chr19	54159301	54163476	54163102	4175	54161388	-2087	2088	1714
chr19	3470871	3476456	3474887	5585	3473663	-2792	2793	1224
chr19	4443937	4449892	4446632	5955	4446914	-2977	2978	-282
chr19	13830912	13832341	13830971	1429	13831626	-714	715	-655
chr19	10252922	10260203	10258298	7281	10256562	-3640	3641	1736
chr19	11445545	11448599	11447770	3054	11447072	-1527	1527	698
chr19	35739309	35741282	35741238	1973	35740295	-986	987	943
chr19	48463395	48465025	48464493	1630	48464210	-815	815	283
chr19	55083196	55089089	55085877	5893	55086142	-2946	2947	-265
chr19	19202284	19205236	19203129	2952	19203760	-1476	1476	-631
chr19	39419128	39424796	39424565	5668	39421962	-2834	2834	2603
chr19	11380537	11387243	11383203	6706	11383890	-3353	3353	-687
chr19	49660466	49664399	49661806	3933	49662432	-1966	1967	-626
chr19	12730916	12736809	12731050	5893	12733862	-2946	2947	-2812
chr19	55083196	55089089	55087613	5893	55086142	-2946	2947	1471
chr19	3470871	3476456	3474789	5585	3473663	-2792	2793	1126
chr19	40436373	40442438	40441584	6065	40439405	-3032	3033	2179
chr19	6749457	6750791	6750604	1334	6750124	-667	667	480
chr19	45068231	45072886	45071720	4655	45070558	-2327	2328	1162
chr19	48635470	48640265	48639388	4795	48637867	-2397	2398	1521
chr19	48956555	48963666	48960839	7111	48960110	-3555	3556	729
chr19	35264850	35271773	35267861	6923	35268311	-3461	3462	-450
chr19	38384722	38386466	38386164	1744	38385594	-872	872	570
chr19	19352507	19357760	19357407	5253	19355133	-2626	2627	2274
chr19	17578129	17582223	17579502	4094	17580176	-2047	2047	-674
chr19	7517979	7523710	7519462	5731	7520844	-2865	2866	-1382
chr19	49660466	49664399	49660807	3933	49662432	-1966	1967	-1625
chr19	38918273	38919774	38918789	1501	38919023	-750	751	-234
chr19	18780155	18786763	18782926	6608	18783459	-3304	3304	-533
chr19	54174005	54178274	54174176	4269	54176139	-2134	2135	-1963
chr19	17731663	17737777	17734321	6114	17734720	-3057	3057	-399
chr19	10551020	10554757	10552999	3737	10552888	-1868	1869	111
chr19	48466534	48471738	48470443	5204	48469136	-2602	2602	1307
chr19	17785534	17788938	17786574	3404	17787236	-1702	1702	-662
chr19	11354764	11358402	11354909	3638	11356583	-1819	1819	-1674
chr19	11360447	11362924	11362557	2477	11361685	-1238	1239	872
chr19	11377286	11379250	11378102	1964	11378268	-982	982	-166
chr19	1977478	1981248	1979953	3770	1979363	-1885	1885	590
chr19	49103462	49111092	49107624	7630	49107277	-3815	3815	347
chr19	47044661	47047555	47046657	2894	47046108	-1447	1447	549
chr19	12755633	12762195	12756206	6562	12758914	-3281	3281	-2708
chr19	45711134	45714520	45712124	3386	45712827	-1693	1693	-703
chr19	10134253	10141167	10137186	6914	10137710	-3457	3457	-524
chr19	11324723	11328667	11325310	3944	11326695	-1972	1972	-1385
chr19	44176806	44177703	44177416	897	44177254	-448	449	162
chr19	19202284	19205236	19202402	2952	19203760	-1476	1476	-1358
chr19	15111233	15118277	15111426	7044	15114755	-3522	3522	-3329
chr19	54159301	54163476	54160281	4175	54161388	-2087	2088	-1107
chr19	48920414	48925085	48921192	4671	48922749	-2335	2336	-1557
chr19	49657409	49660289	49657880	2880	49658849	-1440	1440	-969
chr19	11506757	11512488	11508011	5731	11509622	-2865	2866	-1611
chr19	48964804	48966628	48966589	1824	48965716	-912	912	873
chr19	45883913	45887300	45885128	3387	45885606	-1693	1694	-478
chr19	20195563	20197615	20197448	2052	20196589	-1026	1026	859
chr19	19274912	19277209	19276580	2297	19276060	-1148	1149	520
chr19	35633470	35637471	35634353	4001	35635470	-2000	2001	-1117
chr19	54156260	54158450	54158395	2190	54157355	-1095	1095	1040
chr19	1440038	1442971	1440093	2933	1441504	-1466	1467	-1411
chr19	3205807	3209777	3207195	3970	3207792	-1985	1985	-597
chr19	41882289	41886639	41884461	4350	41884464	-2175	2175	-3
chr19	55083196	55089089	55086470	5893	55086142	-2946	2947	328
chr19	48869169	48877051	48874105	7882	48873110	-3941	3941	995
chr19	45068231	45072886	45071609	4655	45070558	-2327	2328	1051
chr19	35122049	35123546	35123456	1497	35122797	-748	749	659
chr19	39472284	39475545	39473239	3261	39473914	-1630	1631	-675
chr19	54156260	54158450	54156811	2190	54157355	-1095	1095	-544
chr19	39385700	39389540	39385977	3840	39387620	-1920	1920	-1643
chr19	35122049	35123546	35122899	1497	35122797	-748	749	102
chr19	48968399	48971464	48969412	3065	48969931	-1532	1533	-519
chr19	6751414	6755318	6754636	3904	6753366	-1952	1952	1270
chr19	16322959	16327392	16327072	4433	16325175	-2216	2217	1897
chr19	18254287	18261258	18257132	6971	18257772	-3485	3486	-640
chr19	40211515	40218653	40217314	7138	40215084	-3569	3569	2230
chr19	45711134	45714520	45711756	3386	45712827	-1693	1693	-1071
chr19	45711134	45714520	45712707	3386	45712827	-1693	1693	-120
chr19	40375328	40378483	40376743	3155	40376905	-1577	1578	-162
chr19	15231099	15234917	15231781	3818	15233008	-1909	1909	-1227
chr19	20195563	20197615	20197608	2052	20196589	-1026	1026	1019
chr19	1977478	1981248	1978328	3770	1979363	-1885	1885	-1035
chr19	35281311	35283188	35282534	1877	35282249	-938	939	285
chr19	45687071	45692076	45687706	5005	45689573	-2502	2503	-1867
chr19	54159301	54163476	54160188	4175	54161388	-2087	2088	-1200
chr19	7897337	7899282	7899210	1945	7898309	-972	973	901
chr19	7871816	7878749	7872321	6933	7875282	-3466	3467	-2961
chr19	8506504	8512089	8510725	5585	8509296	-2792	2793	1429
chr19	16184954	16191399	16190887	6445	16188176	-3222	3223	2711
chr19	18863939	18867165	18867000	3226	18865552	-1613	1613	1448
chr19	49144314	49150355	49149564	6041	49147334	-3020	3021	2230
chr19	55345366	55352009	55346297	6643	55348687	-3321	3322	-2390
chr19	58477046	58482175	58480062	5129	58479610	-2564	2565	452
chr19	10827416	10833436	10831640	6020	10830426	-3010	3010	1214
chr19	3765537	3771580	3771576	6043	3768558	-3021	3022	3018
chr19	45304350	45308682	45307488	4332	45306516	-2166	2166	972
chr19	40436373	40442438	40441744	6065	40439405	-3032	3033	2339
chr19	6751414	6755318	6755266	3904	6753366	-1952	1952	1900
chr19	15111233	15118277	15111406	7044	15114755	-3522	3522	-3349
chr19	15111233	15118277	15115345	7044	15114755	-3522	3522	590
chr19	48635470	48640265	48639338	4795	48637867	-2397	2398	1471
chr19	48635470	48640265	48640207	4795	48637867	-2397	2398	2340
chr19	10283282	10285919	10283750	2637	10284600	-1318	1319	-850
chr19	10833475	10836396	10835253	2921	10834935	-1460	1461	318
chr19	54174005	54178274	54174158	4269	54176139	-2134	2135	-1981
chr19	7517979	7523710	7520079	5731	7520844	-2865	2866	-765
chr19	7921420	7922948	7921702	1528	7922184	-764	764	-482
chr19	39472284	39475545	39474529	3261	39473914	-1630	1631	615
chr19	49657409	49660289	49658619	2880	49658849	-1440	1440	-230
chr19	55345366	55352009	55347886	6643	55348687	-3321	3322	-801
chr19	12763486	12765075	12763752	1589	12764280	-794	795	-528
chr19	12921084	12923182	12922588	2098	12922133	-1049	1049	455
chr19	19274912	19277209	19276609	2297	19276060	-1148	1149	549
chr19	39472284	39475545	39473211	3261	39473914	-1630	1631	-703
chr19	41431666	41436601	41432326	4935	41434133	-2467	2468	-1807
chr19	45687071	45692076	45687567	5005	45689573	-2502	2503	-2006
chr19	45711134	45714520	45713424	3386	45712827	-1693	1693	597
chr19	48635470	48640265	48638982	4795	48637867	-2397	2398	1115
chr19	48743378	48746493	48743452	3115	48744935	-1557	1558	-1483
chr19	55083196	55089089	55087613	5893	55086142	-2946	2947	1471
chr19	6749457	6750791	6750579	1334	6750124	-667	667	455
chr19	15111233	15118277	15112376	7044	15114755	-3522	3522	-2379
chr19	15111233	15118277	15112530	7044	15114755	-3522	3522	-2225
chr19	38378205	38384622	38383420	6417	38381413	-3208	3209	2007
chr19	19278205	19283215	19279340	5010	19280710	-2505	2505	-1370
chr19	54189943	54193442	54191944	3499	54191692	-1749	1750	252
chr19	38299626	38307035	38304469	7409	38303330	-3704	3705	1139
chr19	35739309	35741282	35739408	1973	35740295	-986	987	-887
chr19	40436373	40442438	40441591	6065	40439405	-3032	3033	2186
chr19	49115568	49121274	49118387	5706	49118421	-2853	2853	-34
chr19	49115568	49121274	49118593	5706	49118421	-2853	2853	172
chr19	43550379	43553171	43551580	2792	43551775	-1396	1396	-195
chr19	45068231	45072886	45071811	4655	45070558	-2327	2328	1253
chr19	15111233	15118277	15116310	7044	15114755	-3522	3522	1555
chr19	5915235	5919250	5918612	4015	5917242	-2007	2008	1370
chr19	17808063	17812258	17811777	4195	17810160	-2097	2098	1617
chr19	49144314	49150355	49148688	6041	49147334	-3020	3021	1354
chr19	17731663	17737777	17733297	6114	17734720	-3057	3057	-1423
chr19	45407641	45408805	45408745	1164	45408223	-582	582	522
chr19	48635470	48640265	48638954	4795	48637867	-2397	2398	1087
chr19	4036917	4039326	4037697	2409	4038121	-1204	1205	-424
chr19	55083196	55089089	55087581	5893	55086142	-2946	2947	1439
chr19	53065563	53068245	53068171	2682	53066904	-1341	1341	1267
chr19	20195563	20197615	20197097	2052	20196589	-1026	1026	508
chr19	548247	551424	549750	3177	549835	-1588	1589	-85
chr19	10252922	10260203	10258790	7281	10256562	-3640	3641	2228
chr19	11348124	11354131	11353619	6007	11351127	-3003	3004	2492
chr19	48635470	48640265	48639402	4795	48637867	-2397	2398	1535
chr19	45698068	45703976	45703289	5908	45701022	-2954	2954	2267
chr19	45068231	45072886	45070814	4655	45070558	-2327	2328	256
chr19	55229062	55232046	55231804	2984	55230554	-1492	1492	1250
chr19	41431666	41436601	41433319	4935	41434133	-2467	2468	-814
chr19	40436373	40442438	40441954	6065	40439405	-3032	3033	2549
chr19	45698068	45703976	45702962	5908	45701022	-2954	2954	1940
chr19	45407641	45408805	45408159	1164	45408223	-582	582	-64
chr19	39472284	39475545	39473442	3261	39473914	-1630	1631	-472
chr19	55089389	55095990	55092263	6601	55092689	-3300	3301	-426
chr19	11348124	11354131	11353863	6007	11351127	-3003	3004	2736
chr19	44900438	44908115	44903163	7677	44904276	-3838	3839	-1113
chr19	548247	551424	549711	3177	549835	-1588	1589	-124
chr19	4036917	4039326	4037622	2409	4038121	-1204	1205	-499
chr19	6751414	6755318	6754067	3904	6753366	-1952	1952	701
chr19	10351670	10354714	10352969	3044	10353192	-1522	1522	-223
chr19	11380537	11387243	11383022	6706	11383890	-3353	3353	-868
chr19	11722699	11727130	11723183	4431	11724914	-2215	2216	-1731
chr19	18149297	18151910	18149656	2613	18150603	-1306	1307	-947
chr19	18385280	18389986	18386320	4706	18387633	-2353	2353	-1313
chr19	19117986	19121855	19120058	3869	19119920	-1934	1935	138
chr19	36112314	36116525	36115916	4211	36114419	-2105	2106	1497
chr19	38299626	38307035	38304407	7409	38303330	-3704	3705	1077
chr19	39419128	39424796	39424677	5668	39421962	-2834	2834	2715
chr19	39472284	39475545	39473310	3261	39473914	-1630	1631	-604
chr19	45381378	45383611	45382638	2233	45382494	-1116	1117	144
chr19	45525012	45526507	45526198	1495	45525759	-747	748	439
chr19	48463395	48465025	48464471	1630	48464210	-815	815	261
chr19	48463395	48465025	48464744	1630	48464210	-815	815	534
chr19	48920414	48925085	48921902	4671	48922749	-2335	2336	-847
chr19	48956555	48963666	48960831	7111	48960110	-3555	3556	721
chr19	48956555	48963666	48961635	7111	48960110	-3555	3556	1525
chr19	49115568	49121274	49118381	5706	49118421	-2853	2853	-40
chr19	49660466	49664399	49661980	3933	49662432	-1966	1967	-452
chr19	58510229	58517412	58517346	7183	58513820	-3591	3592	3526
chr19	19274912	19277209	19276662	2297	19276060	-1148	1149	602
chr19	12647794	12651403	12649929	3609	12649598	-1804	1805	331
chr19	19677153	19680094	19679542	2941	19678623	-1470	1471	919
chr19	35264850	35271773	35267160	6923	35268311	-3461	3462	-1151
chr19	36112314	36116525	36113785	4211	36114419	-2105	2106	-634
chr19	45298706	45303206	45302404	4500	45300956	-2250	2250	1448
chr19	19202284	19205236	19203085	2952	19203760	-1476	1476	-675
chr19	8323785	8327107	8324734	3322	8325446	-1661	1661	-712
chr19	11324723	11328667	11325530	3944	11326695	-1972	1972	-1165
chr19	11722699	11727130	11723264	4431	11724914	-2215	2216	-1650
chr19	19677153	19680094	19680014	2941	19678623	-1470	1471	1391
chr19	38378205	38384622	38380973	6417	38381413	-3208	3209	-440
chr19	41431666	41436601	41433415	4935	41434133	-2467	2468	-718
chr19	45350389	45354350	45351609	3961	45352369	-1980	1981	-760
chr19	55577169	55581417	55578041	4248	55579293	-2124	2124	-1252
chr19	10918066	10925371	10921072	7305	10921718	-3652	3653	-646
chr19	15159700	15161810	15160569	2110	15160755	-1055	1055	-186
chr19	20195563	20197615	20197148	2052	20196589	-1026	1026	559
chr19	40588478	40592729	40590832	4251	40590603	-2125	2126	229
chr19	54159301	54163476	54160279	4175	54161388	-2087	2088	-1109
chr19	11445545	11448599	11447156	3054	11447072	-1527	1527	84
chr19	49210281	49211880	49210751	1599	49211080	-799	800	-329
chr19	54159301	54163476	54159676	4175	54161388	-2087	2088	-1712
chr19	35264850	35271773	35267456	6923	35268311	-3461	3462	-855
chr19	45527576	45530422	45529367	2846	45528999	-1423	1423	368
chr19	19677153	19680094	19679572	2941	19678623	-1470	1471	949
chr19	45068231	45072886	45068467	4655	45070558	-2327	2328	-2091
chr19	48635470	48640265	48639787	4795	48637867	-2397	2398	1920
chr19	12647794	12651403	12649986	3609	12649598	-1804	1805	388
chr19	35264850	35271773	35267213	6923	35268311	-3461	3462	-1098
chr19	15111233	15118277	15116233	7044	15114755	-3522	3522	1478
chr19	40211515	40218653	40215117	7138	40215084	-3569	3569	33
chr19	10827416	10833436	10833007	6020	10830426	-3010	3010	2581
chr19	972684	975408	972706	2724	974046	-1362	1362	-1340
chr19	54156260	54158450	54156984	2190	54157355	-1095	1095	-371
chr19	35741394	35745382	35742584	3988	35743388	-1994	1994	-804
chr19	11506757	11512488	11508001	5731	11509622	-2865	2866	-1621
chr19	10283282	10285919	10284087	2637	10284600	-1318	1319	-513
chr19	10918066	10925371	10924154	7305	10921718	-3652	3653	2436
chr19	12947728	12954867	12954165	7139	12951297	-3569	3570	2868
chr19	41431666	41436601	41432502	4935	41434133	-2467	2468	-1631
chr19	49115568	49121274	49118929	5706	49118421	-2853	2853	508
chr19	49657409	49660289	49659618	2880	49658849	-1440	1440	769
chr19	53065563	53068245	53067872	2682	53066904	-1341	1341	968
chr19	48869169	48877051	48874009	7882	48873110	-3941	3941	899
chr19	49905219	49909275	49908178	4056	49907247	-2028	2028	931
chr19	615804	618745	618718	2941	617274	-1470	1471	1444
chr19	10551020	10554757	10553952	3737	10552888	-1868	1869	1064
chr19	10918066	10925371	10920924	7305	10921718	-3652	3653	-794
chr19	47044661	47047555	47045202	2894	47046108	-1447	1447	-906
chr19	48869169	48877051	48873915	7882	48873110	-3941	3941	805
chr19	2992896	2996552	2994073	3656	2994724	-1828	1828	-651
chr19	48180679	48184271	48182626	3592	48182475	-1796	1796	151
chr19	10918066	10925371	10922150	7305	10921718	-3652	3653	432
chr19	899622	905875	900098	6253	902748	-3126	3127	-2650
chr19	48635470	48640265	48639797	4795	48637867	-2397	2398	1930
chr19	48616809	48620173	48617398	3364	48618491	-1682	1682	-1093
chr19	6751414	6755318	6754144	3904	6753366	-1952	1952	778
chr19	5915235	5919250	5917921	4015	5917242	-2007	2008	679
chr19	6751414	6755318	6754077	3904	6753366	-1952	1952	711
chr19	35633470	35637471	35633690	4001	35635470	-2000	2001	-1780
chr19	35739309	35741282	35739733	1973	35740295	-986	987	-562
chr19	58510229	58517412	58512024	7183	58513820	-3591	3592	-1796
chr19	4815945	4818196	4816997	2251	4817070	-1125	1126	-73
chr19	15111233	15118277	15113762	7044	15114755	-3522	3522	-993
chr19	41421092	41424046	41422267	2954	41422569	-1477	1477	-302
chr19	10283282	10285919	10284047	2637	10284600	-1318	1319	-553
chr19	15225066	15228429	15227566	3363	15226747	-1681	1682	819
chr19	45350389	45354350	45353241	3961	45352369	-1980	1981	872
chr19	54156260	54158450	54156808	2190	54157355	-1095	1095	-547
chr19	51712321	51713999	51713986	1678	51713160	-839	839	826
chr19	55620999	55624892	55621179	3893	55622945	-1946	1947	-1766
chr19	7517979	7523710	7519625	5731	7520844	-2865	2866	-1219
chr19	48609054	48616461	48616080	7407	48612757	-3703	3704	3323
chr19	40436373	40442438	40441397	6065	40439405	-3032	3033	1992
chr19	45883913	45887300	45884997	3387	45885606	-1693	1694	-609
chr19	35122049	35123546	35122788	1497	35122797	-748	749	-9
chr19	18780155	18786763	18786554	6608	18783459	-3304	3304	3095
chr19	9161005	9162162	9161412	1157	9161583	-578	579	-171
chr19	36002034	36005196	36003404	3162	36003615	-1581	1581	-211
chr19	4443937	4449892	4445606	5955	4446914	-2977	2978	-1308
chr19	45523576	45524892	45523860	1316	45524234	-658	658	-374
chr19	1431053	1433003	1432663	1950	1432028	-975	975	635
chr19	4320626	4325247	4323052	4621	4322936	-2310	2311	116
chr19	19512235	19515169	19514831	2934	19513702	-1467	1467	1129
chr19	45698068	45703976	45701889	5908	45701022	-2954	2954	867
chr19	49905219	49909275	49908610	4056	49907247	-2028	2028	1363
chr19	54189943	54193442	54191750	3499	54191692	-1749	1750	58
chr19	54189943	54193442	54192182	3499	54191692	-1749	1750	490
chr19	58477046	58482175	58477372	5129	58479610	-2564	2565	-2238
chr19	8323785	8327107	8324712	3322	8325446	-1661	1661	-734
chr19	19505531	19508450	19506163	2919	19506990	-1459	1460	-827
chr19	7612048	7617257	7616599	5209	7614652	-2604	2605	1947
chr19	13830912	13832341	13831164	1429	13831626	-714	715	-462
chr20	2656802	2660755	2660721	3953	2658778	-1976	1977	1943
chr20	31604028	31606449	31606051	2421	31605238	-1210	1211	813
chr20	36523651	36527134	36526987	3483	36525392	-1741	1742	1595
chr20	62879132	62881829	62881351	2697	62880480	-1348	1349	871
chr20	45944651	45951440	45947283	6789	45948045	-3394	3395	-762
chr20	3801936	3803512	3803143	1576	3802724	-788	788	419
chr20	2653059	2656391	2654838	3332	2654725	-1666	1666	113
chr20	45839998	45842888	45842030	2890	45841443	-1445	1445	587
chr20	63486787	63492274	63490591	5487	63489530	-2743	2744	1061
chr20	34707014	34711926	34710341	4912	34709470	-2456	2456	871
chr20	62879132	62881829	62879328	2697	62880480	-1348	1349	-1152
chr20	58987879	58989036	58988980	1157	58988457	-578	579	523
chr20	62879132	62881829	62879609	2697	62880480	-1348	1349	-871
chr20	45951776	45954397	45952186	2621	45953086	-1310	1311	-900
chr20	25296176	25298733	25296633	2557	25297454	-1278	1279	-821
chr20	35551774	35558123	35556206	6349	35554948	-3174	3175	1258
chr20	50083768	50088956	50084185	5188	50086362	-2594	2594	-2177
chr20	62136164	62140518	62139832	4354	62138341	-2177	2177	1491
chr20	3034627	3038180	3038101	3553	3036403	-1776	1777	1698
chr20	36777509	36782213	36777792	4704	36779861	-2352	2352	-2069
chr20	41174403	41177269	41174661	2866	41175836	-1433	1433	-1175
chr20	3226653	3231447	3230253	4794	3229050	-2397	2397	1203
chr20	2656802	2660755	2659762	3953	2658778	-1976	1977	984
chr20	3782475	3787177	3785112	4702	3784826	-2351	2351	286
chr20	41404374	41406172	41404715	1798	41405273	-899	899	-558
chr20	62136164	62140518	62139832	4354	62138341	-2177	2177	1491
chr20	34994793	35001652	34998512	6859	34998222	-3429	3430	290
chr20	325056	328482	326266	3426	326769	-1713	1713	-503
chr20	45944651	45951440	45946307	6789	45948045	-3394	3395	-1738
chr20	45944651	45951440	45947420	6789	45948045	-3394	3395	-625
chr20	62879132	62881829	62881536	2697	62880480	-1348	1349	1056
chr20	31665787	31669226	31665881	3439	31667506	-1719	1720	-1625
chr20	2653059	2656391	2655428	3332	2654725	-1666	1666	703
chr20	2656802	2660755	2656949	3953	2658778	-1976	1977	-1829
chr20	25221567	25224660	25224121	3093	25223113	-1546	1547	1008
chr20	41404374	41406172	41404730	1798	41405273	-899	899	-543
chr20	31665787	31669226	31666021	3439	31667506	-1719	1720	-1485
chr20	2656802	2660755	2659706	3953	2658778	-1976	1977	928
chr20	3226653	3231447	3229345	4794	3229050	-2397	2397	295
chr20	36523651	36527134	36526015	3483	36525392	-1741	1742	623
chr20	62879132	62881829	62881384	2697	62880480	-1348	1349	904
chr20	62879132	62881829	62881440	2697	62880480	-1348	1349	960
chr20	63699077	63702589	63701263	3512	63700833	-1756	1756	430
chr20	3782475	3787177	3784941	4702	3784826	-2351	2351	115
chr20	44909638	44912125	44910291	2487	44910881	-1243	1244	-590
chr20	62136164	62140518	62139097	4354	62138341	-2177	2177	756
chr20	3226653	3231447	3228289	4794	3229050	-2397	2397	-761
chr20	35551774	35558123	35556303	6349	35554948	-3174	3175	1355
chr20	58989238	58991728	58989495	2490	58990483	-1245	1245	-988
chr20	3804517	3807855	3804852	3338	3806186	-1669	1669	-1334
chr20	2656802	2660755	2657673	3953	2658778	-1976	1977	-1105
chr20	58713693	58715803	58715093	2110	58714748	-1055	1055	345
chr20	58713693	58715803	58715422	2110	58714748	-1055	1055	674
chr20	37401185	37408788	37403753	7603	37404986	-3801	3802	-1233
chr20	37401185	37408788	37402438	7603	37404986	-3801	3802	-2548
chr20	49113686	49115688	49114785	2002	49114687	-1001	1001	98
chr20	45839998	45842888	45841874	2890	45841443	-1445	1445	431
chr20	49236934	49239883	49239252	2949	49238408	-1474	1475	844
chr20	3782475	3787177	3785401	4702	3784826	-2351	2351	575
chr20	62796206	62799344	62798644	3138	62797775	-1569	1569	869
chr20	45839998	45842888	45840380	2890	45841443	-1445	1445	-1063
chr20	3226653	3231447	3230961	4794	3229050	-2397	2397	1911
chr20	62879132	62881829	62880547	2697	62880480	-1348	1349	67
chr20	58713693	58715803	58713884	2110	58714748	-1055	1055	-864
chr20	32433717	32435562	32435421	1845	32434639	-922	923	782
chr20	2656802	2660755	2656874	3953	2658778	-1976	1977	-1904
chr20	2656802	2660755	2657204	3953	2658778	-1976	1977	-1574
chr20	3034627	3038180	3035807	3553	3036403	-1776	1777	-596
chr20	3780397	3781668	3781297	1271	3781032	-635	636	265
chr20	34994793	35001652	34999387	6859	34998222	-3429	3430	1165
chr20	35617855	35621541	35618922	3686	35619698	-1843	1843	-776
chr20	35617855	35621541	35619709	3686	35619698	-1843	1843	11
chr20	36523651	36527134	36525884	3483	36525392	-1741	1742	492
chr20	36777509	36782213	36777682	4704	36779861	-2352	2352	-2179
chr20	58713693	58715803	58714776	2110	58714748	-1055	1055	28
chr20	41174403	41177269	41174519	2866	41175836	-1433	1433	-1317
chr20	41404374	41406172	41405181	1798	41405273	-899	899	-92
chr20	2656802	2660755	2658518	3953	2658778	-1976	1977	-260
chr20	31604028	31606449	31605670	2421	31605238	-1210	1211	432
chr20	36523651	36527134	36525869	3483	36525392	-1741	1742	477
chr20	36523651	36527134	36527049	3483	36525392	-1741	1742	1657
chr20	45944651	45951440	45946298	6789	45948045	-3394	3395	-1747
chr20	35617855	35621541	35620708	3686	35619698	-1843	1843	1010
chr20	35551774	35558123	35557191	6349	35554948	-3174	3175	2243
chr20	35551774	35558123	35557192	6349	35554948	-3174	3175	2244
chr20	31604028	31606449	31606358	2421	31605238	-1210	1211	1120
chr20	2653059	2656391	2655478	3332	2654725	-1666	1666	753
chr20	3034627	3038180	3035803	3553	3036403	-1776	1777	-600
chr20	45951776	45954397	45952597	2621	45953086	-1310	1311	-489
chr20	58713693	58715803	58713805	2110	58714748	-1055	1055	-943
chr20	41404374	41406172	41405154	1798	41405273	-899	899	-119
chr20	2653059	2656391	2655415	3332	2654725	-1666	1666	690
chr20	34994793	35001652	34998804	6859	34998222	-3429	3430	582
chr21	43774113	43778662	43774137	4549	43776387	-2274	2275	-2250
chr21	43796439	43804292	43802338	7853	43800365	-3926	3927	1973
chr21	42291242	42295606	42294637	4364	42293424	-2182	2182	1213
chr21	36143560	36147608	36146556	4048	36145584	-2024	2024	972
chr21	43774113	43778662	43774137	4549	43776387	-2274	2275	-2250
chr21	36143560	36147608	36146484	4048	36145584	-2024	2024	900
chr21	42577827	42584921	42580538	7094	42581374	-3547	3547	-836
chr21	43774113	43778662	43774181	4549	43776387	-2274	2275	-2206
chr21	36034874	36036603	36035829	1729	36035738	-864	865	91
chr21	42291242	42295606	42294553	4364	42293424	-2182	2182	1129
chr21	31671653	31673651	31671678	1998	31672652	-999	999	-974
chr21	43796439	43804292	43802355	7853	43800365	-3926	3927	1990
chr22	29323040	29330229	29329689	7189	29326634	-3594	3595	3055
chr22	30367211	30374831	30372220	7620	30371021	-3810	3810	1199
chr22	20995798	20999445	20997014	3647	20997621	-1823	1824	-607
chr22	28795417	28801882	28796204	6465	28798649	-3232	3233	-2445
chr22	41355161	41356990	41356437	1829	41356075	-914	915	362
chr22	37568057	37570836	37568199	2779	37569446	-1389	1390	-1247
chr22	38864208	38866296	38864430	2088	38865252	-1044	1044	-822
chr22	29788196	29794590	29788897	6394	29791393	-3197	3197	-2496
chr22	20110954	20116675	20112743	5721	20113814	-2860	2861	-1071
chr22	41179642	41181558	41180060	1916	41180600	-958	958	-540
chr22	19174717	19179498	19176616	4781	19177107	-2390	2391	-491
chr22	19174717	19179498	19177169	4781	19177107	-2390	2391	62
chr22	41670430	41676219	41675104	5789	41673324	-2894	2895	1780
chr22	41355161	41356990	41356373	1829	41356075	-914	915	298
chr22	49962700	49963882	49963059	1182	49963291	-591	591	-232
chr22	50216244	50223022	50220305	6778	50219633	-3389	3389	672
chr22	19969017	19974376	19973263	5359	19971696	-2679	2680	1567
chr22	29728965	29733752	29729166	4787	29731358	-2393	2394	-2192
chr22	50216244	50223022	50217414	6778	50219633	-3389	3389	-2219
chr22	31102839	31106231	31104444	3392	31104535	-1696	1696	-91
chr22	41172967	41178821	41177565	5854	41175894	-2927	2927	1671
chr22	50273833	50279279	50277944	5446	50276556	-2723	2723	1388
chr22	37181980	37185787	37182026	3807	37183883	-1903	1904	-1857
chr22	37771165	37773861	37773811	2696	37772513	-1348	1348	1298
chr22	49962700	49963882	49963378	1182	49963291	-591	591	87
chr22	30572854	30580639	30579205	7785	30576746	-3892	3893	2459
chr22	30572854	30580639	30579895	7785	30576746	-3892	3893	3149
chr22	28795417	28801882	28796984	6465	28798649	-3232	3233	-1665
chr22	40403496	40409463	40406531	5967	40406479	-2983	2984	52
chr22	50273833	50279279	50278937	5446	50276556	-2723	2723	2381
chr22	20585621	20589168	20587000	3547	20587394	-1773	1774	-394
chr22	30367211	30374831	30370719	7620	30371021	-3810	3810	-302
chr22	38730955	38732430	38732361	1475	38731692	-737	738	669
chr22	41662188	41664824	41663700	2636	41663506	-1318	1318	194
chr22	17589640	17592496	17590159	2856	17591068	-1428	1428	-909
chr22	20954096	20959285	20957451	5189	20956690	-2594	2595	761
chr22	17589640	17592496	17590214	2856	17591068	-1428	1428	-854
chr22	43132229	43133366	43133351	1137	43132797	-568	569	554
chr22	21697557	21699969	21699739	2412	21698763	-1206	1206	976
chr22	41172967	41178821	41177239	5854	41175894	-2927	2927	1345
chr22	50273833	50279279	50278967	5446	50276556	-2723	2723	2411
chr22	30924269	30929059	30926742	4790	30926664	-2395	2395	78
chr22	50216244	50223022	50221279	6778	50219633	-3389	3389	1646
chr22	19969017	19974376	19973007	5359	19971696	-2679	2680	1311
chr22	49962700	49963882	49962746	1182	49963291	-591	591	-545
chr22	50216244	50223022	50220782	6778	50219633	-3389	3389	1149
chr22	41433623	41436190	41435759	2567	41434906	-1283	1284	853
chr22	42126524	42131497	42128248	4973	42129010	-2486	2487	-762
chr22	20103351	20110263	20110177	6912	20106807	-3456	3456	3370
chr22	43132229	43133366	43133277	1137	43132797	-568	569	480
chr22	43165775	43168410	43168152	2635	43167092	-1317	1318	1060
chr22	23833506	23837325	23836882	3819	23835415	-1909	1910	1467
chr22	30367211	30374831	30371696	7620	30371021	-3810	3810	675
chr22	37805555	37807009	37806560	1454	37806282	-727	727	278
chr22	37568057	37570836	37570358	2779	37569446	-1389	1390	912
chr22	29323040	29330229	29328198	7189	29326634	-3594	3595	1564
chr22	41172967	41178821	41178812	5854	41175894	-2927	2927	2918
chr22	42126524	42131497	42129160	4973	42129010	-2486	2487	150
chr22	31324160	31329923	31327054	5763	31327041	-2881	2882	13
chr22	38485765	38488428	38485957	2663	38487096	-1331	1332	-1139
chr22	41670430	41676219	41674991	5789	41673324	-2894	2895	1667
chr22	20999779	21002994	21000143	3215	21001386	-1607	1608	-1243
chr22	46362362	46368275	46362618	5913	46365318	-2956	2957	-2700
chr22	46362362	46368275	46363036	5913	46365318	-2956	2957	-2282
chr22	46362362	46368275	46364671	5913	46365318	-2956	2957	-647
chr22	39521268	39522635	39521505	1367	39521951	-683	684	-446
chr22	38485765	38488428	38486168	2663	38487096	-1331	1332	-928
chr22	20999779	21002994	21000418	3215	21001386	-1607	1608	-968
chr22	46362362	46368275	46363148	5913	46365318	-2956	2957	-2170
chr22	50216244	50223022	50217609	6778	50219633	-3389	3389	-2024
chr22	41670430	41676219	41674833	5789	41673324	-2894	2895	1509
chr22	50194261	50200183	50197324	5922	50197222	-2961	2961	102
chr22	20999779	21002994	20999978	3215	21001386	-1607	1608	-1408
chr22	29296658	29298966	29298802	2308	29297812	-1154	1154	990
chr22	41355161	41356990	41356459	1829	41356075	-914	915	384
chr22	19875985	19878993	19878391	3008	19877489	-1504	1504	902
chr22	20110954	20116675	20114621	5721	20113814	-2860	2861	807
chr22	42126524	42131497	42127568	4973	42129010	-2486	2487	-1442
chr22	19174717	19179498	19175953	4781	19177107	-2390	2391	-1154
chr22	28795417	28801882	28797167	6465	28798649	-3232	3233	-1482
chr22	40403496	40409463	40406608	5967	40406479	-2983	2984	129
chr22	41355161	41356990	41356405	1829	41356075	-914	915	330
chr22	42126524	42131497	42127968	4973	42129010	-2486	2487	-1042
chr22	31282620	31285497	31283179	2877	31284058	-1438	1439	-879
chr22	31282620	31285497	31283137	2877	31284058	-1438	1439	-921
chr22	50216244	50223022	50220983	6778	50219633	-3389	3389	1350
chr22	21690177	21697064	21693819	6887	21693620	-3443	3444	199
chr22	40403496	40409463	40406543	5967	40406479	-2983	2984	64
chr22	20124107	20128897	20126349	4790	20126502	-2395	2395	-153
chr22	37181980	37185787	37182239	3807	37183883	-1903	1904	-1644
chr22	42126524	42131497	42128865	4973	42129010	-2486	2487	-145
chr22	43165775	43168410	43167964	2635	43167092	-1317	1318	872
chr22	38672964	38675655	38673204	2691	38674309	-1345	1346	-1105
chr22	39521268	39522635	39522336	1367	39521951	-683	684	385
chr22	43165775	43168410	43167323	2635	43167092	-1317	1318	231
chr22	40403496	40409463	40409220	5967	40406479	-2983	2984	2741
chr22	41571580	41576073	41575103	4493	41573826	-2246	2247	1277
chr22	19174717	19179498	19176631	4781	19177107	-2390	2391	-476
chr22	19969017	19974376	19973003	5359	19971696	-2679	2680	1307
chr22	17589640	17592496	17592441	2856	17591068	-1428	1428	1373
chr22	21919338	21925272	21923402	5934	21922305	-2967	2967	1097
chr22	49883756	49886773	49886109	3017	49885264	-1508	1509	845
chr22	50216244	50223022	50220974	6778	50219633	-3389	3389	1341
chr22	39521268	39522635	39521832	1367	39521951	-683	684	-119
chr22	20110954	20116675	20114682	5721	20113814	-2860	2861	868
chr22	37181980	37185787	37182478	3807	37183883	-1903	1904	-1405
chr22	21919338	21925272	21923190	5934	21922305	-2967	2967	885
chr22	20110954	20116675	20114682	5721	20113814	-2860	2861	868
chr22	29296658	29298966	29297923	2308	29297812	-1154	1154	111
chr22	20124107	20128897	20127098	4790	20126502	-2395	2395	596
chr22	19174717	19179498	19176471	4781	19177107	-2390	2391	-636
chr22	40403496	40409463	40408994	5967	40406479	-2983	2984	2515
chr22	20995798	20999445	20996936	3647	20997621	-1823	1824	-685
chr22	42086100	42089641	42087078	3541	42087870	-1770	1771	-792
chr22	19969017	19974376	19971972	5359	19971696	-2679	2680	276
chr22	41172967	41178821	41177734	5854	41175894	-2927	2927	1840
chr22	42086100	42089641	42087137	3541	42087870	-1770	1771	-733
chr22	38689243	38691607	38689340	2364	38690425	-1182	1182	-1085
chr22	40403496	40409463	40406660	5967	40406479	-2983	2984	181
chrX	48903812	48905925	48904652	2113	48904868	-1056	1057	-216
chrX	101620277	101626356	101625822	6079	101623316	-3039	3040	2506
chrX	47568246	47573308	47572892	5062	47570777	-2531	2531	2115
chrX	47635213	47640085	47636836	4872	47637649	-2436	2436	-813
chrX	53075546	53082903	53077396	7357	53079224	-3678	3679	-1828
chrX	154430430	154436086	154435732	5656	154433258	-2828	2828	2474
chrX	136510936	136512273	136511027	1337	136511604	-668	669	-577
chrX	48903812	48905925	48905094	2113	48904868	-1056	1057	226
chrX	49031401	49034065	49031447	2664	49032733	-1332	1332	-1286
chrX	150988554	150989715	150988771	1161	150989134	-580	581	-363
chrX	153792877	153798620	153798409	5743	153795748	-2871	2872	2661
chrX	54445151	54447885	54445896	2734	54446518	-1367	1367	-622
chrX	47568246	47573308	47571372	5062	47570777	-2531	2531	595
chrX	47225662	47229976	47227417	4314	47227819	-2157	2157	-402
chrX	135020669	135023563	135021867	2894	135022116	-1447	1447	-249
chrX	47225662	47229976	47226638	4314	47227819	-2157	2157	-1181
chrX	47568246	47573308	47571458	5062	47570777	-2531	2531	681
chrX	48897694	48903087	48902679	5393	48900390	-2696	2697	2289
chrX	55005073	55009259	55007016	4186	55007166	-2093	2093	-150
chrX	49171933	49174569	49173450	2636	49173251	-1318	1318	199
chrX	49175318	49182052	49178144	6734	49178685	-3367	3367	-541
chrX	53084297	53088951	53084832	4654	53086624	-2327	2327	-1792
chrX	54445151	54447885	54446399	2734	54446518	-1367	1367	-119
chrX	135020669	135023563	135021925	2894	135022116	-1447	1447	-191
chrX	48903812	48905925	48904579	2113	48904868	-1056	1057	-289
chrX	101411210	101412861	101412424	1651	101412035	-825	826	389
chrX	103585203	103587267	103585608	2064	103586235	-1032	1032	-627
chrX	48897694	48903087	48902014	5393	48900390	-2696	2697	1624
chrX	47225662	47229976	47226141	4314	47227819	-2157	2157	-1678
chrX	48897694	48903087	48902787	5393	48900390	-2696	2697	2397
chrX	53075546	53082903	53076996	7357	53079224	-3678	3679	-2228
chrX	48897694	48903087	48902787	5393	48900390	-2696	2697	2397
chrX	49066757	49069772	49068692	3015	49068264	-1507	1508	428
chrX	47568246	47573308	47569960	5062	47570777	-2531	2531	-817
chrX	135020669	135023563	135022413	2894	135022116	-1447	1447	297
chrX	53084297	53088951	53086184	4654	53086624	-2327	2327	-440
chrX	53084297	53088951	53085761	4654	53086624	-2327	2327	-863
chrX	49071473	49076049	49075222	4576	49073761	-2288	2288	1461
chrX	38803071	38805209	38805036	2138	38804140	-1069	1069	896
chrX	47568246	47573308	47572952	5062	47570777	-2531	2531	2175
chrX	53084297	53088951	53084992	4654	53086624	-2327	2327	-1632
chrX	154430430	154436086	154433657	5656	154433258	-2828	2828	399
chrX	53075546	53082903	53077768	7357	53079224	-3678	3679	-1456
chrX	107710659	107715178	107714729	4519	107712918	-2259	2260	1811
chrX	47568246	47573308	47568877	5062	47570777	-2531	2531	-1900
chrX	47568246	47573308	47571437	5062	47570777	-2531	2531	660
chrX	154019078	154023143	154019234	4065	154021110	-2032	2033	-1876
chrX	53532459	53535413	53533374	2954	53533936	-1477	1477	-562
chrX	103585203	103587267	103587237	2064	103586235	-1032	1032	1002
chrX	47225662	47229976	47226699	4314	47227819	-2157	2157	-1120
chrX	154407142	154413808	154412152	6666	154410475	-3333	3333	1677
chrX	71140300	71143843	71142312	3543	71142071	-1771	1772	241
chrX	48897694	48903087	48902355	5393	48900390	-2696	2697	1965
chrX	53084297	53088951	53084792	4654	53086624	-2327	2327	-1832
chrX	47635213	47640085	47638968	4872	47637649	-2436	2436	1319
chrX	135020669	135023563	135021834	2894	135022116	-1447	1447	-282
chrX	135020669	135023563	135022007	2894	135022116	-1447	1447	-109
chrX	49029039	49030702	49030363	1663	49029870	-831	832	493
chrX	49029039	49030702	49029998	1663	49029870	-831	832	128
chrX	55005073	55009259	55006740	4186	55007166	-2093	2093	-426
chrX	49066757	49069772	49068104	3015	49068264	-1507	1508	-160
chrX	103377697	103381538	103377713	3841	103379617	-1920	1921	-1904
chrX	48604310	48606609	48604957	2299	48605459	-1149	1150	-502
chrX	53084297	53088951	53086106	4654	53086624	-2327	2327	-518
chrX	154349249	154356270	154350960	7021	154352759	-3510	3511	-1799
chrX	48972287	48976151	48975176	3864	48974219	-1932	1932	957
chrX	154477863	154480212	154477867	2349	154479037	-1174	1175	-1170
chrX	48921922	48925582	48923718	3660	48923752	-1830	1830	-34
chrX	53084297	53088951	53086091	4654	53086624	-2327	2327	-533
chrX	47184234	47189109	47186573	4875	47186671	-2437	2438	-98
chrX	49031401	49034065	49031432	2664	49032733	-1332	1332	-1301
chrX	53532459	53535413	53534049	2954	53533936	-1477	1477	113
chrX	153943808	153947620	153943968	3812	153945714	-1906	1906	-1746
chrX	136510936	136512273	136511327	1337	136511604	-668	669	-277
chrX	54445151	54447885	54445505	2734	54446518	-1367	1367	-1013
chrX	47225662	47229976	47228731	4314	47227819	-2157	2157	912
chrX	49175318	49182052	49175895	6734	49178685	-3367	3367	-2790
chrX	136510936	136512273	136511100	1337	136511604	-668	669	-504
chrX	47225662	47229976	47228731	4314	47227819	-2157	2157	912
chrX	38803071	38805209	38804882	2138	38804140	-1069	1069	742
chrX	48706519	48708416	48707555	1897	48707467	-948	949	88
chrX	107648164	107652498	107650011	4334	107650331	-2167	2167	-320
chrX	47650969	47653922	47651813	2953	47652445	-1476	1477	-632
chrX	49071473	49076049	49074669	4576	49073761	-2288	2288	908
chrX	53075546	53082903	53077188	7357	53079224	-3678	3679	-2036
chrX	53084297	53088951	53085322	4654	53086624	-2327	2327	-1302
chrX	154477863	154480212	154477955	2349	154479037	-1174	1175	-1082
chrX	47568246	47573308	47568721	5062	47570777	-2531	2531	-2056
chrX	48903812	48905925	48905248	2113	48904868	-1056	1057	380
chrX	53532459	53535413	53534637	2954	53533936	-1477	1477	701
chrX	136510936	136512273	136511200	1337	136511604	-668	669	-404
chrX	154349249	154356270	154350950	7021	154352759	-3510	3511	-1809
chrX	71140300	71143843	71141346	3543	71142071	-1771	1772	-725
chrX	47635213	47640085	47637914	4872	47637649	-2436	2436	265
chrX	16840474	16842132	16841616	1658	16841303	-829	829	313
chrX	49175318	49182052	49175918	6734	49178685	-3367	3367	-2767
chrX	48911025	48914560	48914152	3535	48912792	-1767	1768	1360
chrX	48706519	48708416	48706563	1897	48707467	-948	949	-904
chrX	53075546	53082903	53077477	7357	53079224	-3678	3679	-1747
chrX	101411210	101412861	101412046	1651	101412035	-825	826	11
chrX	47225662	47229976	47227447	4314	47227819	-2157	2157	-372
chrX	136510936	136512273	136511147	1337	136511604	-668	669	-457
chrX	153444029	153447332	153445425	3303	153445680	-1651	1652	-255
chrX	136510936	136512273	136511747	1337	136511604	-668	669	143
chrX	101620277	101626356	101625831	6079	101623316	-3039	3040	2515
chrX	71140300	71143843	71141950	3543	71142071	-1771	1772	-121
chrX	49175318	49182052	49178410	6734	49178685	-3367	3367	-275
chrX	48897694	48903087	48902804	5393	48900390	-2696	2697	2414
chrX	48897694	48903087	48902232	5393	48900390	-2696	2697	1842
chrX	49077484	49079266	49077534	1782	49078375	-891	891	-841
chrX	48972287	48976151	48974057	3864	48974219	-1932	1932	-162
chrX	47635213	47640085	47639119	4872	47637649	-2436	2436	1470
chrX	135020669	135023563	135022086	2894	135022116	-1447	1447	-30
chrX	47635213	47640085	47639289	4872	47637649	-2436	2436	1640
chrX	49066757	49069772	49068665	3015	49068264	-1507	1508	401
chrX	49077484	49079266	49077880	1782	49078375	-891	891	-495
chrX	53084297	53088951	53087790	4654	53086624	-2327	2327	1166
chrX	55005073	55009259	55006756	4186	55007166	-2093	2093	-410
chrX	101411210	101412861	101412419	1651	101412035	-825	826	384
chrX	53084297	53088951	53085361	4654	53086624	-2327	2327	-1263
chrX	47225662	47229976	47226489	4314	47227819	-2157	2157	-1330
chrX	47568246	47573308	47568845	5062	47570777	-2531	2531	-1932
chrX	47568246	47573308	47569573	5062	47570777	-2531	2531	-1204
chrX	48897694	48903087	48903041	5393	48900390	-2696	2697	2651
chrX	49171933	49174569	49174395	2636	49173251	-1318	1318	1144
chrX	53532459	53535413	53533333	2954	53533936	-1477	1477	-603
chrX	54445151	54447885	54446376	2734	54446518	-1367	1367	-142
chrX	101620277	101626356	101625583	6079	101623316	-3039	3040	2267
chrX	119451179	119453331	119452017	2152	119452255	-1076	1076	-238
chrX	135020669	135023563	135021984	2894	135022116	-1447	1447	-132
chrX	136510936	136512273	136511836	1337	136511604	-668	669	232
chrX	153943808	153947620	153944624	3812	153945714	-1906	1906	-1090
chrX	49171933	49174569	49172024	2636	49173251	-1318	1318	-1227
chrX	55005073	55009259	55006689	4186	55007166	-2093	2093	-477
chrX	107710659	107715178	107714723	4519	107712918	-2259	2260	1805
chrX	48911025	48914560	48914106	3535	48912792	-1767	1768	1314
chrX	54445151	54447885	54446169	2734	54446518	-1367	1367	-349
chrX	49175318	49182052	49178083	6734	49178685	-3367	3367	-602
chrX	47184234	47189109	47186696	4875	47186671	-2437	2438	25
chrX	47635213	47640085	47638084	4872	47637649	-2436	2436	435
chrX	49029039	49030702	49029831	1663	49029870	-831	832	-39
chrX	49029039	49030702	49030091	1663	49029870	-831	832	221
chrX	49175318	49182052	49175594	6734	49178685	-3367	3367	-3091
chrX	53075546	53082903	53076778	7357	53079224	-3678	3679	-2446
chrX	103377697	103381538	103377762	3841	103379617	-1920	1921	-1855
chrX	136510936	136512273	136511552	1337	136511604	-668	669	-52
chrX	71140300	71143843	71141964	3543	71142071	-1771	1772	-107
chrX	101620277	101626356	101626204	6079	101623316	-3039	3040	2888
chrX	119451179	119453331	119452901	2152	119452255	-1076	1076	646
chrX	153792877	153798620	153798340	5743	153795748	-2871	2872	2592
chrX	49071473	49076049	49074867	4576	49073761	-2288	2288	1106
chrX	136510936	136512273	136511983	1337	136511604	-668	669	379
chrX	48903812	48905925	48904700	2113	48904868	-1056	1057	-168
chrX	154349249	154356270	154349730	7021	154352759	-3510	3511	-3029
chrX	135020669	135023563	135022235	2894	135022116	-1447	1447	119
chrX	53084297	53088951	53087850	4654	53086624	-2327	2327	1226
chrX	49066757	49069772	49068156	3015	49068264	-1507	1508	-108
chrX	71301279	71302444	71301782	1165	71301861	-582	583	-79
chrX	49029039	49030702	49030335	1663	49029870	-831	832	465
chrX	49175318	49182052	49175599	6734	49178685	-3367	3367	-3086
chrX	47225662	47229976	47226809	4314	47227819	-2157	2157	-1010
chrX	47635213	47640085	47639042	4872	47637649	-2436	2436	1393
chrX	47225662	47229976	47229664	4314	47227819	-2157	2157	1845
chrX	49175318	49182052	49175992	6734	49178685	-3367	3367	-2693
chrX	48897694	48903087	48902739	5393	48900390	-2696	2697	2349
chrX	154503026	154507959	154506764	4933	154505492	-2466	2467	1272
chrX	101411210	101412861	101412123	1651	101412035	-825	826	88
chrX	154012960	154014758	154013225	1798	154013859	-899	899	-634
chrX	154477863	154480212	154477906	2349	154479037	-1174	1175	-1131
chrX	48903812	48905925	48904841	2113	48904868	-1056	1057	-27
chrX	48706519	48708416	48707584	1897	48707467	-948	949	117
chrX	48706519	48708416	48707846	1897	48707467	-948	949	379
chrX	101620277	101626356	101625908	6079	101623316	-3039	3040	2592
