Chr	Start	End	Mutation	Size	Middle	Start_C	End_C	Mutations_C
chr1	181088035	181090557	181088914	2522	181089296	-1261	1261	-382
chr1	11053065	11060620	11056717	7555	11056842	-3777	3778	-125
chr1	153618818	153620573	153618854	1755	153619695	-877	878	-841
chr1	32202502	32207732	32207474	5230	32205117	-2615	2615	2357
chr1	151398646	151402348	151400643	3702	151400497	-1851	1851	146
chr1	154550069	154556304	154555955	6235	154553186	-3117	3118	2769
chr1	117366145	117368601	117368238	2456	117367373	-1228	1228	865
chr1	6208240	6214118	6212390	5878	6211179	-2939	2939	1211
chr1	150628852	150629945	150629506	1093	150629398	-546	547	108
chr1	155311963	155315533	155312373	3570	155313748	-1785	1785	-1375
chr1	171782988	171786088	171784019	3100	171784538	-1550	1550	-519
chr1	108745684	108747706	108746730	2022	108746695	-1011	1011	35
chr1	153987648	153993163	153992859	5515	153990405	-2757	2758	2454
chr1	161155682	161163352	161158123	7670	161159517	-3835	3835	-1394
chr1	1225987	1230307	1228592	4320	1228147	-2160	2160	445
chr1	6208240	6214118	6211894	5878	6211179	-2939	2939	715
chr1	202009453	202015827	202011158	6374	202012640	-3187	3187	-1482
chr1	145922684	145930160	145924521	7476	145926422	-3738	3738	-1901
chr1	150628852	150629945	150629466	1093	150629398	-546	547	68
chr1	54883378	54886375	54883745	2997	54884876	-1498	1499	-1131
chr1	85580671	85583428	85583095	2757	85582049	-1378	1379	1046
chr1	35191421	35193804	35193050	2383	35192612	-1191	1192	438
chr1	217630683	217631982	217631406	1299	217631332	-649	650	74
chr1	154957990	154962939	154958907	4949	154960464	-2474	2475	-1557
chr1	107055484	107058627	107057655	3143	107057055	-1571	1572	600
chr1	23801151	23802547	23802404	1396	23801849	-698	698	555
chr1	225922594	225924596	225924126	2002	225923595	-1001	1001	531
chr1	179081135	179085889	179085633	4754	179083512	-2377	2377	2121
chr1	109248872	109255065	109251479	6193	109251968	-3096	3097	-489
chr1	161212057	161216693	161214164	4636	161214375	-2318	2318	-211
chr1	149886886	149889648	149887265	2762	149888267	-1381	1381	-1002
chr1	153972617	153977782	153974817	5165	153975199	-2582	2583	-382
chr1	42816044	42817506	42816441	1462	42816775	-731	731	-334
chr1	155060158	155062797	155062509	2639	155061477	-1319	1320	1032
chr1	45002551	45008655	45008510	6104	45005603	-3052	3052	2907
chr1	85580671	85583428	85582466	2757	85582049	-1378	1379	417
chr1	114713576	114714496	114713920	920	114714036	-460	460	-116
chr1	155135584	155138430	155137693	2846	155137007	-1423	1423	686
chr1	156730411	156736365	156732329	5954	156733388	-2977	2977	-1059
chr1	161114984	161121140	161118016	6156	161118062	-3078	3078	-46
chr1	179081135	179085889	179085752	4754	179083512	-2377	2377	2240
chr1	200407901	200411046	200408991	3145	200409473	-1572	1573	-482
chr1	110337341	110343026	110342101	5685	110340183	-2842	2843	1918
chr1	1915137	1918067	1916828	2930	1916602	-1465	1465	226
chr1	58575507	58578070	58576516	2563	58576788	-1281	1282	-272
chr1	44776008	44781385	44777615	5377	44778696	-2688	2689	-1081
chr1	147170461	147173383	147172039	2922	147171922	-1461	1461	117
chr1	150806278	150808039	150806710	1761	150807158	-880	881	-448
chr1	153972617	153977782	153973257	5165	153975199	-2582	2583	-1942
chr1	154205320	154207175	154205607	1855	154206247	-927	928	-640
chr1	154957990	154962939	154959512	4949	154960464	-2474	2475	-952
chr1	154990293	154995153	154993642	4860	154992723	-2430	2430	919
chr1	155060158	155062797	155062548	2639	155061477	-1319	1320	1071
chr1	155182105	155186992	155183813	4887	155184548	-2443	2444	-735
chr1	179591159	179593494	179592602	2335	179592326	-1167	1168	276
chr1	202965290	202968233	202966775	2943	202966761	-1471	1472	14
chr1	150281278	150286016	150283554	4738	150283647	-2369	2369	-93
chr1	156724943	156729343	156729215	4400	156727143	-2200	2200	2072
chr1	205748437	205751180	205750235	2743	205749808	-1371	1372	427
chr1	155123365	155128727	155127956	5362	155126046	-2681	2681	1910
chr1	181088035	181090557	181088945	2522	181089296	-1261	1261	-351
chr1	200737832	200740952	200739795	3120	200739392	-1560	1560	403
chr1	107055484	107058627	107057976	3143	107057055	-1571	1572	921
chr1	6208240	6214118	6210593	5878	6211179	-2939	2939	-586
chr1	26182702	26187437	26187188	4735	26185069	-2367	2368	2119
chr1	155941011	155944906	155942473	3895	155942958	-1947	1948	-485
chr1	149886886	149889648	149887475	2762	149888267	-1381	1381	-792
chr1	155316281	155318924	155318278	2643	155317602	-1321	1322	676
chr1	151398646	151402348	151400649	3702	151400497	-1851	1851	152
chr1	204409849	204412233	204410071	2384	204411041	-1192	1192	-970
chr1	43975882	43977538	43976304	1656	43976710	-828	828	-406
chr1	103525990	103528626	103526221	2636	103527308	-1318	1318	-1087
chr1	211577062	211579845	211578515	2783	211578453	-1391	1392	62
chr1	11053065	11060620	11059273	7555	11056842	-3777	3778	2431
chr1	44353257	44355666	44354913	2409	44354461	-1204	1205	452
chr1	154267602	154273307	154268785	5705	154270454	-2852	2853	-1669
chr1	161097517	161099932	161098646	2415	161098724	-1207	1208	-78
chr1	161169074	161171462	161169695	2388	161170268	-1194	1194	-573
chr1	155279859	155286466	155282415	6607	155283162	-3303	3304	-747
chr1	155263029	155264030	155263318	1001	155263529	-500	501	-211
chr1	244862886	244865743	244864013	2857	244864314	-1428	1429	-301
chr1	160207714	160211604	160208588	3890	160209659	-1945	1945	-1071
chr1	26468716	26469811	26469326	1095	26469263	-547	548	63
chr1	1915137	1918067	1916819	2930	1916602	-1465	1465	217
chr1	45617194	45623000	45621953	5806	45620097	-2903	2903	1856
chr1	58780835	58786137	58782713	5302	58783486	-2651	2651	-773
chr1	179881808	179884251	179882722	2443	179883029	-1221	1222	-307
chr1	150263349	150270167	150266105	6818	150266758	-3409	3409	-653
chr1	150263349	150270167	150268047	6818	150266758	-3409	3409	1289
chr1	33321856	33324631	33323806	2775	33323243	-1387	1388	563
chr1	153726126	153729276	153728498	3150	153727701	-1575	1575	797
chr1	179881808	179884251	179882928	2443	179883029	-1221	1222	-101
chr1	963535	968263	964004	4728	965899	-2364	2364	-1895
chr1	165827331	165829350	165827843	2019	165828340	-1009	1010	-497
chr1	42816044	42817506	42816492	1462	42816775	-731	731	-283
chr1	149809835	149812197	149812029	2362	149811016	-1181	1181	1013
chr1	149809835	149812197	149812186	2362	149811016	-1181	1181	1170
chr1	212791154	212795138	212791541	3984	212793146	-1992	1992	-1605
chr1	149886886	149889648	149887046	2762	149888267	-1381	1381	-1221
chr1	155263029	155264030	155263227	1001	155263529	-500	501	-302
chr1	119139880	119141436	119140477	1556	119140658	-778	778	-181
chr1	149886886	149889648	149887316	2762	149888267	-1381	1381	-951
chr1	212857309	212858910	212858612	1601	212858109	-800	801	503
chr1	155941011	155944906	155942618	3895	155942958	-1947	1948	-340
chr1	154220157	154222474	154220535	2317	154221315	-1158	1159	-780
chr1	107055484	107058627	107057145	3143	107057055	-1571	1572	90
chr1	119139880	119141436	119140614	1556	119140658	-778	778	-44
chr1	155258652	155262911	155262143	4259	155260781	-2129	2130	1362
chr1	155910293	155913049	155910768	2756	155911671	-1378	1378	-903
chr1	182602793	182605370	182603327	2577	182604081	-1288	1289	-754
chr1	15832555	15835973	15835617	3418	15834264	-1709	1709	1353
chr1	179591159	179593494	179592848	2335	179592326	-1167	1168	522
chr1	231335731	231337193	231336323	1462	231336462	-731	731	-139
chr1	6208240	6214118	6211967	5878	6211179	-2939	2939	788
chr1	156740046	156745779	156742576	5733	156742912	-2866	2867	-336
chr1	155129000	155131746	155131361	2746	155130373	-1373	1373	988
chr1	151398646	151402348	151399711	3702	151400497	-1851	1851	-786
chr1	150576214	150582535	150578456	6321	150579374	-3160	3161	-918
chr1	153726126	153729276	153728607	3150	153727701	-1575	1575	906
chr1	45617194	45623000	45622814	5806	45620097	-2903	2903	2717
chr1	67684293	67689096	67687841	4803	67686694	-2401	2402	1147
chr1	109506641	109510014	109507542	3373	109508327	-1686	1687	-785
chr1	150263349	150270167	150268720	6818	150266758	-3409	3409	1962
chr1	154550069	154556304	154555518	6235	154553186	-3117	3118	2332
chr1	26889215	26895939	26893404	6724	26892577	-3362	3362	827
chr1	156737293	156739225	156738361	1932	156738259	-966	966	102
chr1	108690135	108693399	108692600	3264	108691767	-1632	1632	833
chr1	154967340	154975235	154974854	7895	154971287	-3947	3948	3567
chr1	145922684	145930160	145926820	7476	145926422	-3738	3738	398
chr1	156050621	156055890	156054935	5269	156053255	-2634	2635	1680
chr1	154323517	154328328	154327817	4811	154325922	-2405	2406	1895
chr1	26468716	26469811	26468962	1095	26469263	-547	548	-301
chr1	150263349	150270167	150266092	6818	150266758	-3409	3409	-666
chr1	113903555	113906812	113904697	3257	113905183	-1628	1629	-486
chr1	149926901	149928413	149927847	1512	149927657	-756	756	190
chr1	160342439	160347117	160344806	4678	160344778	-2339	2339	28
chr1	156724943	156729343	156727239	4400	156727143	-2200	2200	96
chr1	200407901	200411046	200409095	3145	200409473	-1572	1573	-378
chr1	109248872	109255065	109250590	6193	109251968	-3096	3097	-1378
chr1	200407901	200411046	200408787	3145	200409473	-1572	1573	-686
chr1	150263349	150270167	150266043	6818	150266758	-3409	3409	-715
chr1	110337341	110343026	110341965	5685	110340183	-2842	2843	1782
chr1	204409849	204412233	204410670	2384	204411041	-1192	1192	-371
chr1	10032263	10034091	10033647	1828	10033177	-914	914	470
chr1	155129000	155131746	155131400	2746	155130373	-1373	1373	1027
chr1	181088035	181090557	181089816	2522	181089296	-1261	1261	520
chr1	43934167	43937911	43936688	3744	43936039	-1872	1872	649
chr1	156019260	156021904	156020137	2644	156020582	-1322	1322	-445
chr1	204409849	204412233	204409881	2384	204411041	-1192	1192	-1160
chr1	181088035	181090557	181089838	2522	181089296	-1261	1261	542
chr1	85580671	85583428	85582140	2757	85582049	-1378	1379	91
chr1	43386394	43389005	43386600	2611	43387699	-1305	1306	-1099
chr1	171485337	171486697	171485616	1360	171486017	-680	680	-401
chr1	75794744	75798401	75797098	3657	75796572	-1828	1829	526
chr1	110337341	110343026	110339967	5685	110340183	-2842	2843	-216
chr1	155060158	155062797	155060270	2639	155061477	-1319	1320	-1207
chr1	155910293	155913049	155910801	2756	155911671	-1378	1378	-870
chr1	231335731	231337193	231336641	1462	231336462	-731	731	179
chr1	149922555	149924928	149923867	2373	149923741	-1186	1187	126
chr1	161037575	161039474	161038626	1899	161038524	-949	950	102
chr1	43386394	43389005	43386588	2611	43387699	-1305	1306	-1111
chr1	221738029	221743527	221739148	5498	221740778	-2749	2749	-1630
chr1	40691214	40692994	40691830	1780	40692104	-890	890	-274
chr1	44782831	44785213	44784666	2382	44784022	-1191	1191	644
chr1	211577062	211579845	211578403	2783	211578453	-1391	1392	-50
chr1	150624553	150628092	150627541	3539	150626322	-1769	1770	1219
chr1	160207714	160211604	160208571	3890	160209659	-1945	1945	-1088
chr1	155941011	155944906	155942696	3895	155942958	-1947	1948	-262
chr1	35191421	35193804	35192966	2383	35192612	-1191	1192	354
chr1	202965290	202968233	202965934	2943	202966761	-1471	1472	-827
chr1	182389903	182392762	182390627	2859	182391332	-1429	1430	-705
chr1	155263029	155264030	155263978	1001	155263529	-500	501	449
chr1	109248872	109255065	109250506	6193	109251968	-3096	3097	-1462
chr1	85580671	85583428	85582550	2757	85582049	-1378	1379	501
chr1	108690135	108693399	108692841	3264	108691767	-1632	1632	1074
chr1	109248872	109255065	109252821	6193	109251968	-3096	3097	853
chr1	110337341	110343026	110341651	5685	110340183	-2842	2843	1468
chr1	145922684	145930160	145927069	7476	145926422	-3738	3738	647
chr1	154990293	154995153	154993959	4860	154992723	-2430	2430	1236
chr1	156724943	156729343	156727227	4400	156727143	-2200	2200	84
chr1	161114984	161121140	161119186	6156	161118062	-3078	3078	1124
chr1	28736003	28738275	28737576	2272	28737139	-1136	1136	437
chr1	113389727	113392011	113391110	2284	113390869	-1142	1142	241
chr1	149886886	149889648	149887097	2762	149888267	-1381	1381	-1170
chr1	149886886	149889648	149887749	2762	149888267	-1381	1381	-518
chr1	150010034	150011228	150010534	1194	150010631	-597	597	-97
chr1	154557208	154559359	154558274	2151	154558283	-1075	1076	-9
chr1	155123365	155128727	155127922	5362	155126046	-2681	2681	1876
chr1	170530649	170532969	170532249	2320	170531809	-1160	1160	440
chr1	202806770	202810255	202808327	3485	202808512	-1742	1743	-185
chr1	213013687	213015882	213015757	2195	213014784	-1097	1098	973
chr1	230867944	230869662	230868263	1718	230868803	-859	859	-540
chr1	233612940	233615921	233614348	2981	233614430	-1490	1491	-82
chr1	247328471	247333305	247329571	4834	247330888	-2417	2417	-1317
chr1	109248872	109255065	109252282	6193	109251968	-3096	3097	314
chr1	153972617	153977782	153972784	5165	153975199	-2582	2583	-2415
chr1	156740046	156745779	156744187	5733	156742912	-2866	2867	1275
chr1	161212057	161216693	161213712	4636	161214375	-2318	2318	-663
chr1	212791154	212795138	212795101	3984	212793146	-1992	1992	1955
chr1	43975882	43977538	43976634	1656	43976710	-828	828	-76
chr1	153664973	153671246	153668547	6273	153668109	-3136	3137	438
chr1	155608482	155610865	155610305	2383	155609673	-1191	1192	632
chr1	149886886	149889648	149887584	2762	149888267	-1381	1381	-683
chr1	32202502	32207732	32203925	5230	32205117	-2615	2615	-1192
chr1	155941011	155944906	155942707	3895	155942958	-1947	1948	-251
chr1	108196022	108202974	108200029	6952	108199498	-3476	3476	531
chr1	99968800	99972302	99970596	3502	99970551	-1751	1751	45
chr1	109490617	109492495	109491164	1878	109491556	-939	939	-392
chr1	46342274	46344456	46343745	2182	46343365	-1091	1091	380
chr1	45002551	45008655	45008366	6104	45005603	-3052	3052	2763
chr1	202965290	202968233	202966024	2943	202966761	-1471	1472	-737
chr1	153972617	153977782	153973244	5165	153975199	-2582	2583	-1955
chr1	43975882	43977538	43977242	1656	43976710	-828	828	532
chr1	26861549	26865396	26863246	3847	26863472	-1923	1924	-226
chr1	109493684	109496694	109496394	3010	109495189	-1505	1505	1205
chr1	6577938	6581497	6579224	3559	6579717	-1779	1780	-493
chr1	154990293	154995153	154990329	4860	154992723	-2430	2430	-2394
chr1	155258652	155262911	155260487	4259	155260781	-2129	2130	-294
chr1	155561671	155563733	155562125	2062	155562702	-1031	1031	-577
chr1	151252731	151255073	151254764	2342	151253902	-1171	1171	862
chr1	153972617	153977782	153974637	5165	153975199	-2582	2583	-562
chr1	32202502	32207732	32207279	5230	32205117	-2615	2615	2162
chr1	109248872	109255065	109251449	6193	109251968	-3096	3097	-519
chr1	42849144	42852262	42849474	3118	42850703	-1559	1559	-1229
chr1	155258652	155262911	155258931	4259	155260781	-2129	2130	-1850
chr1	212791154	212795138	212791682	3984	212793146	-1992	1992	-1464
chr1	153951063	153956383	153954889	5320	153953723	-2660	2660	1166
chr1	160342439	160347117	160344500	4678	160344778	-2339	2339	-278
chr1	151538666	151545989	151540355	7323	151542327	-3661	3662	-1972
chr1	145922684	145930160	145927411	7476	145926422	-3738	3738	989
chr1	109112823	109115086	109114315	2263	109113954	-1131	1132	361
chr1	6208240	6214118	6213167	5878	6211179	-2939	2939	1988
chr1	26861549	26865396	26863230	3847	26863472	-1923	1924	-242
chr1	26861549	26865396	26863581	3847	26863472	-1923	1924	109
chr1	37805349	37809614	37806902	4265	37807481	-2132	2133	-579
chr1	43934167	43937911	43935602	3744	43936039	-1872	1872	-437
chr1	43944302	43948590	43947641	4288	43946446	-2144	2144	1195
chr1	109248872	109255065	109253086	6193	109251968	-3096	3097	1118
chr1	110337341	110343026	110342023	5685	110340183	-2842	2843	1840
chr1	113903555	113906812	113904657	3257	113905183	-1628	1629	-526
chr1	117366145	117368601	117368303	2456	117367373	-1228	1228	930
chr1	149809835	149812197	149811694	2362	149811016	-1181	1181	678
chr1	149809835	149812197	149812114	2362	149811016	-1181	1181	1098
chr1	149926901	149928413	149927840	1512	149927657	-756	756	183
chr1	151034134	151037655	151034295	3521	151035894	-1760	1761	-1599
chr1	151198717	151202076	151199079	3359	151200396	-1679	1680	-1317
chr1	155251269	155253682	155253554	2413	155252475	-1206	1207	1079
chr1	155319387	155320229	155319905	842	155319808	-421	421	97
chr1	155561671	155563733	155562141	2062	155562702	-1031	1031	-561
chr1	161097517	161099932	161099669	2415	161098724	-1207	1208	945
chr1	181088035	181090557	181088777	2522	181089296	-1261	1261	-519
chr1	181088035	181090557	181089808	2522	181089296	-1261	1261	512
chr1	183634877	183636779	183635581	1902	183635828	-951	951	-247
chr1	151457515	151459723	151459444	2208	151458619	-1104	1104	825
chr1	23979715	23982041	23980312	2326	23980878	-1163	1163	-566
chr1	200407901	200411046	200408596	3145	200409473	-1572	1573	-877
chr1	149886886	149889648	149887226	2762	149888267	-1381	1381	-1041
chr1	156737293	156739225	156738733	1932	156738259	-966	966	474
chr1	179881808	179884251	179882581	2443	179883029	-1221	1222	-448
chr1	154220157	154222474	154220456	2317	154221315	-1158	1159	-859
chr1	26889215	26895939	26892705	6724	26892577	-3362	3362	128
chr1	109506641	109510014	109507830	3373	109508327	-1686	1687	-497
chr1	145922684	145930160	145925919	7476	145926422	-3738	3738	-503
chr1	150148311	150155523	150150956	7212	150151917	-3606	3606	-961
chr1	161155682	161163352	161163061	7670	161159517	-3835	3835	3544
chr1	161169074	161171462	161169660	2388	161170268	-1194	1194	-608
chr1	161212057	161216693	161214188	4636	161214375	-2318	2318	-187
chr1	200737832	200740952	200739937	3120	200739392	-1560	1560	545
chr1	244862886	244865743	244864004	2857	244864314	-1428	1429	-310
chr1	1655356	1657018	1655433	1662	1656187	-831	831	-754
chr1	45002551	45008655	45008334	6104	45005603	-3052	3052	2731
chr1	153957573	153959110	153958529	1537	153958341	-768	769	188
chr1	154967340	154975235	154974883	7895	154971287	-3947	3948	3596
chr1	161155682	161163352	161162623	7670	161159517	-3835	3835	3106
chr1	151034134	151037655	151037523	3521	151035894	-1760	1761	1629
chr1	109506641	109510014	109507883	3373	109508327	-1686	1687	-444
chr1	155135584	155138430	155136931	2846	155137007	-1423	1423	-76
chr1	43975882	43977538	43976100	1656	43976710	-828	828	-610
chr1	62435646	62438023	62437139	2377	62436834	-1188	1189	305
chr1	151398646	151402348	151400862	3702	151400497	-1851	1851	365
chr1	26470760	26473631	26473504	2871	26472195	-1435	1436	1309
chr1	150263349	150270167	150264851	6818	150266758	-3409	3409	-1907
chr1	150281278	150286016	150283329	4738	150283647	-2369	2369	-318
chr1	151252731	151255073	151254792	2342	151253902	-1171	1171	890
chr1	155561671	155563733	155562177	2062	155562702	-1031	1031	-525
chr1	6577938	6581497	6580703	3559	6579717	-1779	1780	986
chr1	247328471	247333305	247329364	4834	247330888	-2417	2417	-1524
chr1	155258652	155262911	155262115	4259	155260781	-2129	2130	1334
chr1	27363084	27367245	27364874	4161	27365164	-2080	2081	-290
chr1	2388166	2392941	2388258	4775	2390553	-2387	2388	-2295
chr1	37793304	37796034	37795729	2730	37794669	-1365	1365	1060
chr1	221738029	221743527	221739725	5498	221740778	-2749	2749	-1053
chr1	36087282	36090966	36087974	3684	36089124	-1842	1842	-1150
chr1	963535	968263	966556	4728	965899	-2364	2364	657
chr1	37552317	37555665	37552687	3348	37553991	-1674	1674	-1304
chr1	109248872	109255065	109252998	6193	109251968	-3096	3097	1030
chr1	150263349	150270167	150268720	6818	150266758	-3409	3409	1962
chr1	155608482	155610865	155610258	2383	155609673	-1191	1192	585
chr1	202965290	202968233	202965456	2943	202966761	-1471	1472	-1305
chr1	161114984	161121140	161118053	6156	161118062	-3078	3078	-9
chr1	156010655	156011406	156010949	751	156011030	-375	376	-81
chr1	58575507	58578070	58576516	2563	58576788	-1281	1282	-272
chr1	153987648	153993163	153991226	5515	153990405	-2757	2758	821
chr1	155258652	155262911	155260520	4259	155260781	-2129	2130	-261
chr1	200407901	200411046	200408388	3145	200409473	-1572	1573	-1085
chr1	150628852	150629945	150629438	1093	150629398	-546	547	40
chr1	1655356	1657018	1655385	1662	1656187	-831	831	-802
chr1	108745684	108747706	108746761	2022	108746695	-1011	1011	66
chr1	2388166	2392941	2388291	4775	2390553	-2387	2388	-2262
chr1	233612940	233615921	233614217	2981	233614430	-1490	1491	-213
chr1	45617194	45623000	45622606	5806	45620097	-2903	2903	2509
chr1	200407901	200411046	200408924	3145	200409473	-1572	1573	-549
chr1	6208240	6214118	6212824	5878	6211179	-2939	2939	1645
chr1	151398646	151402348	151401509	3702	151400497	-1851	1851	1012
chr1	161121454	161124393	161121830	2939	161122923	-1469	1470	-1093
chr1	6208240	6214118	6212869	5878	6211179	-2939	2939	1690
chr1	37805349	37809614	37809109	4265	37807481	-2132	2133	1628
chr1	156050621	156055890	156051798	5269	156053255	-2634	2635	-1457
chr1	155135584	155138430	155137999	2846	155137007	-1423	1423	992
chr1	182598739	182602667	182600396	3928	182600703	-1964	1964	-307
chr1	204409849	204412233	204410137	2384	204411041	-1192	1192	-904
chr1	204409849	204412233	204411241	2384	204411041	-1192	1192	200
chr1	6577938	6581497	6580741	3559	6579717	-1779	1780	1024
chr1	220270289	220273013	220272240	2724	220271651	-1362	1362	589
chr1	156050621	156055890	156051755	5269	156053255	-2634	2635	-1500
chr1	149886886	149889648	149887261	2762	149888267	-1381	1381	-1006
chr1	154267602	154273307	154272677	5705	154270454	-2852	2853	2223
chr1	2226608	2232196	2229410	5588	2229402	-2794	2794	8
chr1	221738029	221743527	221739699	5498	221740778	-2749	2749	-1079
chr1	202003943	202005525	202004445	1582	202004734	-791	791	-289
chr1	150281278	150286016	150283549	4738	150283647	-2369	2369	-98
chr1	45617194	45623000	45622793	5806	45620097	-2903	2903	2696
chr1	170530649	170532969	170532262	2320	170531809	-1160	1160	453
chr1	150576214	150582535	150578883	6321	150579374	-3160	3161	-491
chr1	150263349	150270167	150268061	6818	150266758	-3409	3409	1303
chr1	58780835	58786137	58782737	5302	58783486	-2651	2651	-749
chr1	6208240	6214118	6212368	5878	6211179	-2939	2939	1189
chr1	221738029	221743527	221739023	5498	221740778	-2749	2749	-1755
chr1	149886886	149889648	149887004	2762	149888267	-1381	1381	-1263
chr1	100896224	100897238	100896248	1014	100896731	-507	507	-483
chr1	26889215	26895939	26891047	6724	26892577	-3362	3362	-1530
chr1	154990293	154995153	154992746	4860	154992723	-2430	2430	23
chr1	154990293	154995153	154993659	4860	154992723	-2430	2430	936
chr1	170530649	170532969	170532179	2320	170531809	-1160	1160	370
chr1	151252731	151255073	151254781	2342	151253902	-1171	1171	879
chr1	212791154	212795138	212791784	3984	212793146	-1992	1992	-1362
chr1	109248872	109255065	109252099	6193	109251968	-3096	3097	131
chr1	109248872	109255065	109253158	6193	109251968	-3096	3097	1190
chr1	114715912	114720053	114719652	4141	114717982	-2070	2071	1670
chr1	155319387	155320229	155319905	842	155319808	-421	421	97
chr1	167220890	167222995	167220939	2105	167221942	-1052	1053	-1003
chr2	20446206	20449414	20447368	3208	20447810	-1604	1604	-442
chr2	74455676	74463041	74458494	7365	74459358	-3682	3683	-864
chr2	27366916	27371519	27369462	4603	27369217	-2301	2302	245
chr2	3573921	3577932	3576853	4011	3575926	-2005	2006	927
chr2	3573921	3577932	3577807	4011	3575926	-2005	2006	1881
chr2	43224041	43228188	43226311	4147	43226114	-2073	2074	197
chr2	206158618	206161366	206159979	2748	206159992	-1374	1374	-13
chr2	27326247	27330333	27327185	4086	27328290	-2043	2043	-1105
chr2	152716422	152719307	152717343	2885	152717864	-1442	1443	-521
chr2	152716422	152719307	152718833	2885	152717864	-1442	1443	969
chr2	47173347	47177506	47176461	4159	47175426	-2079	2080	1035
chr2	152716422	152719307	152717456	2885	152717864	-1442	1443	-408
chr2	219219419	219226383	219223683	6964	219222901	-3482	3482	782
chr2	219165702	219171061	219168223	5359	219168381	-2679	2680	-158
chr2	226794931	226800731	226798253	5800	226797831	-2900	2900	422
chr2	108786116	108787294	108786763	1178	108786705	-589	589	58
chr2	202033536	202035574	202035314	2038	202034555	-1019	1019	759
chr2	74455676	74463041	74461781	7365	74459358	-3682	3683	2423
chr2	97647674	97648428	97648053	754	97648051	-377	377	2
chr2	219219419	219226383	219224520	6964	219222901	-3482	3482	1619
chr2	238096683	238101037	238096850	4354	238098860	-2177	2177	-2010
chr2	27366916	27371519	27368418	4603	27369217	-2301	2302	-799
chr2	27326247	27330333	27329482	4086	27328290	-2043	2043	1192
chr2	219246512	219249251	219247119	2739	219247881	-1369	1370	-762
chr2	202033536	202035574	202034915	2038	202034555	-1019	1019	360
chr2	219165702	219171061	219168235	5359	219168381	-2679	2680	-146
chr2	207164426	207167377	207165501	2951	207165901	-1475	1476	-400
chr2	177209719	177217070	177215620	7351	177213394	-3675	3676	2226
chr2	27215021	27218605	27217419	3584	27216813	-1792	1792	606
chr2	241352456	241356928	241353906	4472	241354692	-2236	2236	-786
chr2	20446206	20449414	20448392	3208	20447810	-1604	1604	582
chr2	74523191	74527879	74527875	4688	74525535	-2344	2344	2340
chr2	226794931	226800731	226798447	5800	226797831	-2900	2900	616
chr2	27366916	27371519	27368425	4603	27369217	-2301	2302	-792
chr2	74523191	74527879	74525070	4688	74525535	-2344	2344	-465
chr2	27033742	27040251	27039803	6509	27036996	-3254	3255	2807
chr2	46539551	46543340	46543040	3789	46541445	-1894	1895	1595
chr2	96265583	96268882	96267626	3299	96267232	-1649	1650	394
chr2	109613137	109617205	109615915	4068	109615171	-2034	2034	744
chr2	27326247	27330333	27328849	4086	27328290	-2043	2043	559
chr2	65226749	65229182	65227866	2433	65227965	-1216	1217	-99
chr2	3573921	3577932	3576580	4011	3575926	-2005	2006	654
chr2	45649161	45653796	45652302	4635	45651478	-2317	2318	824
chr2	9629799	9632328	9630241	2529	9631063	-1264	1265	-822
chr2	45649161	45653796	45652356	4635	45651478	-2317	2318	878
chr2	74832746	74839228	74834539	6482	74835987	-3241	3241	-1448
chr2	108532659	108535728	108534135	3069	108534193	-1534	1535	-58
chr2	216497666	216500537	216499268	2871	216499101	-1435	1436	167
chr2	108786116	108787294	108786876	1178	108786705	-589	589	171
chr2	42762524	42765782	42762862	3258	42764153	-1629	1629	-1291
chr2	27366916	27371519	27370051	4603	27369217	-2301	2302	834
chr2	27326247	27330333	27327274	4086	27328290	-2043	2043	-1016
chr2	173962204	173968116	173965169	5912	173965160	-2956	2956	9
chr2	20446206	20449414	20447783	3208	20447810	-1604	1604	-27
chr2	36355081	36357590	36356556	2509	36356335	-1254	1255	221
chr2	226794931	226800731	226796540	5800	226797831	-2900	2900	-1291
chr2	226794931	226800731	226798070	5800	226797831	-2900	2900	239
chr2	27366916	27371519	27369035	4603	27369217	-2301	2302	-182
chr2	85598558	85604590	85601283	6032	85601574	-3016	3016	-291
chr2	112644967	112648182	112647439	3215	112646574	-1607	1608	865
chr2	74455676	74463041	74462039	7365	74459358	-3682	3683	2681
chr2	24917068	24923035	24918657	5967	24920051	-2983	2984	-1394
chr2	43224041	43228188	43225731	4147	43226114	-2073	2074	-383
chr2	105338984	105340234	105339684	1250	105339609	-625	625	75
chr2	38749423	38751729	38751479	2306	38750576	-1153	1153	903
chr2	112644967	112648182	112647329	3215	112646574	-1607	1608	755
chr2	130341831	130348782	130345654	6951	130345306	-3475	3476	348
chr2	27040643	27041859	27041092	1216	27041251	-608	608	-159
chr2	10121372	10124040	10123386	2668	10122706	-1334	1334	680
chr2	130341831	130348782	130346270	6951	130345306	-3475	3476	964
chr2	219219419	219226383	219222701	6964	219222901	-3482	3482	-200
chr2	226794931	226800731	226797909	5800	226797831	-2900	2900	78
chr2	42762524	42765782	42763524	3258	42764153	-1629	1629	-629
chr2	27210208	27213081	27212274	2873	27211644	-1436	1437	630
chr2	74523191	74527879	74523471	4688	74525535	-2344	2344	-2064
chr2	27033742	27040251	27036505	6509	27036996	-3254	3255	-491
chr2	43224041	43228188	43226295	4147	43226114	-2073	2074	181
chr2	20446206	20449414	20447828	3208	20447810	-1604	1604	18
chr2	216497666	216500537	216498809	2871	216499101	-1435	1436	-292
chr2	219165702	219171061	219170000	5359	219168381	-2679	2680	1619
chr2	96205831	96210391	96208835	4560	96208111	-2280	2280	724
chr2	99140686	99143872	99141560	3186	99142279	-1593	1593	-719
chr2	108786116	108787294	108786786	1178	108786705	-589	589	81
chr2	202033536	202035574	202034731	2038	202034555	-1019	1019	176
chr2	202033536	202035574	202035041	2038	202034555	-1019	1019	486
chr2	226794931	226800731	226798375	5800	226797831	-2900	2900	544
chr2	27215021	27218605	27215699	3584	27216813	-1792	1792	-1114
chr2	45649161	45653796	45652179	4635	45651478	-2317	2318	701
chr2	231395126	231400896	231398323	5770	231398011	-2885	2885	312
chr2	42762524	42765782	42763714	3258	42764153	-1629	1629	-439
chr2	20446206	20449414	20447429	3208	20447810	-1604	1604	-381
chr2	24075775	24078862	24076286	3087	24077318	-1543	1544	-1032
chr2	64450650	64456049	64455395	5399	64453349	-2699	2700	2046
chr2	74958378	74960406	74958670	2028	74959392	-1014	1014	-722
chr2	74958378	74960406	74958812	2028	74959392	-1014	1014	-580
chr2	101252195	101254541	101253281	2346	101253368	-1173	1173	-87
chr2	148643731	148646267	148645153	2536	148644999	-1268	1268	154
chr2	152716422	152719307	152718751	2885	152717864	-1442	1443	887
chr2	206158618	206161366	206159830	2748	206159992	-1374	1374	-162
chr2	177209719	177217070	177215861	7351	177213394	-3675	3676	2467
chr2	231395126	231400896	231397927	5770	231398011	-2885	2885	-84
chr2	73830077	73831993	73830959	1916	73831035	-958	958	-76
chr2	85598558	85604590	85599918	6032	85601574	-3016	3016	-1656
chr2	27040643	27041859	27040894	1216	27041251	-608	608	-357
chr2	226794931	226800731	226798601	5800	226797831	-2900	2900	770
chr2	74455676	74463041	74457708	7365	74459358	-3682	3683	-1650
chr2	202033536	202035574	202035524	2038	202034555	-1019	1019	969
chr2	27033742	27040251	27035611	6509	27036996	-3254	3255	-1385
chr2	37230577	37232196	37231710	1619	37231386	-809	810	324
chr2	20446206	20449414	20447502	3208	20447810	-1604	1604	-308
chr2	219219419	219226383	219222382	6964	219222901	-3482	3482	-519
chr2	74455676	74463041	74462607	7365	74459358	-3682	3683	3249
chr2	27033742	27040251	27035173	6509	27036996	-3254	3255	-1823
chr2	218661919	218663653	218662575	1734	218662786	-867	867	-211
chr2	70991671	70995260	70994722	3589	70993465	-1794	1795	1257
chr2	200860957	200863354	200861318	2397	200862155	-1198	1199	-837
chr2	27366916	27371519	27369010	4603	27369217	-2301	2302	-207
chr2	10121372	10124040	10122750	2668	10122706	-1334	1334	44
chr2	27326247	27330333	27328159	4086	27328290	-2043	2043	-131
chr2	27366916	27371519	27367618	4603	27369217	-2301	2302	-1599
chr2	74455676	74463041	74458530	7365	74459358	-3682	3683	-828
chr2	74504301	74506230	74506026	1929	74505265	-964	965	761
chr2	74528971	74532102	74529111	3131	74530536	-1565	1566	-1425
chr2	96265583	96268882	96268478	3299	96267232	-1649	1650	1246
chr2	105338984	105340234	105339659	1250	105339609	-625	625	50
chr2	113499063	113501311	113499655	2248	113500187	-1124	1124	-532
chr2	130341831	130348782	130346510	6951	130345306	-3475	3476	1204
chr2	203237902	203240890	203239035	2988	203239396	-1494	1494	-361
chr2	219165702	219171061	219168568	5359	219168381	-2679	2680	187
chr2	226794931	226800731	226797952	5800	226797831	-2900	2900	121
chr2	226794931	226800731	226798454	5800	226797831	-2900	2900	623
chr2	43224041	43228188	43225335	4147	43226114	-2073	2074	-779
chr2	43224041	43228188	43225428	4147	43226114	-2073	2074	-686
chr2	20446206	20449414	20447804	3208	20447810	-1604	1604	-6
chr2	24073203	24075452	24074191	2249	24074327	-1124	1125	-136
chr2	27326247	27330333	27326647	4086	27328290	-2043	2043	-1643
chr2	112580630	112584712	112584539	4082	112582671	-2041	2041	1868
chr2	219165702	219171061	219169999	5359	219168381	-2679	2680	1618
chr2	219219419	219226383	219223668	6964	219222901	-3482	3482	767
chr2	219246512	219249251	219247224	2739	219247881	-1369	1370	-657
chr2	219246512	219249251	219248584	2739	219247881	-1369	1370	703
chr2	219538772	219540999	219540994	2227	219539885	-1113	1114	1109
chr2	219538772	219540999	219539815	2227	219539885	-1113	1114	-70
chr2	226794931	226800731	226798060	5800	226797831	-2900	2900	229
chr2	74455676	74463041	74458553	7365	74459358	-3682	3683	-805
chr2	177209719	177217070	177216534	7351	177213394	-3675	3676	3140
chr2	27033742	27040251	27035630	6509	27036996	-3254	3255	-1366
chr2	55616011	55617412	55617267	1401	55616711	-700	701	556
chr2	218401902	218409025	218402117	7123	218405463	-3561	3562	-3346
chr2	85595495	85598241	85597531	2746	85596868	-1373	1373	663
chr2	27366916	27371519	27367326	4603	27369217	-2301	2302	-1891
chr2	70086204	70090364	70087762	4160	70088284	-2080	2080	-522
chr2	130341831	130348782	130346403	6951	130345306	-3475	3476	1097
chr2	74455676	74463041	74462752	7365	74459358	-3682	3683	3394
chr2	113499063	113501311	113499651	2248	113500187	-1124	1124	-536
chr2	219219419	219226383	219225458	6964	219222901	-3482	3482	2557
chr2	96265583	96268882	96268498	3299	96267232	-1649	1650	1266
chr2	27033742	27040251	27035639	6509	27036996	-3254	3255	-1357
chr2	61537724	61540041	61538107	2317	61538882	-1158	1159	-775
chr2	74455676	74463041	74456249	7365	74459358	-3682	3683	-3109
chr2	74523191	74527879	74527495	4688	74525535	-2344	2344	1960
chr2	74523191	74527879	74527322	4688	74525535	-2344	2344	1787
chr2	70991671	70995260	70991858	3589	70993465	-1794	1795	-1607
chr2	127293170	127294468	127293544	1298	127293819	-649	649	-275
chr2	202033536	202035574	202035047	2038	202034555	-1019	1019	492
chr3	194133546	194139773	194136645	6227	194136659	-3113	3114	-14
chr3	15093318	15099367	15096009	6049	15096342	-3024	3025	-333
chr3	52049560	52055002	52054079	5442	52052281	-2721	2721	1798
chr3	52049560	52055002	52054062	5442	52052281	-2721	2721	1781
chr3	49427492	49430017	49429224	2525	49428754	-1262	1263	470
chr3	50351720	50355092	50353632	3372	50353406	-1686	1686	226
chr3	153162904	153166764	153164473	3860	153164834	-1930	1930	-361
chr3	48500063	48505433	48501246	5370	48502748	-2685	2685	-1502
chr3	169965034	169967443	169966829	2409	169966238	-1204	1205	591
chr3	147395754	147397440	147396403	1686	147396597	-843	843	-194
chr3	184185335	184186639	184186230	1304	184185987	-652	652	243
chr3	50342608	50347536	50343772	4928	50345072	-2464	2464	-1300
chr3	50351720	50355092	50353704	3372	50353406	-1686	1686	298
chr3	184300484	184302310	184301637	1826	184301397	-913	913	240
chr3	147395754	147397440	147395998	1686	147396597	-843	843	-599
chr3	184185335	184186639	184186221	1304	184185987	-652	652	234
chr3	49157901	49165037	49162633	7136	49161469	-3568	3568	1164
chr3	49157901	49165037	49163285	7136	49161469	-3568	3568	1816
chr3	153162904	153166764	153162988	3860	153164834	-1930	1930	-1846
chr3	52247769	52250624	52248662	2855	52249196	-1427	1428	-534
chr3	52247769	52250624	52249473	2855	52249196	-1427	1428	277
chr3	160567237	160569953	160568175	2716	160568595	-1358	1358	-420
chr3	153162904	153166764	153162938	3860	153164834	-1930	1930	-1896
chr3	184185335	184186639	184186623	1304	184185987	-652	652	636
chr3	147395754	147397440	147396152	1686	147396597	-843	843	-445
chr3	150408034	150411332	150409585	3298	150409683	-1649	1649	-98
chr3	147395754	147397440	147396229	1686	147396597	-843	843	-368
chr3	72445824	72447933	72446606	2109	72446878	-1054	1055	-272
chr3	147395754	147397440	147395899	1686	147396597	-843	843	-698
chr3	170869640	170871138	170870197	1498	170870389	-749	749	-192
chr3	39382889	39388169	39383773	5280	39385529	-2640	2640	-1756
chr3	50570405	50572330	50571187	1925	50571367	-962	963	-180
chr3	49157901	49165037	49163127	7136	49161469	-3568	3568	1658
chr3	49012331	49018943	49018499	6612	49015637	-3306	3306	2862
chr3	184169739	184172831	184170786	3092	184171285	-1546	1546	-499
chr3	184248233	184250275	184249334	2042	184249254	-1021	1021	80
chr3	52049560	52055002	52054028	5442	52052281	-2721	2721	1747
chr3	192915730	192919498	192917673	3768	192917614	-1884	1884	59
chr3	9945730	9951351	9948872	5621	9948540	-2810	2811	332
chr3	4976828	4984042	4979727	7214	4980435	-3607	3607	-708
chr3	39106591	39108467	39107835	1876	39107529	-938	938	306
chr3	154120316	154123213	154122817	2897	154121764	-1448	1449	1053
chr3	154321622	154325090	154324277	3468	154323356	-1734	1734	921
chr3	170863851	170867586	170866388	3735	170865718	-1867	1868	670
chr3	52247769	52250624	52248407	2855	52249196	-1427	1428	-789
chr3	150408034	150411332	150409842	3298	150409683	-1649	1649	159
chr3	169773505	169774392	169774389	887	169773948	-443	444	441
chr3	184134957	184136093	184135272	1136	184135525	-568	568	-253
chr3	61559501	61563591	61562334	4090	61561546	-2045	2045	788
chr3	51705521	51709493	51709232	3972	51707507	-1986	1986	1725
chr3	47511774	47515179	47513537	3405	47513476	-1702	1703	61
chr3	48500063	48505433	48501144	5370	48502748	-2685	2685	-1604
chr3	49012331	49018943	49018538	6612	49015637	-3306	3306	2901
chr3	154120316	154123213	154122590	2897	154121764	-1448	1449	826
chr3	50342608	50347536	50343369	4928	50345072	-2464	2464	-1703
chr3	53881496	53882823	53882134	1327	53882159	-663	664	-25
chr3	49093123	49097590	49096046	4467	49095356	-2233	2234	690
chr3	50570405	50572330	50571312	1925	50571367	-962	963	-55
chr3	52490775	52496966	52492752	6191	52493870	-3095	3096	-1118
chr3	58006053	58010001	58008727	3948	58008027	-1974	1974	700
chr3	154120316	154123213	154122065	2897	154121764	-1448	1449	301
chr3	169773505	169774392	169774287	887	169773948	-443	444	339
chr3	184248233	184250275	184249763	2042	184249254	-1021	1021	509
chr3	184711107	184712289	184711590	1182	184711698	-591	591	-108
chr3	185935735	185938282	185937976	2547	185937008	-1273	1274	968
chr3	192915730	192919498	192917724	3768	192917614	-1884	1884	110
chr3	124729765	124730910	124730549	1145	124730337	-572	573	212
chr3	153162904	153166764	153163107	3860	153164834	-1930	1930	-1727
chr3	153162904	153166764	153165544	3860	153164834	-1930	1930	710
chr3	9945730	9951351	9950039	5621	9948540	-2810	2811	1499
chr3	73061434	73062951	73062332	1517	73062192	-758	759	140
chr3	73061434	73062951	73062533	1517	73062192	-758	759	341
chr3	101681369	101684832	101682786	3463	101683100	-1731	1732	-314
chr3	50187524	50189638	50187828	2114	50188581	-1057	1057	-753
chr3	101675582	101677498	101676576	1916	101676540	-958	958	36
chr3	9945730	9951351	9949128	5621	9948540	-2810	2811	588
chr3	73061434	73062951	73062842	1517	73062192	-758	759	650
chr3	150408034	150411332	150411042	3298	150409683	-1649	1649	1359
chr3	49672439	49675329	49675288	2890	49673884	-1445	1445	1404
chr3	157157830	157162159	157159434	4329	157159994	-2164	2165	-560
chr3	33095556	33098531	33097133	2975	33097043	-1487	1488	90
chr3	160564279	160566359	160565253	2080	160565319	-1040	1040	-66
chr3	61559501	61563591	61562363	4090	61561546	-2045	2045	817
chr3	156554387	156555459	156555059	1072	156554923	-536	536	136
chr3	58006053	58010001	58008543	3948	58008027	-1974	1974	516
chr4	7038675	7044637	7041823	5962	7041656	-2981	2981	167
chr4	101344875	101350427	101348743	5552	101347651	-2776	2776	1092
chr4	76896040	76898728	76896589	2688	76897384	-1344	1344	-795
chr4	6707308	6710080	6709497	2772	6708694	-1386	1386	803
chr4	109814848	109816831	109816195	1983	109815839	-991	992	356
chr4	75511355	75515049	75514353	3694	75513202	-1847	1847	1151
chr4	109814848	109816831	109815972	1983	109815839	-991	992	133
chr4	6640773	6642459	6640935	1686	6641616	-843	843	-681
chr4	70686356	70690109	70689236	3753	70688232	-1876	1877	1004
chr4	127880806	127882095	127881909	1289	127881450	-644	645	459
chr4	47837824	47839049	47837924	1225	47838436	-612	613	-512
chr4	99944901	99947846	99946447	2945	99946373	-1472	1473	74
chr4	986541	992403	988932	5862	989472	-2931	2931	-540
chr4	17810306	17811533	17811031	1227	17810919	-613	614	112
chr4	6640773	6642459	6641147	1686	6641616	-843	843	-469
chr4	99948140	99949308	99948711	1168	99948724	-584	584	-13
chr4	82428118	82431325	82429363	3207	82429721	-1603	1604	-358
chr4	99948140	99949308	99948732	1168	99948724	-584	584	8
chr4	73257201	73262133	73258410	4932	73259667	-2466	2466	-1257
chr4	77156455	77159475	77159428	3020	77157965	-1510	1510	1463
chr4	70686356	70690109	70689300	3753	70688232	-1876	1877	1068
chr4	98927777	98929897	98929157	2120	98928837	-1060	1060	320
chr4	98927777	98929897	98929265	2120	98928837	-1060	1060	428
chr4	185144007	185145494	185145019	1487	185144750	-743	744	269
chr4	153465116	153467913	153467236	2797	153466514	-1398	1399	722
chr4	99948140	99949308	99948895	1168	99948724	-584	584	171
chr4	173332245	173335318	173333553	3073	173333781	-1536	1537	-228
chr4	110198299	110200502	110198350	2203	110199400	-1101	1102	-1050
chr4	16225735	16227572	16227477	1837	16226653	-918	919	824
chr4	84964578	84968108	84967044	3530	84966343	-1765	1765	701
chr4	75724075	75726768	75724607	2693	75725421	-1346	1347	-814
chr4	182142250	182145965	182142806	3715	182144107	-1857	1858	-1301
chr4	82426148	82427556	82427469	1408	82426852	-704	704	617
chr4	6715892	6717378	6716952	1486	6716635	-743	743	317
chr4	185144007	185145494	185144890	1487	185144750	-743	744	140
chr4	173332245	173335318	173333614	3073	173333781	-1536	1537	-167
chr4	82426148	82427556	82426531	1408	82426852	-704	704	-321
chr4	173332245	173335318	173332946	3073	173333781	-1536	1537	-835
chr4	82428118	82431325	82429303	3207	82429721	-1603	1604	-418
chr4	6707308	6710080	6709558	2772	6708694	-1386	1386	864
chr4	70686356	70690109	70689368	3753	70688232	-1876	1877	1136
chr4	77818500	77823503	77819368	5003	77821001	-2501	2502	-1633
chr4	98257706	98262230	98261533	4524	98259968	-2262	2262	1565
chr4	99948140	99949308	99949108	1168	99948724	-584	584	384
chr4	185144007	185145494	185144818	1487	185144750	-743	744	68
chr4	75511355	75515049	75514234	3694	75513202	-1847	1847	1032
chr4	145935548	145938567	145938446	3019	145937057	-1509	1510	1389
chr4	6707308	6710080	6709594	2772	6708694	-1386	1386	900
chr4	82428118	82431325	82429344	3207	82429721	-1603	1604	-377
chr4	2043389	2048798	2043889	5409	2046093	-2704	2705	-2204
chr4	99948140	99949308	99948895	1168	99948724	-584	584	171
chr4	52861623	52863819	52863303	2196	52862721	-1098	1098	582
chr4	99948140	99949308	99948571	1168	99948724	-584	584	-153
chr4	6640773	6642459	6641222	1686	6641616	-843	843	-394
chr5	146514917	146516704	146515736	1787	146515810	-893	894	-74
chr5	32442373	32445104	32444238	2731	32443738	-1365	1366	500
chr5	141634668	141638740	141635015	4072	141636704	-2036	2036	-1689
chr5	177510470	177513842	177512144	3372	177512156	-1686	1686	-12
chr5	140695351	140697653	140696995	2302	140696502	-1151	1151	493
chr5	2750283	2756353	2755114	6070	2753318	-3035	3035	1796
chr5	34914249	34916557	34915715	2308	34915403	-1154	1154	312
chr5	141639313	141641341	141640312	2028	141640327	-1014	1014	-15
chr5	81304033	81306452	81304845	2419	81305242	-1209	1210	-397
chr5	79235816	79238452	79237680	2636	79237134	-1318	1318	546
chr5	139400291	139407086	139401771	6795	139403688	-3397	3398	-1917
chr5	177513900	177515493	177515193	1593	177514696	-796	797	497
chr5	6378006	6379762	6378484	1756	6378884	-878	878	-400
chr5	154933804	154937334	154937181	3530	154935569	-1765	1765	1612
chr5	6378006	6379762	6378513	1756	6378884	-878	878	-371
chr5	32173327	32175862	32173822	2535	32174594	-1267	1268	-772
chr5	146446612	146448806	146447345	2194	146447709	-1097	1097	-364
chr5	177515918	177518076	177515945	2158	177516997	-1079	1079	-1052
chr5	177515918	177518076	177516185	2158	177516997	-1079	1079	-812
chr5	140563352	140565450	140564389	2098	140564401	-1049	1049	-12
chr5	140563352	140565450	140564390	2098	140564401	-1049	1049	-11
chr5	139389361	139395326	139393614	5965	139392343	-2982	2983	1271
chr5	34914249	34916557	34915786	2308	34915403	-1154	1154	383
chr5	132865798	132867167	132866830	1369	132866482	-684	685	348
chr5	40797198	40798704	40798086	1506	40797951	-753	753	135
chr5	40797198	40798704	40798076	1506	40797951	-753	753	125
chr5	140640718	140644387	140643929	3669	140642552	-1834	1835	1377
chr5	171418588	171420872	171420434	2284	171419730	-1142	1142	704
chr5	69217205	69219178	69217823	1973	69218191	-986	987	-368
chr5	110737726	110739588	110739119	1862	110738657	-931	931	462
chr5	16463306	16467518	16463684	4212	16465412	-2106	2106	-1728
chr5	10250251	10251327	10250557	1076	10250789	-538	538	-232
chr5	150699007	150701159	150701078	2152	150700083	-1076	1076	995
chr5	137751584	137754489	137753821	2905	137753036	-1452	1453	785
chr5	69217205	69219178	69218078	1973	69218191	-986	987	-113
chr5	177402022	177405546	177405168	3524	177403784	-1762	1762	1384
chr5	141639313	141641341	141640384	2028	141640327	-1014	1014	57
chr5	141920748	141924577	141923824	3829	141922662	-1914	1915	1162
chr5	141639313	141641341	141639698	2028	141640327	-1014	1014	-629
chr5	141920748	141924577	141923909	3829	141922662	-1914	1915	1247
chr5	173326747	173328727	173328411	1980	173327737	-990	990	674
chr5	173326747	173328727	173328411	1980	173327737	-990	990	674
chr5	177515918	177518076	177515946	2158	177516997	-1079	1079	-1051
chr5	139389361	139395326	139392337	5965	139392343	-2982	2983	-6
chr5	112918173	112923771	112922230	5598	112920972	-2799	2799	1258
chr5	140565887	140567783	140567539	1896	140566835	-948	948	704
chr5	177515918	177518076	177515965	2158	177516997	-1079	1079	-1032
chr5	2746426	2748988	2748638	2562	2747707	-1281	1281	931
chr5	139389361	139395326	139394252	5965	139392343	-2982	2983	1909
chr5	890976	893918	891754	2942	892447	-1471	1471	-693
chr5	58458813	58461340	58459122	2527	58460076	-1263	1264	-954
chr5	88268160	88269690	88268815	1530	88268925	-765	765	-110
chr5	132865798	132867167	132866923	1369	132866482	-684	685	441
chr5	139400291	139407086	139401746	6795	139403688	-3397	3398	-1942
chr5	141920748	141924577	141923846	3829	141922662	-1914	1915	1184
chr5	181222842	181224494	181224352	1652	181223668	-826	826	684
chr5	139389361	139395326	139393417	5965	139392343	-2982	2983	1074
chr5	181222842	181224494	181224357	1652	181223668	-826	826	689
chr5	79235816	79238452	79237451	2636	79237134	-1318	1318	317
chr5	146514917	146516704	146515288	1787	146515810	-893	894	-522
chr5	177593939	177596219	177595333	2280	177595079	-1140	1140	254
chr5	150446655	150447439	150446892	784	150447047	-392	392	-155
chr5	177515918	177518076	177516428	2158	177516997	-1079	1079	-569
chr5	141318687	141321064	141319506	2377	141319875	-1188	1189	-369
chr5	40825473	40833276	40832989	7803	40829374	-3901	3902	3615
chr5	141639313	141641341	141639749	2028	141640327	-1014	1014	-578
chr5	133967869	133969568	133968564	1699	133968718	-849	850	-154
chr5	177513900	177515493	177515000	1593	177514696	-796	797	304
chr5	2750283	2756353	2755053	6070	2753318	-3035	3035	1735
chr5	140563352	140565450	140564317	2098	140564401	-1049	1049	-84
chr5	181222842	181224494	181224084	1652	181223668	-826	826	416
chr5	126599973	126603986	126603939	4013	126601979	-2006	2007	1960
chr5	139389361	139395326	139393351	5965	139392343	-2982	2983	1008
chr5	137751584	137754489	137752883	2905	137753036	-1452	1453	-153
chr5	16463306	16467518	16465510	4212	16465412	-2106	2106	98
chr5	16463306	16467518	16465511	4212	16465412	-2106	2106	99
chr5	139389361	139395326	139393978	5965	139392343	-2982	2983	1635
chr5	141639313	141641341	141640552	2028	141640327	-1014	1014	225
chr5	146514917	146516704	146515819	1787	146515810	-893	894	9
chr5	139400291	139407086	139402678	6795	139403688	-3397	3398	-1010
chr5	177510470	177513842	177511744	3372	177512156	-1686	1686	-412
chr5	177402022	177405546	177402561	3524	177403784	-1762	1762	-1223
chr6	33409254	33415405	33412304	6151	33412329	-3075	3076	-25
chr6	10417953	10419627	10419558	1674	10418790	-837	837	768
chr6	27866609	27868605	27867086	1996	27867607	-998	998	-521
chr6	27836509	27838789	27838771	2280	27837649	-1140	1140	1122
chr6	33313698	33318611	33316250	4913	33316154	-2456	2457	96
chr6	27866609	27868605	27866966	1996	27867607	-998	998	-641
chr6	43178224	43182477	43179433	4253	43180350	-2126	2127	-917
chr6	33203399	33206031	33205068	2632	33204715	-1316	1316	353
chr6	148745769	148748159	148747461	2390	148746964	-1195	1195	497
chr6	33453440	33455884	33455767	2444	33454662	-1222	1222	1105
chr6	21594179	21596385	21595901	2206	21595282	-1103	1103	619
chr6	21594179	21596385	21595706	2206	21595282	-1103	1103	424
chr6	1608302	1612223	1612073	3921	1610262	-1960	1961	1811
chr6	26155581	26159837	26157096	4256	26157709	-2128	2128	-613
chr6	33211051	33216597	33211850	5546	33213824	-2773	2773	-1974
chr6	30554922	30559939	30556156	5017	30557430	-2508	2509	-1274
chr6	154832140	154833544	154833277	1404	154832842	-702	702	435
chr6	31897851	31905019	31900218	7168	31901435	-3584	3584	-1217
chr6	110873964	110876079	110875003	2115	110875021	-1057	1058	-18
chr6	131948665	131951790	131950307	3125	131950227	-1562	1563	80
chr6	33313698	33318611	33315611	4913	33316154	-2456	2457	-543
chr6	73392932	73395400	73395000	2468	73394166	-1234	1234	834
chr6	132813491	132814894	132814583	1403	132814192	-701	702	391
chr6	131948665	131951790	131949541	3125	131950227	-1562	1563	-686
chr6	31797331	31801421	31797813	4090	31799376	-2045	2045	-1563
chr6	43012312	43015271	43013252	2959	43013791	-1479	1480	-539
chr6	43011215	43012239	43011343	1024	43011727	-512	512	-384
chr6	43039660	43041234	43040179	1574	43040447	-787	787	-268
chr6	31897851	31905019	31901005	7168	31901435	-3584	3584	-430
chr6	43019606	43020880	43020765	1274	43020243	-637	637	522
chr6	73392932	73395400	73394992	2468	73394166	-1234	1234	826
chr6	30909531	30916450	30914853	6919	30912990	-3459	3460	1863
chr6	139372988	139375125	139373725	2137	139374056	-1068	1069	-331
chr6	169750850	169753628	169751067	2778	169752239	-1389	1389	-1172
chr6	26155581	26159837	26158165	4256	26157709	-2128	2128	456
chr6	82363501	82365741	82365408	2240	82364621	-1120	1120	787
chr6	154832140	154833544	154832949	1404	154832842	-702	702	107
chr6	154832140	154833544	154833267	1404	154832842	-702	702	425
chr6	27145127	27146672	27146555	1545	27145899	-772	773	656
chr6	73392932	73395400	73394877	2468	73394166	-1234	1234	711
chr6	30624414	30629765	30627230	5351	30627089	-2675	2676	141
chr6	31661405	31666726	31663857	5321	31664065	-2660	2661	-208
chr6	28249658	28252325	28251678	2667	28250991	-1333	1334	687
chr6	26155581	26159837	26156572	4256	26157709	-2128	2128	-1137
chr6	139372988	139375125	139373185	2137	139374056	-1068	1069	-871
chr6	131948665	131951790	131950011	3125	131950227	-1562	1563	-216
chr6	159799565	159802806	159801176	3241	159801185	-1620	1621	-9
chr6	21594179	21596385	21594705	2206	21595282	-1103	1103	-577
chr6	43024250	43028878	43025076	4628	43026564	-2314	2314	-1488
chr6	117675439	117677542	117676023	2103	117676490	-1051	1052	-467
chr6	158814986	158819936	158818125	4950	158817461	-2475	2475	664
chr6	27836509	27838789	27838335	2280	27837649	-1140	1140	686
chr6	167825459	167828153	167826083	2694	167826806	-1347	1347	-723
chr6	30909531	30916450	30915777	6919	30912990	-3459	3460	2787
chr6	116252915	116254372	116253258	1457	116253643	-728	729	-385
chr6	43035525	43039315	43037711	3790	43037420	-1895	1895	291
chr6	148745769	148748159	148747604	2390	148746964	-1195	1195	640
chr6	33313698	33318611	33315849	4913	33316154	-2456	2457	-305
chr6	33409254	33415405	33414309	6151	33412329	-3075	3076	1980
chr6	43012312	43015271	43013334	2959	43013791	-1479	1480	-457
chr6	43012312	43015271	43012476	2959	43013791	-1479	1480	-1315
chr6	43035525	43039315	43038563	3790	43037420	-1895	1895	1143
chr6	27836509	27838789	27838123	2280	27837649	-1140	1140	474
chr6	26155581	26159837	26156657	4256	26157709	-2128	2128	-1052
chr6	43006663	43011099	43010986	4436	43008881	-2218	2218	2105
chr6	35495749	35502112	35498299	6363	35498930	-3181	3182	-631
chr6	43011215	43012239	43011788	1024	43011727	-512	512	61
chr6	26232827	26234688	26234589	1861	26233757	-930	931	832
chr6	31657662	31659835	31659272	2173	31658748	-1086	1087	524
chr6	31860810	31862967	31862749	2157	31861888	-1078	1079	861
chr6	31957427	31960987	31960080	3560	31959207	-1780	1780	873
chr6	43006663	43011099	43010688	4436	43008881	-2218	2218	1807
chr6	43011215	43012239	43011248	1024	43011727	-512	512	-479
chr6	110814291	110816331	110815026	2040	110815311	-1020	1020	-285
chr6	13486540	13489619	13486770	3079	13488079	-1539	1540	-1309
chr6	26051501	26056616	26055889	5115	26054058	-2557	2558	1831
chr6	28249658	28252325	28251614	2667	28250991	-1333	1334	623
chr6	33313698	33318611	33315669	4913	33316154	-2456	2457	-485
chr6	33313698	33318611	33316713	4913	33316154	-2456	2457	559
chr6	34247481	34250908	34247792	3427	34249194	-1713	1714	-1402
chr6	42889701	42892097	42890742	2396	42890899	-1198	1198	-157
chr6	110814291	110816331	110815122	2040	110815311	-1020	1020	-189
chr6	116252915	116254372	116253681	1457	116253643	-728	729	38
chr6	28922952	28925199	28923260	2247	28924075	-1123	1124	-815
chr6	147203331	147204991	147204492	1660	147204161	-830	830	331
chr6	24665854	24667704	24666707	1850	24666779	-925	925	-72
chr6	30909531	30916450	30911179	6919	30912990	-3459	3460	-1811
chr6	33453440	33455884	33455749	2444	33454662	-1222	1222	1087
chr6	156776972	156780129	156778149	3157	156778550	-1578	1579	-401
chr6	26051501	26056616	26055834	5115	26054058	-2557	2558	1776
chr6	26051501	26056616	26055878	5115	26054058	-2557	2558	1820
chr6	27836509	27838789	27838112	2280	27837649	-1140	1140	463
chr6	30549344	30553913	30553383	4569	30551628	-2284	2285	1755
chr6	31797331	31801421	31797857	4090	31799376	-2045	2045	-1519
chr6	33203399	33206031	33204383	2632	33204715	-1316	1316	-332
chr6	83195810	83200779	83196093	4969	83198294	-2484	2485	-2201
chr6	169701646	169703832	169702603	2186	169702739	-1093	1093	-136
chr6	169701646	169703832	169703368	2186	169702739	-1093	1093	629
chr6	1608302	1612223	1610818	3921	1610262	-1960	1961	556
chr6	33193441	33197378	33196022	3937	33195409	-1968	1969	613
chr6	32186623	32191245	32187142	4622	32188934	-2311	2311	-1792
chr6	79233379	79235400	79234610	2021	79234389	-1010	1011	221
chr6	34243465	34247115	34246522	3650	34245290	-1825	1825	1232
chr6	26155581	26159837	26156675	4256	26157709	-2128	2128	-1034
chr6	27836509	27838789	27838306	2280	27837649	-1140	1140	657
chr6	31957427	31960987	31959332	3560	31959207	-1780	1780	125
chr6	30743669	30746008	30743926	2339	30744838	-1169	1170	-912
chr6	33273367	33281352	33276066	7985	33277359	-3992	3993	-1293
chr6	26232827	26234688	26234490	1861	26233757	-930	931	733
chr6	30071046	30078106	30075769	7060	30074576	-3530	3530	1193
chr6	1608302	1612223	1610703	3921	1610262	-1960	1961	441
chr6	28249658	28252325	28251640	2667	28250991	-1333	1334	649
chr6	43012312	43015271	43013122	2959	43013791	-1479	1480	-669
chr6	26155581	26159837	26158156	4256	26157709	-2128	2128	447
chr6	26232827	26234688	26234459	1861	26233757	-930	931	702
chr6	43012312	43015271	43012961	2959	43013791	-1479	1480	-830
chr6	26155581	26159837	26158398	4256	26157709	-2128	2128	689
chr6	27836509	27838789	27838745	2280	27837649	-1140	1140	1096
chr6	32186623	32191245	32186812	4622	32188934	-2311	2311	-2122
chr6	154832140	154833544	154832392	1404	154832842	-702	702	-450
chr6	26155581	26159837	26158432	4256	26157709	-2128	2128	723
chr6	26232827	26234688	26234269	1861	26233757	-930	931	512
chr6	30909531	30916450	30913180	6919	30912990	-3459	3460	190
chr6	30909531	30916450	30915153	6919	30912990	-3459	3460	2163
chr6	116252915	116254372	116253681	1457	116253643	-728	729	38
chr6	154832140	154833544	154833249	1404	154832842	-702	702	407
chr6	31789246	31792821	31791969	3575	31791033	-1787	1788	936
chr6	12292519	12294322	12294053	1803	12293420	-901	902	633
chr6	31957427	31960987	31959149	3560	31959207	-1780	1780	-58
chr6	169750850	169753628	169751336	2778	169752239	-1389	1389	-903
chr6	26596434	26599131	26598050	2697	26597782	-1348	1349	268
chr6	12292519	12294322	12294317	1803	12293420	-901	902	897
chr6	32186623	32191245	32187029	4622	32188934	-2311	2311	-1905
chr6	43178224	43182477	43179255	4253	43180350	-2126	2127	-1095
chr6	109467109	109470739	109467723	3630	109468924	-1815	1815	-1201
chr6	154832140	154833544	154833479	1404	154832842	-702	702	637
chr6	20401463	20404825	20402235	3362	20403144	-1681	1681	-909
chr6	27866609	27868605	27867101	1996	27867607	-998	998	-506
chr6	167825459	167828153	167825958	2694	167826806	-1347	1347	-848
chr6	167825459	167828153	167826035	2694	167826806	-1347	1347	-771
chr6	27836509	27838789	27837976	2280	27837649	-1140	1140	327
chr6	116252915	116254372	116253813	1457	116253643	-728	729	170
chr6	139372988	139375125	139373952	2137	139374056	-1068	1069	-104
chr6	106325244	106326955	106325817	1711	106326099	-855	856	-282
chr6	159761249	159766020	159762111	4771	159763634	-2385	2386	-1523
chr6	30743669	30746008	30743972	2339	30744838	-1169	1170	-866
chr6	33313698	33318611	33316004	4913	33316154	-2456	2457	-150
chr6	159761249	159766020	159762150	4771	159763634	-2385	2386	-1484
chr6	24665854	24667704	24666712	1850	24666779	-925	925	-67
chr6	83195810	83200779	83196307	4969	83198294	-2484	2485	-1987
chr6	26596434	26599131	26598289	2697	26597782	-1348	1349	507
chr6	132813491	132814894	132814595	1403	132814192	-701	702	403
chr6	132813491	132814894	132814596	1403	132814192	-701	702	404
chr6	158814986	158819936	158818118	4950	158817461	-2475	2475	657
chr6	159761249	159766020	159762769	4771	159763634	-2385	2386	-865
chr6	26596434	26599131	26597982	2697	26597782	-1348	1349	200
chr6	43035525	43039315	43037743	3790	43037420	-1895	1895	323
chr6	43035525	43039315	43037773	3790	43037420	-1895	1895	353
chr6	143856806	143859029	143857928	2223	143857917	-1111	1112	11
chr6	21594179	21596385	21596112	2206	21595282	-1103	1103	830
chr6	27866609	27868605	27867416	1996	27867607	-998	998	-191
chr6	43178224	43182477	43179915	4253	43180350	-2126	2127	-435
chr6	31661405	31666726	31663994	5321	31664065	-2660	2661	-71
chr6	27836509	27838789	27837957	2280	27837649	-1140	1140	308
chr6	33313698	33318611	33316566	4913	33316154	-2456	2457	412
chr6	32969777	32971785	32971690	2008	32970781	-1004	1004	909
chr6	10417953	10419627	10419520	1674	10418790	-837	837	730
chr6	33203399	33206031	33205264	2632	33204715	-1316	1316	549
chr6	21596595	21597942	21597493	1347	21597268	-673	674	225
chr6	33453440	33455884	33455430	2444	33454662	-1222	1222	768
chr6	26051501	26056616	26055811	5115	26054058	-2557	2558	1753
chr6	167825459	167828153	167826132	2694	167826806	-1347	1347	-674
chr6	26232827	26234688	26234265	1861	26233757	-930	931	508
chr6	31897851	31905019	31900059	7168	31901435	-3584	3584	-1376
chr6	43178224	43182477	43178444	4253	43180350	-2126	2127	-1906
chr6	43012312	43015271	43013185	2959	43013791	-1479	1480	-606
chr6	116252915	116254372	116253343	1457	116253643	-728	729	-300
chr6	73392932	73395400	73394982	2468	73394166	-1234	1234	816
chr6	26596434	26599131	26598605	2697	26597782	-1348	1349	823
chr6	27145127	27146672	27146601	1545	27145899	-772	773	702
chr6	27836509	27838789	27838278	2280	27837649	-1140	1140	629
chr6	42889701	42892097	42890519	2396	42890899	-1198	1198	-380
chr6	27836509	27838789	27838154	2280	27837649	-1140	1140	505
chr7	151226157	151227745	151226318	1588	151226951	-794	794	-633
chr7	65979461	65981703	65980334	2242	65980582	-1121	1121	-248
chr7	152434253	152437412	152435730	3159	152435832	-1579	1580	-102
chr7	139338924	139343169	139341419	4245	139341046	-2122	2123	373
chr7	73678995	73685102	73683218	6107	73682048	-3053	3054	1170
chr7	149197799	149199688	149198624	1889	149198743	-944	945	-119
chr7	44577925	44583809	44579520	5884	44580867	-2942	2942	-1347
chr7	44571578	44574824	44572593	3246	44573201	-1623	1623	-608
chr7	101087060	101094938	101087361	7878	101090999	-3939	3939	-3638
chr7	44577925	44583809	44582155	5884	44580867	-2942	2942	1288
chr7	141790561	141792669	141791291	2108	141791615	-1054	1054	-324
chr7	151052650	151056748	151055373	4098	151054699	-2049	2049	674
chr7	108568764	108570484	108569653	1720	108569624	-860	860	29
chr7	73678995	73685102	73683845	6107	73682048	-3053	3054	1797
chr7	98877133	98882066	98881111	4933	98879599	-2466	2467	1512
chr7	100641069	100644666	100641483	3597	100642867	-1798	1799	-1384
chr7	66085121	66087905	66086629	2784	66086513	-1392	1392	116
chr7	101087060	101094938	101088846	7878	101090999	-3939	3939	-2153
chr7	44571578	44574824	44572407	3246	44573201	-1623	1623	-794
chr7	100170049	100174994	100172141	4945	100172521	-2472	2473	-380
chr7	12686387	12688971	12688797	2584	12687679	-1292	1292	1118
chr7	73731828	73739375	73737263	7547	73735601	-3773	3774	1662
chr7	2241669	2245495	2244710	3826	2243582	-1913	1913	1128
chr7	106110869	106112937	106112228	2068	106111903	-1034	1034	325
chr7	73838157	73842892	73841078	4735	73840524	-2367	2368	554
chr7	1567249	1571371	1567824	4122	1569310	-2061	2061	-1486
chr7	140671633	140673974	140673540	2341	140672803	-1170	1171	737
chr7	66085121	66087905	66087384	2784	66086513	-1392	1392	871
chr7	76302026	76304970	76304224	2944	76303498	-1472	1472	726
chr7	139338924	139343169	139341501	4245	139341046	-2122	2123	455
chr7	139338924	139343169	139341259	4245	139341046	-2122	2123	213
chr7	143287843	143289502	143288436	1659	143288672	-829	830	-236
chr7	151052650	151056748	151055068	4098	151054699	-2049	2049	369
chr7	76302026	76304970	76304065	2944	76303498	-1472	1472	567
chr7	4984145	4987179	4985076	3034	4985662	-1517	1517	-586
chr7	151052650	151056748	151056591	4098	151054699	-2049	2049	1892
chr7	100170049	100174994	100170266	4945	100172521	-2472	2473	-2255
chr7	100170049	100174994	100172162	4945	100172521	-2472	2473	-359
chr7	73767615	73770524	73769320	2909	73769069	-1454	1455	251
chr7	44571578	44574824	44571704	3246	44573201	-1623	1623	-1497
chr7	100641069	100644666	100641209	3597	100642867	-1798	1799	-1658
chr7	106283630	106286878	106284974	3248	106285254	-1624	1624	-280
chr7	100576486	100582989	100582428	6503	100579737	-3251	3252	2691
chr7	36152282	36155966	36154772	3684	36154124	-1842	1842	648
chr7	116210078	116211739	116210625	1661	116210908	-830	831	-283
chr7	44078541	44081192	44078811	2651	44079866	-1325	1326	-1055
chr7	36152282	36155966	36154538	3684	36154124	-1842	1842	414
chr7	66088889	66095431	66088914	6542	66092160	-3271	3271	-3246
chr7	127589118	127592460	127591258	3342	127590789	-1671	1671	469
chr7	66085121	66087905	66086824	2784	66086513	-1392	1392	311
chr7	4984145	4987179	4984956	3034	4985662	-1517	1517	-706
chr7	36152282	36155966	36154629	3684	36154124	-1842	1842	505
chr7	128342717	128345423	128343826	2706	128344070	-1353	1353	-244
chr7	139338924	139343169	139341498	4245	139341046	-2122	2123	452
chr7	100366311	100371393	100367630	5082	100368852	-2541	2541	-1222
chr7	100119767	100125000	100122300	5233	100122383	-2616	2617	-83
chr7	44078541	44081192	44079720	2651	44079866	-1325	1326	-146
chr7	56104038	56106170	56104255	2132	56105104	-1066	1066	-849
chr7	65979461	65981703	65979496	2242	65980582	-1121	1121	-1086
chr7	65979461	65981703	65980257	2242	65980582	-1121	1121	-325
chr7	66992437	66995820	66995367	3383	66994128	-1691	1692	1239
chr7	100089798	100094692	100092877	4894	100092245	-2447	2447	632
chr7	100576486	100582989	100577843	6503	100579737	-3251	3252	-1894
chr7	127589118	127592460	127589958	3342	127590789	-1671	1671	-831
chr7	140671633	140673974	140673931	2341	140672803	-1170	1171	1128
chr7	141790561	141792669	141790569	2108	141791615	-1054	1054	-1046
chr7	36388851	36391198	36389838	2347	36390024	-1173	1174	-186
chr7	101087060	101094938	101088837	7878	101090999	-3939	3939	-2162
chr7	73838157	73842892	73841198	4735	73840524	-2367	2368	674
chr7	74171280	74175517	74174395	4237	74173398	-2118	2119	997
chr7	2241669	2245495	2244655	3826	2243582	-1913	1913	1073
chr7	141790561	141792669	141790880	2108	141791615	-1054	1054	-735
chr7	151052650	151056748	151056597	4098	151054699	-2049	2049	1898
chr7	92589313	92591195	92590349	1882	92590254	-941	941	95
chr7	100089798	100094692	100091470	4894	100092245	-2447	2447	-775
chr7	100170049	100174994	100170194	4945	100172521	-2472	2473	-2327
chr7	111561334	111562989	111562009	1655	111562161	-827	828	-152
chr7	143287843	143289502	143288478	1659	143288672	-829	830	-194
chr7	149197799	149199688	149198588	1889	149198743	-944	945	-155
chr7	56104038	56106170	56104233	2132	56105104	-1066	1066	-871
chr7	101087060	101094938	101089118	7878	101090999	-3939	3939	-1881
chr7	100641069	100644666	100641558	3597	100642867	-1798	1799	-1309
chr7	100089798	100094692	100091277	4894	100092245	-2447	2447	-968
chr7	116210078	116211739	116210566	1661	116210908	-830	831	-342
chr7	73731828	73739375	73737593	7547	73735601	-3773	3774	1992
chr7	100089798	100094692	100092835	4894	100092245	-2447	2447	590
chr7	12686387	12688971	12688669	2584	12687679	-1292	1292	990
chr7	100366311	100371393	100367422	5082	100368852	-2541	2541	-1430
chr7	100089798	100094692	100092918	4894	100092245	-2447	2447	673
chr7	100119767	100125000	100124891	5233	100122383	-2616	2617	2508
chr7	100641069	100644666	100643215	3597	100642867	-1798	1799	348
chr7	128342717	128345423	128343753	2706	128344070	-1353	1353	-317
chr7	44120339	44124302	44122099	3963	44122320	-1981	1982	-221
chr7	100089798	100094692	100089818	4894	100092245	-2447	2447	-2427
chr7	120949393	120951470	120951135	2077	120950431	-1038	1039	704
chr7	73731828	73739375	73736338	7547	73735601	-3773	3774	737
chr7	100170049	100174994	100173965	4945	100172521	-2472	2473	1444
chr7	1567249	1571371	1569414	4122	1569310	-2061	2061	104
chr8	8889946	8894015	8890486	4069	8891980	-2034	2035	-1494
chr8	102653248	102655903	102653494	2655	102654575	-1327	1328	-1081
chr8	8889946	8894015	8890366	4069	8891980	-2034	2035	-1614
chr8	73292384	73295725	73292698	3341	73294054	-1670	1671	-1356
chr8	124537864	124539649	124539206	1785	124538756	-892	893	450
chr8	97274351	97279441	97277329	5090	97276896	-2545	2545	433
chr8	126554810	126559654	126556398	4844	126557232	-2422	2422	-834
chr8	37693616	37698922	37698037	5306	37696269	-2653	2653	1768
chr8	37693616	37698922	37698039	5306	37696269	-2653	2653	1770
chr8	74319987	74322390	74320963	2403	74321188	-1201	1202	-225
chr8	144431485	144437772	144432423	6287	144434628	-3143	3144	-2205
chr8	23246354	23247624	23246635	1270	23246989	-635	635	-354
chr8	144082058	144088146	144084827	6088	144085102	-3044	3044	-275
chr8	97274351	97279441	97277380	5090	97276896	-2545	2545	484
chr8	96259760	96262941	96262105	3181	96261350	-1590	1591	755
chr8	9555074	9556818	9556143	1744	9555946	-872	872	197
chr8	22689056	22696052	22690594	6996	22692554	-3498	3498	-1960
chr8	108442352	108444054	108443682	1702	108443203	-851	851	479
chr8	22136577	22139163	22138782	2586	22137870	-1293	1293	912
chr8	80485424	80487928	80487247	2504	80486676	-1252	1252	571
chr8	118109724	118112622	118111081	2898	118111173	-1449	1449	-92
chr8	126554810	126559654	126557189	4844	126557232	-2422	2422	-43
chr8	37693616	37698922	37698543	5306	37696269	-2653	2653	2274
chr8	144082058	144088146	144085671	6088	144085102	-3044	3044	569
chr8	118109724	118112622	118110266	2898	118111173	-1449	1449	-907
chr8	94640999	94643119	94641971	2120	94642059	-1060	1060	-88
chr8	66175486	66177750	66176750	2264	66176618	-1132	1132	132
chr8	10053952	10055456	10054606	1504	10054704	-752	752	-98
chr8	143249113	143251772	143250140	2659	143250442	-1329	1330	-302
chr8	124537864	124539649	124539089	1785	124538756	-892	893	333
chr8	126554810	126559654	126556652	4844	126557232	-2422	2422	-580
chr8	73292384	73295725	73293602	3341	73294054	-1670	1671	-452
chr8	22689056	22696052	22689612	6996	22692554	-3498	3498	-2942
chr8	63167178	63169534	63169399	2356	63168356	-1178	1178	1043
chr8	126554810	126559654	126557465	4844	126557232	-2422	2422	233
chr8	144077894	144081891	144080587	3997	144079892	-1998	1999	695
chr8	8889946	8894015	8891586	4069	8891980	-2034	2035	-394
chr8	38995810	38997755	38997040	1945	38996782	-972	973	258
chr8	97274351	97279441	97276514	5090	97276896	-2545	2545	-382
chr8	67343181	67344380	67343227	1199	67343780	-599	600	-553
chr8	144082058	144088146	144084514	6088	144085102	-3044	3044	-588
chr8	8700818	8703276	8702914	2458	8702047	-1229	1229	867
chr8	22247747	22252114	22248641	4367	22249930	-2183	2184	-1289
chr8	143249113	143251772	143250345	2659	143250442	-1329	1330	-97
chr8	102653248	102655903	102655580	2655	102654575	-1327	1328	1005
chr8	56073199	56074105	56073222	906	56073652	-453	453	-430
chr8	8889946	8894015	8890690	4069	8891980	-2034	2035	-1290
chr8	8889946	8894015	8891219	4069	8891980	-2034	2035	-761
chr8	67343181	67344380	67343196	1199	67343780	-599	600	-584
chr8	143838308	143842370	143838689	4062	143840339	-2031	2031	-1650
chr8	144082058	144088146	144083295	6088	144085102	-3044	3044	-1807
chr8	144077894	144081891	144078735	3997	144079892	-1998	1999	-1157
chr8	66175486	66177750	66176824	2264	66176618	-1132	1132	206
chr8	108442352	108444054	108443664	1702	108443203	-851	851	461
chr8	22136577	22139163	22138528	2586	22137870	-1293	1293	658
chr8	22247747	22252114	22248212	4367	22249930	-2183	2184	-1718
chr8	97274351	97279441	97276951	5090	97276896	-2545	2545	55
chr8	143249113	143251772	143250035	2659	143250442	-1329	1330	-407
chr8	23223000	23226900	23224771	3900	23224950	-1950	1950	-179
chr8	37693616	37698922	37696129	5306	37696269	-2653	2653	-140
chr8	37693616	37698922	37696138	5306	37696269	-2653	2653	-131
chr8	85176762	85178501	85177648	1739	85177631	-869	870	17
chr8	103297840	103300334	103300101	2494	103299087	-1247	1247	1014
chr8	63167178	63169534	63168844	2356	63168356	-1178	1178	488
chr8	9555074	9556818	9556215	1744	9555946	-872	872	269
chr8	11328178	11332268	11331684	4090	11330223	-2045	2045	1461
chr8	97274351	97279441	97276617	5090	97276896	-2545	2545	-279
chr8	91069312	91071834	91070331	2522	91070573	-1261	1261	-242
chr8	96259760	96262941	96262058	3181	96261350	-1590	1591	708
chr8	144082058	144088146	144085985	6088	144085102	-3044	3044	883
chr8	97274351	97279441	97276799	5090	97276896	-2545	2545	-97
chr8	96259760	96262941	96261952	3181	96261350	-1590	1591	602
chr8	80485424	80487928	80487672	2504	80486676	-1252	1252	996
chr8	94640999	94643119	94642053	2120	94642059	-1060	1060	-6
chr8	9555074	9556818	9556340	1744	9555946	-872	872	394
chr8	22689056	22696052	22691091	6996	22692554	-3498	3498	-1463
chr8	66428798	66431197	66429180	2399	66429997	-1199	1200	-817
chr8	9555074	9556818	9556605	1744	9555946	-872	872	659
chr9	133055543	133062292	133058091	6749	133058917	-3374	3375	-826
chr9	95874487	95876792	95875263	2305	95875639	-1152	1153	-376
chr9	113372153	113375572	113374003	3419	113373862	-1709	1710	141
chr9	19378236	19381163	19380103	2927	19379699	-1463	1464	404
chr9	35731772	35739402	35735124	7630	35735587	-3815	3815	-463
chr9	35731772	35739402	35732818	7630	35735587	-3815	3815	-2769
chr9	35094794	35095711	35095512	917	35095252	-458	459	260
chr9	133477579	133479976	133479127	2397	133478777	-1198	1199	350
chr9	124449299	124452803	124452659	3504	124451051	-1752	1752	1608
chr9	128917073	128920387	128917961	3314	128918730	-1657	1657	-769
chr9	38619483	38622702	38620237	3219	38621092	-1609	1610	-855
chr9	93576005	93579589	93576846	3584	93577797	-1792	1792	-951
chr9	89604431	89606523	89605256	2092	89605477	-1046	1046	-221
chr9	89604431	89606523	89605811	2092	89605477	-1046	1046	334
chr9	133055543	133062292	133061982	6749	133058917	-3374	3375	3065
chr9	135502860	135507578	135503571	4718	135505219	-2359	2359	-1648
chr9	33264050	33266662	33266047	2612	33265356	-1306	1306	691
chr9	35688890	35691662	35689722	2772	35690276	-1386	1386	-554
chr9	109012506	109013858	109013319	1352	109013182	-676	676	137
chr9	128274995	128280014	128276303	5019	128277504	-2509	2510	-1201
chr9	133457800	133461719	133458032	3919	133459759	-1959	1960	-1727
chr9	136403269	136409177	136407167	5908	136406223	-2954	2954	944
chr9	19378236	19381163	19379618	2927	19379699	-1463	1464	-81
chr9	137554334	137556029	137555419	1695	137555181	-847	848	238
chr9	127705572	127712055	127707137	6483	127708813	-3241	3242	-1676
chr9	112332326	112334313	112333612	1987	112333319	-993	994	293
chr9	135502860	135507578	135503192	4718	135505219	-2359	2359	-2027
chr9	137554334	137556029	137555536	1695	137555181	-847	848	355
chr9	19378236	19381163	19380193	2927	19379699	-1463	1464	494
chr9	19378236	19381163	19378778	2927	19379699	-1463	1464	-921
chr9	35096099	35101840	35101262	5741	35098969	-2870	2871	2293
chr9	35094794	35095711	35095229	917	35095252	-458	459	-23
chr9	129803520	129807304	129804152	3784	129805412	-1892	1892	-1260
chr9	133344602	133351371	133349427	6769	133347986	-3384	3385	1441
chr9	137187190	137192973	137189119	5783	137190081	-2891	2892	-962
chr9	38392156	38397683	38395917	5527	38394919	-2763	2764	998
chr9	33260305	33261210	33261119	905	33260757	-452	453	362
chr9	19378236	19381163	19380073	2927	19379699	-1463	1464	374
chr9	125240162	125241260	125240819	1098	125240711	-549	549	108
chr9	78030328	78032927	78031161	2599	78031627	-1299	1300	-466
chr9	122911708	122916757	122911863	5049	122914232	-2524	2525	-2369
chr9	135502860	135507578	135503929	4718	135505219	-2359	2359	-1290
chr9	116078	118313	116959	2235	117195	-1117	1118	-236
chr9	37420497	37424314	37422823	3817	37422405	-1908	1909	418
chr9	137187190	137192973	137187332	5783	137190081	-2891	2892	-2749
chr9	136371374	136374903	136371907	3529	136373138	-1764	1765	-1231
chr9	93449471	93452662	93451004	3191	93451066	-1595	1596	-62
chr9	133344602	133351371	133348236	6769	133347986	-3384	3385	250
chr9	135502860	135507578	135503911	4718	135505219	-2359	2359	-1308
chr9	34988932	34991958	34990604	3026	34990445	-1513	1513	159
chr9	133351389	133354160	133353795	2771	133352774	-1385	1386	1021
chr9	4661317	4663831	4662873	2514	4662574	-1257	1257	299
chr9	128064058	128069519	128066970	5461	128066788	-2730	2731	182
chr9	35731772	35739402	35733106	7630	35735587	-3815	3815	-2481
chr9	136790561	136793156	136792835	2595	136791858	-1297	1298	977
chr9	6006800	6009152	6007299	2352	6007976	-1176	1176	-677
chr9	128274995	128280014	128276294	5019	128277504	-2509	2510	-1210
chr9	137301011	137302603	137301799	1592	137301807	-796	796	-8
chr9	137187190	137192973	137187552	5783	137190081	-2891	2892	-2529
chr9	4661317	4663831	4663399	2514	4662574	-1257	1257	825
chr9	34993008	34995253	34993356	2245	34994130	-1122	1123	-774
chr9	34988932	34991958	34990770	3026	34990445	-1513	1513	325
chr9	135502860	135507578	135503777	4718	135505219	-2359	2359	-1442
chr9	19378236	19381163	19379622	2927	19379699	-1463	1464	-77
chr9	136371374	136374903	136372011	3529	136373138	-1764	1765	-1127
chr9	129827563	129831284	129828204	3721	129829423	-1860	1861	-1219
chr9	19374569	19376683	19376336	2114	19375626	-1057	1057	710
chr9	113372153	113375572	113374523	3419	113373862	-1709	1710	661
chr9	6006800	6009152	6007235	2352	6007976	-1176	1176	-741
chr9	133055543	133062292	133058048	6749	133058917	-3374	3375	-869
chr9	113372153	113375572	113373491	3419	113373862	-1709	1710	-371
chr9	122911708	122916757	122912036	5049	122914232	-2524	2525	-2196
chr9	128274995	128280014	128276316	5019	128277504	-2509	2510	-1188
chr9	133351389	133354160	133351937	2771	133352774	-1385	1386	-837
chr9	133358709	133362004	133360091	3295	133360356	-1647	1648	-265
chr9	135502860	135507578	135503839	4718	135505219	-2359	2359	-1380
chr9	136403269	136409177	136407236	5908	136406223	-2954	2954	1013
chr9	128064058	128069519	128066798	5461	128066788	-2730	2731	10
chr9	128064058	128069519	128067144	5461	128066788	-2730	2731	356
chr9	19378236	19381163	19379496	2927	19379699	-1463	1464	-203
chr9	128266983	128273996	128273847	7013	128270489	-3506	3507	3358
chr9	34988932	34991958	34990778	3026	34990445	-1513	1513	333
chr9	100441838	100443045	100442101	1207	100442441	-603	604	-340
chr9	125240162	125241260	125240250	1098	125240711	-549	549	-461
chr9	129827563	129831284	129828176	3721	129829423	-1860	1861	-1247
chr9	136402127	136403154	136402808	1027	136402640	-513	514	168
chr9	129827563	129831284	129830869	3721	129829423	-1860	1861	1446
chr9	100441838	100443045	100442111	1207	100442441	-603	604	-330
chr9	100441838	100443045	100442113	1207	100442441	-603	604	-328
chr9	125240162	125241260	125240269	1098	125240711	-549	549	-442
chr9	113372153	113375572	113374129	3419	113373862	-1709	1710	267
chr9	136113265	136119949	136116688	6684	136116607	-3342	3342	81
chr9	19378236	19381163	19378448	2927	19379699	-1463	1464	-1251
chr9	37425522	37429783	37426624	4261	37427652	-2130	2131	-1028
chr9	130887675	130895048	130893471	7373	130891361	-3686	3687	2110
chr9	133351389	133354160	133354056	2771	133352774	-1385	1386	1282
chr9	35688890	35691662	35689823	2772	35690276	-1386	1386	-453
chr9	128064058	128069519	128067107	5461	128066788	-2730	2731	319
chr9	133477579	133479976	133479020	2397	133478777	-1198	1199	243
chr9	19374569	19376683	19376264	2114	19375626	-1057	1057	638
chr9	122911708	122916757	122911909	5049	122914232	-2524	2525	-2323
chr9	128274995	128280014	128275927	5019	128277504	-2509	2510	-1577
chr9	133344602	133351371	133345249	6769	133347986	-3384	3385	-2737
chr9	137582286	137583155	137582487	869	137582720	-434	435	-233
chr9	26891252	26893269	26892707	2017	26892260	-1008	1009	447
chr9	128274995	128280014	128276698	5019	128277504	-2509	2510	-806
chr10	73781478	73786252	73782627	4774	73783865	-2387	2387	-1238
chr10	12195374	12197459	12196198	2085	12196416	-1042	1043	-218
chr10	112444949	112447865	112445485	2916	112446407	-1458	1458	-922
chr10	73813723	73815547	73815018	1824	73814635	-912	912	383
chr10	100986087	100990396	100988668	4309	100988241	-2154	2155	427
chr10	56357736	56359250	56357908	1514	56358493	-757	757	-585
chr10	102066283	102069433	102066525	3150	102067858	-1575	1575	-1333
chr10	118045637	118048174	118046145	2537	118046905	-1268	1269	-760
chr10	70232143	70233679	70233320	1536	70232911	-768	768	409
chr10	118045637	118048174	118045920	2537	118046905	-1268	1269	-985
chr10	73764207	73770278	73768829	6071	73767242	-3035	3036	1587
chr10	133307438	133313862	133312934	6424	133310650	-3212	3212	2284
chr10	87227833	87234382	87228537	6549	87231107	-3274	3275	-2570
chr10	87861059	87865585	87864497	4526	87863322	-2263	2263	1175
chr10	102452020	102457634	102454310	5614	102454827	-2807	2807	-517
chr10	68074145	68075843	68075200	1698	68074994	-849	849	206
chr10	118045637	118048174	118047032	2537	118046905	-1268	1269	127
chr10	56357736	56359250	56358575	1514	56358493	-757	757	82
chr10	102066283	102069433	102067128	3150	102067858	-1575	1575	-730
chr10	987317	989625	988464	2308	988471	-1154	1154	-7
chr10	102431010	102436531	102436521	5521	102433770	-2760	2761	2751
chr10	52314151	52316000	52314533	1849	52315075	-924	925	-542
chr10	28529684	28534500	28532694	4816	28532092	-2408	2408	602
chr10	14838022	14839373	14838519	1351	14838697	-675	676	-178
chr10	87227833	87234382	87228637	6549	87231107	-3274	3275	-2470
chr10	56357736	56359250	56358872	1514	56358493	-757	757	379
chr10	73771408	73774536	73773397	3128	73772972	-1564	1564	425
chr10	96831596	96833666	96832339	2070	96832631	-1035	1035	-292
chr10	100986087	100990396	100988985	4309	100988241	-2154	2155	744
chr10	31318248	31321219	31318955	2971	31319733	-1485	1486	-778
chr10	14838022	14839373	14838421	1351	14838697	-675	676	-276
chr10	70815659	70820574	70816850	4915	70818116	-2457	2458	-1266
chr10	70815659	70820574	70816824	4915	70818116	-2457	2458	-1292
chr10	100267011	100268794	100267656	1783	100267902	-891	892	-246
chr10	12195374	12197459	12196269	2085	12196416	-1042	1043	-147
chr10	56357736	56359250	56357920	1514	56358493	-757	757	-573
chr10	100986087	100990396	100986583	4309	100988241	-2154	2155	-1658
chr10	102066283	102069433	102067991	3150	102067858	-1575	1575	133
chr10	100986087	100990396	100987286	4309	100988241	-2154	2155	-955
chr10	94400130	94404116	94402611	3986	94402123	-1993	1993	488
chr10	114041029	114046343	114044571	5314	114043686	-2657	2657	885
chr10	133307438	133313862	133311870	6424	133310650	-3212	3212	1220
chr10	73771408	73774536	73773796	3128	73772972	-1564	1564	824
chr10	12195374	12197459	12196096	2085	12196416	-1042	1043	-320
chr10	73771408	73774536	73771736	3128	73772972	-1564	1564	-1236
chr10	73771408	73774536	73772091	3128	73772972	-1564	1564	-881
chr10	101782147	101784558	101782334	2411	101783352	-1205	1206	-1018
chr10	73771408	73774536	73772457	3128	73772972	-1564	1564	-515
chr10	100986087	100990396	100988316	4309	100988241	-2154	2155	75
chr10	97569506	97576515	97570451	7009	97573010	-3504	3505	-2559
chr10	123153882	123155905	123155086	2023	123154893	-1011	1012	193
chr10	81873946	81877669	81875679	3723	81875807	-1861	1862	-128
chr10	70144876	70147584	70146075	2708	70146230	-1354	1354	-155
chr10	100986087	100990396	100989270	4309	100988241	-2154	2155	1029
chr10	72273493	72275154	72274191	1661	72274323	-830	831	-132
chr10	100986087	100990396	100988154	4309	100988241	-2154	2155	-87
chr10	100986087	100990396	100988702	4309	100988241	-2154	2155	461
chr10	68471928	68473450	68471949	1522	68472689	-761	761	-740
chr10	101782147	101784558	101782484	2411	101783352	-1205	1206	-868
chr10	70885159	70886937	70885909	1778	70886048	-889	889	-139
chr10	87861059	87865585	87862303	4526	87863322	-2263	2263	-1019
chr10	100986087	100990396	100989796	4309	100988241	-2154	2155	1555
chr10	102641772	102647701	102644815	5929	102644736	-2964	2965	79
chr10	102448768	102451084	102450458	2316	102449926	-1158	1158	532
chr10	56357736	56359250	56358275	1514	56358493	-757	757	-218
chr10	22319041	22323062	22319967	4021	22321051	-2010	2011	-1084
chr10	73771408	73774536	73773571	3128	73772972	-1564	1564	599
chr10	98414108	98416840	98415074	2732	98415474	-1366	1366	-400
chr10	73496535	73500087	73498662	3552	73498311	-1776	1776	351
chr10	73764207	73770278	73769125	6071	73767242	-3035	3036	1883
chr10	73764207	73770278	73769833	6071	73767242	-3035	3036	2591
chr10	1048502	1049054	1048876	552	1048778	-276	276	98
chr10	18658475	18660772	18659666	2297	18659623	-1148	1149	43
chr10	73771408	73774536	73771828	3128	73772972	-1564	1564	-1144
chr10	3777815	3782398	3782077	4583	3780106	-2291	2292	1971
chr10	133368234	133373941	133370018	5707	133371087	-2853	2854	-1069
chr10	73496535	73500087	73498743	3552	73498311	-1776	1776	432
chr10	7787329	7789162	7788160	1833	7788245	-916	917	-85
chr10	101842210	101844314	101843526	2104	101843262	-1052	1052	264
chr10	28529684	28534500	28533595	4816	28532092	-2408	2408	1503
chr10	91906491	91909142	91908192	2651	91907816	-1325	1326	376
chr10	112444949	112447865	112445406	2916	112446407	-1458	1458	-1001
chr10	73771408	73774536	73772969	3128	73772972	-1564	1564	-3
chr10	100280921	100287226	100286145	6305	100284073	-3152	3153	2072
chr10	102066283	102069433	102067527	3150	102067858	-1575	1575	-331
chr10	101060343	101065453	101064952	5110	101062898	-2555	2555	2054
chr10	73781478	73786252	73782175	4774	73783865	-2387	2387	-1690
chr10	101060343	101065453	101064345	5110	101062898	-2555	2555	1447
chr11	73307065	73312027	73311230	4962	73309546	-2481	2481	1684
chr11	1596299	1598659	1597436	2360	1597479	-1180	1180	-43
chr11	65914927	65922841	65917250	7914	65918884	-3957	3957	-1634
chr11	66252248	66260016	66258739	7768	66256132	-3884	3884	2607
chr11	65775055	65783036	65778100	7981	65779045	-3990	3991	-945
chr11	119024304	119029152	119028300	4848	119026728	-2424	2424	1572
chr11	812545	816832	812762	4287	814688	-2143	2144	-1926
chr11	6479889	6482411	6480450	2522	6481150	-1261	1261	-700
chr11	66335067	66338108	66335835	3041	66336587	-1520	1521	-752
chr11	65086044	65089150	65086444	3106	65087597	-1553	1553	-1153
chr11	78573868	78576126	78574560	2258	78574997	-1129	1129	-437
chr11	62660241	62667273	62666503	7032	62663757	-3516	3516	2746
chr11	57527187	57529455	57528852	2268	57528321	-1134	1134	531
chr11	64223872	64227729	64225865	3857	64225800	-1928	1929	65
chr11	65775055	65783036	65779379	7981	65779045	-3990	3991	334
chr11	62830580	62833151	62831235	2571	62831865	-1285	1286	-630
chr11	65996412	66000833	66000377	4421	65998622	-2210	2211	1755
chr11	62804927	62807252	62805387	2325	62806089	-1162	1163	-702
chr11	64223872	64227729	64224568	3857	64225800	-1928	1929	-1232
chr11	66464852	66470360	66468876	5508	66467606	-2754	2754	1270
chr11	66252248	66260016	66258814	7768	66256132	-3884	3884	2682
chr11	65914927	65922841	65920372	7914	65918884	-3957	3957	1488
chr11	62660241	62667273	62667108	7032	62663757	-3516	3516	3351
chr11	64316793	64324072	64319843	7279	64320432	-3639	3640	-589
chr11	119335052	119338374	119336214	3322	119336713	-1661	1661	-499
chr11	126262717	126268473	126265070	5756	126265595	-2878	2878	-525
chr11	64303510	64307796	64304566	4286	64305653	-2143	2143	-1087
chr11	68026335	68033486	68033171	7151	68029910	-3575	3576	3261
chr11	85684967	85686382	85686135	1415	85685674	-707	708	461
chr11	119335052	119338374	119335683	3322	119336713	-1661	1661	-1030
chr11	66052012	66054985	66052494	2973	66053498	-1486	1487	-1004
chr11	64223872	64227729	64227203	3857	64225800	-1928	1929	1403
chr11	65890396	65895821	65891203	5425	65893108	-2712	2713	-1905
chr11	64316793	64324072	64316922	7279	64320432	-3639	3640	-3510
chr11	78573868	78576126	78574567	2258	78574997	-1129	1129	-430
chr11	119335052	119338374	119335110	3322	119336713	-1661	1661	-1603
chr11	64316793	64324072	64317114	7279	64320432	-3639	3640	-3318
chr11	65996412	66000833	65999665	4421	65998622	-2210	2211	1043
chr11	130912908	130916972	130914855	4064	130914940	-2032	2032	-85
chr11	64775583	64776800	64776451	1217	64776191	-608	609	260
chr11	6389476	6395459	6391795	5983	6392467	-2991	2992	-672
chr11	62834068	62837633	62835573	3565	62835850	-1782	1783	-277
chr11	78573868	78576126	78574567	2258	78574997	-1129	1129	-430
chr11	60903475	60905055	60903505	1580	60904265	-790	790	-760
chr11	3796635	3799013	3798089	2378	3797824	-1189	1189	265
chr11	1596299	1598659	1597655	2360	1597479	-1180	1180	176
chr11	66335067	66338108	66337719	3041	66336587	-1520	1521	1132
chr11	8680895	8688512	8682781	7617	8684703	-3808	3809	-1922
chr11	65914927	65922841	65917294	7914	65918884	-3957	3957	-1590
chr11	112086564	112088770	112087963	2206	112087667	-1103	1103	296
chr11	126301009	126304832	126304264	3823	126302920	-1911	1912	1344
chr11	69671836	69676725	69673254	4889	69674280	-2444	2445	-1026
chr11	6389476	6395459	6390840	5983	6392467	-2991	2992	-1627
chr11	70272007	70272992	70272285	985	70272499	-492	493	-214
chr11	67297068	67303170	67299885	6102	67300119	-3051	3051	-234
chr11	66335067	66338108	66336330	3041	66336587	-1520	1521	-257
chr11	47421874	47424667	47422584	2793	47423270	-1396	1397	-686
chr11	34051294	34053643	34052397	2349	34052468	-1174	1175	-71
chr11	85684967	85686382	85685546	1415	85685674	-707	708	-128
chr11	85684967	85686382	85685998	1415	85685674	-707	708	324
chr11	119092225	119095303	119092416	3078	119093764	-1539	1539	-1348
chr11	64316793	64324072	64318246	7279	64320432	-3639	3640	-2186
chr11	3796635	3799013	3798010	2378	3797824	-1189	1189	186
chr11	57326600	57332546	57332233	5946	57329573	-2973	2973	2660
chr11	64205593	64212180	64207400	6587	64208886	-3293	3294	-1486
chr11	63911228	63919010	63913997	7782	63915119	-3891	3891	-1122
chr11	6616722	6618087	6617694	1365	6617404	-682	683	290
chr11	64775583	64776800	64776482	1217	64776191	-608	609	291
chr11	119092225	119095303	119093158	3078	119093764	-1539	1539	-606
chr11	126262717	126268473	126265421	5756	126265595	-2878	2878	-174
chr11	62645684	62651279	62648063	5595	62648481	-2797	2798	-418
chr11	639184	645283	640571	6099	642233	-3049	3050	-1662
chr11	8680895	8688512	8682689	7617	8684703	-3808	3809	-2014
chr11	20387058	20388266	20388031	1208	20387662	-604	604	369
chr11	64316793	64324072	64316912	7279	64320432	-3639	3640	-3520
chr11	47583589	47584446	47584386	857	47584017	-428	429	369
chr11	62645684	62651279	62649924	5595	62648481	-2797	2798	1443
chr11	45920272	45926469	45923505	6197	45923370	-3098	3099	135
chr11	1596299	1598659	1598255	2360	1597479	-1180	1180	776
chr11	47267926	47271655	47267977	3729	47269790	-1864	1865	-1813
chr11	62670568	62673334	62671348	2766	62671951	-1383	1383	-603
chr11	68026335	68033486	68033286	7151	68029910	-3575	3576	3376
chr11	6616722	6618087	6616745	1365	6617404	-682	683	-659
chr11	62598883	62605203	62604027	6320	62602043	-3160	3160	1984
chr11	64316793	64324072	64317092	7279	64320432	-3639	3640	-3340
chr11	78573868	78576126	78574372	2258	78574997	-1129	1129	-625
chr11	126262717	126268473	126266866	5756	126265595	-2878	2878	1271
chr11	1583608	1585427	1584748	1819	1584517	-909	910	231
chr11	6389476	6395459	6390787	5983	6392467	-2991	2992	-1680
chr11	67467743	67471352	67468018	3609	67469547	-1804	1805	-1529
chr11	72105292	72110713	72110481	5421	72108002	-2710	2711	2479
chr11	126262717	126268473	126265099	5756	126265595	-2878	2878	-496
chr11	62834068	62837633	62835981	3565	62835850	-1782	1783	131
chr11	3796635	3799013	3797949	2378	3797824	-1189	1189	125
chr11	126262717	126268473	126266529	5756	126265595	-2878	2878	934
chr11	66252248	66260016	66258645	7768	66256132	-3884	3884	2513
chr11	66001614	66005880	66003368	4266	66003747	-2133	2133	-379
chr11	8680895	8688512	8682756	7617	8684703	-3808	3809	-1947
chr11	6680696	6683979	6682178	3283	6682337	-1641	1642	-159
chr11	64316793	64324072	64319767	7279	64320432	-3639	3640	-665
chr11	57326600	57332546	57332396	5946	57329573	-2973	2973	2823
chr11	62645684	62651279	62647027	5595	62648481	-2797	2798	-1454
chr11	47448285	47451711	47449014	3426	47449998	-1713	1713	-984
chr11	73307065	73312027	73311225	4962	73309546	-2481	2481	1679
chr11	62804927	62807252	62805386	2325	62806089	-1162	1163	-703
chr11	63911228	63919010	63915576	7782	63915119	-3891	3891	457
chr11	639184	645283	640489	6099	642233	-3049	3050	-1744
chr11	57321490	57325061	57321798	3571	57323275	-1785	1786	-1477
chr11	62834068	62837633	62834482	3565	62835850	-1782	1783	-1368
chr11	63911228	63919010	63914488	7782	63915119	-3891	3891	-631
chr11	64201600	64204790	64204236	3190	64203195	-1595	1595	1041
chr11	64271351	64275589	64271640	4238	64273470	-2119	2119	-1830
chr11	65890396	65895821	65894032	5425	65893108	-2712	2713	924
chr11	70272007	70272992	70272308	985	70272499	-492	493	-191
chr11	90221211	90223729	90222906	2518	90222470	-1259	1259	436
chr11	111924600	111927420	111925650	2820	111926010	-1410	1410	-360
chr11	66339780	66343268	66341215	3488	66341524	-1744	1744	-309
chr11	64310996	64316646	64314910	5650	64313821	-2825	2825	1089
chr11	61342227	61345233	61344239	3006	61343730	-1503	1503	509
chr11	62598883	62605203	62603216	6320	62602043	-3160	3160	1173
chr11	119024304	119029152	119028251	4848	119026728	-2424	2424	1523
chr11	62668867	62670380	62669930	1513	62669623	-756	757	307
chr11	64223872	64227729	64227639	3857	64225800	-1928	1929	1839
chr11	62645684	62651279	62648688	5595	62648481	-2797	2798	207
chr11	3796635	3799013	3797920	2378	3797824	-1189	1189	96
chr11	62660241	62667273	62665452	7032	62663757	-3516	3516	1695
chr11	45920272	45926469	45924229	6197	45923370	-3098	3099	859
chr11	6495391	6499220	6498299	3829	6497305	-1914	1915	994
chr11	85684967	85686382	85685067	1415	85685674	-707	708	-607
chr11	62645684	62651279	62648995	5595	62648481	-2797	2798	514
chr11	62668867	62670380	62670027	1513	62669623	-756	757	404
chr11	65086044	65089150	65087351	3106	65087597	-1553	1553	-246
chr11	118261495	118262953	118262625	1458	118262224	-729	729	401
chr11	6476336	6479496	6478902	3160	6477916	-1580	1580	986
chr11	119087377	119092039	119088262	4662	119089708	-2331	2331	-1446
chr11	119092225	119095303	119095272	3078	119093764	-1539	1539	1508
chr11	62595677	62598721	62598592	3044	62597199	-1522	1522	1393
chr11	64229816	64232918	64229876	3102	64231367	-1551	1551	-1491
chr11	6616722	6618087	6617301	1365	6617404	-682	683	-103
chr11	61342227	61345233	61344168	3006	61343730	-1503	1503	438
chr11	57326600	57332546	57332389	5946	57329573	-2973	2973	2816
chr11	62668867	62670380	62669895	1513	62669623	-756	757	272
chr11	68026335	68033486	68027772	7151	68029910	-3575	3576	-2138
chr11	6479889	6482411	6481491	2522	6481150	-1261	1261	341
chr11	6476336	6479496	6478136	3160	6477916	-1580	1580	220
chr11	126262717	126268473	126266794	5756	126265595	-2878	2878	1199
chr11	126262717	126268473	126267695	5756	126265595	-2878	2878	2100
chr11	126262717	126268473	126268029	5756	126265595	-2878	2878	2434
chr11	66052012	66054985	66052402	2973	66053498	-1486	1487	-1096
chr11	46703637	46709031	46704611	5394	46706334	-2697	2697	-1723
chr11	112086564	112088770	112086714	2206	112087667	-1103	1103	-953
chr11	65086044	65089150	65086770	3106	65087597	-1553	1553	-827
chr11	65086044	65089150	65087060	3106	65087597	-1553	1553	-537
chr11	58578278	58580336	58579566	2058	58579307	-1029	1029	259
chr11	62595677	62598721	62598076	3044	62597199	-1522	1522	877
chr11	57321490	57325061	57321922	3571	57323275	-1785	1786	-1353
chr11	66273780	66280041	66276134	6261	66276910	-3130	3131	-776
chr11	108664603	108667103	108665197	2500	108665853	-1250	1250	-656
chr11	47448285	47451711	47449006	3426	47449998	-1713	1713	-992
chr11	6476336	6479496	6479181	3160	6477916	-1580	1580	1265
chr11	57326600	57332546	57332151	5946	57329573	-2973	2973	2578
chr11	64201600	64204790	64203208	3190	64203195	-1595	1595	13
chr11	35615897	35621324	35619828	5427	35618610	-2713	2714	1218
chr11	63911228	63919010	63914320	7782	63915119	-3891	3891	-799
chr11	119092225	119095303	119093946	3078	119093764	-1539	1539	182
chr11	62598883	62605203	62604189	6320	62602043	-3160	3160	2146
chr11	119087377	119092039	119088843	4662	119089708	-2331	2331	-865
chr11	57527187	57529455	57528645	2268	57528321	-1134	1134	324
chr12	57598924	57603426	57600907	4502	57601175	-2251	2251	-268
chr12	57598924	57603426	57601676	4502	57601175	-2251	2251	501
chr12	54281748	54284447	54283121	2699	54283097	-1349	1350	24
chr12	120196260	120199596	120196821	3336	120197928	-1668	1668	-1107
chr12	56317368	56321971	56317581	4603	56319669	-2301	2302	-2088
chr12	56001962	56008616	56003837	6654	56005289	-3327	3327	-1452
chr12	119987958	119991032	119990196	3074	119989495	-1537	1537	701
chr12	56097722	56102514	56102184	4792	56100118	-2396	2396	2066
chr12	89351270	89356136	89351967	4866	89353703	-2433	2433	-1736
chr12	50084362	50088203	50086810	3841	50086282	-1920	1921	528
chr12	6969236	6974302	6970885	5066	6971769	-2533	2533	-884
chr12	124984768	124989510	124986242	4742	124987139	-2371	2371	-897
chr12	132617879	132624092	132621642	6213	132620985	-3106	3107	657
chr12	56001962	56008616	56005004	6654	56005289	-3327	3327	-285
chr12	49323871	49326498	49323957	2627	49325184	-1313	1314	-1227
chr12	121802646	121809496	121804811	6850	121806071	-3425	3425	-1260
chr12	7187783	7190865	7190455	3082	7189324	-1541	1541	1131
chr12	66304157	66305903	66304737	1746	66305030	-873	873	-293
chr12	6199467	6204063	6200497	4596	6201765	-2298	2298	-1268
chr12	55825409	55831305	55827536	5896	55828357	-2948	2948	-821
chr12	92143412	92146790	92144277	3378	92145101	-1689	1689	-824
chr12	6938733	6943679	6941424	4946	6941206	-2473	2473	218
chr12	124908910	124915502	124913484	6592	124912206	-3296	3296	1278
chr12	6554777	6557418	6557101	2641	6556097	-1320	1321	1004
chr12	14768653	14771473	14770971	2820	14770063	-1410	1410	908
chr12	100266150	100268029	100266975	1879	100267089	-939	940	-114
chr12	100266150	100268029	100266952	1879	100267089	-939	940	-137
chr12	121399149	121401433	121400206	2284	121400291	-1142	1142	-85
chr12	132617879	132624092	132620469	6213	132620985	-3106	3107	-516
chr12	14773939	14775891	14775769	1952	14774915	-976	976	854
chr12	79933415	79936322	79935175	2907	79934868	-1453	1454	307
chr12	55719027	55719938	55719749	911	55719482	-455	456	267
chr12	7187783	7190865	7190452	3082	7189324	-1541	1541	1128
chr12	49129252	49131928	49131374	2676	49130590	-1338	1338	784
chr12	120196260	120199596	120197330	3336	120197928	-1668	1668	-598
chr12	120196260	120199596	120196905	3336	120197928	-1668	1668	-1023
chr12	6199467	6204063	6200507	4596	6201765	-2298	2298	-1258
chr12	79933415	79936322	79935002	2907	79934868	-1453	1454	134
chr12	74538397	74541071	74539263	2674	74539734	-1337	1337	-471
chr12	6938733	6943679	6941471	4946	6941206	-2473	2473	265
chr12	120196260	120199596	120199132	3336	120197928	-1668	1668	1204
chr12	57768586	57773918	57769071	5332	57771252	-2666	2666	-2181
chr12	120578605	120581408	120581142	2803	120580006	-1401	1402	1136
chr12	55719027	55719938	55719192	911	55719482	-455	456	-290
chr12	6536752	6539496	6537608	2744	6538124	-1372	1372	-516
chr12	56097722	56102514	56102295	4792	56100118	-2396	2396	2177
chr12	120578605	120581408	120579134	2803	120580006	-1401	1402	-872
chr12	56116382	56117130	56116790	748	56116756	-374	374	34
chr12	56001962	56008616	56003869	6654	56005289	-3327	3327	-1420
chr12	56001962	56008616	56004739	6654	56005289	-3327	3327	-550
chr12	76763121	76766307	76764199	3186	76764714	-1593	1593	-515
chr12	46370707	46373018	46371271	2311	46371862	-1155	1156	-591
chr12	46370707	46373018	46371339	2311	46371862	-1155	1156	-523
chr12	132617879	132624092	132621606	6213	132620985	-3106	3107	621
chr12	57516638	57517655	57516892	1017	57517146	-508	509	-254
chr12	55825409	55831305	55828213	5896	55828357	-2948	2948	-144
chr12	64454653	64457236	64455951	2583	64455944	-1291	1292	7
chr12	55825409	55831305	55827678	5896	55828357	-2948	2948	-679
chr12	100266150	100268029	100267073	1879	100267089	-939	940	-16
chr12	130870304	130876197	130873084	5893	130873250	-2946	2947	-166
chr12	131710994	131712861	131711433	1867	131711927	-933	934	-494
chr12	53454646	53455693	53455490	1047	53455169	-523	524	321
chr12	132617879	132624092	132621555	6213	132620985	-3106	3107	570
chr12	123628283	123630621	123630231	2338	123629452	-1169	1169	779
chr12	50084362	50088203	50086873	3841	50086282	-1920	1921	591
chr12	48679854	48682486	48682012	2632	48681170	-1316	1316	842
chr12	46370707	46373018	46370827	2311	46371862	-1155	1156	-1035
chr12	49129252	49131928	49129664	2676	49130590	-1338	1338	-926
chr12	49562211	49568229	49564779	6018	49565220	-3009	3009	-441
chr12	124908910	124915502	124913399	6592	124912206	-3296	3296	1193
chr12	74538397	74541071	74539447	2674	74539734	-1337	1337	-287
chr12	132617879	132624092	132620309	6213	132620985	-3106	3107	-676
chr12	56120388	56122689	56121311	2301	56121538	-1150	1151	-227
chr12	6767353	6771853	6769945	4500	6769603	-2250	2250	342
chr12	6767353	6771853	6770156	4500	6769603	-2250	2250	553
chr12	56314440	56316472	56314920	2032	56315456	-1016	1016	-536
chr12	71753750	71756940	71755284	3190	71755345	-1595	1595	-61
chr12	56317368	56321971	56319927	4603	56319669	-2301	2302	258
chr12	6938733	6943679	6940944	4946	6941206	-2473	2473	-262
chr12	6554777	6557418	6556967	2641	6556097	-1320	1321	870
chr12	6938733	6943679	6940931	4946	6941206	-2473	2473	-275
chr12	6938733	6943679	6941383	4946	6941206	-2473	2473	177
chr12	6938733	6943679	6941750	4946	6941206	-2473	2473	544
chr12	55719027	55719938	55719202	911	55719482	-455	456	-280
chr12	56154304	56159297	56155696	4993	56156800	-2496	2497	-1104
chr12	130870304	130876197	130874601	5893	130873250	-2946	2947	1351
chr12	6943962	6944845	6944583	883	6944403	-441	442	180
chr12	6850792	6855629	6855510	4837	6853210	-2418	2419	2300
chr12	76029516	76032768	76031040	3252	76031142	-1626	1626	-102
chr12	14773939	14775891	14775263	1952	14774915	-976	976	348
chr12	53296817	53297984	53297796	1167	53297400	-583	584	396
chr12	55726829	55729610	55727307	2781	55728219	-1390	1391	-912
chr12	74538397	74541071	74538416	2674	74539734	-1337	1337	-1318
chr12	101876932	101878439	101877751	1507	101877685	-753	754	66
chr12	96908565	96910471	96909832	1906	96909518	-953	953	314
chr12	122020813	122024768	122022142	3955	122022790	-1977	1978	-648
chr12	6554777	6557418	6555506	2641	6556097	-1320	1321	-591
chr12	49323871	49326498	49323892	2627	49325184	-1313	1314	-1292
chr12	56097722	56102514	56101531	4792	56100118	-2396	2396	1413
chr12	56314440	56316472	56315142	2032	56315456	-1016	1016	-314
chr12	6938733	6943679	6941407	4946	6941206	-2473	2473	201
chr12	31323435	31326127	31325417	2692	31324781	-1346	1346	636
chr12	109900741	109907285	109904122	6544	109904013	-3272	3272	109
chr12	132617879	132624092	132620264	6213	132620985	-3106	3107	-721
chr12	69737882	69740243	69739800	2361	69739062	-1180	1181	738
chr12	14768653	14771473	14771029	2820	14770063	-1410	1410	966
chr12	6844685	6849861	6849618	5176	6847273	-2588	2588	2345
chr12	76029516	76032768	76031282	3252	76031142	-1626	1626	140
chr12	6943962	6944845	6944760	883	6944403	-441	442	357
chr12	131714027	131715222	131714282	1195	131714624	-597	598	-342
chr12	56001962	56008616	56004786	6654	56005289	-3327	3327	-503
chr12	109900741	109907285	109904063	6544	109904013	-3272	3272	50
chr12	49562211	49568229	49566474	6018	49565220	-3009	3009	1254
chr12	56120388	56122689	56120715	2301	56121538	-1150	1151	-823
chr12	132617879	132624092	132619713	6213	132620985	-3106	3107	-1272
chr12	6536752	6539496	6537716	2744	6538124	-1372	1372	-408
chr12	49129252	49131928	49129271	2676	49130590	-1338	1338	-1319
chr12	57243912	57245747	57244217	1835	57244829	-917	918	-612
chr12	49129252	49131928	49129280	2676	49130590	-1338	1338	-1310
chr12	6938733	6943679	6939149	4946	6941206	-2473	2473	-2057
chr12	49187817	49189472	49189013	1655	49188644	-827	828	369
chr12	51241438	51243335	51242682	1897	51242386	-948	949	296
chr12	55723690	55726332	55726206	2642	55725011	-1321	1321	1195
chr12	55825409	55831305	55828397	5896	55828357	-2948	2948	40
chr12	56103968	56105625	56104615	1657	56104796	-828	829	-181
chr12	56314440	56316472	56315142	2032	56315456	-1016	1016	-314
chr12	76763121	76766307	76764199	3186	76764714	-1593	1593	-515
chr12	109900741	109907285	109903193	6544	109904013	-3272	3272	-820
chr12	116276419	116279533	116277121	3114	116277976	-1557	1557	-855
chr12	100266150	100268029	100267046	1879	100267089	-939	940	-43
chr12	100266150	100268029	100267047	1879	100267089	-939	940	-42
chr12	55723690	55726332	55725829	2642	55725011	-1321	1321	818
chr12	56317368	56321971	56319111	4603	56319669	-2301	2302	-558
chr12	57763599	57767444	57767005	3845	57765521	-1922	1923	1484
chr12	132617879	132624092	132621702	6213	132620985	-3106	3107	717
chr12	56097722	56102514	56102145	4792	56100118	-2396	2396	2027
chr12	132617879	132624092	132621313	6213	132620985	-3106	3107	328
chr12	56267685	56272792	56269217	5107	56270238	-2553	2554	-1021
chr12	56001962	56008616	56004652	6654	56005289	-3327	3327	-637
chr12	6969236	6974302	6971072	5066	6971769	-2533	2533	-697
chr12	55825409	55831305	55827663	5896	55828357	-2948	2948	-694
chr12	57763599	57767444	57765422	3845	57765521	-1922	1923	-99
chr12	76029516	76032768	76030574	3252	76031142	-1626	1626	-568
chr12	56317368	56321971	56319374	4603	56319669	-2301	2302	-295
chr12	56001962	56008616	56005141	6654	56005289	-3327	3327	-148
chr12	56314440	56316472	56316088	2032	56315456	-1016	1016	632
chr12	56097722	56102514	56101808	4792	56100118	-2396	2396	1690
chr12	120578605	120581408	120581154	2803	120580006	-1401	1402	1148
chr12	47965279	47967555	47966685	2276	47966417	-1138	1138	268
chr12	124908910	124915502	124913404	6592	124912206	-3296	3296	1198
chr12	53454646	53455693	53454858	1047	53455169	-523	524	-311
chr12	132617879	132624092	132621719	6213	132620985	-3106	3107	734
chr12	53005020	53007090	53006402	2070	53006055	-1035	1035	347
chr12	55825409	55831305	55828036	5896	55828357	-2948	2948	-321
chr12	6199467	6204063	6200505	4596	6201765	-2298	2298	-1260
chr12	57516638	57517655	57517024	1017	57517146	-508	509	-122
chr12	49323871	49326498	49324029	2627	49325184	-1313	1314	-1155
chr12	122524837	122526923	122526919	2086	122525880	-1043	1043	1039
chr12	56001962	56008616	56003766	6654	56005289	-3327	3327	-1523
chr12	6844685	6849861	6849594	5176	6847273	-2588	2588	2321
chr12	6850792	6855629	6852282	4837	6853210	-2418	2419	-928
chr12	6536752	6539496	6538176	2744	6538124	-1372	1372	52
chr12	14768653	14771473	14771111	2820	14770063	-1410	1410	1048
chr12	53972367	53976330	53975278	3963	53974348	-1981	1982	930
chr12	55719027	55719938	55719208	911	55719482	-455	456	-274
chr12	130870304	130876197	130875933	5893	130873250	-2946	2947	2683
chr12	6767353	6771853	6770605	4500	6769603	-2250	2250	1002
chr12	55719027	55719938	55719568	911	55719482	-455	456	86
chr13	44574104	44575049	44574226	945	44574576	-472	473	-350
chr13	32534481	32536119	32535911	1638	32535300	-819	819	611
chr13	51451223	51455296	51452457	4073	51453259	-2036	2037	-802
chr13	51451223	51455296	51452003	4073	51453259	-2036	2037	-1256
chr13	43878087	43881335	43881311	3248	43879711	-1624	1624	1600
chr13	44574104	44575049	44574165	945	44574576	-472	473	-411
chr13	44575297	44577611	44575533	2314	44576454	-1157	1157	-921
chr13	48037490	48040331	48037907	2841	48038910	-1420	1421	-1003
chr13	36996802	37001223	37000686	4421	36999012	-2210	2211	1674
chr13	36996802	37001223	37000738	4421	36999012	-2210	2211	1726
chr13	44988745	44990100	44989722	1355	44989422	-677	678	300
chr13	110711040	110716889	110715581	5849	110713964	-2924	2925	1617
chr13	27619259	27622605	27621920	3346	27620932	-1673	1673	988
chr13	95676168	95677917	95677267	1749	95677042	-874	875	225
chr13	44575297	44577611	44575878	2314	44576454	-1157	1157	-576
chr13	51451223	51455296	51452418	4073	51453259	-2036	2037	-841
chr13	19861704	19865358	19864159	3654	19863531	-1827	1827	628
chr13	41059393	41062812	41061672	3419	41061102	-1709	1710	570
chr13	110711040	110716889	110712890	5849	110713964	-2924	2925	-1074
chr13	110711040	110716889	110715418	5849	110713964	-2924	2925	1454
chr13	44988745	44990100	44989721	1355	44989422	-677	678	299
chr13	106567391	106568854	106567653	1463	106568122	-731	732	-469
chr13	45339960	45341935	45340003	1975	45340947	-987	988	-944
chr13	110711040	110716889	110715592	5849	110713964	-2924	2925	1628
chr13	32534481	32536119	32535929	1638	32535300	-819	819	629
chr13	106567391	106568854	106567665	1463	106568122	-731	732	-457
chr13	36996802	37001223	37000631	4421	36999012	-2210	2211	1619
chr13	27619259	27622605	27621907	3346	27620932	-1673	1673	975
chr13	110711040	110716889	110714207	5849	110713964	-2924	2925	243
chr13	110711040	110716889	110715833	5849	110713964	-2924	2925	1869
chr13	44574104	44575049	44574854	945	44574576	-472	473	278
chr13	44575297	44577611	44575765	2314	44576454	-1157	1157	-689
chr13	32534481	32536119	32535778	1638	32535300	-819	819	478
chr13	44574104	44575049	44574267	945	44574576	-472	473	-309
chr14	92797240	92802352	92797605	5112	92799796	-2556	2556	-2191
chr14	52706609	52708972	52707202	2363	52707790	-1181	1182	-588
chr14	76154423	76155344	76154741	921	76154883	-460	461	-142
chr14	103332519	103336128	103335864	3609	103334323	-1804	1805	1541
chr14	73717420	73722089	73717580	4669	73719754	-2334	2335	-2174
chr14	93181158	93186174	93183317	5016	93183666	-2508	2508	-349
chr14	74917275	74922214	74919902	4939	74919744	-2469	2470	158
chr14	24266132	24268270	24267704	2138	24267201	-1069	1069	503
chr14	100326451	100334351	100327229	7900	100330401	-3950	3950	-3172
chr14	20455593	20460019	20457511	4426	20457806	-2213	2213	-295
chr14	93181158	93186174	93183248	5016	93183666	-2508	2508	-418
chr14	75523840	75526076	75525108	2236	75524958	-1118	1118	150
chr14	39173380	39176689	39175374	3309	39175034	-1654	1655	340
chr14	23554939	23558224	23556864	3285	23556581	-1642	1643	283
chr14	23554939	23558224	23557010	3285	23556581	-1642	1643	429
chr14	60720250	60724618	60723484	4368	60722434	-2184	2184	1050
chr14	68791266	68797194	68795280	5928	68794230	-2964	2964	1050
chr14	100326451	100334351	100327301	7900	100330401	-3950	3950	-3100
chr14	39173380	39176689	39176075	3309	39175034	-1654	1655	1041
chr14	24428305	24433297	24428938	4992	24430801	-2496	2496	-1863
chr14	24212069	24214183	24214134	2114	24213126	-1057	1057	1008
chr14	24301047	24305199	24301661	4152	24303123	-2076	2076	-1462
chr14	73711891	73715294	73713038	3403	73713592	-1701	1702	-554
chr14	20455593	20460019	20455930	4426	20457806	-2213	2213	-1876
chr14	39177397	39179957	39179098	2560	39178677	-1280	1280	421
chr14	103559865	103563773	103562051	3908	103561819	-1954	1954	232
chr14	24428305	24433297	24431629	4992	24430801	-2496	2496	828
chr14	65411591	65414608	65411943	3017	65413099	-1508	1509	-1156
chr14	22870968	22878539	22872270	7571	22874753	-3785	3786	-2483
chr14	75276674	75281886	75278873	5212	75279280	-2606	2606	-407
chr14	22923094	22930166	22929331	7072	22926630	-3536	3536	2701
chr14	103332519	103336128	103335893	3609	103334323	-1804	1805	1570
chr14	60720250	60724618	60723367	4368	60722434	-2184	2184	933
chr14	30621247	30622428	30622411	1181	30621837	-590	591	574
chr14	20455593	20460019	20457104	4426	20457806	-2213	2213	-702
chr14	68791266	68797194	68793068	5928	68794230	-2964	2964	-1162
chr14	24214375	24216409	24215556	2034	24215392	-1017	1017	164
chr14	24146292	24148730	24148106	2438	24147511	-1219	1219	595
chr14	75002191	75005988	75002976	3797	75004089	-1898	1899	-1113
chr14	60720250	60724618	60723639	4368	60722434	-2184	2184	1205
chr14	22923094	22930166	22926264	7072	22926630	-3536	3536	-366
chr14	90396332	90398457	90397173	2125	90397394	-1062	1063	-221
chr14	20455593	20460019	20455659	4426	20457806	-2213	2213	-2147
chr14	103336379	103339025	103336760	2646	103337702	-1323	1323	-942
chr14	22923094	22930166	22928611	7072	22926630	-3536	3536	1981
chr14	75276674	75281886	75278993	5212	75279280	-2606	2606	-287
chr14	39177397	39179957	39177903	2560	39178677	-1280	1280	-774
chr14	94078726	94079814	94079131	1088	94079270	-544	544	-139
chr14	24146292	24148730	24148051	2438	24147511	-1219	1219	540
chr14	61693930	61697201	61695684	3271	61695565	-1635	1636	119
chr14	49633140	49638710	49635078	5570	49635925	-2785	2785	-847
chr14	93181158	93186174	93183121	5016	93183666	-2508	2508	-545
chr14	94078726	94079814	94079474	1088	94079270	-544	544	204
chr14	93181158	93186174	93183843	5016	93183666	-2508	2508	177
chr14	24136319	24139271	24139197	2952	24137795	-1476	1476	1402
chr14	24136319	24139271	24138769	2952	24137795	-1476	1476	974
chr14	24301047	24305199	24303089	4152	24303123	-2076	2076	-34
chr14	68791266	68797194	68792905	5928	68794230	-2964	2964	-1325
chr14	24146292	24148730	24147869	2438	24147511	-1219	1219	358
chr14	103332519	103336128	103336087	3609	103334323	-1804	1805	1764
chr14	77023228	77028914	77026664	5686	77026071	-2843	2843	593
chr14	22885780	22890004	22886081	4224	22887892	-2112	2112	-1811
chr14	103559865	103563773	103562076	3908	103561819	-1954	1954	257
chr14	103336379	103339025	103337214	2646	103337702	-1323	1323	-488
chr14	52706609	52708972	52707179	2363	52707790	-1181	1182	-611
chr14	93181158	93186174	93184242	5016	93183666	-2508	2508	576
chr14	20455593	20460019	20457416	4426	20457806	-2213	2213	-390
chr14	22832133	22835002	22834399	2869	22833567	-1434	1435	832
chr14	22923094	22930166	22929216	7072	22926630	-3536	3536	2586
chr14	24214375	24216409	24215661	2034	24215392	-1017	1017	269
chr14	39173380	39176689	39176571	3309	39175034	-1654	1655	1537
chr14	74492402	74494305	74493285	1903	74493353	-951	952	-68
chr14	93181158	93186174	93183171	5016	93183666	-2508	2508	-495
chr14	103559865	103563773	103560939	3908	103561819	-1954	1954	-880
chr14	75002191	75005988	75003597	3797	75004089	-1898	1899	-492
chr14	92922696	92926852	92926646	4156	92924774	-2078	2078	1872
chr14	23554939	23558224	23557274	3285	23556581	-1642	1643	693
chr14	103518305	103523222	103522353	4917	103520763	-2458	2459	1590
chr14	65411591	65414608	65411902	3017	65413099	-1508	1509	-1197
chr14	24050731	24057072	24055079	6341	24053901	-3170	3171	1178
chr14	75276674	75281886	75280594	5212	75279280	-2606	2606	1314
chr14	92922696	92926852	92924206	4156	92924774	-2078	2078	-568
chr14	54438532	54441591	54441326	3059	54440061	-1529	1530	1265
chr14	24307134	24312575	24311608	5441	24309854	-2720	2721	1754
chr14	24301047	24305199	24302053	4152	24303123	-2076	2076	-1070
chr14	75276674	75281886	75281622	5212	75279280	-2606	2606	2342
chr14	24214375	24216409	24214558	2034	24215392	-1017	1017	-834
chr14	93181158	93186174	93183708	5016	93183666	-2508	2508	42
chr14	57388722	57391864	57391559	3142	57390293	-1571	1571	1266
chr14	75002191	75005988	75004902	3797	75004089	-1898	1899	813
chr14	75002191	75005988	75003567	3797	75004089	-1898	1899	-522
chr14	100326451	100334351	100327208	7900	100330401	-3950	3950	-3193
chr14	68791266	68797194	68792979	5928	68794230	-2964	2964	-1251
chr14	75276674	75281886	75280062	5212	75279280	-2606	2606	782
chr14	93181158	93186174	93183837	5016	93183666	-2508	2508	171
chr14	93181158	93186174	93184224	5016	93183666	-2508	2508	558
chr14	75276674	75281886	75281370	5212	75279280	-2606	2606	2090
chr14	22832133	22835002	22833458	2869	22833567	-1434	1435	-109
chr14	23554939	23558224	23557247	3285	23556581	-1642	1643	666
chr14	77023228	77028914	77026385	5686	77026071	-2843	2843	314
chr14	103559865	103563773	103560714	3908	103561819	-1954	1954	-1105
chr15	64702610	64705239	64703031	2629	64703924	-1314	1315	-893
chr15	72374549	72377035	72375997	2486	72375792	-1243	1243	205
chr15	75336467	75339381	75338999	2914	75337924	-1457	1457	1075
chr15	90904903	90908548	90905987	3645	90906725	-1822	1823	-738
chr15	64074599	64075609	64075495	1010	64075104	-505	505	391
chr15	90951225	90954353	90952950	3128	90952789	-1564	1564	161
chr15	74892307	74894485	74892775	2178	74893396	-1089	1089	-621
chr15	75371185	75374734	75371878	3549	75372959	-1774	1775	-1081
chr15	40333280	40340843	40339957	7563	40337061	-3781	3782	2896
chr15	90951225	90954353	90953239	3128	90952789	-1564	1564	450
chr15	66503113	66504166	66503435	1053	66503639	-526	527	-204
chr15	90877071	90880513	90880209	3442	90878792	-1721	1721	1417
chr15	43772596	43775492	43774677	2896	43774044	-1448	1448	633
chr15	66504518	66506468	66505500	1950	66505493	-975	975	7
chr15	72473804	72475475	72474666	1671	72474639	-835	836	27
chr15	74815831	74823225	74816185	7394	74819528	-3697	3697	-3343
chr15	74892307	74894485	74892724	2178	74893396	-1089	1089	-672
chr15	80998481	81003342	81003239	4861	81000911	-2430	2431	2328
chr15	75336467	75339381	75338309	2914	75337924	-1457	1457	385
chr15	75842683	75846075	75844168	3392	75844379	-1696	1696	-211
chr15	67520547	67522058	67521526	1511	67521302	-755	756	224
chr15	74825203	74829081	74825579	3878	74827142	-1939	1939	-1563
chr15	72473804	72475475	72474975	1671	72474639	-835	836	336
chr15	40333280	40340843	40339935	7563	40337061	-3781	3782	2874
chr15	90904903	90908548	90905637	3645	90906725	-1822	1823	-1088
chr15	75336467	75339381	75339025	2914	75337924	-1457	1457	1101
chr15	70096189	70098303	70096823	2114	70097246	-1057	1057	-423
chr15	97960175	97961981	97960871	1806	97961078	-903	903	-207
chr15	41893036	41896480	41893209	3444	41894758	-1722	1722	-1549
chr15	48330860	48333701	48331581	2841	48332280	-1420	1421	-699
chr15	90877071	90880513	90880169	3442	90878792	-1721	1721	1377
chr15	66503113	66504166	66503258	1053	66503639	-526	527	-381
chr15	90931739	90932324	90931883	585	90932031	-292	293	-148
chr15	63380866	63383446	63381656	2580	63382156	-1290	1290	-500
chr15	98648041	98651751	98649636	3710	98649896	-1855	1855	-260
chr15	75842683	75846075	75844344	3392	75844379	-1696	1696	-35
chr15	74825203	74829081	74825653	3878	74827142	-1939	1939	-1489
chr15	70096189	70098303	70096702	2114	70097246	-1057	1057	-544
chr15	40333280	40340843	40338977	7563	40337061	-3781	3782	1916
chr15	75842683	75846075	75843665	3392	75844379	-1696	1696	-714
chr15	43772596	43775492	43774246	2896	43774044	-1448	1448	202
chr15	75336467	75339381	75338276	2914	75337924	-1457	1457	352
chr15	74841742	74842714	74842211	972	74842228	-486	486	-17
chr15	90951225	90954353	90953170	3128	90952789	-1564	1564	381
chr15	90929609	90931480	90931177	1871	90930544	-935	936	633
chr15	44288236	44289749	44289106	1513	44288992	-756	757	114
chr15	40333280	40340843	40337751	7563	40337061	-3781	3782	690
chr15	63594448	63598402	63597452	3954	63596425	-1977	1977	1027
chr15	90931739	90932324	90931896	585	90932031	-292	293	-135
chr16	88855998	88859215	88858790	3217	88857606	-1608	1609	1184
chr16	30581880	30587051	30583007	5171	30584465	-2585	2586	-1458
chr16	57990061	57997553	57997034	7492	57993807	-3746	3746	3227
chr16	30381003	30383713	30381464	2710	30382358	-1355	1355	-894
chr16	30182803	30190232	30186437	7429	30186517	-3714	3715	-80
chr16	30889949	30893482	30893252	3533	30891715	-1766	1767	1537
chr16	19714030	19715936	19714229	1906	19714983	-953	953	-754
chr16	19113540	19116200	19115740	2660	19114870	-1330	1330	870
chr16	68736273	68738936	68738315	2663	68737604	-1331	1332	711
chr16	28984813	28992064	28985418	7251	28988438	-3625	3626	-3020
chr16	646228	650683	647983	4455	648455	-2227	2228	-472
chr16	284032	287503	285568	3471	285767	-1735	1736	-199
chr16	646228	650683	648297	4455	648455	-2227	2228	-158
chr16	1419392	1422216	1419978	2824	1420804	-1412	1412	-826
chr16	54927861	54934190	54932484	6329	54931025	-3164	3165	1459
chr16	57990061	57997553	57997019	7492	57993807	-3746	3746	3212
chr16	67027380	67030346	67029781	2966	67028863	-1483	1483	918
chr16	74997083	75000931	75000048	3848	74999007	-1924	1924	1041
chr16	785503	790380	787377	4877	787941	-2438	2439	-564
chr16	1442531	1449768	1443973	7237	1446149	-3618	3619	-2176
chr16	28483594	28490242	28488646	6648	28486918	-3324	3324	1728
chr16	68736273	68738936	68738315	2663	68737604	-1331	1332	711
chr16	67162542	67166189	67163040	3647	67164365	-1823	1824	-1325
chr16	173302	177107	173496	3805	175204	-1902	1903	-1708
chr16	75565960	75567787	75566513	1827	75566873	-913	914	-360
chr16	68736273	68738936	68738315	2663	68737604	-1331	1332	711
chr16	31870744	31874827	31873838	4083	31872785	-2041	2042	1053
chr16	1419392	1422216	1420333	2824	1420804	-1412	1412	-471
chr16	28984813	28992064	28986164	7251	28988438	-3625	3626	-2274
chr16	71285526	71287039	71285878	1513	71286282	-756	757	-404
chr16	1419392	1422216	1420147	2824	1420804	-1412	1412	-657
chr16	19714030	19715936	19714147	1906	19714983	-953	953	-836
chr16	284032	287503	286659	3471	285767	-1735	1736	892
chr16	29802369	29808524	29807666	6155	29805446	-3077	3078	2220
chr16	67027380	67030346	67029752	2966	67028863	-1483	1483	889
chr16	28838528	28846122	28844257	7594	28842325	-3797	3797	1932
chr16	67027380	67030346	67029410	2966	67028863	-1483	1483	547
chr16	30381003	30383713	30381118	2710	30382358	-1355	1355	-1240
chr16	30381003	30383713	30381025	2710	30382358	-1355	1355	-1333
chr16	69130865	69133680	69132128	2815	69132272	-1407	1408	-144
chr16	30753550	30760117	30759682	6567	30756833	-3283	3284	2849
chr16	25256943	25258525	25257065	1582	25257734	-791	791	-669
chr16	30355160	30360133	30358445	4973	30357646	-2486	2487	799
chr16	2270436	2277308	2271798	6872	2273872	-3436	3436	-2074
chr16	57990061	57997553	57997194	7492	57993807	-3746	3746	3387
chr16	68736273	68738936	68738315	2663	68737604	-1331	1332	711
chr16	31198837	31201918	31201740	3081	31200377	-1540	1541	1363
chr16	68736273	68738936	68738315	2663	68737604	-1331	1332	711
chr16	68736273	68738936	68738315	2663	68737604	-1331	1332	711
chr16	19113540	19116200	19116066	2660	19114870	-1330	1330	1196
chr16	89870559	89874430	89873587	3871	89872494	-1935	1936	1093
chr16	30381003	30383713	30381067	2710	30382358	-1355	1355	-1291
chr16	1419392	1422216	1420347	2824	1420804	-1412	1412	-457
chr16	30355160	30360133	30359071	4973	30357646	-2486	2487	1425
chr16	30753550	30760117	30759044	6567	30756833	-3283	3284	2211
chr16	30652605	30657065	30652987	4460	30654835	-2230	2230	-1848
chr16	29802369	29808524	29802822	6155	29805446	-3077	3078	-2624
chr16	31033749	31035705	31034097	1956	31034727	-978	978	-630
chr16	67190909	67196477	67194743	5568	67193693	-2784	2784	1050
chr16	30552109	30557344	30555676	5235	30554726	-2617	2618	950
chr16	284032	287503	285197	3471	285767	-1735	1736	-570
chr16	28838528	28846122	28842979	7594	28842325	-3797	3797	654
chr16	4688036	4695228	4693810	7192	4691632	-3596	3596	2178
chr16	20805632	20807697	20807083	2065	20806664	-1032	1033	419
chr16	646228	650683	648415	4455	648455	-2227	2228	-40
chr16	30652605	30657065	30654869	4460	30654835	-2230	2230	34
chr16	89870559	89874430	89873810	3871	89872494	-1935	1936	1316
chr16	79004	83212	79525	4208	81108	-2104	2104	-1583
chr16	74997083	75000931	75000088	3848	74999007	-1924	1924	1081
chr16	11913819	11916936	11915547	3117	11915377	-1558	1559	170
chr16	87866791	87870288	87868952	3497	87868539	-1748	1749	413
chr16	31112887	31120243	31117662	7356	31116565	-3678	3678	1097
chr16	30748022	30750193	30748875	2171	30749107	-1085	1086	-232
chr16	19066724	19069103	19068687	2379	19067913	-1189	1190	774
chr16	30581880	30587051	30583301	5171	30584465	-2585	2586	-1164
chr16	68736273	68738936	68738295	2663	68737604	-1331	1332	691
chr16	646228	650683	648368	4455	648455	-2227	2228	-87
chr16	89870559	89874430	89873641	3871	89872494	-1935	1936	1147
chr16	30984658	30987058	30985565	2400	30985858	-1200	1200	-293
chr16	633191	638855	634903	5664	636023	-2832	2832	-1120
chr16	785503	790380	787410	4877	787941	-2438	2439	-531
chr16	785503	790380	788718	4877	787941	-2438	2439	777
chr16	13919696	13923003	13920187	3307	13921349	-1653	1654	-1162
chr16	70253200	70254161	70253752	961	70253680	-480	481	72
chr16	30920269	30924864	30924716	4595	30922566	-2297	2298	2150
chr16	68736273	68738936	68738315	2663	68737604	-1331	1332	711
chr16	66931184	66933469	66932211	2285	66932326	-1142	1143	-115
chr16	31033749	31035705	31034409	1956	31034727	-978	978	-318
chr16	30652605	30657065	30656280	4460	30654835	-2230	2230	1445
chr16	29802369	29808524	29804027	6155	29805446	-3077	3078	-1419
chr16	173302	177107	173550	3805	175204	-1902	1903	-1654
chr16	1419392	1422216	1420026	2824	1420804	-1412	1412	-778
chr16	30957778	30959774	30958800	1996	30958776	-998	998	24
chr16	30920269	30924864	30924751	4595	30922566	-2297	2298	2185
chr16	28973752	28977800	28975198	4048	28975776	-2024	2024	-578
chr16	633191	638855	635285	5664	636023	-2832	2832	-738
chr16	85798463	85800457	85799238	1994	85799460	-997	997	-222
chr16	1703559	1707165	1706525	3606	1705362	-1803	1803	1163
chr16	785503	790380	789544	4877	787941	-2438	2439	1603
chr16	1419392	1422216	1420077	2824	1420804	-1412	1412	-727
chr16	28838528	28846122	28843085	7594	28842325	-3797	3797	760
chr16	28838528	28846122	28845916	7594	28842325	-3797	3797	3591
chr16	28973752	28977800	28975263	4048	28975776	-2024	2024	-513
chr16	29819508	29820507	29819812	999	29820007	-499	500	-195
chr16	30581880	30587051	30583151	5171	30584465	-2585	2586	-1314
chr16	31033749	31035705	31034019	1956	31034727	-978	978	-708
chr16	31460840	31462903	31461933	2063	31461871	-1031	1032	62
chr16	67162542	67166189	67163006	3647	67164365	-1823	1824	-1359
chr16	71285526	71287039	71285924	1513	71286282	-756	757	-358
chr16	84616601	84619423	84617517	2822	84618012	-1411	1411	-495
chr16	30381003	30383713	30381791	2710	30382358	-1355	1355	-567
chr16	4688036	4695228	4694362	7192	4691632	-3596	3596	2730
chr16	4688036	4695228	4695111	7192	4691632	-3596	3596	3479
chr16	87866791	87870288	87869141	3497	87868539	-1748	1749	602
chr16	30652605	30657065	30656391	4460	30654835	-2230	2230	1556
chr16	27200965	27204421	27204104	3456	27202693	-1728	1728	1411
chr16	28838528	28846122	28844093	7594	28842325	-3797	3797	1768
chr16	29898762	29901811	29901643	3049	29900286	-1524	1525	1357
chr16	77197872	77200842	77198122	2970	77199357	-1485	1485	-1235
chr16	30355160	30360133	30358121	4973	30357646	-2486	2487	475
chr16	29802369	29808524	29805162	6155	29805446	-3077	3078	-284
chr16	628162	632976	632837	4814	630569	-2407	2407	2268
chr16	70254291	70259651	70254626	5360	70256971	-2680	2680	-2345
chr16	30552109	30557344	30555784	5235	30554726	-2617	2618	1058
chr16	1419392	1422216	1420293	2824	1420804	-1412	1412	-511
chr16	4114375	4117353	4114420	2978	4115864	-1489	1489	-1444
chr16	30652605	30657065	30656276	4460	30654835	-2230	2230	1441
chr16	30581880	30587051	30585171	5171	30584465	-2585	2586	706
chr16	30350971	30354406	30353225	3435	30352688	-1717	1718	537
chr16	1442531	1449768	1447551	7237	1446149	-3618	3619	1402
chr16	4688036	4695228	4694070	7192	4691632	-3596	3596	2438
chr16	776688	783985	780632	7297	780336	-3648	3649	296
chr16	75645480	75649207	75647877	3727	75647343	-1863	1864	534
chr16	77197872	77200842	77198217	2970	77199357	-1485	1485	-1140
chr16	31182708	31187477	31183926	4769	31185092	-2384	2385	-1166
chr16	29802369	29808524	29807849	6155	29805446	-3077	3078	2403
chr16	785503	790380	789677	4877	787941	-2438	2439	1736
chr16	30442396	30445809	30444518	3413	30444102	-1706	1707	416
chr16	30581880	30587051	30583379	5171	30584465	-2585	2586	-1086
chr16	68736273	68738936	68738315	2663	68737604	-1331	1332	711
chr16	31132520	31133764	31133276	1244	31133142	-622	622	134
chr16	30581880	30587051	30582674	5171	30584465	-2585	2586	-1791
chr16	28838528	28846122	28844425	7594	28842325	-3797	3797	2100
chr16	25110726	25112562	25111741	1836	25111644	-918	918	97
chr16	66931184	66933469	66932105	2285	66932326	-1142	1143	-221
chr16	77197872	77200842	77198228	2970	77199357	-1485	1485	-1129
chr16	1419392	1422216	1419842	2824	1420804	-1412	1412	-962
chr16	28973752	28977800	28975489	4048	28975776	-2024	2024	-287
chr16	29802369	29808524	29808242	6155	29805446	-3077	3078	2796
chr16	30652605	30657065	30656246	4460	30654835	-2230	2230	1411
chr16	68736273	68738936	68738315	2663	68737604	-1331	1332	711
chr16	67190909	67196477	67193058	5568	67193693	-2784	2784	-635
chr16	88705275	88707482	88707210	2207	88706378	-1103	1104	832
chr16	89914108	89920700	89920216	6592	89917404	-3296	3296	2812
chr16	396796	401800	399629	5004	399298	-2502	2502	331
chr16	30442396	30445809	30445179	3413	30444102	-1706	1707	1077
chr17	4794340	4798799	4796780	4459	4796569	-2229	2230	211
chr17	28714883	28719425	28715077	4542	28717154	-2271	2271	-2077
chr17	7564972	7566334	7565569	1362	7565653	-681	681	-84
chr17	42567709	42571790	42570116	4081	42569749	-2040	2041	367
chr17	76727430	76729889	76729699	2459	76728659	-1229	1230	1040
chr17	4794340	4798799	4798024	4459	4796569	-2229	2230	1455
chr17	42113414	42118920	42113767	5506	42116167	-2753	2753	-2400
chr17	7702055	7707000	7702754	4945	7704527	-2472	2473	-1773
chr17	74203109	74204696	74204219	1587	74203902	-793	794	317
chr17	51152482	51154592	51154309	2110	51153537	-1055	1055	772
chr17	8160685	8167141	8161516	6456	8163913	-3228	3228	-2397
chr17	59210233	59211056	59210883	823	59210644	-411	412	239
chr17	51119138	51121363	51120455	2225	51120250	-1112	1113	205
chr17	75519992	75527354	75522251	7362	75523673	-3681	3681	-1422
chr17	8169536	8174503	8173586	4967	8172019	-2483	2484	1567
chr17	4930324	4936631	4934468	6307	4933477	-3153	3154	991
chr17	18316997	18318133	18318010	1136	18317565	-568	568	445
chr17	18316997	18318133	18317258	1136	18317565	-568	568	-307
chr17	5485394	5489865	5489707	4471	5487629	-2235	2236	2078
chr17	6995403	6998696	6996894	3293	6997049	-1646	1647	-155
chr17	4787939	4790517	4789835	2578	4789228	-1289	1289	607
chr17	47692796	47697886	47696273	5090	47695341	-2545	2545	932
chr17	41688102	41693855	41690945	5753	41690978	-2876	2877	-33
chr17	7848349	7851767	7851667	3418	7850058	-1709	1709	1609
chr17	65054723	65058855	65056574	4132	65056789	-2066	2066	-215
chr17	7439163	7443547	7442672	4384	7441355	-2192	2192	1317
chr17	7439163	7443547	7443053	4384	7441355	-2192	2192	1698
chr17	42673357	42678025	42674376	4668	42675691	-2334	2334	-1315
chr17	28895284	28902159	28901049	6875	28898721	-3437	3438	2328
chr17	74776206	74777426	74777354	1220	74776816	-610	610	538
chr17	67365274	67367261	67366442	1987	67366267	-993	994	175
chr17	1681035	1685175	1681614	4140	1683105	-2070	2070	-1491
chr17	28739932	28745368	28741140	5436	28742650	-2718	2718	-1510
chr17	59704790	59708662	59707447	3872	59706726	-1936	1936	721
chr17	28331454	28336406	28331912	4952	28333930	-2476	2476	-2018
chr17	4930324	4936631	4934356	6307	4933477	-3153	3154	879
chr17	7930578	7933313	7931536	2735	7931945	-1367	1368	-409
chr17	42565626	42567683	42565975	2057	42566654	-1028	1029	-679
chr17	1651291	1656542	1651547	5251	1653916	-2625	2626	-2369
chr17	7235289	7240997	7237387	5708	7238143	-2854	2854	-756
chr17	74203109	74204696	74203999	1587	74203902	-793	794	97
chr17	75519992	75527354	75521490	7362	75523673	-3681	3681	-2183
chr17	45146218	45150638	45148504	4420	45148428	-2210	2210	76
chr17	28641206	28647285	28643233	6079	28644245	-3039	3040	-1012
chr17	40093263	40098613	40097303	5350	40095938	-2675	2675	1365
chr17	58002210	58009560	58005926	7350	58005885	-3675	3675	41
chr17	74203109	74204696	74204306	1587	74203902	-793	794	404
chr17	42999609	43006891	43002771	7282	43003250	-3641	3641	-479
chr17	45146218	45150638	45149667	4420	45148428	-2210	2210	1239
chr17	7930578	7933313	7930658	2735	7931945	-1367	1368	-1287
chr17	74776206	74777426	74777327	1220	74776816	-610	610	511
chr17	80414612	80416306	80415693	1694	80415459	-847	847	234
chr17	42844599	42850554	42850266	5955	42847576	-2977	2978	2690
chr17	8160685	8167141	8160829	6456	8163913	-3228	3228	-3084
chr17	76735848	76738374	76738366	2526	76737111	-1263	1263	1255
chr17	59210233	59211056	59210688	823	59210644	-411	412	44
chr17	18316997	18318133	18317265	1136	18317565	-568	568	-300
chr17	28739932	28745368	28741431	5436	28742650	-2718	2718	-1219
chr17	4936912	4938722	4938036	1810	4937817	-905	905	219
chr17	7345264	7351815	7348354	6551	7348539	-3275	3276	-185
chr17	36598665	36602832	36602087	4167	36600748	-2083	2084	1339
chr17	40017316	40019221	40017351	1905	40018268	-952	953	-917
chr17	47940422	47942702	47941692	2280	47941562	-1140	1140	130
chr17	81909864	81913393	81911005	3529	81911628	-1764	1765	-623
chr17	7279714	7286981	7284294	7267	7283347	-3633	3634	947
chr17	41688102	41693855	41688925	5753	41690978	-2876	2877	-2053
chr17	28331454	28336406	28331887	4952	28333930	-2476	2476	-2043
chr17	78179209	78185351	78185067	6142	78182280	-3071	3071	2787
chr17	2332172	2334126	2333694	1954	2333149	-977	977	545
chr17	7279714	7286981	7283245	7267	7283347	-3633	3634	-102
chr17	47834867	47837843	47835018	2976	47836355	-1488	1488	-1337
chr17	7854768	7859350	7858719	4582	7857059	-2291	2291	1660
chr17	6995403	6998696	6996999	3293	6997049	-1646	1647	-50
chr17	44004112	44010689	44008557	6577	44007400	-3288	3289	1157
chr17	75519992	75527354	75524436	7362	75523673	-3681	3681	763
chr17	76735848	76738374	76735904	2526	76737111	-1263	1263	-1207
chr17	28331454	28336406	28335471	4952	28333930	-2476	2476	1541
chr17	42113414	42118920	42114602	5506	42116167	-2753	2753	-1565
chr17	7852212	7853906	7853001	1694	7853059	-847	847	-58
chr17	59210233	59211056	59210682	823	59210644	-411	412	38
chr17	78356468	78362526	78358883	6058	78359497	-3029	3029	-614
chr17	40698521	40702720	40700238	4199	40700620	-2099	2100	-382
chr17	7832069	7836219	7833124	4150	7834144	-2075	2075	-1020
chr17	7832069	7836219	7833591	4150	7834144	-2075	2075	-553
chr17	45135353	45138364	45136583	3011	45136858	-1505	1506	-275
chr17	75519992	75527354	75523747	7362	75523673	-3681	3681	74
chr17	7576250	7583423	7580774	7173	7579836	-3586	3587	938
chr17	40362452	40368361	40363470	5909	40365406	-2954	2955	-1936
chr17	7564972	7566334	7565588	1362	7565653	-681	681	-65
chr17	28739932	28745368	28742029	5436	28742650	-2718	2718	-621
chr17	59210233	59211056	59210968	823	59210644	-411	412	324
chr17	15997322	16000639	15999723	3317	15998980	-1658	1659	743
chr17	76735848	76738374	76737005	2526	76737111	-1263	1263	-106
chr17	28739932	28745368	28740513	5436	28742650	-2718	2718	-2137
chr17	80414612	80416306	80415371	1694	80415459	-847	847	-88
chr17	81909864	81913393	81912543	3529	81911628	-1764	1765	915
chr17	75519992	75527354	75524389	7362	75523673	-3681	3681	716
chr17	48907836	48911306	48910872	3470	48909571	-1735	1735	1301
chr17	2298338	2300534	2299941	2196	2299436	-1098	1098	505
chr17	7039993	7043203	7041736	3210	7041598	-1605	1605	138
chr17	7345264	7351815	7349003	6551	7348539	-3275	3276	464
chr17	7702055	7707000	7703081	4945	7704527	-2472	2473	-1446
chr17	28739932	28745368	28741515	5436	28742650	-2718	2718	-1135
chr17	42020038	42026083	42021618	6045	42023060	-3022	3023	-1442
chr17	42844599	42850554	42844902	5955	42847576	-2977	2978	-2674
chr17	42673357	42678025	42674385	4668	42675691	-2334	2334	-1306
chr17	27293289	27295033	27294366	1744	27294161	-872	872	205
chr17	78356468	78362526	78358390	6058	78359497	-3029	3029	-1107
chr17	18316997	18318133	18317336	1136	18317565	-568	568	-229
chr17	7006779	7010272	7010095	3493	7008525	-1746	1747	1570
chr17	75874364	75879032	75875923	4668	75876698	-2334	2334	-775
chr17	4968225	4973236	4968807	5011	4970730	-2505	2506	-1923
chr17	16378948	16381785	16381057	2837	16380366	-1418	1419	691
chr17	38798206	38801517	38799332	3311	38799861	-1655	1656	-529
chr17	1513934	1519554	1518009	5620	1516744	-2810	2810	1265
chr17	2335876	2339742	2336518	3866	2337809	-1933	1933	-1291
chr17	4794340	4798799	4797558	4459	4796569	-2229	2230	989
chr17	7576250	7583423	7578165	7173	7579836	-3586	3587	-1671
chr17	7576250	7583423	7577482	7173	7579836	-3586	3587	-2354
chr17	42844599	42850554	42845687	5955	42847576	-2977	2978	-1889
chr17	4930324	4936631	4932981	6307	4933477	-3153	3154	-496
chr17	75846036	75851256	75847819	5220	75848646	-2610	2610	-827
chr17	42844599	42850554	42850205	5955	42847576	-2977	2978	2629
chr17	58002210	58009560	58006964	7350	58005885	-3675	3675	1079
chr17	42844599	42850554	42845982	5955	42847576	-2977	2978	-1594
chr17	39461301	39463284	39462809	1983	39462292	-991	992	517
chr17	50538414	50542722	50539253	4308	50540568	-2154	2154	-1315
chr17	47829683	47834264	47832203	4581	47831973	-2290	2291	230
chr17	75874364	75879032	75876085	4668	75876698	-2334	2334	-613
chr17	28040330	28043061	28042729	2731	28041695	-1365	1366	1034
chr17	5485394	5489865	5489258	4471	5487629	-2235	2236	1629
chr17	76735848	76738374	76736420	2526	76737111	-1263	1263	-691
chr17	42567709	42571790	42570046	4081	42569749	-2040	2041	297
chr17	7235289	7240997	7235576	5708	7238143	-2854	2854	-2567
chr17	64499688	64502068	64500602	2380	64500878	-1190	1190	-276
chr17	50369682	50373895	50370510	4213	50371788	-2106	2107	-1278
chr17	40698521	40702720	40700292	4199	40700620	-2099	2100	-328
chr17	80098788	80103562	80099617	4774	80101175	-2387	2387	-1558
chr17	81663113	81670843	81665252	7730	81666978	-3865	3865	-1726
chr17	7015512	7016844	7015822	1332	7016178	-666	666	-356
chr17	29291693	29295031	29294053	3338	29293362	-1669	1669	691
chr17	7006779	7010272	7009677	3493	7008525	-1746	1747	1152
chr17	58002210	58009560	58005742	7350	58005885	-3675	3675	-143
chr17	28895284	28902159	28898492	6875	28898721	-3437	3438	-229
chr17	7279714	7286981	7285708	7267	7283347	-3633	3634	2361
chr17	18316997	18318133	18317323	1136	18317565	-568	568	-242
chr17	7564972	7566334	7565143	1362	7565653	-681	681	-510
chr17	7564972	7566334	7565349	1362	7565653	-681	681	-304
chr17	2332172	2334126	2333014	1954	2333149	-977	977	-135
chr17	4787939	4790517	4789235	2578	4789228	-1289	1289	7
chr17	5485394	5489865	5489153	4471	5487629	-2235	2236	1524
chr17	7006779	7010272	7009830	3493	7008525	-1746	1747	1305
chr17	7439163	7443547	7441532	4384	7441355	-2192	2192	177
chr17	7576250	7583423	7579836	7173	7579836	-3586	3587	0
chr17	7854768	7859350	7858053	4582	7857059	-2291	2291	994
chr17	7854768	7859350	7858204	4582	7857059	-2291	2291	1145
chr17	17491975	17499336	17495496	7361	17495655	-3680	3681	-159
chr17	47829683	47834264	47831793	4581	47831973	-2290	2291	-180
chr17	50538414	50542722	50540865	4308	50540568	-2154	2154	297
chr17	58002210	58009560	58005382	7350	58005885	-3675	3675	-503
chr17	74769145	74775822	74775690	6677	74772483	-3338	3339	3207
chr17	76735848	76738374	76736996	2526	76737111	-1263	1263	-115
chr17	8204746	8208878	8207191	4132	8206812	-2066	2066	379
chr17	7576250	7583423	7577972	7173	7579836	-3586	3587	-1864
chr17	51119138	51121363	51120530	2225	51120250	-1112	1113	280
chr17	42673357	42678025	42674411	4668	42675691	-2334	2334	-1280
chr17	74769145	74775822	74773638	6677	74772483	-3338	3339	1155
chr17	1640823	1648233	1645614	7410	1644528	-3705	3705	1086
chr17	7576250	7583423	7578876	7173	7579836	-3586	3587	-960
chr17	2332172	2334126	2332982	1954	2333149	-977	977	-167
chr17	4930324	4936631	4932700	6307	4933477	-3153	3154	-777
chr17	4930324	4936631	4934126	6307	4933477	-3153	3154	649
chr17	7235289	7240997	7236391	5708	7238143	-2854	2854	-1752
chr17	7557803	7563524	7560824	5721	7560663	-2860	2861	161
chr17	42844599	42850554	42845999	5955	42847576	-2977	2978	-1577
chr17	42844599	42850554	42850278	5955	42847576	-2977	2978	2702
chr17	47829683	47834264	47831381	4581	47831973	-2290	2291	-592
chr17	62064175	62065914	62065155	1739	62065044	-869	870	111
chr17	75519992	75527354	75523696	7362	75523673	-3681	3681	23
chr17	75874364	75879032	75876307	4668	75876698	-2334	2334	-391
chr17	8169536	8174503	8174187	4967	8172019	-2483	2484	2168
chr17	7832069	7836219	7833666	4150	7834144	-2075	2075	-478
chr17	28739932	28745368	28741419	5436	28742650	-2718	2718	-1231
chr17	7345264	7351815	7347988	6551	7348539	-3275	3276	-551
chr17	61395327	61401365	61400444	6038	61398346	-3019	3019	2098
chr17	7702055	7707000	7703123	4945	7704527	-2472	2473	-1404
chr17	57256410	57260045	57257094	3635	57258227	-1817	1818	-1133
chr17	64499688	64502068	64500611	2380	64500878	-1190	1190	-267
chr17	2298338	2300534	2300249	2196	2299436	-1098	1098	813
chr17	28641206	28647285	28642908	6079	28644245	-3039	3040	-1337
chr17	7439163	7443547	7443044	4384	7441355	-2192	2192	1689
chr17	7557803	7563524	7560081	5721	7560663	-2860	2861	-582
chr17	42778403	42782773	42779054	4370	42780588	-2185	2185	-1534
chr17	5485394	5489865	5489554	4471	5487629	-2235	2236	1925
chr17	28895284	28902159	28900999	6875	28898721	-3437	3438	2278
chr17	42567709	42571790	42568855	4081	42569749	-2040	2041	-894
chr17	4930324	4936631	4934406	6307	4933477	-3153	3154	929
chr17	42844599	42850554	42844736	5955	42847576	-2977	2978	-2840
chr17	36598665	36602832	36599754	4167	36600748	-2083	2084	-994
chr17	39461301	39463284	39462381	1983	39462292	-991	992	89
chr17	38672210	38674394	38673391	2184	38673302	-1092	1092	89
chr17	7439163	7443547	7442742	4384	7441355	-2192	2192	1387
chr17	79780804	79787906	79782135	7102	79784355	-3551	3551	-2220
chr17	67823796	67827199	67826311	3403	67825497	-1701	1702	814
chr17	76307047	76311771	76307477	4724	76309409	-2362	2362	-1932
chr17	28944811	28951700	28950069	6889	28948255	-3444	3445	1814
chr17	28944811	28951700	28950071	6889	28948255	-3444	3445	1816
chr17	39461301	39463284	39462327	1983	39462292	-991	992	35
chr17	81663113	81670843	81667780	7730	81666978	-3865	3865	802
chr17	57256410	57260045	57257490	3635	57258227	-1817	1818	-737
chr17	7832069	7836219	7832887	4150	7834144	-2075	2075	-1257
chr17	7013679	7015432	7014222	1753	7014555	-876	877	-333
chr17	7576250	7583423	7577425	7173	7579836	-3586	3587	-2411
chr17	75667151	75669929	75667179	2778	75668540	-1389	1389	-1361
chr17	7006779	7010272	7010003	3493	7008525	-1746	1747	1478
chr17	7557803	7563524	7560907	5721	7560663	-2860	2861	244
chr17	7852212	7853906	7852251	1694	7853059	-847	847	-808
chr17	4968225	4973236	4969693	5011	4970730	-2505	2506	-1037
chr17	7279714	7286981	7284531	7267	7283347	-3633	3634	1184
chr17	75667151	75669929	75668539	2778	75668540	-1389	1389	-1
chr17	14068090	14070489	14069627	2399	14069289	-1199	1200	338
chr17	75519992	75527354	75521862	7362	75523673	-3681	3681	-1811
chr17	28895284	28902159	28901555	6875	28898721	-3437	3438	2834
chr17	7433856	7438927	7436666	5071	7436391	-2535	2536	275
chr17	39461301	39463284	39462193	1983	39462292	-991	992	-99
chr17	42020038	42026083	42024016	6045	42023060	-3022	3023	956
chr17	75667151	75669929	75667370	2778	75668540	-1389	1389	-1170
chr17	29291693	29295031	29294077	3338	29293362	-1669	1669	715
chr17	28895284	28902159	28898584	6875	28898721	-3437	3438	-137
chr17	4930324	4936631	4934586	6307	4933477	-3153	3154	1109
chr17	7576250	7583423	7579890	7173	7579836	-3586	3587	54
chr17	76307047	76311771	76307482	4724	76309409	-2362	2362	-1927
chr17	59210233	59211056	59210657	823	59210644	-411	412	13
chr17	42020038	42026083	42021542	6045	42023060	-3022	3023	-1518
chr17	75519992	75527354	75524494	7362	75523673	-3681	3681	821
chr17	78179209	78185351	78185155	6142	78182280	-3071	3071	2875
chr18	63316647	63320820	63318380	4173	63318733	-2086	2087	-353
chr18	63316647	63320820	63318836	4173	63318733	-2086	2087	103
chr18	59897123	59901087	59900452	3964	59899105	-1982	1982	1347
chr18	57434991	57442733	57436455	7742	57438862	-3871	3871	-2407
chr18	48948327	48951031	48949941	2704	48949679	-1352	1352	262
chr18	62185669	62188883	62187623	3214	62187276	-1607	1607	347
chr18	62185669	62188883	62187667	3214	62187276	-1607	1607	391
chr18	62185669	62188883	62187668	3214	62187276	-1607	1607	392
chr18	49490785	49493831	49491545	3046	49492308	-1523	1523	-763
chr18	57434991	57442733	57436198	7742	57438862	-3871	3871	-2664
chr18	50268978	50269997	50269500	1019	50269487	-509	510	13
chr18	62715363	62718723	62717252	3360	62717043	-1680	1680	209
chr18	62185669	62188883	62187514	3214	62187276	-1607	1607	238
chr18	62715363	62718723	62717229	3360	62717043	-1680	1680	186
chr18	49490785	49493831	49490853	3046	49492308	-1523	1523	-1455
chr19	19532553	19538908	19535082	6355	19535730	-3177	3178	-648
chr19	57392683	57396875	57394185	4192	57394779	-2096	2096	-594
chr19	35544801	35548370	35546707	3569	35546585	-1784	1785	122
chr19	49115568	49121274	49116378	5706	49118421	-2853	2853	-2043
chr19	40588478	40592729	40589177	4251	40590603	-2125	2126	-1426
chr19	10283282	10285919	10284564	2637	10284600	-1318	1319	-36
chr19	39979850	39981574	39981435	1724	39980712	-862	862	723
chr19	41438867	41440516	41439535	1649	41439691	-824	825	-156
chr19	32973391	32976178	32973503	2787	32974784	-1393	1394	-1281
chr19	45692409	45693684	45693556	1275	45693046	-637	638	510
chr19	39196798	39200241	39199257	3443	39198519	-1721	1722	738
chr19	7534553	7537321	7536532	2768	7535937	-1384	1384	595
chr19	15376680	15381665	15380524	4985	15379172	-2492	2493	1352
chr19	45692409	45693684	45693548	1275	45693046	-637	638	502
chr19	6730133	6734723	6731082	4590	6732428	-2295	2295	-1346
chr19	18254287	18261258	18257796	6971	18257772	-3485	3486	24
chr19	52187909	52191430	52190102	3521	52189669	-1760	1761	433
chr19	35275842	35280215	35278783	4373	35278028	-2186	2187	755
chr19	49459448	49463835	49462658	4387	49461641	-2193	2194	1017
chr19	11377286	11379250	11378013	1964	11378268	-982	982	-255
chr19	8506504	8512089	8510733	5585	8509296	-2792	2793	1437
chr19	12884508	12889317	12884802	4809	12886912	-2404	2405	-2110
chr19	39478800	39483840	39480712	5040	39481320	-2520	2520	-608
chr19	49635102	49637996	49636676	2894	49636549	-1447	1447	127
chr19	52187909	52191430	52190114	3521	52189669	-1760	1761	445
chr19	58510229	58517412	58511725	7183	58513820	-3591	3592	-2095
chr19	45404808	45406859	45406572	2051	45405833	-1025	1026	739
chr19	8322515	8323247	8322872	732	8322881	-366	366	-9
chr19	35611438	35615482	35615327	4044	35613460	-2022	2022	1867
chr19	38384722	38391354	38385992	6632	38388038	-3316	3316	-2046
chr19	14515542	14517933	14516744	2391	14516737	-1195	1196	7
chr19	11737721	11739287	11738904	1566	11738504	-783	783	400
chr19	39979850	39981574	39981202	1724	39980712	-862	862	490
chr19	43503491	43508174	43506848	4683	43505832	-2341	2342	1016
chr19	48743378	48746493	48745850	3115	48744935	-1557	1558	915
chr19	54174005	54178274	54174276	4269	54176139	-2134	2135	-1863
chr19	11354764	11358402	11357682	3638	11356583	-1819	1819	1099
chr19	39385700	39391445	39390160	5745	39388572	-2872	2873	1588
chr19	54171562	54173591	54173077	2029	54172576	-1014	1015	501
chr19	55577169	55581417	55577896	4248	55579293	-2124	2124	-1397
chr19	36006055	36012328	36008650	6273	36009191	-3136	3137	-541
chr19	32973391	32976178	32973563	2787	32974784	-1393	1394	-1221
chr19	11354764	11358402	11356871	3638	11356583	-1819	1819	288
chr19	19532553	19538908	19535082	6355	19535730	-3177	3178	-648
chr19	49115568	49121274	49118854	5706	49118421	-2853	2853	433
chr19	17072774	17076821	17075448	4047	17074797	-2023	2024	651
chr19	1059216	1065926	1064219	6710	1062571	-3355	3355	1648
chr19	54183209	54187528	54187278	4319	54185368	-2159	2160	1910
chr19	39973131	39976730	39974801	3599	39974930	-1799	1800	-129
chr19	49660466	49665411	49661806	4945	49662938	-2472	2473	-1132
chr19	40436373	40442438	40441584	6065	40439405	-3032	3033	2179
chr19	35628343	35629739	35629613	1396	35629041	-698	698	572
chr19	38384722	38391354	38386164	6632	38388038	-3316	3316	-1874
chr19	35544801	35548370	35544977	3569	35546585	-1784	1785	-1608
chr19	35741394	35745382	35744291	3988	35743388	-1994	1994	903
chr19	6730133	6734723	6731892	4590	6732428	-2295	2295	-536
chr19	49594175	49599158	49594896	4983	49596666	-2491	2492	-1770
chr19	47778119	47782239	47778762	4120	47780179	-2060	2060	-1417
chr19	54174005	54178274	54174176	4269	54176139	-2134	2135	-1963
chr19	48466534	48471738	48470443	5204	48469136	-2602	2602	1307
chr19	11354764	11358402	11354909	3638	11356583	-1819	1819	-1674
chr19	11377286	11379250	11378102	1964	11378268	-982	982	-166
chr19	39837326	39840825	39837740	3499	39839075	-1749	1750	-1335
chr19	39979850	39981574	39981359	1724	39980712	-862	862	647
chr19	12891817	12899734	12891936	7917	12895775	-3958	3959	-3839
chr19	6730133	6734723	6731270	4590	6732428	-2295	2295	-1158
chr19	47044661	47047555	47046657	2894	47046108	-1447	1447	549
chr19	13104148	13107203	13105445	3055	13105675	-1527	1528	-230
chr19	7534553	7537321	7536462	2768	7535937	-1384	1384	525
chr19	6737052	6741393	6739777	4341	6739222	-2170	2171	555
chr19	11506108	11512488	11508011	6380	11509298	-3190	3190	-1287
chr19	48964804	48966628	48966589	1824	48965716	-912	912	873
chr19	7532874	7534340	7533763	1466	7533607	-733	733	156
chr19	45883913	45887300	45885128	3387	45885606	-1693	1694	-478
chr19	19272315	19277209	19276580	4894	19274762	-2447	2447	1818
chr19	1438052	1442971	1440093	4919	1440511	-2459	2460	-418
chr19	49660466	49665411	49663428	4945	49662938	-2472	2473	490
chr19	48869169	48877051	48874105	7882	48873110	-3941	3941	995
chr19	35248183	35255398	35250485	7215	35251790	-3607	3608	-1305
chr19	7628501	7631491	7629824	2990	7629996	-1495	1495	-172
chr19	10566585	10569534	10567049	2949	10568059	-1474	1475	-1010
chr19	11344733	11347200	11346515	2467	11345966	-1233	1234	549
chr19	16322959	16327392	16327072	4433	16325175	-2216	2217	1897
chr19	18254287	18261258	18257132	6971	18257772	-3485	3486	-640
chr19	40211515	40218653	40217314	7138	40215084	-3569	3569	2230
chr19	39973131	39976730	39974354	3599	39974930	-1799	1800	-576
chr19	15231099	15234917	15231781	3818	15233008	-1909	1909	-1227
chr19	12876209	12878512	12876352	2303	12877360	-1151	1152	-1008
chr19	35281311	35283188	35282534	1877	35282249	-938	939	285
chr19	7871816	7878749	7872321	6933	7875282	-3466	3467	-2961
chr19	7871816	7878749	7873281	6933	7875282	-3466	3467	-2001
chr19	8506504	8512089	8510725	5585	8509296	-2792	2793	1429
chr19	39405842	39408540	39408253	2698	39407191	-1349	1349	1062
chr19	38384722	38391354	38387249	6632	38388038	-3316	3316	-789
chr19	3763706	3771580	3771576	7874	3767643	-3937	3937	3933
chr19	40436373	40442438	40441744	6065	40439405	-3032	3033	2339
chr19	17072774	17076821	17075403	4047	17074797	-2023	2024	606
chr19	19319831	19326189	19320494	6358	19323010	-3179	3179	-2516
chr19	10283282	10285919	10283750	2637	10284600	-1318	1319	-850
chr19	10833475	10836396	10835253	2921	10834935	-1460	1461	318
chr19	54174005	54178274	54174158	4269	54176139	-2134	2135	-1981
chr19	3571396	3579085	3576926	7689	3575240	-3844	3845	1686
chr19	7921420	7922948	7921702	1528	7922184	-764	764	-482
chr19	34427265	34429876	34428523	2611	34428570	-1305	1306	-47
chr19	49660466	49665411	49664818	4945	49662938	-2472	2473	1880
chr19	58391089	58397802	58393442	6713	58394445	-3356	3357	-1003
chr19	19272315	19277209	19276609	4894	19274762	-2447	2447	1847
chr19	41431666	41436601	41432326	4935	41434133	-2467	2468	-1807
chr19	48743378	48746493	48743452	3115	48744935	-1557	1558	-1483
chr19	7628501	7631491	7629554	2990	7629996	-1495	1495	-442
chr19	7628501	7631491	7629826	2990	7629996	-1495	1495	-170
chr19	12695537	12698422	12696608	2885	12696979	-1442	1443	-371
chr19	11344733	11347200	11346604	2467	11345966	-1233	1234	638
chr19	42295742	42302769	42302418	7027	42299255	-3513	3514	3163
chr19	54171562	54173591	54173248	2029	54172576	-1014	1015	672
chr19	54189943	54193442	54191944	3499	54191692	-1749	1750	252
chr19	12940264	12946701	12940413	6437	12943482	-3218	3219	-3069
chr19	40436373	40442438	40441591	6065	40439405	-3032	3033	2186
chr19	49115568	49121274	49118387	5706	49118421	-2853	2853	-34
chr19	49115568	49121274	49118593	5706	49118421	-2853	2853	172
chr19	49459448	49463835	49461986	4387	49461641	-2193	2194	345
chr19	39837326	39840825	39837756	3499	39839075	-1749	1750	-1319
chr19	3571396	3579085	3576914	7689	3575240	-3844	3845	1674
chr19	45407641	45408805	45408745	1164	45408223	-582	582	522
chr19	35611438	35615482	35615259	4044	35613460	-2022	2022	1799
chr19	55602034	55606387	55602499	4353	55604210	-2176	2177	-1711
chr19	49459448	49463835	49459681	4387	49461641	-2193	2194	-1960
chr19	11348124	11354131	11353619	6007	11351127	-3003	3004	2492
chr19	52269329	52271603	52269598	2274	52270466	-1137	1137	-868
chr19	55229062	55232046	55231804	2984	55230554	-1492	1492	1250
chr19	39405842	39408540	39406865	2698	39407191	-1349	1349	-326
chr19	39412499	39418242	39415066	5743	39415370	-2871	2872	-304
chr19	40436373	40442438	40441954	6065	40439405	-3032	3033	2549
chr19	3571396	3579085	3574550	7689	3575240	-3844	3845	-690
chr19	45407641	45408805	45408159	1164	45408223	-582	582	-64
chr19	11348124	11354131	11353863	6007	11351127	-3003	3004	2736
chr19	3571396	3579085	3575620	7689	3575240	-3844	3845	380
chr19	4180603	4185406	4182583	4803	4183004	-2401	2402	-421
chr19	7899740	7901523	7900763	1783	7900631	-891	892	132
chr19	8512940	8516623	8513328	3683	8514781	-1841	1842	-1453
chr19	11344733	11347200	11346545	2467	11345966	-1233	1234	579
chr19	16184954	16191399	16185745	6445	16188176	-3222	3223	-2431
chr19	18149297	18151910	18149656	2613	18150603	-1306	1307	-947
chr19	36112314	36116525	36115916	4211	36114419	-2105	2106	1497
chr19	39412499	39418242	39414148	5743	39415370	-2871	2872	-1222
chr19	39973131	39976730	39974535	3599	39974930	-1799	1800	-395
chr19	48956555	48964353	48961635	7798	48960454	-3899	3899	1181
chr19	49115568	49121274	49118381	5706	49118421	-2853	2853	-40
chr19	49660466	49665411	49661980	4945	49662938	-2472	2473	-958
chr19	19272315	19277209	19276662	4894	19274762	-2447	2447	1900
chr19	39979850	39981574	39980337	1724	39980712	-862	862	-375
chr19	39412499	39418242	39415252	5743	39415370	-2871	2872	-118
chr19	17522712	17524865	17523363	2153	17523788	-1076	1077	-425
chr19	49594175	49599158	49594951	4983	49596666	-2491	2492	-1715
chr19	35539318	35544588	35542914	5270	35541953	-2635	2635	961
chr19	35539318	35544588	35543355	5270	35541953	-2635	2635	1402
chr19	36112314	36116525	36113785	4211	36114419	-2105	2106	-634
chr19	54171562	54173591	54173248	2029	54172576	-1014	1015	672
chr19	8323785	8327107	8324734	3322	8325446	-1661	1661	-712
chr19	14515542	14517933	14515881	2391	14516737	-1195	1196	-856
chr19	39405842	39408540	39408371	2698	39407191	-1349	1349	1180
chr19	39973131	39976730	39974619	3599	39974930	-1799	1800	-311
chr19	43591524	43595544	43592950	4020	43593534	-2010	2010	-584
chr19	55577169	55581417	55578041	4248	55579293	-2124	2124	-1252
chr19	530388	533765	532034	3377	532076	-1688	1689	-42
chr19	13104148	13107203	13105553	3055	13105675	-1527	1528	-122
chr19	39385700	39391445	39390264	5745	39388572	-2872	2873	1692
chr19	40588478	40592729	40590832	4251	40590603	-2125	2126	229
chr19	45692409	45693684	45692769	1275	45693046	-637	638	-277
chr19	3763706	3771580	3765206	7874	3767643	-3937	3937	-2437
chr19	55386159	55391772	55386799	5613	55388965	-2806	2807	-2166
chr19	13104148	13107203	13105521	3055	13105675	-1527	1528	-154
chr19	40211515	40218653	40215117	7138	40215084	-3569	3569	33
chr19	10827416	10833436	10833007	6020	10830426	-3010	3010	2581
chr19	58391089	58397802	58393159	6713	58394445	-3356	3357	-1286
chr19	35741394	35745382	35742584	3988	35743388	-1994	1994	-804
chr19	45488745	45493637	45489527	4892	45491191	-2446	2446	-1664
chr19	13777713	13779273	13778104	1560	13778493	-780	780	-389
chr19	35539318	35544588	35543752	5270	35541953	-2635	2635	1799
chr19	39478800	39483840	39482916	5040	39481320	-2520	2520	1596
chr19	11506108	11512488	11508001	6380	11509298	-3190	3190	-1297
chr19	7532874	7534340	7533855	1466	7533607	-733	733	248
chr19	7899740	7901523	7900188	1783	7900631	-891	892	-443
chr19	10283282	10285919	10284087	2637	10284600	-1318	1319	-513
chr19	11344733	11347200	11345521	2467	11345966	-1233	1234	-445
chr19	41431666	41436601	41432502	4935	41434133	-2467	2468	-1631
chr19	49115568	49121274	49118929	5706	49118421	-2853	2853	508
chr19	48869169	48877051	48874009	7882	48873110	-3941	3941	899
chr19	47044661	47047555	47045202	2894	47046108	-1447	1447	-906
chr19	48869169	48877051	48873915	7882	48873110	-3941	3941	805
chr19	7628501	7631491	7629498	2990	7629996	-1495	1495	-498
chr19	48616809	48620173	48617398	3364	48618491	-1682	1682	-1093
chr19	10566585	10569534	10567151	2949	10568059	-1474	1475	-908
chr19	58391089	58397802	58393416	6713	58394445	-3356	3357	-1029
chr19	38915082	38917600	38915479	2518	38916341	-1259	1259	-862
chr19	44746909	44752052	44751306	5143	44749480	-2571	2572	1826
chr19	38620056	38622830	38620347	2774	38621443	-1387	1387	-1096
chr19	58510229	58517412	58512024	7183	58513820	-3591	3592	-1796
chr19	10283282	10285919	10284047	2637	10284600	-1318	1319	-553
chr19	37370261	37371915	37371187	1654	37371088	-827	827	99
chr19	43598391	43599909	43598925	1518	43599150	-759	759	-225
chr19	35611438	35615482	35613880	4044	35613460	-2022	2022	420
chr19	55620999	55624892	55621179	3893	55622945	-1946	1947	-1766
chr19	1059216	1065926	1063776	6710	1062571	-3355	3355	1205
chr19	48609054	48616461	48616080	7407	48612757	-3703	3704	3323
chr19	13777713	13779273	13778093	1560	13778493	-780	780	-400
chr19	39478800	39483840	39480728	5040	39481320	-2520	2520	-592
chr19	40436373	40442438	40441397	6065	40439405	-3032	3033	1992
chr19	45883913	45887300	45884997	3387	45885606	-1693	1694	-609
chr19	42295742	42302769	42300008	7027	42299255	-3513	3514	753
chr19	4534259	4538328	4538276	4069	4536293	-2034	2035	1983
chr19	19512235	19515169	19514831	2934	19513702	-1467	1467	1129
chr19	35248183	35255398	35248881	7215	35251790	-3607	3608	-2909
chr19	35544801	35548370	35547162	3569	35546585	-1784	1785	577
chr19	38915082	38917600	38915734	2518	38916341	-1259	1259	-607
chr19	54189943	54193442	54191750	3499	54191692	-1749	1750	58
chr19	54189943	54193442	54192182	3499	54191692	-1749	1750	490
chr19	8323785	8327107	8324712	3322	8325446	-1661	1661	-734
chr19	15231099	15234917	15231281	3818	15233008	-1909	1909	-1727
chr19	6730133	6734723	6732532	4590	6732428	-2295	2295	104
chr19	55386159	55391772	55387907	5613	55388965	-2806	2807	-1058
chr20	2656802	2661952	2660721	5150	2659377	-2575	2575	1344
chr20	49279991	49281669	49280504	1678	49280830	-839	839	-326
chr20	45889535	45892396	45890496	2861	45890965	-1430	1431	-469
chr20	32108321	32113517	32109691	5196	32110919	-2598	2598	-1228
chr20	2653059	2656391	2654838	3332	2654725	-1666	1666	113
chr20	45889535	45892396	45890324	2861	45890965	-1430	1431	-641
chr20	63707087	63710473	63709075	3386	63708780	-1693	1693	295
chr20	62135262	62140518	62139832	5256	62137890	-2628	2628	1942
chr20	3780397	3787177	3785112	6780	3783787	-3390	3390	1325
chr20	62135262	62140518	62139832	5256	62137890	-2628	2628	1942
chr20	325056	328482	326266	3426	326769	-1713	1713	-503
chr20	23361461	23366357	23365113	4896	23363909	-2448	2448	1204
chr20	45967661	45972592	45972173	4931	45970126	-2465	2466	2047
chr20	2653059	2656391	2655428	3332	2654725	-1666	1666	703
chr20	35674066	35675261	35674543	1195	35674663	-597	598	-120
chr20	56625887	56632844	56629314	6957	56629365	-3478	3479	-51
chr20	57706973	57710837	57710521	3864	57708905	-1932	1932	1616
chr20	57706973	57710837	57709513	3864	57708905	-1932	1932	608
chr20	56467785	56469360	56468761	1575	56468572	-787	788	189
chr20	3780397	3787177	3784941	6780	3783787	-3390	3390	1154
chr20	44909638	44912125	44910291	2487	44910881	-1243	1244	-590
chr20	35699125	35702080	35700961	2955	35700602	-1477	1478	359
chr20	45967661	45972592	45968349	4931	45970126	-2465	2466	-1777
chr20	24948368	24952331	24949463	3963	24950349	-1981	1982	-886
chr20	3780397	3787177	3785401	6780	3783787	-3390	3390	1614
chr20	3780397	3787177	3781297	6780	3783787	-3390	3390	-2490
chr20	35617855	35621541	35618922	3686	35619698	-1843	1843	-776
chr20	35617855	35621541	35619709	3686	35619698	-1843	1843	11
chr20	45790233	45795982	45795365	5749	45793107	-2874	2875	2258
chr20	45889535	45892396	45890700	2861	45890965	-1430	1431	-265
chr20	45811476	45813729	45813357	2253	45812602	-1126	1127	755
chr20	35674066	35675261	35674600	1195	35674663	-597	598	-63
chr20	57706973	57710837	57710494	3864	57708905	-1932	1932	1589
chr20	9065232	9069799	9069166	4567	9067515	-2283	2284	1651
chr20	13780547	13783293	13782597	2746	13781920	-1373	1373	677
chr20	13780547	13783293	13782831	2746	13781920	-1373	1373	911
chr20	38747715	38750487	38750101	2772	38749101	-1386	1386	1000
chr20	38747715	38750487	38750228	2772	38749101	-1386	1386	1127
chr20	2653059	2656391	2655478	3332	2654725	-1666	1666	753
chr20	56625887	56632844	56631313	6957	56629365	-3478	3479	1948
chr20	45790233	45795982	45795374	5749	45793107	-2874	2875	2267
chr20	59042142	59043457	59042776	1315	59042799	-657	658	-23
chr20	24948368	24952331	24949463	3963	24950349	-1981	1982	-886
chr20	2653059	2656391	2655415	3332	2654725	-1666	1666	690
chr20	23047422	23052608	23048412	5186	23050015	-2593	2593	-1603
chr20	2839256	2842146	2839879	2890	2840701	-1445	1445	-822
chr20	23047422	23052608	23048307	5186	23050015	-2593	2593	-1708
chr21	43774113	43778662	43774137	4549	43776387	-2274	2275	-2250
chr21	25734448	25736244	25734946	1796	25735346	-898	898	-400
chr21	42878267	42879785	42879550	1518	42879026	-759	759	524
chr21	14382244	14383659	14383170	1415	14382951	-707	708	219
chr21	39348054	39351227	39348316	3173	39349640	-1586	1587	-1324
chr21	36132795	36139296	36132907	6501	36136045	-3250	3251	-3138
chr21	43774113	43778662	43774137	4549	43776387	-2274	2275	-2250
chr21	44335253	44340430	44335709	5177	44337841	-2588	2589	-2132
chr21	43774113	43778662	43774181	4549	43776387	-2274	2275	-2206
chr21	39348054	39351227	39348565	3173	39349640	-1586	1587	-1075
chr21	44104748	44109553	44109004	4805	44107150	-2402	2403	1854
chr21	25734448	25736244	25734946	1796	25735346	-898	898	-400
chr21	45071315	45075785	45072116	4470	45073550	-2235	2235	-1434
chr22	35299190	35300916	35299933	1726	35300053	-863	863	-120
chr22	42126524	42131497	42130876	4973	42129010	-2486	2487	1866
chr22	38505281	38506467	38506316	1186	38505874	-593	593	442
chr22	19846599	19851512	19851385	4913	19849055	-2456	2457	2330
chr22	20110954	20116675	20112743	5721	20113814	-2860	2861	-1071
chr22	24553770	24555979	24555881	2209	24554874	-1104	1105	1007
chr22	31343776	31345752	31344719	1976	31344764	-988	988	-45
chr22	30244588	30247737	30244851	3149	30246162	-1574	1575	-1311
chr22	49962700	49963882	49963059	1182	49963291	-591	591	-232
chr22	23763641	23771337	23766230	7696	23767489	-3848	3848	-1259
chr22	18077536	18080296	18079931	2760	18078916	-1380	1380	1015
chr22	42126524	42131497	42130872	4973	42129010	-2486	2487	1862
chr22	49962700	49963882	49963378	1182	49963291	-591	591	87
chr22	28795417	28801882	28796984	6465	28798649	-3232	3233	-1665
chr22	44493100	44499045	44497283	5945	44496072	-2972	2973	1211
chr22	30421006	30427771	30425911	6765	30424388	-3382	3383	1523
chr22	49921883	49926346	49922359	4463	49924114	-2231	2232	-1755
chr22	42126524	42131497	42130617	4973	42129010	-2486	2487	1607
chr22	49962700	49963882	49962746	1182	49963291	-591	591	-545
chr22	42126524	42131497	42128248	4973	42129010	-2486	2487	-762
chr22	27918282	27920019	27919113	1737	27919150	-868	869	-37
chr22	37805555	37807009	37806560	1454	37806282	-727	727	278
chr22	44493100	44499045	44497013	5945	44496072	-2972	2973	941
chr22	18077536	18080296	18079900	2760	18078916	-1380	1380	984
chr22	30240526	30244575	30243809	4049	30242550	-2024	2025	1259
chr22	27918282	27920019	27919182	1737	27919150	-868	869	32
chr22	42126524	42131497	42129160	4973	42129010	-2486	2487	150
chr22	20999779	21004157	21000143	4378	21001968	-2189	2189	-1825
chr22	29262656	29270060	29265476	7404	29266358	-3702	3702	-882
chr22	39519109	39522635	39521505	3526	39520872	-1763	1763	633
chr22	32202088	32206637	32202452	4549	32204362	-2274	2275	-1910
chr22	44493100	44499045	44497014	5945	44496072	-2972	2973	942
chr22	20999779	21004157	21000418	4378	21001968	-2189	2189	-1550
chr22	41693528	41697532	41696772	4004	41695530	-2002	2002	1242
chr22	50192943	50200183	50197324	7240	50196563	-3620	3620	761
chr22	20999779	21004157	20999978	4378	21001968	-2189	2189	-1990
chr22	46535834	46539843	46536311	4009	46537838	-2004	2005	-1527
chr22	20110954	20116675	20114621	5721	20113814	-2860	2861	807
chr22	42126524	42131497	42127568	4973	42129010	-2486	2487	-1442
chr22	38505281	38506467	38506322	1186	38505874	-593	593	448
chr22	20110954	20116675	20116126	5721	20113814	-2860	2861	2312
chr22	28741262	28742455	28742180	1193	28741858	-596	597	322
chr22	28795417	28801882	28797167	6465	28798649	-3232	3233	-1482
chr22	28795417	28801882	28799112	6465	28798649	-3232	3233	463
chr22	37851102	37853042	37851333	1940	37852072	-970	970	-739
chr22	42126524	42131497	42127968	4973	42129010	-2486	2487	-1042
chr22	20110954	20116675	20116242	5721	20113814	-2860	2861	2428
chr22	20124107	20131448	20126349	7341	20127777	-3670	3671	-1428
chr22	42126524	42131497	42128865	4973	42129010	-2486	2487	-145
chr22	39519109	39522635	39522336	3526	39520872	-1763	1763	1464
chr22	20914551	20920541	20918008	5990	20917546	-2995	2995	462
chr22	30240526	30244575	30243837	4049	30242550	-2024	2025	1287
chr22	38700055	38703502	38700182	3447	38701778	-1723	1724	-1596
chr22	23178713	23182501	23181860	3788	23180607	-1894	1894	1253
chr22	23750422	23755239	23754401	4817	23752830	-2408	2409	1571
chr22	39519109	39522635	39521832	3526	39520872	-1763	1763	960
chr22	20110954	20116675	20114682	5721	20113814	-2860	2861	868
chr22	37847988	37849946	37849483	1958	37848967	-979	979	516
chr22	20110954	20116675	20114682	5721	20113814	-2860	2861	868
chr22	20124107	20131448	20127098	7341	20127777	-3670	3671	-679
chr22	23178713	23182501	23181131	3788	23180607	-1894	1894	524
chr22	42086100	42089641	42087078	3541	42087870	-1770	1771	-792
chr22	20979845	20982700	20980043	2855	20981272	-1427	1428	-1229
chr22	23750422	23755239	23754327	4817	23752830	-2408	2409	1497
chr22	42086100	42089641	42087137	3541	42087870	-1770	1771	-733
chr22	49921883	49926346	49922417	4463	49924114	-2231	2232	-1697
chr22	30421006	30427771	30422401	6765	30424388	-3382	3383	-1987
chrX	71614958	71618404	71616393	3446	71616681	-1723	1723	-288
chrX	101620277	101626356	101625822	6079	101623316	-3039	3040	2506
chrX	152910486	152918397	152914777	7911	152914441	-3955	3956	336
chrX	154430430	154436086	154435732	5656	154433258	-2828	2828	2474
chrX	71614958	71618404	71616996	3446	71616681	-1723	1723	315
chrX	119870455	119873663	119871231	3208	119872059	-1604	1604	-828
chrX	76171794	76175636	76173126	3842	76173715	-1921	1921	-589
chrX	48820513	48824988	48824294	4475	48822750	-2237	2238	1544
chrX	154436975	154443590	154440474	6615	154440282	-3307	3308	192
chrX	119870455	119873663	119870992	3208	119872059	-1604	1604	-1067
chrX	135020669	135023563	135021867	2894	135022116	-1447	1447	-249
chrX	48820513	48824988	48822917	4475	48822750	-2237	2238	167
chrX	101390026	101391668	101390985	1642	101390847	-821	821	138
chrX	154012960	154018926	154017014	5966	154015943	-2983	2983	1071
chrX	53084297	53087235	53084832	2938	53085766	-1469	1469	-934
chrX	107627232	107628982	107628533	1750	107628107	-875	875	426
chrX	135020669	135023563	135021925	2894	135022116	-1447	1447	-191
chrX	154436975	154443590	154441342	6615	154440282	-3307	3308	1060
chrX	136874790	136882347	136879014	7557	136878568	-3778	3779	446
chrX	48820513	48824988	48824629	4475	48822750	-2237	2238	1879
chrX	135020669	135023563	135022413	2894	135022116	-1447	1447	297
chrX	53084297	53087235	53086184	2938	53085766	-1469	1469	418
chrX	48820513	48824988	48823376	4475	48822750	-2237	2238	626
chrX	53084297	53087235	53085761	2938	53085766	-1469	1469	-5
chrX	154436975	154443590	154441794	6615	154440282	-3307	3308	1512
chrX	119870455	119873663	119871933	3208	119872059	-1604	1604	-126
chrX	54181632	54183876	54182599	2244	54182754	-1122	1122	-155
chrX	38803071	38805209	38805036	2138	38804140	-1069	1069	896
chrX	53084297	53087235	53084992	2938	53085766	-1469	1469	-774
chrX	154430430	154436086	154433657	5656	154433258	-2828	2828	399
chrX	7147087	7150088	7148143	3001	7148587	-1500	1501	-444
chrX	154436975	154443590	154442083	6615	154440282	-3307	3308	1801
chrX	71614958	71618404	71616925	3446	71616681	-1723	1723	244
chrX	154019078	154023143	154019234	4065	154021110	-2032	2033	-1876
chrX	103606983	103609571	103609122	2588	103608277	-1294	1294	845
chrX	48820513	48824988	48823580	4475	48822750	-2237	2238	830
chrX	154430430	154436086	154432325	5656	154433258	-2828	2828	-933
chrX	154407142	154413808	154412152	6666	154410475	-3333	3333	1677
chrX	71140300	71143843	71142312	3543	71142071	-1771	1772	241
chrX	147910012	147912933	147912141	2921	147911472	-1460	1461	669
chrX	53084297	53087235	53084792	2938	53085766	-1469	1469	-974
chrX	53430921	53432884	53431006	1963	53431902	-981	982	-896
chrX	135020669	135023563	135021834	2894	135022116	-1447	1447	-282
chrX	135972633	135975212	135973710	2579	135973922	-1289	1290	-212
chrX	154436975	154443590	154440030	6615	154440282	-3307	3308	-252
chrX	154764539	154766442	154764940	1903	154765490	-951	952	-550
chrX	135020669	135023563	135022007	2894	135022116	-1447	1447	-109
chrX	76171794	76175636	76173163	3842	76173715	-1921	1921	-552
chrX	154764539	154766442	154764921	1903	154765490	-951	952	-569
chrX	48820513	48824988	48823936	4475	48822750	-2237	2238	1186
chrX	103377697	103381538	103377713	3841	103379617	-1920	1921	-1904
chrX	136874790	136882347	136879053	7557	136878568	-3778	3779	485
chrX	53084297	53087235	53086106	2938	53085766	-1469	1469	340
chrX	48972287	48976151	48975176	3864	48974219	-1932	1932	957
chrX	120467985	120470020	120469243	2035	120469002	-1017	1018	241
chrX	49880371	49885695	49880745	5324	49883033	-2662	2662	-2288
chrX	53084297	53087235	53086091	2938	53085766	-1469	1469	325
chrX	49880371	49885695	49880692	5324	49883033	-2662	2662	-2341
chrX	71366064	71367974	71366399	1910	71367019	-955	955	-620
chrX	71366064	71367974	71366386	1910	71367019	-955	955	-633
chrX	153943808	153947620	153943968	3812	153945714	-1906	1906	-1746
chrX	49880371	49885695	49880901	5324	49883033	-2662	2662	-2132
chrX	38803071	38805209	38804882	2138	38804140	-1069	1069	742
chrX	153900726	153906626	153905951	5900	153903676	-2950	2950	2275
chrX	47650969	47653922	47651813	2953	47652445	-1476	1477	-632
chrX	119870455	119873663	119871134	3208	119872059	-1604	1604	-925
chrX	119870455	119873663	119873316	3208	119872059	-1604	1604	1257
chrX	53084297	53087235	53085322	2938	53085766	-1469	1469	-444
chrX	71614958	71618404	71617390	3446	71616681	-1723	1723	709
chrX	76171794	76175636	76173648	3842	76173715	-1921	1921	-67
chrX	103685875	103687666	103686650	1791	103686770	-895	896	-120
chrX	132022084	132024340	132023403	2256	132023212	-1128	1128	191
chrX	71140300	71143843	71141346	3543	71142071	-1771	1772	-725
chrX	49880371	49885695	49881012	5324	49883033	-2662	2662	-2021
chrX	154436975	154443590	154438862	6615	154440282	-3307	3308	-1420
chrX	101620277	101626356	101625831	6079	101623316	-3039	3040	2515
chrX	71614958	71618404	71616598	3446	71616681	-1723	1723	-83
chrX	153970656	153973088	153970684	2432	153971872	-1216	1216	-1188
chrX	71140300	71143843	71141950	3543	71142071	-1771	1772	-121
chrX	119870455	119873663	119871929	3208	119872059	-1604	1604	-130
chrX	152910486	152918397	152914740	7911	152914441	-3955	3956	299
chrX	154407142	154413808	154413527	6666	154410475	-3333	3333	3052
chrX	70134630	70137421	70134698	2791	70136025	-1395	1396	-1327
chrX	48972287	48976151	48974057	3864	48974219	-1932	1932	-162
chrX	119870455	119873663	119871230	3208	119872059	-1604	1604	-829
chrX	48570379	48576416	48575642	6037	48573397	-3018	3019	2245
chrX	135020669	135023563	135022086	2894	135022116	-1447	1447	-30
chrX	119870455	119873663	119871631	3208	119872059	-1604	1604	-428
chrX	48820513	48824988	48823000	4475	48822750	-2237	2238	250
chrX	53430921	53432884	53431405	1963	53431902	-981	982	-497
chrX	76171794	76175636	76174893	3842	76173715	-1921	1921	1178
chrX	103606983	103609571	103609515	2588	103608277	-1294	1294	1238
chrX	119870455	119873663	119870568	3208	119872059	-1604	1604	-1491
chrX	119870455	119873663	119871280	3208	119872059	-1604	1604	-779
chrX	71366064	71367974	71367568	1910	71367019	-955	955	549
chrX	53084297	53087235	53085361	2938	53085766	-1469	1469	-405
chrX	154436975	154443590	154440069	6615	154440282	-3307	3308	-213
chrX	48820513	48824988	48823008	4475	48822750	-2237	2238	258
chrX	76171794	76175636	76175587	3842	76173715	-1921	1921	1872
chrX	101620277	101626356	101625583	6079	101623316	-3039	3040	2267
chrX	135020669	135023563	135021984	2894	135022116	-1447	1447	-132
chrX	136874790	136882347	136879257	7557	136878568	-3778	3779	689
chrX	71366064	71367974	71366379	1910	71367019	-955	955	-640
chrX	153943808	153947620	153944624	3812	153945714	-1906	1906	-1090
chrX	154436975	154443590	154440410	6615	154440282	-3307	3308	128
chrX	71614958	71618404	71616890	3446	71616681	-1723	1723	209
chrX	103377697	103381538	103377762	3841	103379617	-1920	1921	-1855
chrX	71140300	71143843	71141964	3543	71142071	-1771	1772	-107
chrX	101620277	101626356	101626204	6079	101623316	-3039	3040	2888
chrX	154012960	154018926	154016071	5966	154015943	-2983	2983	128
chrX	103606983	103609571	103609308	2588	103608277	-1294	1294	1031
chrX	71614958	71618404	71617152	3446	71616681	-1723	1723	471
chrX	135020669	135023563	135022235	2894	135022116	-1447	1447	119
chrX	71614958	71618404	71617365	3446	71616681	-1723	1723	684
chrX	154436975	154443590	154439007	6615	154440282	-3307	3308	-1275
chrX	71301279	71302444	71301782	1165	71301861	-582	583	-79
chrX	153900726	153906626	153906622	5900	153903676	-2950	2950	2946
chrX	47222878	47229976	47229664	7098	47226427	-3549	3549	3237
chrX	119870455	119873663	119871229	3208	119872059	-1604	1604	-830
chrX	119870455	119873663	119871819	3208	119872059	-1604	1604	-240
chrX	48820513	48824988	48822935	4475	48822750	-2237	2238	185
chrX	119870455	119873663	119870981	3208	119872059	-1604	1604	-1078
chrX	119870455	119873663	119871413	3208	119872059	-1604	1604	-646
chrX	71614958	71618404	71617575	3446	71616681	-1723	1723	894
chrX	71614958	71618404	71617390	3446	71616681	-1723	1723	709
chrX	101620277	101626356	101625908	6079	101623316	-3039	3040	2592
