Chr	Start	End	Mutation	Size	Middle	Start_C	End_C	Mutations_C
chr1	145845583	145848365	145847270	2782	145846974	-1391	1391	296
chr1	153770262	153776516	153772667	6254	153773389	-3127	3127	-722
chr1	181088390	181090557	181088914	2167	181089473	-1083	1084	-559
chr1	153662647	153663921	153662780	1274	153663284	-637	637	-504
chr1	11053065	11060620	11056717	7555	11056842	-3777	3778	-125
chr1	153618818	153620573	153618854	1755	153619695	-877	878	-841
chr1	32202502	32207732	32207474	5230	32205117	-2615	2615	2357
chr1	109236669	109240175	109237770	3506	109238422	-1753	1753	-652
chr1	151397194	151402348	151400643	5154	151399771	-2577	2577	872
chr1	155266297	155267644	155266853	1347	155266970	-673	674	-117
chr1	161121454	161124393	161124279	2939	161122923	-1469	1470	1356
chr1	206731327	206735449	206732725	4122	206733388	-2061	2061	-663
chr1	214332725	214334587	214334031	1862	214333656	-931	931	375
chr1	226068609	226072173	226071473	3564	226070391	-1782	1782	1082
chr1	202892025	202895056	202893286	3031	202893540	-1515	1516	-254
chr1	214332725	214334587	214333953	1862	214333656	-931	931	297
chr1	1638370	1642737	1638532	4367	1640553	-2183	2184	-2021
chr1	11847599	11853093	11847627	5494	11850346	-2747	2747	-2719
chr1	109236669	109240175	109237802	3506	109238422	-1753	1753	-620
chr1	153987648	153993163	153992859	5515	153990405	-2757	2758	2454
chr1	11669859	11675057	11673766	5198	11672458	-2599	2599	1308
chr1	161121454	161124393	161122110	2939	161122923	-1469	1470	-813
chr1	92831277	92832587	92832079	1310	92831932	-655	655	147
chr1	153951063	153956383	153951374	5320	153953723	-2660	2660	-2349
chr1	161155682	161163352	161158123	7670	161159517	-3835	3835	-1394
chr1	26779388	26781241	26779863	1853	26780314	-926	927	-451
chr1	179086885	179094678	179094136	7793	179090781	-3896	3897	3355
chr1	202892025	202895056	202892351	3031	202893540	-1515	1516	-1189
chr1	112695108	112699703	112698081	4595	112697405	-2297	2298	676
chr1	150963764	150965163	150964252	1399	150964463	-699	700	-211
chr1	145845583	145848365	145847587	2782	145846974	-1391	1391	613
chr1	85580671	85583428	85583095	2757	85582049	-1378	1379	1046
chr1	37481025	37484310	37483802	3285	37482667	-1642	1643	1135
chr1	154958882	154962939	154958907	4057	154960910	-2028	2029	-2003
chr1	156290990	156293471	156293366	2481	156292230	-1240	1241	1136
chr1	36455455	36456492	36456312	1037	36455973	-518	519	339
chr1	180264808	180272560	180271869	7752	180268684	-3876	3876	3185
chr1	161212057	161216693	161214164	4636	161214375	-2318	2318	-211
chr1	149886886	149889648	149887265	2762	149888267	-1381	1381	-1002
chr1	160998900	161001224	160999977	2324	161000062	-1162	1162	-85
chr1	150967054	150969017	150968442	1963	150968035	-981	982	407
chr1	42816044	42817506	42816441	1462	42816775	-731	731	-334
chr1	154550069	154556304	154552445	6235	154553186	-3117	3118	-741
chr1	206731327	206735449	206732574	4122	206733388	-2061	2061	-814
chr1	202011191	202015827	202015368	4636	202013509	-2318	2318	1859
chr1	1532379	1537640	1533987	5261	1535009	-2630	2631	-1022
chr1	6583468	6589608	6585882	6140	6586538	-3070	3070	-656
chr1	37481025	37484310	37483603	3285	37482667	-1642	1643	936
chr1	46188177	46190504	46189991	2327	46189340	-1163	1164	651
chr1	85580671	85583428	85582466	2757	85582049	-1378	1379	417
chr1	114713047	114714496	114713920	1449	114713771	-724	725	149
chr1	149899854	149902672	149900052	2818	149901263	-1409	1409	-1211
chr1	150994454	150995622	150994635	1168	150995038	-584	584	-403
chr1	155135584	155137932	155137693	2348	155136758	-1174	1174	935
chr1	156730411	156736365	156733414	5954	156733388	-2977	2977	26
chr1	156937683	156942123	156938455	4440	156939903	-2220	2220	-1448
chr1	161114984	161121140	161118016	6156	161118062	-3078	3078	-46
chr1	31433438	31437448	31434185	4010	31435443	-2005	2005	-1258
chr1	156010655	156011805	156011786	1150	156011230	-575	575	556
chr1	226983256	226987161	226984118	3905	226985208	-1952	1953	-1090
chr1	1915137	1918067	1916828	2930	1916602	-1465	1465	226
chr1	147622009	147624430	147624078	2421	147623219	-1210	1211	859
chr1	58575507	58578070	58576516	2563	58576788	-1281	1282	-272
chr1	8354824	8361599	8356115	6775	8358211	-3387	3388	-2096
chr1	44776008	44781385	44777615	5377	44778696	-2688	2689	-1081
chr1	150806278	150808039	150806710	1761	150807158	-880	881	-448
chr1	153660205	153662626	153662399	2421	153661415	-1210	1211	984
chr1	154347482	154350294	154348467	2812	154348888	-1406	1406	-421
chr1	154958882	154962939	154959512	4057	154960910	-2028	2029	-1398
chr1	154990293	154994176	154993642	3883	154992234	-1941	1942	1408
chr1	204128958	204132439	204132042	3481	204130698	-1740	1741	1344
chr1	117032656	117035116	117034077	2460	117033886	-1230	1230	191
chr1	150281278	150286016	150283554	4738	150283647	-2369	2369	-93
chr1	151263082	151267448	151263929	4366	151265265	-2183	2183	-1336
chr1	45565962	45569792	45568563	3830	45567877	-1915	1915	686
chr1	112699838	112704154	112703675	4316	112701996	-2158	2158	1679
chr1	181088390	181090557	181088945	2167	181089473	-1083	1084	-528
chr1	32767962	32774402	32772872	6440	32771182	-3220	3220	1690
chr1	16198828	16203797	16199173	4969	16201312	-2484	2485	-2139
chr1	6463969	6471224	6470561	7255	6467596	-3627	3628	2965
chr1	26182702	26187437	26187188	4735	26185069	-2367	2368	2119
chr1	156290990	156293471	156293074	2481	156292230	-1240	1241	844
chr1	153660205	153662626	153662545	2421	153661415	-1210	1211	1130
chr1	44217008	44222829	44219188	5821	44219918	-2910	2911	-730
chr1	155941011	155944906	155942473	3895	155942958	-1947	1948	-485
chr1	159928025	159930684	159930181	2659	159929354	-1329	1330	827
chr1	149886886	149889648	149887475	2762	149888267	-1381	1381	-792
chr1	26853009	26858472	26853845	5463	26855740	-2731	2732	-1895
chr1	153660205	153662626	153661255	2421	153661415	-1210	1211	-160
chr1	153660205	153662626	153662324	2421	153661415	-1210	1211	909
chr1	206731327	206735449	206732713	4122	206733388	-2061	2061	-675
chr1	182598739	182601148	182600369	2409	182599943	-1204	1205	426
chr1	155316281	155318924	155318278	2643	155317602	-1321	1322	676
chr1	45507958	45509395	45508918	1437	45508676	-718	719	242
chr1	151397194	151402348	151400649	5154	151399771	-2577	2577	878
chr1	22118960	22123510	22120234	4550	22121235	-2275	2275	-1001
chr1	15933469	15937568	15937302	4099	15935518	-2049	2050	1784
chr1	150965269	150966925	150966604	1656	150966097	-828	828	507
chr1	151404031	151405712	151405417	1681	151404871	-840	841	546
chr1	114570179	114573655	114570731	3476	114571917	-1738	1738	-1186
chr1	145845583	145848365	145846633	2782	145846974	-1391	1391	-341
chr1	154267602	154271369	154268785	3767	154269485	-1883	1884	-700
chr1	156925923	156933388	156932549	7465	156929655	-3732	3733	2894
chr1	27849031	27850920	27850215	1889	27849975	-944	945	240
chr1	161169074	161171462	161169695	2388	161170268	-1194	1194	-573
chr1	202880645	202885602	202881174	4957	202883123	-2478	2479	-1949
chr1	145845583	145848365	145846069	2782	145846974	-1391	1391	-905
chr1	155263029	155264030	155263318	1001	155263529	-500	501	-211
chr1	44217008	44222829	44221539	5821	44219918	-2910	2911	1621
chr1	113912080	113913884	113913547	1804	113912982	-902	902	565
chr1	247299776	247301255	247301091	1479	247300515	-739	740	576
chr1	6218152	6220871	6219246	2719	6219511	-1359	1360	-265
chr1	27879044	27885127	27882942	6083	27882085	-3041	3042	857
chr1	117032656	117035116	117033951	2460	117033886	-1230	1230	65
chr1	3780434	3783270	3781140	2836	3781852	-1418	1418	-712
chr1	26468716	26469811	26469326	1095	26469263	-547	548	63
chr1	1915137	1918067	1916819	2930	1916602	-1465	1465	217
chr1	45617194	45623000	45621953	5806	45620097	-2903	2903	1856
chr1	43620805	43623398	43622088	2593	43622101	-1296	1297	-13
chr1	153770262	153776516	153773762	6254	153773389	-3127	3127	373
chr1	204121640	204124898	204124640	3258	204123269	-1629	1629	1371
chr1	150263349	150266356	150266105	3007	150264852	-1503	1504	1253
chr1	150267428	150270167	150268047	2739	150268797	-1369	1370	-750
chr1	12007696	12013475	12011546	5779	12010585	-2889	2890	961
chr1	12027707	12031947	12029101	4240	12029827	-2120	2120	-726
chr1	32767962	32774402	32771338	6440	32771182	-3220	3220	156
chr1	33321856	33324631	33323806	2775	33323243	-1387	1388	563
chr1	43620805	43623398	43622098	2593	43622101	-1296	1297	-3
chr1	156290990	156293471	156292926	2481	156292230	-1240	1241	696
chr1	206731327	206735449	206732807	4122	206733388	-2061	2061	-581
chr1	46034800	46037804	46034937	3004	46036302	-1502	1502	-1365
chr1	204125633	204127790	204126754	2157	204126711	-1078	1079	43
chr1	153662647	153663921	153663030	1274	153663284	-637	637	-254
chr1	963535	968263	964004	4728	965899	-2364	2364	-1895
chr1	161173127	161176094	161175132	2967	161174610	-1483	1484	522
chr1	2186892	2191124	2187003	4232	2189008	-2116	2116	-2005
chr1	26779388	26781241	26779863	1853	26780314	-926	927	-451
chr1	32767962	32774402	32772909	6440	32771182	-3220	3220	1727
chr1	42816044	42817506	42816492	1462	42816775	-731	731	-283
chr1	149886886	149889648	149887046	2762	149888267	-1381	1381	-1221
chr1	155263029	155264030	155263227	1001	155263529	-500	501	-302
chr1	159928025	159930684	159930332	2659	159929354	-1329	1330	978
chr1	149886886	149889648	149887316	2762	149888267	-1381	1381	-951
chr1	155941011	155944906	155942618	3895	155942958	-1947	1948	-340
chr1	45002551	45008655	45004879	6104	45005603	-3052	3052	-724
chr1	151170822	151175655	151170920	4833	151173238	-2416	2417	-2318
chr1	30932953	30935482	30933212	2529	30934217	-1264	1265	-1005
chr1	109605792	109606713	109606045	921	109606252	-460	461	-207
chr1	150958956	150963712	150963013	4756	150961334	-2378	2378	1679
chr1	155258652	155262911	155262143	4259	155260781	-2129	2130	1362
chr1	155910293	155913049	155910768	2756	155911671	-1378	1378	-903
chr1	225842442	225850428	225848915	7986	225846435	-3993	3993	2480
chr1	108698729	108700025	108699260	1296	108699377	-648	648	-117
chr1	150259585	150261859	150261330	2274	150260722	-1137	1137	608
chr1	154976301	154978677	154978037	2376	154977489	-1188	1188	548
chr1	155129000	155131746	155131361	2746	155130373	-1373	1373	988
chr1	43620805	43623398	43621989	2593	43622101	-1296	1297	-112
chr1	151397194	151402348	151399711	5154	151399771	-2577	2577	-60
chr1	179095452	179096989	179095666	1537	179096220	-768	769	-554
chr1	154964996	154967213	154966053	2217	154966104	-1108	1109	-51
chr1	147622009	147624430	147622432	2421	147623219	-1210	1211	-787
chr1	151170822	151175655	151171457	4833	151173238	-2416	2417	-1781
chr1	27403227	27407478	27405668	4251	27405352	-2125	2126	316
chr1	45617194	45623000	45622814	5806	45620097	-2903	2903	2717
chr1	150267428	150270167	150268720	2739	150268797	-1369	1370	-77
chr1	161363498	161366655	161365556	3157	161365076	-1578	1579	480
chr1	206583457	206588575	206586739	5118	206586016	-2559	2559	723
chr1	206583457	206588575	206586912	5118	206586016	-2559	2559	896
chr1	151263082	151267448	151266518	4366	151265265	-2183	2183	1253
chr1	26779388	26781241	26779645	1853	26780314	-926	927	-669
chr1	22118960	22123510	22120460	4550	22121235	-2275	2275	-775
chr1	156730411	156736365	156734385	5954	156733388	-2977	2977	997
chr1	153770262	153776516	153775375	6254	153773389	-3127	3127	1986
chr1	45565962	45569792	45567957	3830	45567877	-1915	1915	80
chr1	153932478	153937928	153932959	5450	153935203	-2725	2725	-2244
chr1	155015279	155017220	155016348	1941	155016249	-970	971	99
chr1	112699838	112704154	112701698	4316	112701996	-2158	2158	-298
chr1	156050621	156055890	156054935	5269	156053255	-2634	2635	1680
chr1	8354824	8361599	8355053	6775	8358211	-3387	3388	-3158
chr1	109271659	109275660	109272937	4001	109273659	-2000	2001	-722
chr1	151170822	151175655	151174830	4833	151173238	-2416	2417	1592
chr1	26468716	26469811	26468962	1095	26469263	-547	548	-301
chr1	150263349	150266356	150266092	3007	150264852	-1503	1504	1240
chr1	29148472	29149940	29148880	1468	29149206	-734	734	-326
chr1	149926901	149928413	149927847	1512	149927657	-756	756	190
chr1	15933469	15937568	15937461	4099	15935518	-2049	2050	1943
chr1	151404031	151405712	151404640	1681	151404871	-840	841	-231
chr1	155017929	155019083	155018599	1154	155018506	-577	577	93
chr1	32767962	32774402	32773120	6440	32771182	-3220	3220	1938
chr1	186306282	186309312	186308766	3030	186307797	-1515	1515	969
chr1	226983256	226987161	226986479	3905	226985208	-1952	1953	1271
chr1	43446678	43454364	43451332	7686	43450521	-3843	3843	811
chr1	186306282	186309312	186308113	3030	186307797	-1515	1515	316
chr1	204133228	204135356	204134574	2128	204134292	-1064	1064	282
chr1	200407901	200411046	200408787	3145	200409473	-1572	1573	-686
chr1	206583457	206588575	206586678	5118	206586016	-2559	2559	662
chr1	43362511	43368474	43363133	5963	43365492	-2981	2982	-2359
chr1	150263349	150266356	150266043	3007	150264852	-1503	1504	1191
chr1	153770262	153776516	153775320	6254	153773389	-3127	3127	1931
chr1	150963764	150965163	150964048	1399	150964463	-699	700	-415
chr1	1054391	1061712	1055442	7321	1058051	-3660	3661	-2609
chr1	220150861	220152725	220151735	1864	220151793	-932	932	-58
chr1	151170822	151175655	151174492	4833	151173238	-2416	2417	1254
chr1	112699838	112704154	112700226	4316	112701996	-2158	2158	-1770
chr1	155129000	155131746	155131400	2746	155130373	-1373	1373	1027
chr1	236545972	236548039	236548009	2067	236547005	-1033	1034	1004
chr1	64834844	64836953	64836148	2109	64835898	-1054	1055	250
chr1	181088390	181090557	181089816	2167	181089473	-1083	1084	343
chr1	225842442	225850428	225845166	7986	225846435	-3993	3993	-1269
chr1	9730426	9732155	9731127	1729	9731290	-864	865	-163
chr1	228374689	228378764	228378660	4075	228376726	-2037	2038	1934
chr1	77941576	77944071	77942949	2495	77942823	-1247	1248	126
chr1	155043623	155049605	155048102	5982	155046614	-2991	2991	1488
chr1	112695108	112699703	112696758	4595	112697405	-2297	2298	-647
chr1	154964996	154967213	154965639	2217	154966104	-1108	1109	-465
chr1	43934167	43937911	43936688	3744	43936039	-1872	1872	649
chr1	151700935	151708597	151702656	7662	151704766	-3831	3831	-2110
chr1	181088390	181090557	181089838	2167	181089473	-1083	1084	365
chr1	85580671	85583428	85582140	2757	85582049	-1378	1379	91
chr1	43386394	43389005	43386600	2611	43387699	-1305	1306	-1099
chr1	151404031	151405712	151405658	1681	151404871	-840	841	787
chr1	202335054	202337434	202335651	2380	202336244	-1190	1190	-593
chr1	151042476	151049117	151046113	6641	151045796	-3320	3321	317
chr1	19255468	19258083	19257972	2615	19256775	-1307	1308	1197
chr1	77941576	77944071	77942884	2495	77942823	-1247	1248	61
chr1	112699838	112704154	112700263	4316	112701996	-2158	2158	-1733
chr1	153932478	153937928	153932921	5450	153935203	-2725	2725	-2282
chr1	155910293	155913049	155910801	2756	155911671	-1378	1378	-870
chr1	161121454	161124393	161123184	2939	161122923	-1469	1470	261
chr1	26779388	26781241	26780325	1853	26780314	-926	927	11
chr1	149920535	149924928	149923867	4393	149922731	-2196	2197	1136
chr1	43386394	43389005	43386588	2611	43387699	-1305	1306	-1111
chr1	182885434	182888937	182887372	3503	182887185	-1751	1752	187
chr1	1385742	1390941	1387308	5199	1388341	-2599	2600	-1033
chr1	39004107	39005596	39004145	1489	39004851	-744	745	-706
chr1	44782831	44785213	44784666	2382	44784022	-1191	1191	644
chr1	159914459	159921594	159918967	7135	159918026	-3567	3568	941
chr1	160212880	160214597	160213578	1717	160213738	-858	859	-160
chr1	247299776	247301255	247301041	1479	247300515	-739	740	526
chr1	109271659	109275660	109272335	4001	109273659	-2000	2001	-1324
chr1	155941011	155944906	155942696	3895	155942958	-1947	1948	-262
chr1	154347482	154350294	154349138	2812	154348888	-1406	1406	250
chr1	1254620	1258777	1255246	4157	1256698	-2078	2079	-1452
chr1	155263029	155264030	155263978	1001	155263529	-500	501	449
chr1	9730426	9732155	9730558	1729	9731290	-864	865	-732
chr1	85580671	85583428	85582550	2757	85582049	-1378	1379	501
chr1	150997427	150999757	150997680	2330	150998592	-1165	1165	-912
chr1	151263082	151267448	151266559	4366	151265265	-2183	2183	1294
chr1	154990293	154994176	154993959	3883	154992234	-1941	1942	1725
chr1	150994454	150995622	150994603	1168	150995038	-584	584	-435
chr1	151175675	151178927	151176917	3252	151177301	-1626	1626	-384
chr1	153644489	153648787	153645124	4298	153646638	-2149	2149	-1514
chr1	161114984	161121140	161119186	6156	161118062	-3078	3078	1124
chr1	26779388	26781241	26779732	1853	26780314	-926	927	-582
chr1	40071605	40072678	40072341	1073	40072141	-536	537	200
chr1	44217008	44222829	44220558	5821	44219918	-2910	2911	640
chr1	147622009	147624430	147623861	2421	147623219	-1210	1211	642
chr1	149886886	149889648	149887097	2762	149888267	-1381	1381	-1170
chr1	149886886	149889648	149887749	2762	149888267	-1381	1381	-518
chr1	173486835	173488183	173487888	1348	173487509	-674	674	379
chr1	182598739	182601148	182600287	2409	182599943	-1204	1205	344
chr1	206731327	206735449	206733818	4122	206733388	-2061	2061	430
chr1	77941576	77944071	77942573	2495	77942823	-1247	1248	-250
chr1	161212057	161216693	161213712	4636	161214375	-2318	2318	-663
chr1	1054391	1061712	1055374	7321	1058051	-3660	3661	-2677
chr1	1054391	1061712	1055376	7321	1058051	-3660	3661	-2675
chr1	11787002	11791187	11788615	4185	11789094	-2092	2093	-479
chr1	150965269	150966925	150966597	1656	150966097	-828	828	500
chr1	228392126	228399671	228394823	7545	228395898	-3772	3773	-1075
chr1	26779388	26781241	26779872	1853	26780314	-926	927	-442
chr1	153640966	153644403	153643504	3437	153642684	-1718	1719	820
chr1	151404031	151405712	151404917	1681	151404871	-840	841	46
chr1	26779388	26781241	26781026	1853	26780314	-926	927	712
chr1	155336680	155338615	155337568	1935	155337647	-967	968	-79
chr1	202892025	202895056	202893407	3031	202893540	-1515	1516	-133
chr1	149886886	149889648	149887584	2762	149888267	-1381	1381	-683
chr1	32202502	32207732	32203925	5230	32205117	-2615	2615	-1192
chr1	155941011	155944906	155942707	3895	155942958	-1947	1948	-251
chr1	53211036	53214421	53211182	3385	53212728	-1692	1693	-1546
chr1	153662647	153663921	153663050	1274	153663284	-637	637	-234
chr1	109490617	109492495	109491164	1878	109491556	-939	939	-392
chr1	43362511	43368474	43363058	5963	43365492	-2981	2982	-2434
chr1	11787002	11791187	11790692	4185	11789094	-2092	2093	1598
chr1	156925923	156933388	156932516	7465	156929655	-3732	3733	2861
chr1	150958956	150963712	150962604	4756	150961334	-2378	2378	1270
chr1	220150861	220152725	220151227	1864	220151793	-932	932	-566
chr1	151404031	151405712	151405154	1681	151404871	-840	841	283
chr1	26779388	26781241	26779739	1853	26780314	-926	927	-575
chr1	155290311	155295192	155291782	4881	155292751	-2440	2441	-969
chr1	21212514	21220370	21220009	7856	21216442	-3928	3928	3567
chr1	6577938	6581497	6579224	3559	6579717	-1779	1780	-493
chr1	226068609	226072173	226071375	3564	226070391	-1782	1782	984
chr1	154990293	154994176	154990329	3883	154992234	-1941	1942	-1905
chr1	109098047	109103174	109100466	5127	109100610	-2563	2564	-144
chr1	159914459	159921594	159918701	7135	159918026	-3567	3568	675
chr1	155232118	155238309	155237500	6191	155235213	-3095	3096	2287
chr1	155290311	155295192	155293212	4881	155292751	-2440	2441	461
chr1	11669859	11675057	11674660	5198	11672458	-2599	2599	2202
chr1	1254620	1258777	1255342	4157	1256698	-2078	2079	-1356
chr1	151042476	151049117	151048729	6641	151045796	-3320	3321	2933
chr1	155258652	155262911	155260487	4259	155260781	-2129	2130	-294
chr1	226983256	226987161	226984902	3905	226985208	-1952	1953	-306
chr1	179095452	179096989	179095656	1537	179096220	-768	769	-564
chr1	159914459	159921594	159919335	7135	159918026	-3567	3568	1309
chr1	206583457	206588575	206586942	5118	206586016	-2559	2559	926
chr1	32202502	32207732	32207279	5230	32205117	-2615	2615	2162
chr1	151042476	151049117	151048711	6641	151045796	-3320	3321	2915
chr1	160998900	161001224	161000737	2324	161000062	-1162	1162	675
chr1	46030610	46034532	46032636	3922	46032571	-1961	1961	65
chr1	52687835	52688642	52688073	807	52688238	-403	404	-165
chr1	155258652	155262911	155258931	4259	155260781	-2129	2130	-1850
chr1	26779388	26781241	26780007	1853	26780314	-926	927	-307
chr1	151538765	151545989	151540355	7224	151542377	-3612	3612	-2022
chr1	206731327	206735449	206732725	4122	206733388	-2061	2061	-663
chr1	206731327	206735449	206732726	4122	206733388	-2061	2061	-662
chr1	6635174	6638504	6637273	3330	6636839	-1665	1665	434
chr1	27879044	27885127	27882776	6083	27882085	-3041	3042	691
chr1	36455455	36456492	36455779	1037	36455973	-518	519	-194
chr1	37805349	37809614	37806902	4265	37807481	-2132	2133	-579
chr1	43620805	43623398	43620841	2593	43622101	-1296	1297	-1260
chr1	43934167	43937911	43935602	3744	43936039	-1872	1872	-437
chr1	45565962	45569792	45568482	3830	45567877	-1915	1915	605
chr1	149926901	149928413	149927840	1512	149927657	-756	756	183
chr1	150958956	150963712	150963001	4756	150961334	-2378	2378	1667
chr1	150967054	150969017	150968175	1963	150968035	-981	982	140
chr1	151034134	151038502	151034295	4368	151036318	-2184	2184	-2023
chr1	155319387	155320229	155319905	842	155319808	-421	421	97
chr1	156925923	156933388	156930613	7465	156929655	-3732	3733	958
chr1	156925923	156933388	156932633	7465	156929655	-3732	3733	2978
chr1	159928025	159930684	159930300	2659	159929354	-1329	1330	946
chr1	181088390	181090557	181089808	2167	181089473	-1083	1084	335
chr1	206901378	206903066	206901553	1688	206902222	-844	844	-669
chr1	26779388	26781241	26780065	1853	26780314	-926	927	-249
chr1	37481025	37484310	37481742	3285	37482667	-1642	1643	-925
chr1	225842442	225850428	225847139	7986	225846435	-3993	3993	704
chr1	200407901	200411046	200408596	3145	200409473	-1572	1573	-877
chr1	149886886	149889648	149887226	2762	149888267	-1381	1381	-1041
chr1	6635174	6638504	6635213	3330	6636839	-1665	1665	-1626
chr1	45627694	45629822	45628191	2128	45628758	-1064	1064	-567
chr1	45627694	45629822	45629633	2128	45628758	-1064	1064	875
chr1	112699838	112704154	112703698	4316	112701996	-2158	2158	1702
chr1	145845583	145848365	145847629	2782	145846974	-1391	1391	655
chr1	150963764	150965163	150964547	1399	150964463	-699	700	84
chr1	151042476	151049117	151046089	6641	151045796	-3320	3321	293
chr1	151170822	151175655	151174776	4833	151173238	-2416	2417	1538
chr1	151404031	151405712	151405340	1681	151404871	-840	841	469
chr1	153640966	153644403	153643138	3437	153642684	-1718	1719	454
chr1	153926621	153930241	153930225	3620	153928431	-1810	1810	1794
chr1	153959395	153963549	153962702	4154	153961472	-2077	2077	1230
chr1	154550069	154556304	154552450	6235	154553186	-3117	3118	-736
chr1	159928025	159930684	159928586	2659	159929354	-1329	1330	-768
chr1	161121454	161124393	161123125	2939	161122923	-1469	1470	202
chr1	161155682	161163352	161163061	7670	161159517	-3835	3835	3544
chr1	161169074	161171462	161169660	2388	161170268	-1194	1194	-608
chr1	161173127	161176094	161175966	2967	161174610	-1483	1484	1356
chr1	161212057	161216693	161214188	4636	161214375	-2318	2318	-187
chr1	180264808	180272560	180266528	7752	180268684	-3876	3876	-2156
chr1	204133228	204135356	204134569	2128	204134292	-1064	1064	277
chr1	206903920	206908610	206904892	4690	206906265	-2345	2345	-1373
chr1	153957573	153959110	153958529	1537	153958341	-768	769	188
chr1	161121454	161124393	161124151	2939	161122923	-1469	1470	1228
chr1	161155682	161163352	161162623	7670	161159517	-3835	3835	3106
chr1	37481025	37484310	37483268	3285	37482667	-1642	1643	601
chr1	151034134	151038502	151037523	4368	151036318	-2184	2184	1205
chr1	153770262	153776516	153772674	6254	153773389	-3127	3127	-715
chr1	64834844	64836953	64835497	2109	64835898	-1054	1055	-401
chr1	155135584	155137932	155136931	2348	155136758	-1174	1174	173
chr1	11669859	11675057	11672003	5198	11672458	-2599	2599	-455
chr1	109236669	109240175	109237924	3506	109238422	-1753	1753	-498
chr1	151397194	151402348	151400862	5154	151399771	-2577	2577	1091
chr1	26470760	26473631	26473504	2871	26472195	-1435	1436	1309
chr1	150967054	150969017	150967423	1963	150968035	-981	982	-612
chr1	45507958	45509395	45508876	1437	45508676	-718	719	200
chr1	19336557	19343499	19339724	6942	19340028	-3471	3471	-304
chr1	150263349	150266356	150264851	3007	150264852	-1503	1504	-1
chr1	150281278	150286016	150283329	4738	150283647	-2369	2369	-318
chr1	226983256	226987161	226986569	3905	226985208	-1952	1953	1361
chr1	149899854	149902672	149900393	2818	149901263	-1409	1409	-870
chr1	6577938	6581497	6580703	3559	6579717	-1779	1780	986
chr1	147622009	147624430	147624290	2421	147623219	-1210	1211	1071
chr1	150352777	150355752	150352978	2975	150354264	-1487	1488	-1286
chr1	155258652	155262911	155262115	4259	155260781	-2129	2130	1334
chr1	43614371	43620204	43620184	5833	43617287	-2916	2917	2897
chr1	160998900	161001224	161000183	2324	161000062	-1162	1162	121
chr1	150967054	150969017	150968416	1963	150968035	-981	982	381
chr1	16198828	16203797	16199250	4969	16201312	-2484	2485	-2062
chr1	32100261	32104545	32102486	4284	32102403	-2142	2142	83
chr1	37954333	37958491	37958216	4158	37956412	-2079	2079	1804
chr1	112699838	112704154	112702599	4316	112701996	-2158	2158	603
chr1	225842442	225850428	225844529	7986	225846435	-3993	3993	-1906
chr1	43620805	43623398	43620841	2593	43622101	-1296	1297	-1260
chr1	247299776	247301255	247301200	1479	247300515	-739	740	685
chr1	36087282	36090966	36087974	3684	36089124	-1842	1842	-1150
chr1	963535	968263	966556	4728	965899	-2364	2364	657
chr1	150267428	150270167	150268720	2739	150268797	-1369	1370	-77
chr1	31433438	31437448	31434349	4010	31435443	-2005	2005	-1094
chr1	37481025	37484310	37482540	3285	37482667	-1642	1643	-127
chr1	156069611	156073584	156073226	3973	156071597	-1986	1987	1629
chr1	161114984	161121140	161118053	6156	161118062	-3078	3078	-9
chr1	156010655	156011805	156010949	1150	156011230	-575	575	-281
chr1	228392126	228399671	228395130	7545	228395898	-3772	3773	-768
chr1	30932953	30935482	30933187	2529	30934217	-1264	1265	-1030
chr1	46188177	46190504	46188803	2327	46189340	-1163	1164	-537
chr1	150259585	150261859	150261520	2274	150260722	-1137	1137	798
chr1	58575507	58578070	58576516	2563	58576788	-1281	1282	-272
chr1	153987648	153993163	153991226	5515	153990405	-2757	2758	821
chr1	155258652	155262911	155260520	4259	155260781	-2129	2130	-261
chr1	200407901	200411046	200408388	3145	200409473	-1572	1573	-1085
chr1	151404031	151405712	151405109	1681	151404871	-840	841	238
chr1	109271659	109275660	109274629	4001	109273659	-2000	2001	970
chr1	151263082	151267448	151265522	4366	151265265	-2183	2183	257
chr1	151263082	151267448	151267308	4366	151265265	-2183	2183	2043
chr1	3780434	3783270	3781267	2836	3781852	-1418	1418	-585
chr1	156069611	156073584	156069747	3973	156071597	-1986	1987	-1850
chr1	45002551	45008655	45003925	6104	45005603	-3052	3052	-1678
chr1	31366713	31369611	31367444	2898	31368162	-1449	1449	-718
chr1	45617194	45623000	45622606	5806	45620097	-2903	2903	2509
chr1	6094063	6100872	6098600	6809	6097467	-3404	3405	1133
chr1	21212514	21220370	21219978	7856	21216442	-3928	3928	3536
chr1	200407901	200411046	200408924	3145	200409473	-1572	1573	-549
chr1	26879037	26880845	26879657	1808	26879941	-904	904	-284
chr1	114570179	114573655	114570708	3476	114571917	-1738	1738	-1209
chr1	151397194	151402348	151401509	5154	151399771	-2577	2577	1738
chr1	155914983	155917155	155916663	2172	155916069	-1086	1086	594
chr1	156063891	156068501	156068292	4610	156066196	-2305	2305	2096
chr1	156063891	156068501	156068393	4610	156066196	-2305	2305	2197
chr1	161121454	161124393	161121830	2939	161122923	-1469	1470	-1093
chr1	145845583	145848365	145846039	2782	145846974	-1391	1391	-935
chr1	156925923	156933388	156932005	7465	156929655	-3732	3733	2350
chr1	37805349	37809614	37809109	4265	37807481	-2132	2133	1628
chr1	160212880	160214597	160213258	1717	160213738	-858	859	-480
chr1	182598739	182601148	182600396	2409	182599943	-1204	1205	453
chr1	10636731	10644018	10637243	7287	10640374	-3643	3644	-3131
chr1	159914459	159921594	159919019	7135	159918026	-3567	3568	993
chr1	6577938	6581497	6580741	3559	6579717	-1779	1780	1024
chr1	149886886	149889648	149887261	2762	149888267	-1381	1381	-1006
chr1	154271572	154273307	154272677	1735	154272439	-867	868	238
chr1	154550069	154556304	154551807	6235	154553186	-3117	3118	-1379
chr1	228374689	228378764	228377157	4075	228376726	-2037	2038	431
chr1	202003943	202005525	202004445	1582	202004734	-791	791	-289
chr1	150281278	150286016	150283549	4738	150283647	-2369	2369	-98
chr1	150352777	150355752	150352968	2975	150354264	-1487	1488	-1296
chr1	45002551	45008655	45004909	6104	45005603	-3052	3052	-694
chr1	45617194	45623000	45622793	5806	45620097	-2903	2903	2696
chr1	26274456	26277298	26277147	2842	26275877	-1421	1421	1270
chr1	150965269	150966925	150965793	1656	150966097	-828	828	-304
chr1	150965269	150966925	150965794	1656	150966097	-828	828	-303
chr1	155946618	155948277	155947921	1659	155947447	-829	830	474
chr1	39563140	39565012	39564533	1872	39564076	-936	936	457
chr1	23694895	23696024	23696006	1129	23695459	-564	565	547
chr1	151175675	151178927	151178084	3252	151177301	-1626	1626	783
chr1	150267428	150270167	150268061	2739	150268797	-1369	1370	-736
chr1	6457814	6463312	6462072	5498	6460563	-2749	2749	1509
chr1	149886886	149889648	149887004	2762	149888267	-1381	1381	-1263
chr1	2320967	2325327	2321445	4360	2323147	-2180	2180	-1702
chr1	110020650	110021624	110020808	974	110021137	-487	487	-329
chr1	26779388	26781241	26779517	1853	26780314	-926	927	-797
chr1	37481025	37484310	37483522	3285	37482667	-1642	1643	855
chr1	37954333	37958491	37957896	4158	37956412	-2079	2079	1484
chr1	46188177	46190504	46188846	2327	46189340	-1163	1164	-494
chr1	150967054	150969017	150967176	1963	150968035	-981	982	-859
chr1	151406103	151407085	151406630	982	151406594	-491	491	36
chr1	154990293	154994176	154992746	3883	154992234	-1941	1942	512
chr1	154990293	154994176	154993659	3883	154992234	-1941	1942	1425
chr1	156069611	156073584	156070366	3973	156071597	-1986	1987	-1231
chr1	43446678	43454364	43451622	7686	43450521	-3843	3843	1101
chr1	114716234	114719986	114719652	3752	114718110	-1876	1876	1542
chr1	151406103	151407085	151406297	982	151406594	-491	491	-297
chr1	155319387	155320229	155319905	842	155319808	-421	421	97
chr1	160212880	160214597	160213448	1717	160213738	-858	859	-290
chr1	180264808	180272560	180271494	7752	180268684	-3876	3876	2810
chr2	20446344	20449414	20447368	3070	20447879	-1535	1535	-511
chr2	74458304	74463041	74458494	4737	74460672	-2368	2369	-2178
chr2	111119713	111125232	111123896	5519	111122472	-2759	2760	1424
chr2	3573921	3577932	3577807	4011	3575926	-2005	2006	1881
chr2	219232985	219237766	219233867	4781	219235375	-2390	2391	-1508
chr2	219232985	219237766	219236643	4781	219235375	-2390	2391	1268
chr2	43224041	43227934	43226311	3893	43225987	-1946	1947	324
chr2	96270098	96272848	96271120	2750	96271473	-1375	1375	-353
chr2	206158618	206161366	206159979	2748	206159992	-1374	1374	-13
chr2	27326247	27330333	27327185	4086	27328290	-2043	2043	-1105
chr2	96018500	96022325	96021958	3825	96020412	-1912	1913	1546
chr2	241228090	241230283	241228533	2193	241229186	-1096	1097	-653
chr2	73291083	73293066	73291880	1983	73292074	-991	992	-194
chr2	241223790	241228069	241227445	4279	241225929	-2139	2140	1516
chr2	96276021	96282791	96276663	6770	96279406	-3385	3385	-2743
chr2	74559786	74562184	74560289	2398	74560985	-1199	1199	-696
chr2	108786116	108787294	108786763	1178	108786705	-589	589	58
chr2	27441100	27445824	27443253	4724	27443462	-2362	2362	-209
chr2	27653173	27655215	27653689	2042	27654194	-1021	1021	-505
chr2	73228024	73231022	73228380	2998	73229523	-1499	1499	-1143
chr2	74458304	74463041	74461781	4737	74460672	-2368	2369	1109
chr2	96824228	96825564	96825159	1336	96824896	-668	668	263
chr2	96276021	96282791	96277551	6770	96279406	-3385	3385	-1855
chr2	101004627	101006806	101005979	2179	101005716	-1089	1090	263
chr2	237553467	237555508	237553651	2041	237554487	-1020	1021	-836
chr2	238096683	238101037	238096850	4354	238098860	-2177	2177	-2010
chr2	27326247	27330333	27329482	4086	27328290	-2043	2043	1192
chr2	99402692	99404406	99402771	1714	99403549	-857	857	-778
chr2	219246512	219249251	219247119	2739	219247881	-1369	1370	-762
chr2	231455868	231456466	231456461	598	231456167	-299	299	294
chr2	241228090	241230283	241229420	2193	241229186	-1096	1097	234
chr2	27441100	27445824	27441838	4724	27443462	-2362	2362	-1624
chr2	156326225	156330508	156326731	4283	156328366	-2141	2142	-1635
chr2	95414586	95416610	95415511	2024	95415598	-1012	1012	-87
chr2	20446344	20449414	20448392	3070	20447879	-1535	1535	513
chr2	219232985	219237766	219235540	4781	219235375	-2390	2391	165
chr2	54968353	54970964	54970337	2611	54969658	-1305	1306	679
chr2	96326373	96329308	96328231	2935	96327840	-1467	1468	391
chr2	101010560	101012034	101010936	1474	101011297	-737	737	-361
chr2	219535489	219538367	219538034	2878	219536928	-1439	1439	1106
chr2	241672188	241677149	241676084	4961	241674668	-2480	2481	1416
chr2	120345537	120351187	120349419	5650	120348362	-2825	2825	1057
chr2	109613137	109617205	109615915	4068	109615171	-2034	2034	744
chr2	27326247	27330333	27328849	4086	27328290	-2043	2043	559
chr2	65071468	65073009	65072148	1541	65072238	-770	771	-90
chr2	65071468	65073009	65071737	1541	65072238	-770	771	-501
chr2	231456720	231457418	231456998	698	231457069	-349	349	-71
chr2	232857670	232861167	232858386	3497	232859418	-1748	1749	-1032
chr2	27363778	27366262	27364731	2484	27365020	-1242	1242	-289
chr2	156326225	156330508	156327981	4283	156328366	-2141	2142	-385
chr2	108786116	108787294	108786876	1178	108786705	-589	589	171
chr2	222557498	222560671	222558714	3173	222559084	-1586	1587	-370
chr2	218752966	218755040	218754360	2074	218754003	-1037	1037	357
chr2	241228090	241230283	241229316	2193	241229186	-1096	1097	130
chr2	27653173	27655215	27653695	2042	27654194	-1021	1021	-499
chr2	27021105	27024781	27024240	3676	27022943	-1838	1838	1297
chr2	27326247	27330333	27327274	4086	27328290	-2043	2043	-1016
chr2	65312607	65314976	65313366	2369	65313791	-1184	1185	-425
chr2	20446344	20449414	20447783	3070	20447879	-1535	1535	-96
chr2	85542495	85543249	85542739	754	85542872	-377	377	-133
chr2	27094799	27100762	27100061	5963	27097780	-2981	2982	2281
chr2	241672188	241677149	241672194	4961	241674668	-2480	2481	-2474
chr2	27441100	27445824	27441758	4724	27443462	-2362	2362	-1704
chr2	74528971	74532102	74530932	3131	74530536	-1565	1566	396
chr2	85598558	85601400	85601283	2842	85599979	-1421	1421	1304
chr2	219206693	219212969	219210988	6276	219209831	-3138	3138	1157
chr2	27237822	27242472	27241376	4650	27240147	-2325	2325	1229
chr2	233290412	233294181	233293290	3769	233292296	-1884	1885	994
chr2	73291083	73293066	73292301	1983	73292074	-991	992	227
chr2	74488483	74492524	74492170	4041	74490503	-2020	2021	1667
chr2	219206693	219212969	219207671	6276	219209831	-3138	3138	-2160
chr2	27237822	27242472	27242407	4650	27240147	-2325	2325	2260
chr2	27237822	27242472	27242408	4650	27240147	-2325	2325	2261
chr2	74458304	74463041	74462039	4737	74460672	-2368	2369	1367
chr2	27094799	27100762	27100473	5963	27097780	-2981	2982	2693
chr2	219206693	219212969	219209273	6276	219209831	-3138	3138	-558
chr2	43224041	43227934	43225731	3893	43225987	-1946	1947	-256
chr2	73291083	73293066	73292188	1983	73292074	-991	992	114
chr2	96326373	96329308	96327719	2935	96327840	-1467	1468	-121
chr2	27094799	27100762	27100619	5963	27097780	-2981	2982	2839
chr2	130341831	130348782	130345654	6951	130345306	-3475	3476	348
chr2	186506755	186508216	186506760	1461	186507485	-730	731	-725
chr2	85538709	85541563	85541336	2854	85540136	-1427	1427	1200
chr2	241495095	241498271	241498240	3176	241496683	-1588	1588	1557
chr2	65312607	65314976	65312654	2369	65313791	-1184	1185	-1137
chr2	130341831	130348782	130346270	6951	130345306	-3475	3476	964
chr2	218401902	218409025	218404326	7123	218405463	-3561	3562	-1137
chr2	241495095	241498271	241498242	3176	241496683	-1588	1588	1559
chr2	241093580	241095933	241095794	2353	241094756	-1176	1177	1038
chr2	231455868	231456466	231456053	598	231456167	-299	299	-114
chr2	85538709	85541563	85541139	2854	85540136	-1427	1427	1003
chr2	237553467	237555508	237553668	2041	237554487	-1020	1021	-819
chr2	74458304	74463041	74459404	4737	74460672	-2368	2369	-1268
chr2	65071468	65073009	65072306	1541	65072238	-770	771	68
chr2	73249447	73251075	73249917	1628	73250261	-814	814	-344
chr2	43224041	43227934	43226295	3893	43225987	-1946	1947	308
chr2	85389040	85391191	85389749	2151	85390115	-1075	1076	-366
chr2	74535789	74538542	74536095	2753	74537165	-1376	1377	-1070
chr2	20446344	20449414	20447828	3070	20447879	-1535	1535	-51
chr2	24819390	24820510	24819641	1120	24819950	-560	560	-309
chr2	24821347	24826852	24821615	5505	24824099	-2752	2753	-2484
chr2	108786116	108787294	108786786	1178	108786705	-589	589	81
chr2	218633193	218635712	218633834	2519	218634452	-1259	1260	-618
chr2	27081301	27087831	27083600	6530	27084566	-3265	3265	-966
chr2	73291083	73293066	73291496	1983	73292074	-991	992	-578
chr2	10438911	10440432	10440397	1521	10439671	-760	761	726
chr2	20446344	20449414	20447429	3070	20447879	-1535	1535	-450
chr2	120345537	120351187	120349556	5650	120348362	-2825	2825	1194
chr2	206158618	206161366	206159830	2748	206159992	-1374	1374	-162
chr2	27094799	27100762	27099511	5963	27097780	-2981	2982	1731
chr2	96371801	96373763	96373488	1962	96372782	-981	981	706
chr2	219232985	219237766	219233102	4781	219235375	-2390	2391	-2273
chr2	85598558	85601400	85599918	2842	85599979	-1421	1421	-61
chr2	85543763	85550478	85544640	6715	85547120	-3357	3358	-2480
chr2	112541298	112543226	112542384	1928	112542262	-964	964	122
chr2	24819390	24820510	24819920	1120	24819950	-560	560	-30
chr2	112588139	112591868	112588811	3729	112590003	-1864	1865	-1192
chr2	74528971	74532102	74531537	3131	74530536	-1565	1566	1001
chr2	74455676	74457955	74457708	2279	74456815	-1139	1140	893
chr2	95409716	95413999	95412750	4283	95411857	-2141	2142	893
chr2	231456720	231457418	231456743	698	231457069	-349	349	-326
chr2	99316727	99321104	99319690	4377	99318915	-2188	2189	775
chr2	85542495	85543249	85542609	754	85542872	-377	377	-263
chr2	177221201	177222863	177222758	1662	177222032	-831	831	726
chr2	233290412	233294181	233292399	3769	233292296	-1884	1885	103
chr2	27094799	27100762	27099799	5963	27097780	-2981	2982	2019
chr2	74497546	74503831	74498122	6285	74500688	-3142	3143	-2566
chr2	27094799	27100762	27097647	5963	27097780	-2981	2982	-133
chr2	111119713	111125232	111123929	5519	111122472	-2759	2760	1457
chr2	20446344	20449414	20447502	3070	20447879	-1535	1535	-377
chr2	27237822	27242472	27242354	4650	27240147	-2325	2325	2207
chr2	27441100	27445824	27444413	4724	27443462	-2362	2362	951
chr2	99402692	99404406	99402891	1714	99403549	-857	857	-658
chr2	74458304	74463041	74462607	4737	74460672	-2368	2369	1935
chr2	218661919	218663653	218662575	1734	218662786	-867	867	-211
chr2	74458304	74463041	74459949	4737	74460672	-2368	2369	-723
chr2	27441100	27445824	27444435	4724	27443462	-2362	2362	973
chr2	27094799	27100762	27100039	5963	27097780	-2981	2982	2259
chr2	27101275	27104236	27102214	2961	27102755	-1480	1481	-541
chr2	27237822	27242472	27241943	4650	27240147	-2325	2325	1796
chr2	27304827	27308636	27305034	3809	27306731	-1904	1905	-1697
chr2	27326247	27330333	27328159	4086	27328290	-2043	2043	-131
chr2	27366916	27371519	27367618	4603	27369217	-2301	2302	-1599
chr2	65071468	65073009	65072969	1541	65072238	-770	771	731
chr2	74458304	74463041	74458530	4737	74460672	-2368	2369	-2142
chr2	74504301	74506230	74506026	1929	74505265	-964	965	761
chr2	74528971	74532102	74529111	3131	74530536	-1565	1566	-1425
chr2	85538709	85541563	85541106	2854	85540136	-1427	1427	970
chr2	96018500	96022325	96021144	3825	96020412	-1912	1913	732
chr2	96326373	96329308	96327222	2935	96327840	-1467	1468	-618
chr2	113499063	113501311	113499655	2248	113500187	-1124	1124	-532
chr2	130341831	130348782	130346510	6951	130345306	-3475	3476	1204
chr2	216480355	216483279	216482785	2924	216481817	-1462	1462	968
chr2	218661919	218663653	218663268	1734	218662786	-867	867	482
chr2	219232985	219237766	219234132	4781	219235375	-2390	2391	-1243
chr2	231449579	231455690	231455261	6111	231452634	-3055	3056	2627
chr2	231449579	231455690	231455436	6111	231452634	-3055	3056	2802
chr2	43224041	43227934	43225335	3893	43225987	-1946	1947	-652
chr2	219232985	219237766	219235826	4781	219235375	-2390	2391	451
chr2	96326373	96329308	96327950	2935	96327840	-1467	1468	110
chr2	99402692	99404406	99402891	1714	99403549	-857	857	-658
chr2	43224041	43227934	43225428	3893	43225987	-1946	1947	-559
chr2	20446344	20449414	20447804	3070	20447879	-1535	1535	-75
chr2	27326247	27330333	27326647	4086	27328290	-2043	2043	-1643
chr2	74535789	74538542	74536121	2753	74537165	-1376	1377	-1044
chr2	112588139	112591868	112588858	3729	112590003	-1864	1865	-1145
chr2	219246512	219249251	219247224	2739	219247881	-1369	1370	-657
chr2	219246512	219249251	219248584	2739	219247881	-1369	1370	703
chr2	131043130	131046708	131044356	3578	131044919	-1789	1789	-563
chr2	85542495	85543249	85543171	754	85542872	-377	377	299
chr2	96023613	96025809	96024680	2196	96024711	-1098	1098	-31
chr2	219232985	219237766	219234951	4781	219235375	-2390	2391	-424
chr2	74458304	74463041	74458553	4737	74460672	-2368	2369	-2119
chr2	74497546	74503831	74497969	6285	74500688	-3142	3143	-2719
chr2	177228998	177231589	177230309	2591	177230293	-1295	1296	16
chr2	85389040	85391191	85390230	2151	85390115	-1075	1076	115
chr2	65071468	65073009	65072115	1541	65072238	-770	771	-123
chr2	73222374	73227665	73224947	5291	73225019	-2645	2646	-72
chr2	219535489	219538367	219537078	2878	219536928	-1439	1439	150
chr2	96326373	96329308	96328176	2935	96327840	-1467	1468	336
chr2	9581578	9585382	9585073	3804	9583480	-1902	1902	1593
chr2	27653173	27655215	27653711	2042	27654194	-1021	1021	-483
chr2	99402692	99404406	99402905	1714	99403549	-857	857	-644
chr2	219232985	219237766	219234434	4781	219235375	-2390	2391	-941
chr2	219232985	219237766	219237247	4781	219235375	-2390	2391	1872
chr2	130369613	130374880	130373289	5267	130372246	-2633	2634	1043
chr2	218401902	218409025	218402117	7123	218405463	-3561	3562	-3346
chr2	85597496	85598241	85597531	745	85597868	-372	373	-337
chr2	27366916	27371519	27367326	4603	27369217	-2301	2302	-1891
chr2	70086204	70090364	70087762	4160	70088284	-2080	2080	-522
chr2	130341831	130348782	130346403	6951	130345306	-3475	3476	1097
chr2	28946349	28947362	28946674	1013	28946855	-506	507	-181
chr2	74458304	74463041	74462752	4737	74460672	-2368	2369	2080
chr2	74532651	74534039	74533989	1388	74533345	-694	694	644
chr2	113499063	113501311	113499651	2248	113500187	-1124	1124	-536
chr2	105892695	105894483	105893661	1788	105893589	-894	894	72
chr2	65071468	65073009	65071674	1541	65072238	-770	771	-564
chr2	241093580	241095933	241095647	2353	241094756	-1176	1177	891
chr2	218661919	218663653	218663266	1734	218662786	-867	867	480
chr2	219206693	219212969	219210036	6276	219209831	-3138	3138	205
chr2	105892695	105894483	105893056	1788	105893589	-894	894	-533
chr2	65071468	65073009	65072837	1541	65072238	-770	771	599
chr2	235054972	235057208	235055613	2236	235056090	-1118	1118	-477
chr2	177228998	177231589	177230932	2591	177230293	-1295	1296	639
chr2	27126044	27129552	27129097	3508	27127798	-1754	1754	1299
chr2	96326373	96329308	96326917	2935	96327840	-1467	1468	-923
chr2	177228998	177231589	177230803	2591	177230293	-1295	1296	510
chr2	65312607	65314976	65312773	2369	65313791	-1184	1185	-1018
chr2	65071468	65073009	65071501	1541	65072238	-770	771	-737
chr2	218636676	218637537	218637031	861	218637106	-430	431	-75
chr3	49357718	49362211	49360170	4493	49359964	-2246	2247	206
chr3	194132399	194139773	194136645	7374	194136086	-3687	3687	559
chr3	65354859	65357442	65356634	2583	65356150	-1291	1292	484
chr3	113284056	113287343	113285545	3287	113285699	-1643	1644	-154
chr3	14147973	14150307	14148919	2334	14149140	-1167	1167	-221
chr3	49012331	49017316	49012951	4985	49014823	-2492	2493	-1872
chr3	51395135	51396729	51395803	1594	51395932	-797	797	-129
chr3	185489966	185494010	185491670	4044	185491988	-2022	2022	-318
chr3	52906593	52908981	52907116	2388	52907787	-1194	1194	-671
chr3	184576946	184582346	184580798	5400	184579646	-2700	2700	1152
chr3	52521947	52526560	52522652	4613	52524253	-2306	2307	-1601
chr3	52693334	52695544	52695250	2210	52694439	-1105	1105	811
chr3	113284056	113287343	113284562	3287	113285699	-1643	1644	-1137
chr3	11554665	11556732	11554939	2067	11555698	-1033	1034	-759
chr3	47016967	47018876	47017702	1909	47017921	-954	955	-219
chr3	184576946	184582346	184581610	5400	184579646	-2700	2700	1964
chr3	48629479	48634152	48629639	4673	48631815	-2336	2337	-2176
chr3	47408758	47413734	47411507	4976	47411246	-2488	2488	261
chr3	48619303	48624248	48621492	4945	48621775	-2472	2473	-283
chr3	52486704	52489738	52489544	3034	52488221	-1517	1517	1323
chr3	184169739	184172831	184170437	3092	184171285	-1546	1546	-848
chr3	184185335	184186639	184186230	1304	184185987	-652	652	243
chr3	184576946	184582346	184581608	5400	184579646	-2700	2700	1962
chr3	11554665	11556732	11554817	2067	11555698	-1033	1034	-881
chr3	15050995	15053169	15052569	2174	15052082	-1087	1087	487
chr3	46919796	46925624	46925532	5828	46922710	-2914	2914	2822
chr3	184185335	184186639	184186221	1304	184185987	-652	652	234
chr3	51388392	51393725	51393724	5333	51391058	-2666	2667	2666
chr3	49159011	49165784	49162633	6773	49162397	-3386	3387	236
chr3	49720740	49724364	49721989	3624	49722552	-1812	1812	-563
chr3	53187872	53191694	53189076	3822	53189783	-1911	1911	-707
chr3	49159011	49165784	49163285	6773	49162397	-3386	3387	888
chr3	49668880	49671364	49669953	2484	49670122	-1242	1242	-169
chr3	9914981	9918108	9917414	3127	9916544	-1563	1564	870
chr3	52399677	52404248	52403147	4571	52401962	-2285	2286	1185
chr3	113284056	113287343	113286811	3287	113285699	-1643	1644	1112
chr3	39141496	39145537	39143494	4041	39143516	-2020	2021	-22
chr3	127669822	127676278	127671540	6456	127673050	-3228	3228	-1510
chr3	9914981	9918108	9917891	3127	9916544	-1563	1564	1347
chr3	48464602	48467908	48466956	3306	48466255	-1653	1653	701
chr3	138298443	138302442	138301487	3999	138300442	-1999	2000	1045
chr3	13502926	13505061	13504116	2135	13503993	-1067	1068	123
chr3	49012331	49017316	49016324	4985	49014823	-2492	2493	1501
chr3	139357070	139358977	139358806	1907	139358023	-953	954	783
chr3	38121384	38124029	38121696	2645	38122706	-1322	1323	-1010
chr3	49720740	49724364	49720858	3624	49722552	-1812	1812	-1694
chr3	13502926	13505061	13504539	2135	13503993	-1067	1068	546
chr3	184185335	184186639	184186623	1304	184185987	-652	652	636
chr3	48626648	48628446	48627966	1798	48627547	-899	899	419
chr3	49012331	49017316	49015226	4985	49014823	-2492	2493	403
chr3	49012331	49017316	49016261	4985	49014823	-2492	2493	1438
chr3	15254683	15258002	15256345	3319	15256342	-1659	1660	3
chr3	48626648	48628446	48627048	1798	48627547	-899	899	-499
chr3	39137968	39140340	39138613	2372	39139154	-1186	1186	-541
chr3	52693334	52695544	52695275	2210	52694439	-1105	1105	836
chr3	196947394	196949866	196948409	2472	196948630	-1236	1236	-221
chr3	49012331	49017316	49016301	4985	49014823	-2492	2493	1478
chr3	184576946	184582346	184580796	5400	184579646	-2700	2700	1150
chr3	184576946	184582346	184581359	5400	184579646	-2700	2700	1713
chr3	47408758	47413734	47409964	4976	47411246	-2488	2488	-1282
chr3	47408758	47413734	47412513	4976	47411246	-2488	2488	1267
chr3	49012331	49017316	49015873	4985	49014823	-2492	2493	1050
chr3	49159011	49165784	49163127	6773	49162397	-3386	3387	730
chr3	196947394	196949866	196948197	2472	196948630	-1236	1236	-433
chr3	44916076	44918193	44918088	2117	44917134	-1058	1059	954
chr3	183811174	183812519	183812439	1345	183811846	-672	673	593
chr3	184169739	184172831	184170786	3092	184171285	-1546	1546	-499
chr3	127571804	127573726	127573488	1922	127572765	-961	961	723
chr3	47408758	47413734	47409476	4976	47411246	-2488	2488	-1770
chr3	52073648	52078333	52075933	4685	52075990	-2342	2343	-57
chr3	49720740	49724364	49721799	3624	49722552	-1812	1812	-753
chr3	9742676	9746734	9745831	4058	9744705	-2029	2029	1126
chr3	39141496	39145537	39143016	4041	39143516	-2020	2021	-500
chr3	39141496	39145537	39144015	4041	39143516	-2020	2021	499
chr3	49012331	49017316	49013861	4985	49014823	-2492	2493	-962
chr3	49275918	49282115	49278813	6197	49279016	-3098	3099	-203
chr3	52399677	52404248	52402908	4571	52401962	-2285	2286	946
chr3	52399677	52404248	52403854	4571	52401962	-2285	2286	1892
chr3	9948017	9951351	9948872	3334	9949684	-1667	1667	-812
chr3	9942291	9945586	9943148	3295	9943938	-1647	1648	-790
chr3	51388392	51393725	51393534	5333	51391058	-2666	2667	2476
chr3	113284056	113287343	113285507	3287	113285699	-1643	1644	-192
chr3	170863851	170867586	170866388	3735	170865718	-1867	1868	670
chr3	14147973	14150307	14148605	2334	14149140	-1167	1167	-535
chr3	49012331	49017316	49014822	4985	49014823	-2492	2493	-1
chr3	51388392	51393725	51393008	5333	51391058	-2666	2667	1950
chr3	14145708	14147438	14146087	1730	14146573	-865	865	-486
chr3	42662731	42666152	42665308	3421	42664441	-1710	1711	867
chr3	49012331	49017316	49014983	4985	49014823	-2492	2493	160
chr3	184240291	184243306	184241196	3015	184241798	-1507	1508	-602
chr3	195862947	195869673	195864182	6726	195866310	-3363	3363	-2128
chr3	49275918	49282115	49276526	6197	49279016	-3098	3099	-2490
chr3	50358131	50359846	50358755	1715	50358988	-857	858	-233
chr3	52906593	52908981	52907143	2388	52907787	-1194	1194	-644
chr3	184576946	184582346	184579913	5400	184579646	-2700	2700	267
chr3	184576946	184582346	184581075	5400	184579646	-2700	2700	1429
chr3	195069229	195071618	195069975	2389	195070423	-1194	1195	-448
chr3	53807695	53810978	53810167	3283	53809336	-1641	1642	831
chr3	49012331	49017316	49015455	4985	49014823	-2492	2493	632
chr3	184328776	184333744	184332043	4968	184331260	-2484	2484	783
chr3	47408758	47413734	47411408	4976	47411246	-2488	2488	162
chr3	48619303	48624248	48620972	4945	48621775	-2472	2473	-803
chr3	39141496	39145537	39144260	4041	39143516	-2020	2021	744
chr3	14147973	14150307	14148590	2334	14149140	-1167	1167	-550
chr3	17160313	17161219	17161128	906	17160766	-453	453	362
chr3	47408758	47413734	47409692	4976	47411246	-2488	2488	-1554
chr3	49012331	49017316	49014390	4985	49014823	-2492	2493	-433
chr3	49093123	49097590	49096046	4467	49095356	-2233	2234	690
chr3	51934214	51936289	51935364	2075	51935251	-1037	1038	113
chr3	52490775	52496966	52492752	6191	52493870	-3095	3096	-1118
chr3	52521947	52526560	52524210	4613	52524253	-2306	2307	-43
chr3	52693334	52695544	52694234	2210	52694439	-1105	1105	-205
chr3	65354859	65357442	65356514	2583	65356150	-1291	1292	364
chr3	65354859	65357442	65356642	2583	65356150	-1291	1292	492
chr3	194588283	194594489	194588412	6206	194591386	-3103	3103	-2974
chr3	196935356	196937934	196937042	2578	196936645	-1289	1289	397
chr3	39141496	39145537	39145135	4041	39143516	-2020	2021	1619
chr3	184240291	184243306	184242524	3015	184241798	-1507	1508	726
chr3	52693334	52695544	52694904	2210	52694439	-1105	1105	465
chr3	46919796	46925624	46922265	5828	46922710	-2914	2914	-445
chr3	51388392	51393725	51393078	5333	51391058	-2666	2667	2020
chr3	73061434	73062951	73062332	1517	73062192	-758	759	140
chr3	73061434	73062951	73062533	1517	73062192	-758	759	341
chr3	101565802	101567588	101566051	1786	101566695	-893	893	-644
chr3	101681369	101684832	101682786	3463	101683100	-1731	1732	-314
chr3	121985856	121988613	121988228	2757	121987234	-1378	1379	994
chr3	184576946	184582346	184581358	5400	184579646	-2700	2700	1712
chr3	47408758	47413734	47412341	4976	47411246	-2488	2488	1095
chr3	52521947	52526560	52524819	4613	52524253	-2306	2307	566
chr3	196935356	196937934	196937367	2578	196936645	-1289	1289	722
chr3	50187524	50189638	50187828	2114	50188581	-1057	1057	-753
chr3	49275918	49282115	49276754	6197	49279016	-3098	3099	-2262
chr3	65354859	65357442	65356805	2583	65356150	-1291	1292	655
chr3	184240291	184243306	184242056	3015	184241798	-1507	1508	258
chr3	184240291	184243306	184241351	3015	184241798	-1507	1508	-447
chr3	53187872	53191694	53189057	3822	53189783	-1911	1911	-726
chr3	51984873	51989491	51985894	4618	51987182	-2309	2309	-1288
chr3	126434634	126439307	126438334	4673	126436970	-2336	2337	1364
chr3	9948017	9951351	9949128	3334	9949684	-1667	1667	-556
chr3	15254683	15258002	15256442	3319	15256342	-1659	1660	100
chr3	15254683	15258002	15256443	3319	15256342	-1659	1660	101
chr3	73061434	73062951	73062842	1517	73062192	-758	759	650
chr3	15254683	15258002	15256112	3319	15256342	-1659	1660	-230
chr3	10289570	10292464	10289800	2894	10291017	-1447	1447	-1217
chr3	47408758	47413734	47409964	4976	47411246	-2488	2488	-1282
chr3	49672439	49675329	49675288	2890	49673884	-1445	1445	1404
chr3	184576946	184582346	184579708	5400	184579646	-2700	2700	62
chr3	52399677	52404248	52403449	4571	52401962	-2285	2286	1487
chr3	52521947	52526560	52522560	4613	52524253	-2306	2307	-1693
chr3	195862947	195869673	195864150	6726	195866310	-3363	3363	-2160
chr3	128911605	128913518	128912512	1913	128912561	-956	957	-49
chr3	10289570	10292464	10289791	2894	10291017	-1447	1447	-1226
chr3	14147973	14150307	14148868	2334	14149140	-1167	1167	-272
chr3	17160313	17161219	17161130	906	17160766	-453	453	364
chr3	47408758	47413734	47409695	4976	47411246	-2488	2488	-1551
chr3	66384487	66386798	66386111	2311	66385642	-1155	1156	469
chr3	46919796	46925624	46923423	5828	46922710	-2914	2914	713
chr3	49275918	49282115	49278862	6197	49279016	-3098	3099	-154
chr3	50358131	50359846	50358818	1715	50358988	-857	858	-170
chr3	52521947	52526560	52523756	4613	52524253	-2306	2307	-497
chr3	183811174	183812519	183811450	1345	183811846	-672	673	-396
chr3	57277667	57279706	57278947	2039	57278686	-1019	1020	261
chr3	49012331	49017316	49017245	4985	49014823	-2492	2493	2422
chr3	53225022	53232939	53226851	7917	53228980	-3958	3959	-2129
chr3	15050995	15053169	15052368	2174	15052082	-1087	1087	286
chr3	15254683	15258002	15256535	3319	15256342	-1659	1660	193
chr3	128911605	128913518	128912516	1913	128912561	-956	957	-45
chr3	184334416	184335345	184334749	929	184334880	-464	465	-131
chr3	49012331	49017316	49013404	4985	49014823	-2492	2493	-1419
chr3	10283749	10285704	10285455	1955	10284726	-977	978	729
chr4	1804163	1807863	1806648	3700	1806013	-1850	1850	635
chr4	849301	854753	851890	5452	852027	-2726	2726	-137
chr4	6297979	6305647	6301056	7668	6301813	-3834	3834	-757
chr4	82458355	82460221	82460081	1866	82459288	-933	933	793
chr4	152974093	152978117	152975965	4024	152976105	-2012	2012	-140
chr4	152974093	152978117	152976603	4024	152976105	-2012	2012	498
chr4	1334392	1339159	1336933	4767	1336775	-2383	2384	158
chr4	6640773	6642459	6640935	1686	6641616	-843	843	-681
chr4	70686553	70690109	70689236	3556	70688331	-1778	1778	905
chr4	6619439	6622104	6619977	2665	6620771	-1332	1333	-794
chr4	537021	539439	539216	2418	538230	-1209	1209	986
chr4	99944901	99947846	99946447	2945	99946373	-1472	1473	74
chr4	68313663	68315737	68314263	2074	68314700	-1037	1037	-437
chr4	849301	854753	850941	5452	852027	-2726	2726	-1086
chr4	1978139	1983840	1983612	5701	1980989	-2850	2851	2623
chr4	6640773	6642459	6641147	1686	6641616	-843	843	-469
chr4	99948140	99949308	99948711	1168	99948724	-584	584	-13
chr4	1984020	1985629	1984866	1609	1984824	-804	805	42
chr4	99948140	99949308	99948732	1168	99948724	-584	584	8
chr4	6297979	6305647	6301126	7668	6301813	-3834	3834	-687
chr4	70686553	70690109	70689300	3556	70688331	-1778	1778	969
chr4	68313663	68315737	68314043	2074	68314700	-1037	1037	-657
chr4	10076153	10079904	10077412	3751	10078028	-1875	1876	-616
chr4	99948140	99949308	99948895	1168	99948724	-584	584	171
chr4	173332245	173335562	173333553	3317	173333903	-1658	1659	-350
chr4	151102159	151105918	151104553	3759	151104038	-1879	1880	515
chr4	121823174	121824585	121823592	1411	121823879	-705	706	-287
chr4	8615794	8623265	8619522	7471	8619529	-3735	3736	-7
chr4	2062563	2065747	2065090	3184	2064155	-1592	1592	935
chr4	151102159	151105918	151103892	3759	151104038	-1879	1880	-146
chr4	6297979	6305647	6302376	7668	6301813	-3834	3834	563
chr4	173332245	173335562	173333614	3317	173333903	-1658	1659	-289
chr4	82426148	82427556	82426531	1408	82426852	-704	704	-321
chr4	6619439	6622104	6619950	2665	6620771	-1332	1333	-821
chr4	173332245	173335562	173332946	3317	173333903	-1658	1659	-957
chr4	1984020	1985629	1984882	1609	1984824	-804	805	58
chr4	7061417	7062951	7062196	1534	7062184	-767	767	12
chr4	70686553	70690109	70689368	3556	70688331	-1778	1778	1037
chr4	99948140	99949308	99949108	1168	99948724	-584	584	384
chr4	152974093	152978117	152975672	4024	152976105	-2012	2012	-433
chr4	1978139	1983840	1983457	5701	1980989	-2850	2851	2468
chr4	99948140	99949308	99948895	1168	99948724	-584	584	171
chr4	152974093	152978117	152975783	4024	152976105	-2012	2012	-322
chr4	99948140	99949308	99948571	1168	99948724	-584	584	-153
chr4	8615794	8623265	8618468	7471	8619529	-3735	3736	-1061
chr4	6640773	6642459	6641222	1686	6641616	-843	843	-394
chr4	6297979	6305647	6301391	7668	6301813	-3834	3834	-422
chr5	140554648	140558866	140558672	4218	140556757	-2109	2109	1915
chr5	177510470	177513842	177512144	3372	177512156	-1686	1686	-12
chr5	179834022	179839625	179836910	5603	179836823	-2801	2802	87
chr5	181232383	181236516	181232604	4133	181234449	-2066	2067	-1845
chr5	154819024	154820697	154820108	1673	154819860	-836	837	248
chr5	138931929	138935254	138934155	3325	138933591	-1662	1663	564
chr5	154819024	154820697	154820434	1673	154819860	-836	837	574
chr5	179834022	179839625	179836500	5603	179836823	-2801	2802	-323
chr5	180849873	180852657	180851312	2784	180851265	-1392	1392	47
chr5	181232383	181236516	181232574	4133	181234449	-2066	2067	-1875
chr5	141639313	141641341	141640312	2028	141640327	-1014	1014	-15
chr5	177440073	177444444	177441898	4371	177442258	-2185	2186	-360
chr5	181232383	181236516	181234772	4133	181234449	-2066	2067	323
chr5	150393163	150397416	150396408	4253	150395289	-2126	2127	1119
chr5	177440073	177444444	177441911	4371	177442258	-2185	2186	-347
chr5	138185465	138187674	138186353	2209	138186569	-1104	1105	-216
chr5	139389361	139395326	139393614	5965	139392343	-2982	2983	1271
chr5	132821744	132826737	132824034	4993	132824240	-2496	2497	-206
chr5	151025130	151027765	151026972	2635	151026447	-1317	1318	525
chr5	17274442	17276761	17275347	2319	17275601	-1159	1160	-254
chr5	138931929	138935254	138934092	3325	138933591	-1662	1663	501
chr5	181232383	181236516	181235245	4133	181234449	-2066	2067	796
chr5	176507078	176508621	176507087	1543	176507849	-771	772	-762
chr5	141620472	141621784	141621171	1312	141621128	-656	656	43
chr5	180849873	180852657	180849874	2784	180851265	-1392	1392	-1391
chr5	140546598	140551405	140550843	4807	140549001	-2403	2404	1842
chr5	181232383	181236516	181232574	4133	181234449	-2066	2067	-1875
chr5	138182320	138184694	138184632	2374	138183507	-1187	1187	1125
chr5	141639313	141641341	141640384	2028	141640327	-1014	1014	57
chr5	141639313	141641341	141639698	2028	141640327	-1014	1014	-629
chr5	151028593	151032593	151030174	4000	151030593	-2000	2000	-419
chr5	151028593	151032593	151030742	4000	151030593	-2000	2000	149
chr5	177440073	177444444	177441293	4371	177442258	-2185	2186	-965
chr5	181232383	181236516	181233920	4133	181234449	-2066	2067	-529
chr5	139389361	139395326	139392337	5965	139392343	-2982	2983	-6
chr5	177096338	177102086	177097386	5748	177099212	-2874	2874	-1826
chr5	154819024	154820697	154820534	1673	154819860	-836	837	674
chr5	157786787	157788585	157787882	1798	157787686	-899	899	196
chr5	181232383	181236516	181235333	4133	181234449	-2066	2067	884
chr5	181232383	181236516	181233402	4133	181234449	-2066	2067	-1047
chr5	139389361	139395326	139394252	5965	139392343	-2982	2983	1909
chr5	132821744	132826737	132823453	4993	132824240	-2496	2497	-787
chr5	138185465	138187674	138185561	2209	138186569	-1104	1105	-1008
chr5	138556800	138557759	138556982	959	138557279	-479	480	-297
chr5	141509682	141512921	141511158	3239	141511301	-1619	1620	-143
chr5	179834022	179839625	179837713	5603	179836823	-2801	2802	890
chr5	180849873	180852657	180850231	2784	180851265	-1392	1392	-1034
chr5	180849873	180852657	180850605	2784	180851265	-1392	1392	-660
chr5	181232383	181236516	181234694	4133	181234449	-2066	2067	245
chr5	1877381	1884664	1877673	7283	1881022	-3641	3642	-3349
chr5	180849873	180852657	180851287	2784	180851265	-1392	1392	22
chr5	139389361	139395326	139393417	5965	139392343	-2982	2983	1074
chr5	179834022	179839625	179836530	5603	179836823	-2801	2802	-293
chr5	180849873	180852657	180850760	2784	180851265	-1392	1392	-505
chr5	180849873	180852657	180850762	2784	180851265	-1392	1392	-503
chr5	141509682	141512921	141511103	3239	141511301	-1619	1620	-198
chr5	141639313	141641341	141639749	2028	141640327	-1014	1014	-578
chr5	133967869	133969568	133968564	1699	133968718	-849	850	-154
chr5	177096338	177102086	177096631	5748	177099212	-2874	2874	-2581
chr5	151097542	151102774	151101406	5232	151100158	-2616	2616	1248
chr5	139389361	139395326	139393351	5965	139392343	-2982	2983	1008
chr5	140554648	140558866	140558671	4218	140556757	-2109	2109	1914
chr5	1877381	1884664	1880762	7283	1881022	-3641	3642	-260
chr5	139389361	139395326	139393978	5965	139392343	-2982	2983	1635
chr5	140675389	140677217	140676785	1828	140676303	-914	914	482
chr5	140675389	140677217	140676994	1828	140676303	-914	914	691
chr5	141639313	141641341	141640552	2028	141640327	-1014	1014	225
chr5	177510470	177513842	177511744	3372	177512156	-1686	1686	-412
chr5	180849873	180852657	180850409	2784	180851265	-1392	1392	-856
chr6	99400749	99401834	99401260	1085	99401291	-542	543	-31
chr6	31557413	31560659	31557833	3246	31559036	-1623	1623	-1203
chr6	33409254	33415405	33412304	6151	33412329	-3075	3076	-25
chr6	31638178	31642698	31640409	4520	31640438	-2260	2260	-29
chr6	33273367	33281352	33276234	7985	33277359	-3992	3993	-1125
chr6	27866609	27868605	27867086	1996	27867607	-998	998	-521
chr6	27836509	27838789	27838771	2280	27837649	-1140	1140	1122
chr6	33313698	33318611	33316250	4913	33316154	-2456	2457	96
chr6	27866609	27868605	27866966	1996	27867607	-998	998	-641
chr6	33401513	33407596	33406871	6083	33404554	-3041	3042	2317
chr6	33203399	33206031	33205068	2632	33204715	-1316	1316	353
chr6	31945044	31947628	31946637	2584	31946336	-1292	1292	301
chr6	99400749	99401834	99401583	1085	99401291	-542	543	292
chr6	33453440	33455884	33455767	2444	33454662	-1222	1222	1105
chr6	34535586	34543360	34538354	7774	34539473	-3887	3887	-1119
chr6	42933127	42940952	42938621	7825	42937039	-3912	3913	1582
chr6	26155581	26158361	26157096	2780	26156971	-1390	1390	125
chr6	33211051	33212572	33211850	1521	33211811	-760	761	39
chr6	43006663	43011099	43008706	4436	43008881	-2218	2218	-175
chr6	43506494	43509064	43507507	2570	43507779	-1285	1285	-272
chr6	33694358	33698909	33695095	4551	33696633	-2275	2276	-1538
chr6	31504598	31510253	31509926	5655	31507425	-2827	2828	2501
chr6	33313698	33318611	33315611	4913	33316154	-2456	2457	-543
chr6	132813604	132814894	132814583	1290	132814249	-645	645	334
chr6	35472828	35476576	35475055	3748	35474702	-1874	1874	353
chr6	73415673	73417133	73416197	1460	73416403	-730	730	-206
chr6	43012312	43015271	43013252	2959	43013791	-1479	1480	-539
chr6	30599558	30604386	30600600	4828	30601972	-2414	2414	-1372
chr6	43011215	43012239	43011343	1024	43011727	-512	512	-384
chr6	31965231	31972717	31971114	7486	31968974	-3743	3743	2140
chr6	43019606	43020880	43020765	1274	43020243	-637	637	522
chr6	33273367	33281352	33279803	7985	33277359	-3992	3993	2444
chr6	30729879	30731621	30731042	1742	30730750	-871	871	292
chr6	37479174	37486944	37479254	7770	37483059	-3885	3885	-3805
chr6	30648283	30652466	30649598	4183	30650374	-2091	2092	-776
chr6	33273367	33281352	33278080	7985	33277359	-3992	3993	721
chr6	33694358	33698909	33697776	4551	33696633	-2275	2276	1143
chr6	37479174	37486944	37483213	7770	37483059	-3885	3885	154
chr6	30909531	30916450	30914853	6919	30912990	-3459	3460	1863
chr6	30342744	30347404	30343058	4660	30345074	-2330	2330	-2016
chr6	43506494	43509064	43507274	2570	43507779	-1285	1285	-505
chr6	109444358	109450716	109445246	6358	109447537	-3179	3179	-2291
chr6	3269746	3271062	3269983	1316	3270404	-658	658	-421
chr6	26155581	26158361	26158165	2780	26156971	-1390	1390	1194
chr6	82363501	82365741	82365408	2240	82364621	-1120	1120	787
chr6	27145127	27146672	27146555	1545	27145899	-772	773	656
chr6	31762632	31766984	31766034	4352	31764808	-2176	2176	1226
chr6	33401513	33407596	33406862	6083	33404554	-3041	3042	2308
chr6	44248826	44250885	44250390	2059	44249855	-1029	1030	535
chr6	30599558	30604386	30603570	4828	30601972	-2414	2414	1598
chr6	4953469	4954255	4953963	786	4953862	-393	393	101
chr6	30599558	30604386	30604033	4828	30601972	-2414	2414	2061
chr6	13287086	13289553	13287210	2467	13288319	-1233	1234	-1109
chr6	30599558	30604386	30602281	4828	30601972	-2414	2414	309
chr6	99400749	99401834	99401311	1085	99401291	-542	543	20
chr6	33273367	33281352	33277637	7985	33277359	-3992	3993	278
chr6	7582873	7585809	7583615	2936	7584341	-1468	1468	-726
chr6	26155581	26158361	26156572	2780	26156971	-1390	1390	-399
chr6	33694358	33698909	33695721	4551	33696633	-2275	2276	-912
chr6	43778203	43785877	43784714	7674	43782040	-3837	3837	2674
chr6	30898144	30899943	30899569	1799	30899043	-899	900	526
chr6	31949113	31951836	31949427	2723	31950474	-1361	1362	-1047
chr6	33273367	33281352	33278318	7985	33277359	-3992	3993	959
chr6	159799565	159802806	159801176	3241	159801185	-1620	1621	-9
chr6	43620517	43621660	43621253	1143	43621088	-571	572	165
chr6	43778203	43785877	43784790	7674	43782040	-3837	3837	2750
chr6	27836509	27838789	27838335	2280	27837649	-1140	1140	686
chr6	41935475	41940306	41935986	4831	41937890	-2415	2416	-1904
chr6	109444358	109450716	109445442	6358	109447537	-3179	3179	-2095
chr6	30909531	30916450	30915777	6919	30912990	-3459	3460	2787
chr6	7582873	7585809	7582883	2936	7584341	-1468	1468	-1458
chr6	7582873	7585809	7584887	2936	7584341	-1468	1468	546
chr6	39185047	39191896	39191138	6849	39188471	-3424	3425	2667
chr6	33273367	33281352	33280808	7985	33277359	-3992	3993	3449
chr6	43035525	43039315	43037711	3790	43037420	-1895	1895	291
chr6	35293564	35299843	35294483	6279	35296703	-3139	3140	-2220
chr6	31638178	31642698	31640224	4520	31640438	-2260	2260	-214
chr6	31965231	31972717	31966773	7486	31968974	-3743	3743	-2201
chr6	31758171	31761935	31761616	3764	31760053	-1882	1882	1563
chr6	73415673	73417133	73416112	1460	73416403	-730	730	-291
chr6	41930586	41933158	41931486	2572	41931872	-1286	1286	-386
chr6	30645954	30648210	30647525	2256	30647082	-1128	1128	443
chr6	31965231	31972717	31972666	7486	31968974	-3743	3743	3692
chr6	33694358	33698909	33695174	4551	33696633	-2275	2276	-1459
chr6	33313698	33318611	33315849	4913	33316154	-2456	2457	-305
chr6	31947780	31948881	31948433	1101	31948330	-550	551	103
chr6	7582873	7585809	7583923	2936	7584341	-1468	1468	-418
chr6	33409254	33415405	33414309	6151	33412329	-3075	3076	1980
chr6	35835195	35837308	35835230	2113	35836251	-1056	1057	-1021
chr6	43012312	43015271	43013334	2959	43013791	-1479	1480	-457
chr6	35293564	35299843	35293912	6279	35296703	-3139	3140	-2791
chr6	43012312	43015271	43012476	2959	43013791	-1479	1480	-1315
chr6	31965231	31972717	31970800	7486	31968974	-3743	3743	1826
chr6	43778203	43785877	43785472	7674	43782040	-3837	3837	3432
chr6	39185047	39191896	39191674	6849	39188471	-3424	3425	3203
chr6	27836509	27838789	27838123	2280	27837649	-1140	1140	474
chr6	30599558	30604386	30601501	4828	30601972	-2414	2414	-471
chr6	26155581	26158361	26156657	2780	26156971	-1390	1390	-314
chr6	39185047	39191896	39190853	6849	39188471	-3424	3425	2382
chr6	43006663	43011099	43010986	4436	43008881	-2218	2218	2105
chr6	35495749	35502112	35498299	6363	35498930	-3181	3182	-631
chr6	33273367	33281352	33280698	7985	33277359	-3992	3993	3339
chr6	30645954	30648210	30646066	2256	30647082	-1128	1128	-1016
chr6	43506494	43509064	43507538	2570	43507779	-1285	1285	-241
chr6	31965231	31972717	31968903	7486	31968974	-3743	3743	-71
chr6	43011215	43012239	43011788	1024	43011727	-512	512	61
chr6	37479174	37486944	37485161	7770	37483059	-3885	3885	2102
chr6	26232827	26235374	26234589	2547	26234100	-1273	1274	489
chr6	7582873	7585809	7583184	2936	7584341	-1468	1468	-1157
chr6	31504598	31510253	31507458	5655	31507425	-2827	2828	33
chr6	31657662	31659835	31659272	2173	31658748	-1086	1087	524
chr6	31949113	31951836	31950616	2723	31950474	-1361	1362	142
chr6	31965231	31972717	31966763	7486	31968974	-3743	3743	-2211
chr6	35317386	35322949	35319893	5563	35320167	-2781	2782	-274
chr6	37479174	37486944	37483084	7770	37483059	-3885	3885	25
chr6	43006663	43011099	43009330	4436	43008881	-2218	2218	449
chr6	43006663	43011099	43010688	4436	43008881	-2218	2218	1807
chr6	43011215	43012239	43011248	1024	43011727	-512	512	-479
chr6	26051501	26056616	26055889	5115	26054058	-2557	2558	1831
chr6	31965231	31972717	31967030	7486	31968974	-3743	3743	-1944
chr6	33313698	33318611	33315669	4913	33316154	-2456	2457	-485
chr6	33313698	33318611	33316713	4913	33316154	-2456	2457	559
chr6	34247481	34250908	34247792	3427	34249194	-1713	1714	-1402
chr6	36496023	36498676	36496723	2653	36497349	-1326	1327	-626
chr6	42933127	42940952	42938125	7825	42937039	-3912	3913	1086
chr6	7582873	7585809	7583635	2936	7584341	-1468	1468	-706
chr6	33409254	33415405	33414538	6151	33412329	-3075	3076	2209
chr6	30722954	30725520	30724389	2566	30724237	-1283	1283	152
chr6	30909531	30916450	30911179	6919	30912990	-3459	3460	-1811
chr6	33453440	33455884	33455749	2444	33454662	-1222	1222	1087
chr6	34535586	34543360	34541045	7774	34539473	-3887	3887	1572
chr6	41935475	41940306	41935854	4831	41937890	-2415	2416	-2036
chr6	41935475	41940306	41936054	4831	41937890	-2415	2416	-1836
chr6	42686003	42690107	42689668	4104	42688055	-2052	2052	1613
chr6	26051501	26056616	26055834	5115	26054058	-2557	2558	1776
chr6	26051501	26056616	26055878	5115	26054058	-2557	2558	1820
chr6	27836509	27838789	27838112	2280	27837649	-1140	1140	463
chr6	30599558	30604386	30602316	4828	30601972	-2414	2414	344
chr6	33203399	33206031	33204383	2632	33204715	-1316	1316	-332
chr6	31965231	31972717	31966838	7486	31968974	-3743	3743	-2136
chr6	31965231	31972717	31969597	7486	31968974	-3743	3743	623
chr6	35293564	35299843	35293766	6279	35296703	-3139	3140	-2937
chr6	33273367	33281352	33278119	7985	33277359	-3992	3993	760
chr6	33273367	33281352	33277432	7985	33277359	-3992	3993	73
chr6	31531513	31537583	31532822	6070	31534548	-3035	3035	-1726
chr6	35472828	35476576	35476361	3748	35474702	-1874	1874	1659
chr6	32186623	32191245	32187142	4622	32188934	-2311	2311	-1792
chr6	44248826	44250885	44250308	2059	44249855	-1029	1030	453
chr6	34243465	34247115	34246522	3650	34245290	-1825	1825	1232
chr6	26155581	26158361	26156675	2780	26156971	-1390	1390	-296
chr6	7582873	7585809	7585460	2936	7584341	-1468	1468	1119
chr6	43523861	43524552	43523891	691	43524206	-345	346	-315
chr6	27836509	27838789	27838306	2280	27837649	-1140	1140	657
chr6	31965231	31972717	31969828	7486	31968974	-3743	3743	854
chr6	43006663	43011099	43008406	4436	43008881	-2218	2218	-475
chr6	7582873	7585809	7583252	2936	7584341	-1468	1468	-1089
chr6	30743669	30746008	30743926	2339	30744838	-1169	1170	-912
chr6	33273367	33281352	33276066	7985	33277359	-3992	3993	-1293
chr6	26232827	26235374	26234490	2547	26234100	-1273	1274	390
chr6	7582873	7585809	7584352	2936	7584341	-1468	1468	11
chr6	43012312	43015271	43013122	2959	43013791	-1479	1480	-669
chr6	26155581	26158361	26158156	2780	26156971	-1390	1390	1185
chr6	26232827	26235374	26234459	2547	26234100	-1273	1274	359
chr6	43012312	43015271	43012961	2959	43013791	-1479	1480	-830
chr6	26232827	26235374	26234743	2547	26234100	-1273	1274	643
chr6	42933127	42940952	42938666	7825	42937039	-3912	3913	1627
chr6	27836509	27838789	27838745	2280	27837649	-1140	1140	1096
chr6	32186623	32191245	32186812	4622	32188934	-2311	2311	-2122
chr6	30342744	30347404	30345361	4660	30345074	-2330	2330	287
chr6	26232827	26235374	26234269	2547	26234100	-1273	1274	169
chr6	30909531	30916450	30913180	6919	30912990	-3459	3460	190
chr6	30909531	30916450	30915153	6919	30912990	-3459	3460	2163
chr6	31965231	31972717	31971606	7486	31968974	-3743	3743	2632
chr6	35472828	35476576	35474855	3748	35474702	-1874	1874	153
chr6	35575386	35577418	35575906	2032	35576402	-1016	1016	-496
chr6	109444358	109450716	109445236	6358	109447537	-3179	3179	-2301
chr6	12292519	12294322	12294053	1803	12293420	-901	902	633
chr6	26596434	26599131	26598050	2697	26597782	-1348	1349	268
chr6	30185135	30186475	30186101	1340	30185805	-670	670	296
chr6	7582873	7585809	7583741	2936	7584341	-1468	1468	-600
chr6	7582873	7585809	7584636	2936	7584341	-1468	1468	295
chr6	7582873	7585809	7584827	2936	7584341	-1468	1468	486
chr6	7582873	7585809	7585504	2936	7584341	-1468	1468	1163
chr6	12292519	12294322	12294317	1803	12293420	-901	902	897
chr6	31638178	31642698	31641108	4520	31640438	-2260	2260	670
chr6	32186623	32191245	32187029	4622	32188934	-2311	2311	-1905
chr6	35317386	35322949	35319889	5563	35320167	-2781	2782	-278
chr6	107067737	107071691	107069004	3954	107069714	-1977	1977	-710
chr6	27866609	27868605	27867101	1996	27867607	-998	998	-506
chr6	27836509	27838789	27837976	2280	27837649	-1140	1140	327
chr6	28231344	28232817	28232602	1473	28232080	-736	737	522
chr6	30722954	30725520	30724193	2566	30724237	-1283	1283	-44
chr6	31965231	31972717	31970020	7486	31968974	-3743	3743	1046
chr6	107067737	107071691	107069024	3954	107069714	-1977	1977	-690
chr6	106566216	106568880	106568750	2664	106567548	-1332	1332	1202
chr6	106566216	106568880	106568751	2664	106567548	-1332	1332	1203
chr6	30743669	30746008	30743972	2339	30744838	-1169	1170	-866
chr6	31638178	31642698	31639076	4520	31640438	-2260	2260	-1362
chr6	43506494	43509064	43508785	2570	43507779	-1285	1285	1006
chr6	13616734	13618217	13618085	1483	13617475	-741	742	610
chr6	33313698	33318611	33316004	4913	33316154	-2456	2457	-150
chr6	33690725	33693754	33693605	3029	33692239	-1514	1515	1366
chr6	26596434	26599131	26598289	2697	26597782	-1348	1349	507
chr6	33401513	33407596	33406393	6083	33404554	-3041	3042	1839
chr6	106566216	106568880	106568716	2664	106567548	-1332	1332	1168
chr6	132813604	132814894	132814595	1290	132814249	-645	645	346
chr6	132813604	132814894	132814596	1290	132814249	-645	645	347
chr6	33694358	33698909	33694999	4551	33696633	-2275	2276	-1634
chr6	26596434	26599131	26597982	2697	26597782	-1348	1349	200
chr6	43035525	43039315	43037743	3790	43037420	-1895	1895	323
chr6	31721065	31726370	31723649	5305	31723717	-2652	2653	-68
chr6	43035525	43039315	43037773	3790	43037420	-1895	1895	353
chr6	37390498	37392188	37391262	1690	37391343	-845	845	-81
chr6	27866609	27868605	27867416	1996	27867607	-998	998	-191
chr6	31638178	31642698	31641317	4520	31640438	-2260	2260	879
chr6	109444358	109450716	109447712	6358	109447537	-3179	3179	175
chr6	33273367	33281352	33279534	7985	33277359	-3992	3993	2175
chr6	27836509	27838789	27837957	2280	27837649	-1140	1140	308
chr6	33313698	33318611	33316566	4913	33316154	-2456	2457	412
chr6	33203399	33206031	33205264	2632	33204715	-1316	1316	549
chr6	21596595	21597942	21597493	1347	21597268	-673	674	225
chr6	33453440	33455884	33455430	2444	33454662	-1222	1222	768
chr6	26051501	26056616	26055811	5115	26054058	-2557	2558	1753
chr6	33273367	33281352	33278670	7985	33277359	-3992	3993	1311
chr6	30643862	30644987	30644482	1125	30644424	-562	563	58
chr6	26232827	26235374	26234265	2547	26234100	-1273	1274	165
chr6	158764064	158767769	158767067	3705	158765916	-1852	1853	1151
chr6	42697171	42699158	42698397	1987	42698164	-993	994	233
chr6	30185135	30186475	30185895	1340	30185805	-670	670	90
chr6	31945044	31947628	31946545	2584	31946336	-1292	1292	209
chr6	31965231	31972717	31970400	7486	31968974	-3743	3743	1426
chr6	35317386	35322949	35319655	5563	35320167	-2781	2782	-512
chr6	43012312	43015271	43013185	2959	43013791	-1479	1480	-606
chr6	43006663	43011099	43008735	4436	43008881	-2218	2218	-146
chr6	26596434	26599131	26598605	2697	26597782	-1348	1349	823
chr6	27145127	27146672	27146601	1545	27145899	-772	773	702
chr6	27836509	27838789	27838278	2280	27837649	-1140	1140	629
chr6	106566216	106568880	106568489	2664	106567548	-1332	1332	941
chr6	27836509	27838789	27838154	2280	27837649	-1140	1140	505
chr7	73441232	73447012	73442223	5780	73444122	-2890	2890	-1899
chr7	102423668	102430994	102425386	7326	102427331	-3663	3663	-1945
chr7	128390954	128395239	128392414	4285	128393096	-2142	2143	-682
chr7	72948147	72949602	72948253	1455	72948874	-727	728	-621
chr7	86861988	86864696	86864306	2708	86863342	-1354	1354	964
chr7	73591138	73596772	73596178	5634	73593955	-2817	2817	2223
chr7	5620239	5624111	5622907	3872	5622175	-1936	1936	732
chr7	151044103	151045776	151044218	1673	151044939	-836	837	-721
chr7	6161998	6164498	6162216	2500	6163248	-1250	1250	-1032
chr7	44112477	44119400	44113961	6923	44115938	-3461	3462	-1977
chr7	44112477	44119400	44116475	6923	44115938	-3461	3462	537
chr7	128390954	128395239	128393025	4285	128393096	-2142	2143	-71
chr7	102467878	102473139	102472267	5261	102470508	-2630	2631	1759
chr7	44214790	44221141	44220181	6351	44217965	-3175	3176	2216
chr7	44577925	44583809	44579520	5884	44580867	-2942	2942	-1347
chr7	72948147	72949602	72948879	1455	72948874	-727	728	5
chr7	128773764	128777661	128774616	3897	128775712	-1948	1949	-1096
chr7	135165605	135166956	135166782	1351	135166280	-675	676	502
chr7	149222015	149226140	149224569	4125	149224077	-2062	2063	492
chr7	149762853	149767720	149764795	4867	149765286	-2433	2434	-491
chr7	123684270	123685151	123684581	881	123684710	-440	441	-129
chr7	73591138	73596772	73593709	5634	73593955	-2817	2817	-246
chr7	45099487	45103698	45101575	4211	45101592	-2105	2106	-17
chr7	6161998	6164498	6163060	2500	6163248	-1250	1250	-188
chr7	894899	901237	895349	6338	898068	-3169	3169	-2719
chr7	43950229	43953401	43952806	3172	43951815	-1586	1586	991
chr7	149729678	149732633	149730584	2955	149731155	-1477	1478	-571
chr7	149430734	149434090	149432619	3356	149432412	-1678	1678	207
chr7	151239687	151240600	151240516	913	151240143	-456	457	373
chr7	86861988	86864696	86864286	2708	86863342	-1354	1354	944
chr7	44112477	44119400	44116913	6923	44115938	-3461	3462	975
chr7	44565144	44571388	44566476	6244	44568266	-3122	3122	-1790
chr7	140453780	140459518	140454672	5738	140456649	-2869	2869	-1977
chr7	151241396	151242689	151241908	1293	151242042	-646	647	-134
chr7	75418524	75421241	75418866	2717	75419882	-1358	1359	-1016
chr7	19697993	19698870	19698533	877	19698431	-438	439	102
chr7	148999698	149004039	149003219	4341	149001868	-2170	2171	1351
chr7	76062749	76068479	76064822	5730	76065614	-2865	2865	-792
chr7	130507296	130508998	130507796	1702	130508147	-851	851	-351
chr7	151052650	151056748	151052723	4098	151054699	-2049	2049	-1976
chr7	151052650	151056748	151055373	4098	151054699	-2049	2049	674
chr7	102473501	102475056	102474363	1555	102474278	-777	778	85
chr7	72948147	72949602	72948447	1455	72948874	-727	728	-427
chr7	102473501	102475056	102473627	1555	102474278	-777	778	-651
chr7	75415481	75416938	75416282	1457	75416209	-728	729	73
chr7	86861988	86864696	86864615	2708	86863342	-1354	1354	1273
chr7	100107201	100108713	100107273	1512	100107957	-756	756	-684
chr7	100641069	100644666	100641483	3597	100642867	-1798	1799	-1384
chr7	149729678	149732633	149731686	2955	149731155	-1477	1478	531
chr7	151052650	151056748	151052667	4098	151054699	-2049	2049	-2032
chr7	75415481	75416938	75415650	1457	75416209	-728	729	-559
chr7	151045970	151050945	151049344	4975	151048457	-2487	2488	887
chr7	128773764	128777661	128775459	3897	128775712	-1948	1949	-253
chr7	149762853	149767720	149766229	4867	149765286	-2433	2434	943
chr7	72948147	72949602	72948894	1455	72948874	-727	728	20
chr7	140453780	140459518	140454630	5738	140456649	-2869	2869	-2019
chr7	151239687	151240600	151240491	913	151240143	-456	457	348
chr7	100170049	100174994	100172141	4945	100172521	-2472	2473	-380
chr7	44112477	44119400	44116219	6923	44115938	-3461	3462	281
chr7	128944962	128948094	128947187	3132	128946528	-1566	1566	659
chr7	12686387	12688971	12688797	2584	12687679	-1292	1292	1118
chr7	76329199	76330711	76330069	1512	76329955	-756	756	114
chr7	99417614	99422661	99419929	5047	99420137	-2523	2524	-208
chr7	151234921	151236954	151235247	2033	151235937	-1016	1017	-690
chr7	73733094	73739375	73737263	6281	73736234	-3140	3141	1029
chr7	43875981	43879580	43878457	3599	43877780	-1799	1800	677
chr7	151045970	151050945	151048985	4975	151048457	-2487	2488	528
chr7	100109427	100114186	100110243	4759	100111806	-2379	2380	-1563
chr7	100218480	100225933	100220949	7453	100222206	-3726	3727	-1257
chr7	73591138	73596772	73594270	5634	73593955	-2817	2817	315
chr7	128948324	128950243	128948679	1919	128949283	-959	960	-604
chr7	1567249	1569562	1567824	2313	1568405	-1156	1157	-581
chr7	74194020	74196350	74195293	2330	74195185	-1165	1165	108
chr7	128944962	128948094	128946607	3132	128946528	-1566	1566	79
chr7	148807029	148810614	148809098	3585	148808821	-1792	1793	277
chr7	76302026	76304970	76304224	2944	76303498	-1472	1472	726
chr7	45077044	45084967	45080923	7923	45081005	-3961	3962	-82
chr7	151045970	151050945	151048946	4975	151048457	-2487	2488	489
chr7	73591138	73596772	73594292	5634	73593955	-2817	2817	337
chr7	151142302	151144363	151142610	2061	151143332	-1030	1031	-722
chr7	151052650	151056748	151055068	4098	151054699	-2049	2049	369
chr7	73591138	73596772	73594270	5634	73593955	-2817	2817	315
chr7	76302026	76304970	76304065	2944	76303498	-1472	1472	567
chr7	44112477	44119400	44113717	6923	44115938	-3461	3462	-2221
chr7	128390954	128395239	128394598	4285	128393096	-2142	2143	1502
chr7	6161998	6164498	6162137	2500	6163248	-1250	1250	-1111
chr7	6161998	6164498	6163016	2500	6163248	-1250	1250	-232
chr7	100125157	100129493	100128120	4336	100127325	-2168	2168	795
chr7	100797574	100799856	100797739	2282	100798715	-1141	1141	-976
chr7	140453780	140459518	140456649	5738	140456649	-2869	2869	0
chr7	151045970	151050945	151049069	4975	151048457	-2487	2488	612
chr7	43875981	43879580	43876495	3599	43877780	-1799	1800	-1285
chr7	135163282	135164985	135164751	1703	135164133	-851	852	618
chr7	76329199	76330711	76330184	1512	76329955	-756	756	229
chr7	99417614	99422661	99419370	5047	99420137	-2523	2524	-767
chr7	43875981	43879580	43876774	3599	43877780	-1799	1800	-1006
chr7	98289719	98291305	98291212	1586	98290512	-793	793	700
chr7	151052650	151056748	151056591	4098	151054699	-2049	2049	1892
chr7	100170049	100174994	100170266	4945	100172521	-2472	2473	-2255
chr7	149253959	149256013	149254499	2054	149254986	-1027	1027	-487
chr7	149430734	149434090	149432395	3356	149432412	-1678	1678	-17
chr7	151045970	151050945	151048959	4975	151048457	-2487	2488	502
chr7	100170049	100174994	100172162	4945	100172521	-2472	2473	-359
chr7	73767615	73770524	73769320	2909	73769069	-1454	1455	251
chr7	100641069	100644666	100641209	3597	100642867	-1798	1799	-1658
chr7	2247477	2251316	2250994	3839	2249396	-1919	1920	1598
chr7	6022601	6023961	6023712	1360	6023281	-680	680	431
chr7	151142302	151144363	151143848	2061	151143332	-1030	1031	516
chr7	151239687	151240600	151240116	913	151240143	-456	457	-27
chr7	148797611	148800533	148798651	2922	148799072	-1461	1461	-421
chr7	105112135	105113420	105112348	1285	105112777	-642	643	-429
chr7	128773764	128777661	128775083	3897	128775712	-1948	1949	-629
chr7	151045970	151050945	151049073	4975	151048457	-2487	2488	616
chr7	135165605	135166956	135166577	1351	135166280	-675	676	297
chr7	151052650	151056748	151052738	4098	151054699	-2049	2049	-1961
chr7	19697993	19698870	19698718	877	19698431	-438	439	287
chr7	43875981	43879580	43877590	3599	43877780	-1799	1800	-190
chr7	44072267	44078162	44073393	5895	44075214	-2947	2948	-1821
chr7	45077044	45084967	45082129	7923	45081005	-3961	3962	1124
chr7	45077044	45084967	45082793	7923	45081005	-3961	3962	1788
chr7	66808547	66809360	66809168	813	66808953	-406	407	215
chr7	100089798	100094692	100092877	4894	100092245	-2447	2447	632
chr7	100606123	100609975	100607803	3852	100608049	-1926	1926	-246
chr7	135163282	135164985	135164660	1703	135164133	-851	852	527
chr7	151045970	151050945	151049095	4975	151048457	-2487	2488	638
chr7	151045970	151050945	151050226	4975	151048457	-2487	2488	1769
chr7	2252260	2259704	2255092	7444	2255982	-3722	3722	-890
chr7	45077044	45084967	45082187	7923	45081005	-3961	3962	1182
chr7	43875981	43879580	43877077	3599	43877780	-1799	1800	-703
chr7	43875981	43879580	43877394	3599	43877780	-1799	1800	-386
chr7	43875981	43879580	43876612	3599	43877780	-1799	1800	-1168
chr7	43875981	43879580	43878014	3599	43877780	-1799	1800	234
chr7	43875981	43879580	43878664	3599	43877780	-1799	1800	884
chr7	43875981	43879580	43878954	3599	43877780	-1799	1800	1174
chr7	6492908	6498906	6498174	5998	6495907	-2999	2999	2267
chr7	43875981	43879580	43878668	3599	43877780	-1799	1800	888
chr7	76062749	76068479	76066392	5730	76065614	-2865	2865	778
chr7	130507296	130508998	130508652	1702	130508147	-851	851	505
chr7	148999698	149004039	149003828	4341	149001868	-2170	2171	1960
chr7	148999698	149004039	149003980	4341	149001868	-2170	2171	2112
chr7	151052650	151056748	151056597	4098	151054699	-2049	2049	1898
chr7	45077044	45084967	45083385	7923	45081005	-3961	3962	2380
chr7	75418524	75421241	75418733	2717	75419882	-1358	1359	-1149
chr7	100089798	100094692	100091470	4894	100092245	-2447	2447	-775
chr7	100170049	100174994	100170194	4945	100172521	-2472	2473	-2327
chr7	44112477	44119400	44113673	6923	44115938	-3461	3462	-2265
chr7	149762853	149767720	149764803	4867	149765286	-2433	2434	-483
chr7	105112135	105113420	105112234	1285	105112777	-642	643	-543
chr7	128944962	128948094	128947903	3132	128946528	-1566	1566	1375
chr7	72948147	72949602	72948612	1455	72948874	-727	728	-262
chr7	100641069	100644666	100641558	3597	100642867	-1798	1799	-1309
chr7	151045970	151050945	151049277	4975	151048457	-2487	2488	820
chr7	128773764	128777661	128775718	3897	128775712	-1948	1949	6
chr7	1811892	1818392	1815848	6500	1815142	-3250	3250	706
chr7	101204572	101211348	101206234	6776	101207960	-3388	3388	-1726
chr7	149762853	149767720	149764858	4867	149765286	-2433	2434	-428
chr7	149253959	149256013	149255304	2054	149254986	-1027	1027	318
chr7	151239687	151240600	151240480	913	151240143	-456	457	337
chr7	100089798	100094692	100091277	4894	100092245	-2447	2447	-968
chr7	100105805	100107113	100106841	1308	100106459	-654	654	382
chr7	149222015	149226140	149224477	4125	149224077	-2062	2063	400
chr7	73669918	73675013	73670054	5095	73672465	-2547	2548	-2411
chr7	73733094	73739375	73737593	6281	73736234	-3140	3141	1359
chr7	73536936	73538399	73537373	1463	73537667	-731	732	-294
chr7	102316598	102322365	102320470	5767	102319481	-2883	2884	989
chr7	102453417	102458057	102457694	4640	102455737	-2320	2320	1957
chr7	100089798	100094692	100092835	4894	100092245	-2447	2447	590
chr7	73591138	73596772	73594277	5634	73593955	-2817	2817	322
chr7	12686387	12688971	12688669	2584	12687679	-1292	1292	990
chr7	43875981	43879580	43878113	3599	43877780	-1799	1800	333
chr7	100089798	100094692	100092918	4894	100092245	-2447	2447	673
chr7	100218480	100225933	100221168	7453	100222206	-3726	3727	-1038
chr7	100119767	100125000	100124891	5233	100122383	-2616	2617	2508
chr7	100641069	100644666	100643215	3597	100642867	-1798	1799	348
chr7	151234921	151236954	151235573	2033	151235937	-1016	1017	-364
chr7	72948147	72949602	72948190	1455	72948874	-727	728	-684
chr7	100606123	100609975	100607647	3852	100608049	-1926	1926	-402
chr7	105112135	105113420	105113283	1285	105112777	-642	643	506
chr7	128773764	128777661	128775458	3897	128775712	-1948	1949	-254
chr7	1811892	1818392	1816143	6500	1815142	-3250	3250	1001
chr7	44112477	44119400	44117940	6923	44115938	-3461	3462	2002
chr7	100089798	100094692	100089818	4894	100092245	-2447	2447	-2427
chr7	149430734	149434090	149432648	3356	149432412	-1678	1678	236
chr7	100089798	100094692	100093085	4894	100092245	-2447	2447	840
chr7	100089798	100094692	100093381	4894	100092245	-2447	2447	1136
chr7	129753840	129755502	129755346	1662	129754671	-831	831	675
chr7	151068290	151074583	151074228	6293	151071436	-3146	3147	2792
chr7	151147844	151150002	151149117	2158	151148923	-1079	1079	194
chr7	73733094	73739375	73736338	6281	73736234	-3140	3141	104
chr7	1567249	1569562	1569414	2313	1568405	-1156	1157	1009
chr7	99417614	99422661	99419298	5047	99420137	-2523	2524	-839
chr8	25418051	25421531	25419348	3480	25419791	-1740	1740	-443
chr8	11837750	11839078	11838871	1328	11838414	-664	664	457
chr8	47734857	47739132	47735411	4275	47736994	-2137	2138	-1583
chr8	97274351	97279248	97277329	4897	97276799	-2448	2449	530
chr8	126555222	126556650	126556398	1428	126555936	-714	714	462
chr8	37693616	37698922	37698037	5306	37696269	-2653	2653	1768
chr8	37693616	37698922	37698039	5306	37696269	-2653	2653	1770
chr8	144431485	144437772	144432423	6287	144434628	-3143	3144	-2205
chr8	144387627	144393263	144391400	5636	144390445	-2818	2818	955
chr8	93733302	93736503	93734854	3201	93734902	-1600	1601	-48
chr8	144082058	144088146	144084827	6088	144085102	-3044	3044	-275
chr8	144810103	144812858	144810489	2755	144811480	-1377	1378	-991
chr8	97274351	97279248	97277380	4897	97276799	-2448	2449	581
chr8	22689056	22696052	22690594	6996	22692554	-3498	3498	-1960
chr8	22136577	22139163	22138782	2586	22137870	-1293	1293	912
chr8	144387627	144393263	144390738	5636	144390445	-2818	2818	293
chr8	8317521	8320417	8318179	2896	8318969	-1448	1448	-790
chr8	103328965	103330313	103330052	1348	103329639	-674	674	413
chr8	144810103	144812858	144810740	2755	144811480	-1377	1378	-740
chr8	70574747	70578865	70574771	4118	70576806	-2059	2059	-2035
chr8	98156635	98158503	98157753	1868	98157569	-934	934	184
chr8	37693616	37698922	37698543	5306	37696269	-2653	2653	2274
chr8	37844413	37845197	37844873	784	37844805	-392	392	68
chr8	144082058	144088146	144085671	6088	144085102	-3044	3044	569
chr8	22077767	22082144	22081168	4377	22079955	-2188	2189	1213
chr8	144452784	144460425	144453231	7641	144456604	-3820	3821	-3373
chr8	98156635	98158503	98158247	1868	98157569	-934	934	678
chr8	125023897	125025748	125024478	1851	125024822	-925	926	-344
chr8	144387627	144393263	144391000	5636	144390445	-2818	2818	555
chr8	144850795	144853362	144851098	2567	144852078	-1283	1284	-980
chr8	70574747	70578865	70574930	4118	70576806	-2059	2059	-1876
chr8	11841237	11845160	11845116	3923	11843198	-1961	1962	1918
chr8	22689056	22696052	22689612	6996	22692554	-3498	3498	-2942
chr8	144404700	144409146	144409036	4446	144406923	-2223	2223	2113
chr8	94878635	94880322	94880188	1687	94879478	-843	844	710
chr8	38267327	38269820	38268399	2493	38268573	-1246	1247	-174
chr8	144079324	144081891	144080587	2567	144080607	-1283	1284	-20
chr8	22615738	22622302	22618946	6564	22619020	-3282	3282	-74
chr8	22615738	22622302	22620045	6564	22619020	-3282	3282	1025
chr8	97274351	97279248	97276514	4897	97276799	-2448	2449	-285
chr8	144082058	144088146	144084514	6088	144085102	-3044	3044	-588
chr8	60864523	60866995	60865321	2472	60865759	-1236	1236	-438
chr8	143652181	143653468	143653396	1287	143652824	-643	644	572
chr8	116848028	116849436	116849023	1408	116848732	-704	704	291
chr8	47734857	47739132	47735560	4275	47736994	-2137	2138	-1434
chr8	144394278	144401056	144396657	6778	144397667	-3389	3389	-1010
chr8	144082058	144088146	144083295	6088	144085102	-3044	3044	-1807
chr8	22136577	22139163	22138528	2586	22137870	-1293	1293	658
chr8	93733302	93736503	93733754	3201	93734902	-1600	1601	-1148
chr8	97274351	97279248	97276951	4897	97276799	-2448	2449	152
chr8	125364253	125368488	125367088	4235	125366370	-2117	2118	718
chr8	37693616	37698922	37696129	5306	37696269	-2653	2653	-140
chr8	37693616	37698922	37696138	5306	37696269	-2653	2653	-131
chr8	60864523	60866995	60865600	2472	60865759	-1236	1236	-159
chr8	37844413	37845197	37845004	784	37844805	-392	392	199
chr8	47734857	47739132	47735356	4275	47736994	-2137	2138	-1638
chr8	94878635	94880322	94880120	1687	94879478	-843	844	642
chr8	124553254	124557983	124553342	4729	124555618	-2364	2365	-2276
chr8	11328178	11332268	11331684	4090	11330223	-2045	2045	1461
chr8	98156635	98158503	98157657	1868	98157569	-934	934	88
chr8	97274351	97279248	97276617	4897	97276799	-2448	2449	-182
chr8	60864523	60866995	60866694	2472	60865759	-1236	1236	935
chr8	144082058	144088146	144085985	6088	144085102	-3044	3044	883
chr8	97274351	97279248	97276799	4897	97276799	-2448	2449	0
chr8	144394278	144401056	144395180	6778	144397667	-3389	3389	-2487
chr8	60864523	60866995	60865035	2472	60865759	-1236	1236	-724
chr8	144452784	144460425	144453426	7641	144456604	-3820	3821	-3178
chr8	22689056	22696052	22691091	6996	22692554	-3498	3498	-1463
chr8	142655962	142661161	142659044	5199	142658561	-2599	2600	483
chr8	93733302	93736503	93734126	3201	93734902	-1600	1601	-776
chr9	113372153	113375572	113374003	3419	113373862	-1709	1710	141
chr9	33463825	33467327	33464044	3502	33465576	-1751	1751	-1532
chr9	128631998	128638739	128636307	6741	128635368	-3370	3371	939
chr9	34253944	34257362	34256372	3418	34255653	-1709	1709	719
chr9	35731772	35739402	35737758	7630	35735587	-3815	3815	2171
chr9	93563054	93564624	93564281	1570	93563839	-785	785	442
chr9	33463825	33467327	33464970	3502	33465576	-1751	1751	-606
chr9	35731772	35739402	35735124	7630	35735587	-3815	3815	-463
chr9	127505392	127509723	127508523	4331	127507557	-2165	2166	966
chr9	37439351	37441262	37441078	1911	37440306	-955	956	772
chr9	127444592	127451214	127445165	6622	127447903	-3311	3311	-2738
chr9	135480775	135488272	135486171	7497	135484523	-3748	3749	1648
chr9	127505392	127509723	127508175	4331	127507557	-2165	2166	618
chr9	6529038	6533273	6532874	4235	6531155	-2117	2118	1719
chr9	35555603	35563587	35563033	7984	35559595	-3992	3992	3438
chr9	35731772	35739402	35738883	7630	35735587	-3815	3815	3296
chr9	133362037	133365675	133364905	3638	133363856	-1819	1819	1049
chr9	133467712	133473562	133472160	5850	133470637	-2925	2925	1523
chr9	137609842	137616204	137615837	6362	137613023	-3181	3181	2814
chr9	137609842	137616204	137615917	6362	137613023	-3181	3181	2894
chr9	35731772	35739402	35739065	7630	35735587	-3815	3815	3478
chr9	128692058	128694088	128692693	2030	128693073	-1015	1015	-380
chr9	136722271	136724401	136723321	2130	136723336	-1065	1065	-15
chr9	120855324	120856947	120856270	1623	120856135	-811	812	135
chr9	128725942	128731343	128731318	5401	128728642	-2700	2701	2676
chr9	109012506	109013858	109013319	1352	109013182	-676	676	137
chr9	133457800	133461719	133458032	3919	133459759	-1959	1960	-1727
chr9	35659126	35661228	35660618	2102	35660177	-1051	1051	441
chr9	35659126	35661228	35660352	2102	35660177	-1051	1051	175
chr9	35659126	35661228	35660650	2102	35660177	-1051	1051	473
chr9	33917971	33924272	33923896	6301	33921121	-3150	3151	2775
chr9	127812958	127819260	127818300	6302	127816109	-3151	3151	2191
chr9	35555603	35563587	35558486	7984	35559595	-3992	3992	-1109
chr9	133467712	133473562	133472092	5850	133470637	-2925	2925	1455
chr9	137554334	137556029	137555419	1695	137555181	-847	848	238
chr9	35731772	35739402	35739006	7630	35735587	-3815	3815	3419
chr9	135480775	135488272	135485995	7497	135484523	-3748	3749	1472
chr9	127812958	127819260	127813458	6302	127816109	-3151	3151	-2651
chr9	137609842	137616204	137612871	6362	137613023	-3181	3181	-152
chr9	94297502	94301830	94299879	4328	94299666	-2164	2164	213
chr9	137554334	137556029	137555536	1695	137555181	-847	848	355
chr9	131230305	131236361	131233453	6056	131233333	-3028	3028	120
chr9	128098930	128106802	128106396	7872	128102866	-3936	3936	3530
chr9	134033357	134036433	134033506	3076	134034895	-1538	1538	-1389
chr9	133358709	133362004	133361115	3295	133360356	-1647	1648	759
chr9	99150798	99152448	99151674	1650	99151623	-825	825	51
chr9	35555603	35563587	35562548	7984	35559595	-3992	3992	2953
chr9	133344602	133351371	133349427	6769	133347986	-3384	3385	1441
chr9	137187190	137192973	137189119	5783	137190081	-2891	2892	-962
chr9	133467712	133473562	133468026	5850	133470637	-2925	2925	-2611
chr9	38392156	38397683	38395917	5527	38394919	-2763	2764	998
chr9	128631998	128638739	128633295	6741	128635368	-3370	3371	-2073
chr9	37439351	37441262	37439623	1911	37440306	-955	956	-683
chr9	35555603	35563587	35560530	7984	35559595	-3992	3992	935
chr9	128360412	128365600	128360441	5188	128363006	-2594	2594	-2565
chr9	113593756	113598670	113594094	4914	113596213	-2457	2457	-2119
chr9	94297502	94301830	94300097	4328	94299666	-2164	2164	431
chr9	122911708	122916757	122911863	5049	122914232	-2524	2525	-2369
chr9	130501029	130502102	130501169	1073	130501565	-536	537	-396
chr9	34253944	34257362	34255757	3418	34255653	-1709	1709	104
chr9	128733186	128737488	128733506	4302	128735337	-2151	2151	-1831
chr9	129811549	129818156	129813817	6607	129814852	-3303	3304	-1035
chr9	135480775	135488272	135488271	7497	135484523	-3748	3749	3748
chr9	137187190	137192973	137187332	5783	137190081	-2891	2892	-2749
chr9	136671765	136677533	136672073	5768	136674649	-2884	2884	-2576
chr9	35054184	35059349	35057432	5165	35056766	-2582	2583	666
chr9	127812958	127819260	127815924	6302	127816109	-3151	3151	-185
chr9	136371374	136374903	136371907	3529	136373138	-1764	1765	-1231
chr9	33460563	33462615	33462164	2052	33461589	-1026	1026	575
chr9	133344602	133351371	133348236	6769	133347986	-3384	3385	250
chr9	124874048	124876976	124875128	2928	124875512	-1464	1464	-384
chr9	127812958	127819260	127813369	6302	127816109	-3151	3151	-2740
chr9	133351389	133354160	133353795	2771	133352774	-1385	1386	1021
chr9	34253944	34257362	34256036	3418	34255653	-1709	1709	383
chr9	5772838	5774487	5772982	1649	5773662	-824	825	-680
chr9	33463825	33467327	33465110	3502	33465576	-1751	1751	-466
chr9	35731772	35739402	35733106	7630	35735587	-3815	3815	-2481
chr9	129808190	129811407	129808978	3217	129809798	-1608	1609	-820
chr9	6006800	6009152	6007299	2352	6007976	-1176	1176	-677
chr9	37439351	37441262	37440934	1911	37440306	-955	956	628
chr9	137187190	137192973	137187552	5783	137190081	-2891	2892	-2529
chr9	127812958	127819260	127817278	6302	127816109	-3151	3151	1169
chr9	113593756	113598670	113596847	4914	113596213	-2457	2457	634
chr9	35659126	35661228	35660409	2102	35660177	-1051	1051	232
chr9	136371374	136374903	136372011	3529	136373138	-1764	1765	-1127
chr9	101405259	101408358	101408072	3099	101406808	-1549	1550	1264
chr9	35731772	35739402	35738363	7630	35735587	-3815	3815	2776
chr9	137609842	137616204	137612997	6362	137613023	-3181	3181	-26
chr9	137609842	137616204	137616011	6362	137613023	-3181	3181	2988
chr9	127812958	127819260	127813528	6302	127816109	-3151	3151	-2581
chr9	121181504	121182592	121181545	1088	121182048	-544	544	-503
chr9	19375543	19376683	19376336	1140	19376113	-570	570	223
chr9	113372153	113375572	113374523	3419	113373862	-1709	1710	661
chr9	6006800	6009152	6007235	2352	6007976	-1176	1176	-741
chr9	134156570	134159906	134157997	3336	134158238	-1668	1668	-241
chr9	35073595	35075945	35074435	2350	35074770	-1175	1175	-335
chr9	101405259	101408358	101408297	3099	101406808	-1549	1550	1489
chr9	113372153	113375572	113373491	3419	113373862	-1709	1710	-371
chr9	122911708	122916757	122912036	5049	122914232	-2524	2525	-2196
chr9	133351389	133354160	133351937	2771	133352774	-1385	1386	-837
chr9	133358709	133362004	133360091	3295	133360356	-1647	1648	-265
chr9	137609842	137616204	137616055	6362	137613023	-3181	3181	3032
chr9	35555603	35563587	35558282	7984	35559595	-3992	3992	-1313
chr9	35089575	35091994	35090194	2419	35090784	-1209	1210	-590
chr9	134031441	134032898	134032672	1457	134032169	-728	729	503
chr9	94297502	94301830	94299934	4328	94299666	-2164	2164	268
chr9	35659126	35661228	35660321	2102	35660177	-1051	1051	144
chr9	89354115	89359960	89358893	5845	89357037	-2922	2923	1856
chr9	129811549	129818156	129813761	6607	129814852	-3303	3304	-1091
chr9	136402127	136403154	136402808	1027	136402640	-513	514	168
chr9	127812958	127819260	127817165	6302	127816109	-3151	3151	1056
chr9	127505392	127509723	127508154	4331	127507557	-2165	2166	597
chr9	135480775	135488272	135487369	7497	135484523	-3748	3749	2846
chr9	126880303	126883549	126881880	3246	126881926	-1623	1623	-46
chr9	35731772	35739402	35736900	7630	35735587	-3815	3815	1313
chr9	113372153	113375572	113374129	3419	113373862	-1709	1710	267
chr9	128631998	128638739	128632249	6741	128635368	-3370	3371	-3119
chr9	133064416	133070067	133068761	5651	133067241	-2825	2826	1520
chr9	136671765	136677533	136672378	5768	136674649	-2884	2884	-2271
chr9	136114816	136119949	136116688	5133	136117382	-2566	2567	-694
chr9	93083549	93086613	93084839	3064	93085081	-1532	1532	-242
chr9	133351389	133354160	133354056	2771	133352774	-1385	1386	1282
chr9	35089575	35091994	35090236	2419	35090784	-1209	1210	-548
chr9	137609842	137616204	137615070	6362	137613023	-3181	3181	2047
chr9	127812958	127819260	127818363	6302	127816109	-3151	3151	2254
chr9	129811549	129818156	129814050	6607	129814852	-3303	3304	-802
chr9	128631998	128638739	128635187	6741	128635368	-3370	3371	-181
chr9	19375543	19376683	19376264	1140	19376113	-570	570	151
chr9	94297502	94301830	94301000	4328	94299666	-2164	2164	1334
chr9	34253944	34257362	34255845	3418	34255653	-1709	1709	192
chr9	122911708	122916757	122911909	5049	122914232	-2524	2525	-2323
chr9	33917971	33924272	33923951	6301	33921121	-3150	3151	2830
chr10	125832358	125836027	125833785	3669	125834192	-1834	1835	-407
chr10	102144418	102147464	102146861	3046	102145941	-1523	1523	920
chr10	99611342	99613599	99613539	2257	99612470	-1128	1129	1069
chr10	132783128	132790105	132784918	6977	132786616	-3488	3489	-1698
chr10	119031513	119033567	119033308	2054	119032540	-1027	1027	768
chr10	8067508	8074330	8073783	6822	8070919	-3411	3411	2864
chr10	101003135	101007790	101004017	4655	101005462	-2327	2328	-1445
chr10	73813723	73815547	73815018	1824	73814635	-912	912	383
chr10	119031513	119033567	119032701	2054	119032540	-1027	1027	161
chr10	102066283	102069433	102066525	3150	102067858	-1575	1575	-1333
chr10	102160597	102164501	102160926	3904	102162549	-1952	1952	-1623
chr10	6111642	6115331	6113560	3689	6113486	-1844	1845	74
chr10	43386262	43392977	43386927	6715	43389619	-3357	3358	-2692
chr10	12165170	12169824	12167887	4654	12167497	-2327	2327	390
chr10	27164614	27166609	27165516	1995	27165611	-997	998	-95
chr10	12165170	12169824	12169339	4654	12167497	-2327	2327	1842
chr10	73764207	73770278	73768829	6071	73767242	-3035	3036	1587
chr10	3134847	3136902	3135829	2055	3135874	-1027	1028	-45
chr10	43386262	43392977	43387569	6715	43389619	-3357	3358	-2050
chr10	24584514	24586172	24585027	1658	24585343	-829	829	-316
chr10	8067508	8074330	8073738	6822	8070919	-3411	3411	2819
chr10	43556647	43558851	43557757	2204	43557749	-1102	1102	8
chr10	133262574	133265861	133263100	3287	133264217	-1643	1644	-1117
chr10	68341612	68342177	68342053	565	68341894	-282	283	159
chr10	24584514	24586172	24585731	1658	24585343	-829	829	388
chr10	102066283	102069433	102067128	3150	102067858	-1575	1575	-730
chr10	43556647	43558851	43556708	2204	43557749	-1102	1102	-1041
chr10	97456739	97461939	97458885	5200	97459339	-2600	2600	-454
chr10	131968838	131972625	131970748	3787	131970731	-1893	1894	17
chr10	24584514	24586172	24585902	1658	24585343	-829	829	559
chr10	70112348	70115202	70114938	2854	70113775	-1427	1427	1163
chr10	133417926	133425328	133420161	7402	133421627	-3701	3701	-1466
chr10	103088178	103089911	103089380	1733	103089044	-866	867	336
chr10	62812712	62814296	62813365	1584	62813504	-792	792	-139
chr10	133417926	133425328	133419584	7402	133421627	-3701	3701	-2043
chr10	6111642	6115331	6115154	3689	6113486	-1844	1845	1668
chr10	69399344	69406656	69401061	7312	69403000	-3656	3656	-1939
chr10	102377274	102382834	102379389	5560	102380054	-2780	2780	-665
chr10	62812712	62814296	62814271	1584	62813504	-792	792	767
chr10	71818321	71820131	71819522	1810	71819226	-905	905	296
chr10	8067508	8074330	8074109	6822	8070919	-3411	3411	3190
chr10	73771408	73774536	73773397	3128	73772972	-1564	1564	425
chr10	62812712	62814296	62813739	1584	62813504	-792	792	235
chr10	62812712	62814296	62813424	1584	62813504	-792	792	-80
chr10	8067508	8074330	8074021	6822	8070919	-3411	3411	3102
chr10	43386262	43392977	43387534	6715	43389619	-3357	3358	-2085
chr10	43556647	43558851	43557337	2204	43557749	-1102	1102	-412
chr10	125837054	125839817	125839015	2763	125838435	-1381	1382	580
chr10	43556647	43558851	43557284	2204	43557749	-1102	1102	-465
chr10	43556647	43558851	43557082	2204	43557749	-1102	1102	-667
chr10	102377274	102382834	102380313	5560	102380054	-2780	2780	259
chr10	102066283	102069433	102067991	3150	102067858	-1575	1575	133
chr10	133262574	133265861	133263222	3287	133264217	-1643	1644	-995
chr10	75230651	75237486	75230921	6835	75234068	-3417	3418	-3147
chr10	124983256	124984125	124983540	869	124983690	-434	435	-150
chr10	102144418	102147464	102147376	3046	102145941	-1523	1523	1435
chr10	102377274	102382834	102382135	5560	102380054	-2780	2780	2081
chr10	68338410	68339238	68338651	828	68338824	-414	414	-173
chr10	73771408	73774536	73773796	3128	73772972	-1564	1564	824
chr10	73771408	73774536	73771736	3128	73772972	-1564	1564	-1236
chr10	73771408	73774536	73772091	3128	73772972	-1564	1564	-881
chr10	97673765	97680985	97679803	7220	97677375	-3610	3610	2428
chr10	101782147	101783711	101782334	1564	101782929	-782	782	-595
chr10	102144418	102147464	102146971	3046	102145941	-1523	1523	1030
chr10	102402655	102408688	102403964	6033	102405671	-3016	3017	-1707
chr10	73771408	73774536	73772457	3128	73772972	-1564	1564	-515
chr10	102398193	102402416	102399307	4223	102400304	-2111	2112	-997
chr10	24543416	24545180	24544223	1764	24544298	-882	882	-75
chr10	24584514	24586172	24584832	1658	24585343	-829	829	-511
chr10	125837054	125839817	125839100	2763	125838435	-1381	1382	665
chr10	12165170	12169824	12169330	4654	12167497	-2327	2327	1833
chr10	69169977	69171690	69171344	1713	69170833	-856	857	511
chr10	125832358	125836027	125833772	3669	125834192	-1834	1835	-420
chr10	97673765	97680985	97677876	7220	97677375	-3610	3610	501
chr10	102377274	102382834	102382350	5560	102380054	-2780	2780	2296
chr10	24584514	24586172	24585577	1658	24585343	-829	829	234
chr10	24543416	24545180	24544101	1764	24544298	-882	882	-197
chr10	74117489	74119368	74118180	1879	74118428	-939	940	-248
chr10	79705612	79712159	79711853	6547	79708885	-3273	3274	2968
chr10	101782147	101783711	101782484	1564	101782929	-782	782	-445
chr10	102402655	102408688	102405378	6033	102405671	-3016	3017	-293
chr10	8067508	8074330	8073760	6822	8070919	-3411	3411	2841
chr10	119035300	119036469	119036043	1169	119035884	-584	585	159
chr10	1016697	1024324	1019776	7627	1020510	-3813	3814	-734
chr10	70112348	70115202	70115037	2854	70113775	-1427	1427	1262
chr10	70885159	70886937	70885909	1778	70886048	-889	889	-139
chr10	97456739	97461939	97459380	5200	97459339	-2600	2600	41
chr10	133262574	133265861	133263022	3287	133264217	-1643	1644	-1195
chr10	124984429	124985509	124984963	1080	124984969	-540	540	-6
chr10	102448768	102451084	102450458	2316	102449926	-1158	1158	532
chr10	70112348	70115202	70114004	2854	70113775	-1427	1427	229
chr10	12165170	12169824	12167887	4654	12167497	-2327	2327	390
chr10	24543416	24545180	24544140	1764	24544298	-882	882	-158
chr10	43644533	43646566	43644666	2033	43645549	-1016	1017	-883
chr10	73771408	73774536	73773571	3128	73772972	-1564	1564	599
chr10	97456739	97461939	97460127	5200	97459339	-2600	2600	788
chr10	97673765	97680985	97678022	7220	97677375	-3610	3610	647
chr10	98414108	98416840	98415074	2732	98415474	-1366	1366	-400
chr10	124984429	124985509	124984877	1080	124984969	-540	540	-92
chr10	43556647	43558851	43557663	2204	43557749	-1102	1102	-86
chr10	74117489	74119368	74118180	1879	74118428	-939	940	-248
chr10	79347095	79354233	79353806	7138	79350664	-3569	3569	3142
chr10	97456739	97461939	97456990	5200	97459339	-2600	2600	-2349
chr10	73496535	73500087	73498662	3552	73498311	-1776	1776	351
chr10	62812712	62814296	62812954	1584	62813504	-792	792	-550
chr10	5763825	5765606	5765335	1781	5764715	-890	891	620
chr10	8067508	8074330	8073914	6822	8070919	-3411	3411	2995
chr10	24584514	24586172	24585845	1658	24585343	-829	829	502
chr10	73764207	73770278	73769125	6071	73767242	-3035	3036	1883
chr10	73764207	73770278	73769833	6071	73767242	-3035	3036	2591
chr10	97456739	97461939	97460920	5200	97459339	-2600	2600	1581
chr10	3134847	3136902	3136679	2055	3135874	-1027	1028	805
chr10	69399344	69406656	69405044	7312	69403000	-3656	3656	2044
chr10	95605068	95608041	95606902	2973	95606554	-1486	1487	348
chr10	73771408	73774536	73771828	3128	73772972	-1564	1564	-1144
chr10	69399344	69406656	69405026	7312	69403000	-3656	3656	2026
chr10	8067508	8074330	8074229	6822	8070919	-3411	3411	3310
chr10	73496535	73500087	73498743	3552	73498311	-1776	1776	432
chr10	97456739	97461939	97456996	5200	97459339	-2600	2600	-2343
chr10	43386262	43392977	43386609	6715	43389619	-3357	3358	-3010
chr10	71812717	71817431	71812823	4714	71815074	-2357	2357	-2251
chr10	6111642	6115331	6115002	3689	6113486	-1844	1845	1516
chr10	73771408	73774536	73772969	3128	73772972	-1564	1564	-3
chr10	97673765	97680985	97679826	7220	97677375	-3610	3610	2451
chr10	100283027	100287226	100286145	4199	100285126	-2099	2100	1019
chr10	102377274	102382834	102381162	5560	102380054	-2780	2780	1108
chr10	102066283	102069433	102067527	3150	102067858	-1575	1575	-331
chr10	101060343	101065453	101064952	5110	101062898	-2555	2555	2054
chr10	24543416	24545180	24544043	1764	24544298	-882	882	-255
chr10	101060343	101065453	101064345	5110	101062898	-2555	2555	1447
chr11	6606944	6613110	6609144	6166	6610027	-3083	3083	-883
chr11	65914927	65922841	65917250	7914	65918884	-3957	3957	-1634
chr11	67489750	67497730	67491909	7980	67493740	-3990	3990	-1831
chr11	67489750	67497730	67495164	7980	67493740	-3990	3990	1424
chr11	2995938	3001124	3001058	5186	2998531	-2593	2593	2527
chr11	62765629	62770126	62765715	4497	62767877	-2248	2249	-2162
chr11	3822916	3824712	3824084	1796	3823814	-898	898	270
chr11	62558523	62560956	62560291	2433	62559739	-1216	1217	552
chr11	770928	774403	771072	3475	772665	-1737	1738	-1593
chr11	67308074	67315656	67309479	7582	67311865	-3791	3791	-2386
chr11	812545	816832	812762	4287	814688	-2143	2144	-1926
chr11	62884595	62890157	62885495	5562	62887376	-2781	2781	-1881
chr11	66335067	66338108	66335835	3041	66336587	-1520	1521	-752
chr11	47409487	47416455	47415327	6968	47412971	-3484	3484	2356
chr11	57698453	57700408	57699970	1955	57699430	-977	978	540
chr11	62660241	62667273	62666503	7032	62663757	-3516	3516	2746
chr11	57527187	57529455	57528852	2268	57528321	-1134	1134	531
chr11	64223872	64227729	64225865	3857	64225800	-1928	1929	65
chr11	65876177	65883826	65882237	7649	65880001	-3824	3825	2236
chr11	556590	563950	561784	7360	560270	-3680	3680	1514
chr11	47416484	47421318	47418818	4834	47418901	-2417	2417	-83
chr11	64285202	64287348	64286714	2146	64286275	-1073	1073	439
chr11	47321428	47329394	47328682	7966	47325411	-3983	3983	3271
chr11	6606944	6613110	6613040	6166	6610027	-3083	3083	3013
chr11	47236716	47241595	47237703	4879	47239155	-2439	2440	-1452
chr11	67489750	67497730	67493042	7980	67493740	-3990	3990	-698
chr11	62830580	62833151	62831235	2571	62831865	-1285	1286	-630
chr11	65996412	66000833	66000377	4421	65998622	-2210	2211	1755
chr11	62690078	62693132	62692403	3054	62691605	-1527	1527	798
chr11	62804927	62807252	62805387	2325	62806089	-1162	1163	-702
chr11	64223872	64227729	64224568	3857	64225800	-1928	1929	-1232
chr11	46395872	46402754	46397495	6882	46399313	-3441	3441	-1818
chr11	47409487	47416455	47413438	6968	47412971	-3484	3484	467
chr11	72233961	72240637	72238372	6676	72237299	-3338	3338	1073
chr11	65914927	65922841	65920372	7914	65918884	-3957	3957	1488
chr11	68256777	68263353	68262271	6576	68260065	-3288	3288	2206
chr11	378381	382101	380165	3720	380241	-1860	1860	-76
chr11	3825330	3829595	3825379	4265	3827462	-2132	2133	-2083
chr11	65876177	65883826	65883406	7649	65880001	-3824	3825	3405
chr11	126274286	126278158	126277626	3872	126276222	-1936	1936	1404
chr11	62786458	62792801	62789031	6343	62789629	-3171	3172	-598
chr11	34151342	34155769	34152422	4427	34153555	-2213	2214	-1133
chr11	59806518	59807564	59806653	1046	59807041	-523	523	-388
chr11	60850951	60854746	60853334	3795	60852848	-1897	1898	486
chr11	62624916	62632527	62627118	7611	62628721	-3805	3806	-1603
chr11	62660241	62667273	62667108	7032	62663757	-3516	3516	3351
chr11	64316793	64322457	64319843	5664	64319625	-2832	2832	218
chr11	68158062	68158681	68158210	619	68158371	-309	310	-161
chr11	119335052	119338374	119336214	3322	119336713	-1661	1661	-499
chr11	126274286	126278158	126275389	3872	126276222	-1936	1936	-833
chr11	6606944	6613110	6610036	6166	6610027	-3083	3083	9
chr11	65876177	65883826	65883679	7649	65880001	-3824	3825	3678
chr11	126262717	126268473	126265070	5756	126265595	-2878	2878	-525
chr11	117194753	117200716	117195941	5963	117197734	-2981	2982	-1793
chr11	47573010	47575600	47573413	2590	47574305	-1295	1295	-892
chr11	61964171	61969736	61968246	5565	61966953	-2782	2783	1293
chr11	126262717	126268473	126263966	5756	126265595	-2878	2878	-1629
chr11	556590	563950	557881	7360	560270	-3680	3680	-2389
chr11	64303510	64307796	64304566	4286	64305653	-2143	2143	-1087
chr11	67308074	67315656	67309533	7582	67311865	-3791	3791	-2332
chr11	62690078	62693132	62690663	3054	62691605	-1527	1527	-942
chr11	62690078	62693132	62690862	3054	62691605	-1527	1527	-743
chr11	62786458	62792801	62792141	6343	62789629	-3171	3172	2512
chr11	1829076	1836891	1834549	7815	1832983	-3907	3908	1566
chr11	62735693	62740158	62738329	4465	62737925	-2232	2233	404
chr11	124745537	124748766	124747147	3229	124747151	-1614	1615	-4
chr11	67297068	67304049	67299110	6981	67300558	-3490	3491	-1448
chr11	119046334	119051042	119046649	4708	119048688	-2354	2354	-2039
chr11	119335052	119338374	119335683	3322	119336713	-1661	1661	-1030
chr11	72105292	72112069	72108667	6777	72108680	-3388	3389	-13
chr11	64223872	64227729	64227203	3857	64225800	-1928	1929	1403
chr11	65890396	65896612	65891203	6216	65893504	-3108	3108	-2301
chr11	64316793	64322457	64316922	5664	64319625	-2832	2832	-2703
chr11	3825330	3829595	3827859	4265	3827462	-2132	2133	397
chr11	47236716	47241595	47238166	4879	47239155	-2439	2440	-989
chr11	119335052	119338374	119335110	3322	119336713	-1661	1661	-1603
chr11	47409487	47416455	47415290	6968	47412971	-3484	3484	2319
chr11	3822916	3824712	3824068	1796	3823814	-898	898	254
chr11	64316793	64322457	64317114	5664	64319625	-2832	2832	-2511
chr11	3664560	3666878	3666475	2318	3665719	-1159	1159	756
chr11	45926495	45931329	45926787	4834	45928912	-2417	2417	-2125
chr11	67308074	67315656	67310169	7582	67311865	-3791	3791	-1696
chr11	770928	774403	770955	3475	772665	-1737	1738	-1710
chr11	45926495	45931329	45928183	4834	45928912	-2417	2417	-729
chr11	65996412	66000833	65999665	4421	65998622	-2210	2211	1043
chr11	3664560	3666878	3666525	2318	3665719	-1159	1159	806
chr11	44928297	44929451	44929296	1154	44928874	-577	577	422
chr11	62835457	62837633	62835573	2176	62836545	-1088	1088	-972
chr11	2920776	2925038	2922185	4262	2922907	-2131	2131	-722
chr11	65876177	65883826	65883759	7649	65880001	-3824	3825	3758
chr11	67308074	67315656	67309855	7582	67311865	-3791	3791	-2010
chr11	62624916	62632527	62626622	7611	62628721	-3805	3806	-2099
chr11	68158062	68158681	68158424	619	68158371	-309	310	53
chr11	68688852	68691247	68690916	2395	68690049	-1197	1198	867
chr11	66335067	66338108	66337719	3041	66336587	-1520	1521	1132
chr11	556590	563950	563307	7360	560270	-3680	3680	3037
chr11	45900954	45903727	45903052	2773	45902340	-1386	1387	712
chr11	65914927	65922841	65917294	7914	65918884	-3957	3957	-1590
chr11	10803157	10803944	10803504	787	10803550	-393	394	-46
chr11	68256777	68263353	68262610	6576	68260065	-3288	3288	2545
chr11	63911228	63919010	63912679	7782	63915119	-3891	3891	-2440
chr11	1554068	1555459	1554976	1391	1554763	-695	696	213
chr11	112086564	112088770	112087963	2206	112087667	-1103	1103	296
chr11	34151342	34155769	34152446	4427	34153555	-2213	2214	-1109
chr11	3089033	3094249	3090619	5216	3091641	-2608	2608	-1022
chr11	57698453	57700408	57699097	1955	57699430	-977	978	-333
chr11	3669682	3671781	3669866	2099	3670731	-1049	1050	-865
chr11	67297068	67304049	67299885	6981	67300558	-3490	3491	-673
chr11	66335067	66338108	66336330	3041	66336587	-1520	1521	-257
chr11	117404867	117410730	117409694	5863	117407798	-2931	2932	1896
chr11	47421874	47424667	47422584	2793	47423270	-1396	1397	-686
chr11	4094095	4100411	4095019	6316	4097253	-3158	3158	-2234
chr11	67257039	67257708	67257393	669	67257373	-334	335	20
chr11	68158062	68158681	68158673	619	68158371	-309	310	302
chr11	119092225	119095843	119092416	3618	119094034	-1809	1809	-1618
chr11	64316793	64322457	64318246	5664	64319625	-2832	2832	-1379
chr11	6606944	6613110	6609770	6166	6610027	-3083	3083	-257
chr11	65996412	66000833	65997583	4421	65998622	-2210	2211	-1039
chr11	62735693	62740158	62738317	4465	62737925	-2232	2233	392
chr11	64851624	64856713	64854213	5089	64854168	-2544	2545	45
chr11	64205593	64210148	64207400	4555	64207870	-2277	2278	-470
chr11	63911228	63919010	63913997	7782	63915119	-3891	3891	-1122
chr11	64851624	64856713	64854774	5089	64854168	-2544	2545	606
chr11	1554068	1555459	1555161	1391	1554763	-695	696	398
chr11	68256777	68263353	68261947	6576	68260065	-3288	3288	1882
chr11	64216964	64223381	64219914	6417	64220172	-3208	3209	-258
chr11	119092225	119095843	119093158	3618	119094034	-1809	1809	-876
chr11	59575969	59577447	59576511	1478	59576708	-739	739	-197
chr11	45809387	45812715	45810956	3328	45811051	-1664	1664	-95
chr11	57302017	57307999	57302636	5982	57305008	-2991	2991	-2372
chr11	64851624	64856713	64854569	5089	64854168	-2544	2545	401
chr11	126262717	126268473	126265421	5756	126265595	-2878	2878	-174
chr11	62645684	62649727	62648063	4043	62647705	-2021	2022	358
chr11	639184	645283	640571	6099	642233	-3049	3050	-1662
chr11	119308545	119312905	119310877	4360	119310725	-2180	2180	152
chr11	61513692	61521372	61516004	7680	61517532	-3840	3840	-1528
chr11	64316793	64322457	64316912	5664	64319625	-2832	2832	-2713
chr11	117404867	117410730	117409736	5863	117407798	-2931	2932	1938
chr11	65537607	65538625	65538393	1018	65538116	-509	509	277
chr11	45926495	45931329	45928271	4834	45928912	-2417	2417	-641
chr11	3664560	3666878	3666300	2318	3665719	-1159	1159	581
chr11	47267926	47271655	47267977	3729	47269790	-1864	1865	-1813
chr11	62149540	62154249	62150205	4709	62151894	-2354	2355	-1689
chr11	117285846	117293161	117287355	7315	117289503	-3657	3658	-2148
chr11	62598883	62605203	62604027	6320	62602043	-3160	3160	1984
chr11	64316793	64322457	64317092	5664	64319625	-2832	2832	-2533
chr11	119174282	119181124	119180272	6842	119177703	-3421	3421	2569
chr11	126262717	126268473	126266866	5756	126265595	-2878	2878	1271
chr11	64851624	64856713	64854576	5089	64854168	-2544	2545	408
chr11	65537607	65538625	65537878	1018	65538116	-509	509	-238
chr11	46395872	46402754	46397739	6882	46399313	-3441	3441	-1574
chr11	865739	871044	865764	5305	868391	-2652	2653	-2627
chr11	126262717	126268473	126263969	5756	126265595	-2878	2878	-1626
chr11	47573010	47575600	47573264	2590	47574305	-1295	1295	-1041
chr11	126262717	126268473	126265099	5756	126265595	-2878	2878	-496
chr11	62835457	62837633	62835981	2176	62836545	-1088	1088	-564
chr11	45809387	45812715	45810786	3328	45811051	-1664	1664	-265
chr11	3089033	3094249	3090660	5216	3091641	-2608	2608	-981
chr11	46375539	46383449	46379011	7910	46379494	-3955	3955	-483
chr11	64851624	64856713	64855483	5089	64854168	-2544	2545	1315
chr11	47409487	47416455	47415084	6968	47412971	-3484	3484	2113
chr11	126262717	126268473	126266529	5756	126265595	-2878	2878	934
chr11	66668693	66672944	66668814	4251	66670818	-2125	2126	-2004
chr11	10803157	10803944	10803285	787	10803550	-393	394	-265
chr11	67308074	67315656	67311848	7582	67311865	-3791	3791	-17
chr11	378381	382101	380848	3720	380241	-1860	1860	607
chr11	119308545	119312905	119311539	4360	119310725	-2180	2180	814
chr11	66436983	66442629	66437244	5646	66439806	-2823	2823	-2562
chr11	66001614	66005880	66003368	4266	66003747	-2133	2133	-379
chr11	126274286	126278158	126277499	3872	126276222	-1936	1936	1277
chr11	770928	774403	770961	3475	772665	-1737	1738	-1704
chr11	62908128	62912016	62910930	3888	62910072	-1944	1944	858
chr11	6680696	6683979	6682178	3283	6682337	-1641	1642	-159
chr11	64316793	64322457	64319767	5664	64319625	-2832	2832	142
chr11	62645684	62649727	62647027	4043	62647705	-2021	2022	-678
chr11	62735693	62740158	62738428	4465	62737925	-2232	2233	503
chr11	62804927	62807252	62805386	2325	62806089	-1162	1163	-703
chr11	68256777	68263353	68262763	6576	68260065	-3288	3288	2698
chr11	378381	382101	379938	3720	380241	-1860	1860	-303
chr11	526957	534085	533450	7128	530521	-3564	3564	2929
chr11	639184	645283	640489	6099	642233	-3049	3050	-1744
chr11	3822916	3824712	3824071	1796	3823814	-898	898	257
chr11	6606944	6613110	6610165	6166	6610027	-3083	3083	138
chr11	44930624	44932474	44930781	1850	44931549	-925	925	-768
chr11	47409487	47416455	47414478	6968	47412971	-3484	3484	1507
chr11	47409487	47416455	47414617	6968	47412971	-3484	3484	1646
chr11	47573010	47575600	47573294	2590	47574305	-1295	1295	-1011
chr11	62624916	62632527	62627110	7611	62628721	-3805	3806	-1611
chr11	62908128	62912016	62910021	3888	62910072	-1944	1944	-51
chr11	63911228	63919010	63914488	7782	63915119	-3891	3891	-631
chr11	63997603	64002113	64000242	4510	63999858	-2255	2255	384
chr11	64201600	64204790	64204236	3190	64203195	-1595	1595	1041
chr11	64271351	64275589	64271640	4238	64273470	-2119	2119	-1830
chr11	65890396	65896612	65894032	6216	65893504	-3108	3108	528
chr11	67297068	67304049	67298825	6981	67300558	-3490	3491	-1733
chr11	67297068	67304049	67299089	6981	67300558	-3490	3491	-1469
chr11	67308074	67315656	67309482	7582	67311865	-3791	3791	-2383
chr11	72233961	72240637	72238045	6676	72237299	-3338	3338	746
chr11	68256777	68263353	68261729	6576	68260065	-3288	3288	1664
chr11	526957	534085	533787	7128	530521	-3564	3564	3266
chr11	66339780	66343268	66341215	3488	66341524	-1744	1744	-309
chr11	6606944	6613110	6608113	6166	6610027	-3083	3083	-1914
chr11	64310996	64316646	64314910	5650	64313821	-2825	2825	1089
chr11	47236716	47241595	47237938	4879	47239155	-2439	2440	-1217
chr11	59806518	59807564	59806548	1046	59807041	-523	523	-493
chr11	62598883	62605203	62603216	6320	62602043	-3160	3160	1173
chr11	64851624	64856713	64854435	5089	64854168	-2544	2545	267
chr11	68158062	68158681	68158185	619	68158371	-309	310	-186
chr11	119308545	119312905	119310441	4360	119310725	-2180	2180	-284
chr11	119308545	119312905	119312300	4360	119310725	-2180	2180	1575
chr11	126274286	126278158	126277621	3872	126276222	-1936	1936	1399
chr11	62668867	62670380	62669930	1513	62669623	-756	757	307
chr11	68890061	68894141	68891325	4080	68892101	-2040	2040	-776
chr11	556590	563950	563350	7360	560270	-3680	3680	3080
chr11	64223872	64227729	64227639	3857	64225800	-1928	1929	1839
chr11	46395872	46402754	46397656	6882	46399313	-3441	3441	-1657
chr11	62645684	62649727	62648688	4043	62647705	-2021	2022	983
chr11	60890235	60891754	60891211	1519	60890994	-759	760	217
chr11	62660241	62667273	62665452	7032	62663757	-3516	3516	1695
chr11	3822916	3824712	3823960	1796	3823814	-898	898	146
chr11	119308545	119312905	119310468	4360	119310725	-2180	2180	-257
chr11	62908128	62912016	62910115	3888	62910072	-1944	1944	43
chr11	57698453	57700408	57700005	1955	57699430	-977	978	575
chr11	6606944	6613110	6609077	6166	6610027	-3083	3083	-950
chr11	62645684	62649727	62648995	4043	62647705	-2021	2022	1290
chr11	62668867	62670380	62670027	1513	62669623	-756	757	404
chr11	68933571	68937759	68936659	4188	68935665	-2094	2094	994
chr11	46395872	46402754	46397315	6882	46399313	-3441	3441	-1998
chr11	67308074	67315656	67309868	7582	67311865	-3791	3791	-1997
chr11	62624916	62632527	62628822	7611	62628721	-3805	3806	101
chr11	65876177	65883826	65881460	7649	65880001	-3824	3825	1459
chr11	119092225	119095843	119095272	3618	119094034	-1809	1809	1238
chr11	64851624	64856713	64854369	5089	64854168	-2544	2545	201
chr11	119015794	119017017	119015874	1223	119016405	-611	612	-531
chr11	46375539	46383449	46382098	7910	46379494	-3955	3955	2604
chr11	67308074	67315656	67309962	7582	67311865	-3791	3791	-1903
chr11	62668867	62670380	62669895	1513	62669623	-756	757	272
chr11	62595677	62597359	62596056	1682	62596518	-841	841	-462
chr11	68027744	68032802	68027772	5058	68030273	-2529	2529	-2501
chr11	526957	534085	532642	7128	530521	-3564	3564	2121
chr11	62786458	62792801	62791722	6343	62789629	-3171	3172	2093
chr11	66436983	66442629	66437371	5646	66439806	-2823	2823	-2435
chr11	67489750	67497730	67495131	7980	67493740	-3990	3990	1391
chr11	47236716	47241595	47240003	4879	47239155	-2439	2440	848
chr11	117285846	117293161	117289538	7315	117289503	-3657	3658	35
chr11	59575969	59577447	59576189	1478	59576708	-739	739	-519
chr11	126262717	126268473	126266794	5756	126265595	-2878	2878	1199
chr11	62690078	62693132	62691134	3054	62691605	-1527	1527	-471
chr11	126262717	126268473	126263782	5756	126265595	-2878	2878	-1813
chr11	57698453	57700408	57698662	1955	57699430	-977	978	-768
chr11	117285846	117293161	117288000	7315	117289503	-3657	3658	-1503
chr11	46703637	46709031	46704611	5394	46706334	-2697	2697	-1723
chr11	112086564	112088770	112086714	2206	112087667	-1103	1103	-953
chr11	126274286	126278158	126277022	3872	126276222	-1936	1936	800
chr11	67489750	67497730	67494041	7980	67493740	-3990	3990	301
chr11	47409487	47416455	47415347	6968	47412971	-3484	3484	2376
chr11	66273975	66280041	66276134	6066	66277008	-3033	3033	-874
chr11	45809387	45812715	45811173	3328	45811051	-1664	1664	122
chr11	57698453	57700408	57698955	1955	57699430	-977	978	-475
chr11	64851624	64856713	64854501	5089	64854168	-2544	2545	333
chr11	66522673	66525987	66523500	3314	66524330	-1657	1657	-830
chr11	74253098	74255847	74253618	2749	74254472	-1374	1375	-854
chr11	117285846	117293161	117289107	7315	117289503	-3657	3658	-396
chr11	62786458	62792801	62790632	6343	62789629	-3171	3172	1003
chr11	64201600	64204790	64203208	3190	64203195	-1595	1595	13
chr11	35615897	35621324	35619828	5427	35618610	-2713	2714	1218
chr11	63911228	63919010	63914320	7782	63915119	-3891	3891	-799
chr11	119092225	119095843	119093946	3618	119094034	-1809	1809	-88
chr11	62598883	62605203	62604189	6320	62602043	-3160	3160	2146
chr11	57527187	57529455	57528645	2268	57528321	-1134	1134	324
chr12	57600406	57603426	57600413	3020	57601916	-1510	1510	-1503
chr12	57600406	57603426	57600907	3020	57601916	-1510	1510	-1009
chr12	57600406	57603426	57601676	3020	57601916	-1510	1510	-240
chr12	56234018	56240085	56237669	6067	56237051	-3033	3034	618
chr12	54278785	54284447	54283121	5662	54281616	-2831	2831	1505
chr12	54278785	54284447	54284364	5662	54281616	-2831	2831	2748
chr12	120196260	120198087	120196821	1827	120197173	-913	914	-352
chr12	56234018	56240085	56235693	6067	56237051	-3033	3034	-1358
chr12	56317368	56321971	56317581	4603	56319669	-2301	2302	-2088
chr12	56001962	56008616	56003837	6654	56005289	-3327	3327	-1452
chr12	56713295	56719033	56718445	5738	56716164	-2869	2869	2281
chr12	53187066	53190701	53187586	3635	53188883	-1817	1818	-1297
chr12	56097722	56102514	56102184	4792	56100118	-2396	2396	2066
chr12	53191131	53194619	53193803	3488	53192875	-1744	1744	928
chr12	132617879	132624092	132621642	6213	132620985	-3106	3107	657
chr12	56001962	56008616	56005004	6654	56005289	-3327	3327	-285
chr12	57762373	57767444	57764150	5071	57764908	-2535	2536	-758
chr12	6938733	6943679	6938844	4946	6941206	-2473	2473	-2362
chr12	6326872	6328797	6327436	1925	6327834	-962	963	-398
chr12	48824586	48830766	48828121	6180	48827676	-3090	3090	445
chr12	56713295	56719033	56716478	5738	56716164	-2869	2869	314
chr12	50094725	50100085	50099088	5360	50097405	-2680	2680	1683
chr12	53209102	53212236	53211396	3134	53210669	-1567	1567	727
chr12	51063498	51065439	51064047	1941	51064468	-970	971	-421
chr12	53191131	53194619	53191473	3488	53192875	-1744	1744	-1402
chr12	55723690	55726332	55724380	2642	55725011	-1321	1321	-631
chr12	113152271	113159177	113157772	6906	113155724	-3453	3453	2048
chr12	92143582	92146790	92144277	3208	92145186	-1604	1604	-909
chr12	57744865	57750409	57745220	5544	57747637	-2772	2772	-2417
chr12	1784791	1786714	1786193	1923	1785752	-961	962	441
chr12	6938733	6943679	6941424	4946	6941206	-2473	2473	218
chr12	47779066	47783305	47780654	4239	47781185	-2119	2120	-531
chr12	53479728	53483476	53481235	3748	53481602	-1874	1874	-367
chr12	124908910	124915502	124913484	6592	124912206	-3296	3296	1278
chr12	6554777	6557418	6557101	2641	6556097	-1320	1321	1004
chr12	55900722	55903559	55901791	2837	55902140	-1418	1419	-349
chr12	56227839	56232891	56232780	5052	56230365	-2526	2526	2415
chr12	122474070	122476224	122474107	2154	122475147	-1077	1077	-1040
chr12	47779066	47783305	47781049	4239	47781185	-2119	2120	-136
chr12	132617879	132624092	132620469	6213	132620985	-3106	3107	-516
chr12	14773939	14775891	14775769	1952	14774915	-976	976	854
chr12	124908910	124915502	124911706	6592	124912206	-3296	3296	-500
chr12	108522872	108525222	108523286	2350	108524047	-1175	1175	-761
chr12	57750622	57756759	57750982	6137	57753690	-3068	3069	-2708
chr12	53191131	53194619	53193838	3488	53192875	-1744	1744	963
chr12	6844685	6849861	6846796	5176	6847273	-2588	2588	-477
chr12	132703125	132707151	132704801	4026	132705138	-2013	2013	-337
chr12	49129252	49131928	49131374	2676	49130590	-1338	1338	784
chr12	56234018	56240085	56236405	6067	56237051	-3033	3034	-646
chr12	120196260	120198087	120197330	1827	120197173	-913	914	157
chr12	49272639	49274492	49272898	1853	49273565	-926	927	-667
chr12	125135522	125143141	125142243	7619	125139331	-3809	3810	2912
chr12	120196260	120198087	120196905	1827	120197173	-913	914	-268
chr12	6938733	6943679	6941471	4946	6941206	-2473	2473	265
chr12	120578605	120581408	120581142	2803	120580006	-1401	1402	1136
chr12	6536752	6539496	6537608	2744	6538124	-1372	1372	-516
chr12	120211582	120217953	120212294	6371	120214767	-3185	3186	-2473
chr12	56097722	56102514	56102295	4792	56100118	-2396	2396	2177
chr12	57624289	57626960	57625715	2671	57625624	-1335	1336	91
chr12	120578605	120581408	120579134	2803	120580006	-1401	1402	-872
chr12	55723690	55726332	55725522	2642	55725011	-1321	1321	511
chr12	56116696	56117130	56116790	434	56116913	-217	217	-123
chr12	48856534	48860307	48858044	3773	48858420	-1886	1887	-376
chr12	49330806	49332085	49330869	1279	49331445	-639	640	-576
chr12	48856534	48860307	48857176	3773	48858420	-1886	1887	-1244
chr12	56001962	56008616	56003869	6654	56005289	-3327	3327	-1420
chr12	56001962	56008616	56004739	6654	56005289	-3327	3327	-550
chr12	131914699	131921918	131920055	7219	131918308	-3609	3610	1747
chr12	12716324	12719045	12718824	2721	12717684	-1360	1361	1140
chr12	120094775	120096551	120096535	1776	120095663	-888	888	872
chr12	53290797	53294348	53292383	3551	53292572	-1775	1776	-189
chr12	53302292	53308629	53308507	6337	53305460	-3168	3169	3047
chr12	132617879	132624092	132621606	6213	132620985	-3106	3107	621
chr12	57516638	57518417	57516892	1779	57517527	-889	890	-635
chr12	113152271	113159177	113158751	6906	113155724	-3453	3453	3027
chr12	120128212	120130975	120129306	2763	120129593	-1381	1382	-287
chr12	1784791	1786714	1786322	1923	1785752	-961	962	570
chr12	6777036	6779561	6777285	2525	6778298	-1262	1263	-1013
chr12	132717478	132721286	132720708	3808	132719382	-1904	1904	1326
chr12	124908910	124915502	124912411	6592	124912206	-3296	3296	205
chr12	31103145	31108727	31103373	5582	31105936	-2791	2791	-2563
chr12	49016771	49019074	49018768	2303	49017922	-1151	1152	846
chr12	109088078	109090075	109088414	1997	109089076	-998	999	-662
chr12	132617879	132624092	132621555	6213	132620985	-3106	3107	570
chr12	124908910	124915502	124913265	6592	124912206	-3296	3296	1059
chr12	52169964	52174040	52171486	4076	52172002	-2038	2038	-516
chr12	110373484	110374307	110374115	823	110373895	-411	412	220
chr12	56227839	56232891	56231435	5052	56230365	-2526	2526	1070
chr12	122056059	122059222	122059179	3163	122057640	-1581	1582	1539
chr12	49330806	49332085	49330981	1279	49331445	-639	640	-464
chr12	48856534	48860307	48858047	3773	48858420	-1886	1887	-373
chr12	6326872	6328797	6327883	1925	6327834	-962	963	49
chr12	57744865	57750409	57746638	5544	57747637	-2772	2772	-999
chr12	56342696	56346344	56343418	3648	56344520	-1824	1824	-1102
chr12	118028681	118031471	118031193	2790	118030076	-1395	1395	1117
chr12	120097514	120099035	120098872	1521	120098274	-760	761	598
chr12	120461457	120465095	120462080	3638	120463276	-1819	1819	-1196
chr12	53290797	53294348	53293565	3551	53292572	-1775	1776	993
chr12	56342696	56346344	56343835	3648	56344520	-1824	1824	-685
chr12	57515501	57516346	57515950	845	57515923	-422	423	27
chr12	49129252	49131928	49129664	2676	49130590	-1338	1338	-926
chr12	112021998	112023375	112022230	1377	112022686	-688	689	-456
chr12	55723690	55726332	55725561	2642	55725011	-1321	1321	550
chr12	112148897	112152451	112151892	3554	112150674	-1777	1777	1218
chr12	124908910	124915502	124913399	6592	124912206	-3296	3296	1193
chr12	57744865	57750409	57747525	5544	57747637	-2772	2772	-112
chr12	132617879	132624092	132620309	6213	132620985	-3106	3107	-676
chr12	124908910	124915502	124912639	6592	124912206	-3296	3296	433
chr12	56120388	56122689	56121311	2301	56121538	-1150	1151	-227
chr12	56314440	56316472	56314920	2032	56315456	-1016	1016	-536
chr12	55900722	55903559	55901699	2837	55902140	-1418	1419	-441
chr12	56317368	56321971	56319927	4603	56319669	-2301	2302	258
chr12	6938733	6943679	6940944	4946	6941206	-2473	2473	-262
chr12	6554777	6557418	6556967	2641	6556097	-1320	1321	870
chr12	6938733	6943679	6940931	4946	6941206	-2473	2473	-275
chr12	6938733	6943679	6941383	4946	6941206	-2473	2473	177
chr12	6938733	6943679	6941750	4946	6941206	-2473	2473	544
chr12	53191131	53194619	53193762	3488	53192875	-1744	1744	887
chr12	55723690	55726332	55724479	2642	55725011	-1321	1321	-532
chr12	56155108	56159297	56155696	4189	56157202	-2094	2095	-1506
chr12	130870304	130876197	130874601	5893	130873250	-2946	2947	1351
chr12	6943962	6944845	6944583	883	6944403	-441	442	180
chr12	51063498	51065439	51064017	1941	51064468	-970	971	-451
chr12	14773939	14775891	14775263	1952	14774915	-976	976	348
chr12	50094725	50100085	50098783	5360	50097405	-2680	2680	1378
chr12	55726829	55729610	55727307	2781	55728219	-1390	1391	-912
chr12	56234018	56240085	56235240	6067	56237051	-3033	3034	-1811
chr12	62602375	62604394	62602917	2019	62603384	-1009	1010	-467
chr12	6554777	6557418	6555506	2641	6556097	-1320	1321	-591
chr12	54278785	54284447	54284269	5662	54281616	-2831	2831	2653
chr12	56097722	56102514	56101531	4792	56100118	-2396	2396	1413
chr12	113293596	113298505	113297178	4909	113296050	-2454	2455	1128
chr12	49272639	49274492	49272944	1853	49273565	-926	927	-621
chr12	56155108	56159297	56158491	4189	56157202	-2094	2095	1289
chr12	56314440	56316472	56315142	2032	56315456	-1016	1016	-314
chr12	2937137	2938360	2937640	1223	2937748	-611	612	-108
chr12	6938733	6943679	6941407	4946	6941206	-2473	2473	201
chr12	48824586	48830766	48827043	6180	48827676	-3090	3090	-633
chr12	56342696	56346344	56343454	3648	56344520	-1824	1824	-1066
chr12	107732760	107734411	107734307	1651	107733585	-825	826	722
chr12	49272639	49274492	49272990	1853	49273565	-926	927	-575
chr12	108522872	108525222	108524400	2350	108524047	-1175	1175	353
chr12	121000610	121002694	121001247	2084	121001652	-1042	1042	-405
chr12	132617879	132624092	132620264	6213	132620985	-3106	3107	-721
chr12	56227839	56232891	56231335	5052	56230365	-2526	2526	970
chr12	6777036	6779561	6778037	2525	6778298	-1262	1263	-261
chr12	48824586	48830766	48826383	6180	48827676	-3090	3090	-1293
chr12	6844685	6849861	6849618	5176	6847273	-2588	2588	2345
chr12	55723690	55726332	55724419	2642	55725011	-1321	1321	-592
chr12	57624289	57626960	57624950	2671	57625624	-1335	1336	-674
chr12	52169964	52174040	52171403	4076	52172002	-2038	2038	-599
chr12	6943962	6944845	6944760	883	6944403	-441	442	357
chr12	51054302	51058055	51056452	3753	51056178	-1876	1877	274
chr12	56001962	56008616	56004786	6654	56005289	-3327	3327	-503
chr12	57624289	57626960	57625135	2671	57625624	-1335	1336	-489
chr12	113386096	113392622	113388533	6526	113389359	-3263	3263	-826
chr12	56120388	56122689	56120715	2301	56121538	-1150	1151	-823
chr12	56338591	56341911	56339763	3320	56340251	-1660	1660	-488
chr12	112148897	112152451	112149751	3554	112150674	-1777	1777	-923
chr12	57254915	57256550	57255054	1635	57255732	-817	818	-678
chr12	132617879	132624092	132619713	6213	132620985	-3106	3107	-1272
chr12	6536752	6539496	6537716	2744	6538124	-1372	1372	-408
chr12	124908910	124915502	124911923	6592	124912206	-3296	3296	-283
chr12	49129252	49131928	49129271	2676	49130590	-1338	1338	-1319
chr12	132077125	132078768	132077664	1643	132077946	-821	822	-282
chr12	49129252	49131928	49129280	2676	49130590	-1338	1338	-1310
chr12	6938733	6943679	6939149	4946	6941206	-2473	2473	-2057
chr12	31103145	31108727	31104116	5582	31105936	-2791	2791	-1820
chr12	49272639	49274492	49273144	1853	49273565	-926	927	-421
chr12	55723690	55726332	55726206	2642	55725011	-1321	1321	1195
chr12	56097722	56102514	56099979	4792	56100118	-2396	2396	-139
chr12	56103968	56105625	56104615	1657	56104796	-828	829	-181
chr12	56155108	56159297	56157858	4189	56157202	-2094	2095	656
chr12	56314440	56316472	56315142	2032	56315456	-1016	1016	-314
chr12	56338591	56341911	56339190	3320	56340251	-1660	1660	-1061
chr12	56599343	56606181	56600089	6838	56602762	-3419	3419	-2673
chr12	110347512	110350104	110350006	2592	110348808	-1296	1296	1198
chr12	120458553	120461086	120459958	2533	120459819	-1266	1267	139
chr12	124908910	124915502	124912690	6592	124912206	-3296	3296	484
chr12	57624289	57626960	57626906	2671	57625624	-1335	1336	1282
chr12	103943466	103946187	103943737	2721	103944826	-1360	1361	-1089
chr12	31103145	31108727	31103954	5582	31105936	-2791	2791	-1982
chr12	47779066	47783305	47779119	4239	47781185	-2119	2120	-2066
chr12	48824586	48830766	48830552	6180	48827676	-3090	3090	2876
chr12	55723690	55726332	55725829	2642	55725011	-1321	1321	818
chr12	56317368	56321971	56319111	4603	56319669	-2301	2302	-558
chr12	123465862	123466527	123466102	665	123466194	-332	333	-92
chr12	113152271	113159177	113158760	6906	113155724	-3453	3453	3036
chr12	123252719	123256799	123253683	4080	123254759	-2040	2040	-1076
chr12	52169964	52174040	52172287	4076	52172002	-2038	2038	285
chr12	52895576	52900449	52898884	4873	52898012	-2436	2437	872
chr12	49016771	49019074	49018715	2303	49017922	-1151	1152	793
chr12	132617879	132624092	132621702	6213	132620985	-3106	3107	717
chr12	56097722	56102514	56102145	4792	56100118	-2396	2396	2027
chr12	132617879	132624092	132621313	6213	132620985	-3106	3107	328
chr12	124908910	124915502	124912517	6592	124912206	-3296	3296	311
chr12	56001962	56008616	56004652	6654	56005289	-3327	3327	-637
chr12	53187066	53190701	53187748	3635	53188883	-1817	1818	-1135
chr12	53191131	53194619	53193333	3488	53192875	-1744	1744	458
chr12	53479728	53483476	53482004	3748	53481602	-1874	1874	402
chr12	57821598	57826707	57823614	5109	57824152	-2554	2555	-538
chr12	3039555	3043906	3040511	4351	3041730	-2175	2176	-1219
chr12	124908910	124915502	124911850	6592	124912206	-3296	3296	-356
chr12	57762373	57767444	57765422	5071	57764908	-2535	2536	514
chr12	56317368	56321971	56319374	4603	56319669	-2301	2302	-295
chr12	56001962	56008616	56005141	6654	56005289	-3327	3327	-148
chr12	123465862	123466527	123466065	665	123466194	-332	333	-129
chr12	56314440	56316472	56316088	2032	56315456	-1016	1016	632
chr12	112021998	112023375	112022406	1377	112022686	-688	689	-280
chr12	56097722	56102514	56101808	4792	56100118	-2396	2396	1690
chr12	113299248	113302023	113299922	2775	113300635	-1387	1388	-713
chr12	120578605	120581408	120581154	2803	120580006	-1401	1402	1148
chr12	124908910	124915502	124913404	6592	124912206	-3296	3296	1198
chr12	132617879	132624092	132621719	6213	132620985	-3106	3107	734
chr12	56338591	56341911	56340175	3320	56340251	-1660	1660	-76
chr12	111643297	111647483	111644090	4186	111645390	-2093	2093	-1300
chr12	121231358	121235306	121232448	3948	121233332	-1974	1974	-884
chr12	53479728	53483476	53483190	3748	53481602	-1874	1874	1588
chr12	57516638	57518417	57517024	1779	57517527	-889	890	-503
chr12	56001962	56008616	56003766	6654	56005289	-3327	3327	-1523
chr12	6844685	6849861	6846796	5176	6847273	-2588	2588	-477
chr12	6326872	6328797	6327312	1925	6327834	-962	963	-522
chr12	6844685	6849861	6849594	5176	6847273	-2588	2588	2321
chr12	48824586	48830766	48826989	6180	48827676	-3090	3090	-687
chr12	6536752	6539496	6538176	2744	6538124	-1372	1372	52
chr12	53972367	53976330	53975278	3963	53974348	-1981	1982	930
chr12	132703125	132707151	132704884	4026	132705138	-2013	2013	-254
chr12	130870304	130876197	130875933	5893	130873250	-2946	2947	2683
chr12	49645416	49648897	49648246	3481	49647156	-1740	1741	1090
chr12	52895576	52900449	52898830	4873	52898012	-2436	2437	818
chr12	111443001	111449877	111447407	6876	111446439	-3438	3438	968
chr13	113649174	113651736	113649380	2562	113650455	-1281	1281	-1075
chr13	113457762	113459241	113458084	1479	113458501	-739	740	-417
chr13	113324572	113328696	113326024	4124	113326634	-2062	2062	-610
chr13	46127345	46129732	46127644	2387	46128538	-1193	1194	-894
chr13	46127345	46129732	46127712	2387	46128538	-1193	1194	-826
chr13	21146752	21148289	21147405	1537	21147520	-768	769	-115
chr13	51771332	51773316	51771395	1984	51772324	-992	992	-929
chr13	52030593	52033024	52031007	2431	52031808	-1215	1216	-801
chr13	44434137	44435047	44434184	910	44434592	-455	455	-408
chr13	52030593	52033024	52032850	2431	52031808	-1215	1216	1042
chr13	37004669	37007098	37006010	2429	37005883	-1214	1215	127
chr13	113649174	113651736	113649466	2562	113650455	-1281	1281	-989
chr13	113324572	113328696	113326000	4124	113326634	-2062	2062	-634
chr13	21153627	21155396	21154988	1769	21154511	-884	885	477
chr13	113649174	113651736	113649492	2562	113650455	-1281	1281	-963
chr13	21146752	21148289	21147607	1537	21147520	-768	769	87
chr13	52030593	52033024	52030806	2431	52031808	-1215	1216	-1002
chr14	22771587	22775111	22774023	3524	22773349	-1762	1762	674
chr14	39029680	39032798	39032682	3118	39031239	-1559	1559	1443
chr14	24438840	24443282	24442069	4442	24441061	-2221	2221	1008
chr14	24438840	24443282	24442815	4442	24441061	-2221	2221	1754
chr14	72970323	72972463	72971051	2140	72971393	-1070	1070	-342
chr14	73717092	73722089	73717580	4997	73719590	-2498	2499	-2010
chr14	93183208	93186174	93183317	2966	93184691	-1483	1483	-1374
chr14	100326451	100334351	100327229	7900	100330401	-3950	3950	-3172
chr14	69778291	69779699	69778343	1408	69778995	-704	704	-652
chr14	100326451	100334351	100328925	7900	100330401	-3950	3950	-1476
chr14	20455593	20460019	20457511	4426	20457806	-2213	2213	-295
chr14	21085377	21087584	21087075	2207	21086480	-1103	1104	595
chr14	93183208	93186174	93183248	2966	93184691	-1483	1483	-1443
chr14	69769658	69771886	69771428	2228	69770772	-1114	1114	656
chr14	21499280	21501805	21500622	2525	21500542	-1262	1263	80
chr14	67650820	67651764	67651281	944	67651292	-472	472	-11
chr14	21090213	21095907	21091458	5694	21093060	-2847	2847	-1602
chr14	21210691	21212500	21211915	1809	21211595	-904	905	320
chr14	104767164	104770642	104770340	3478	104768903	-1739	1739	1437
chr14	21502342	21504253	21503079	1911	21503297	-955	956	-218
chr14	100326451	100334351	100327301	7900	100330401	-3950	3950	-3100
chr14	75134264	75135904	75134775	1640	75135084	-820	820	-309
chr14	24212069	24214183	24214134	2114	24213126	-1057	1057	1008
chr14	94045476	94052228	94051051	6752	94048852	-3376	3376	2199
chr14	103503301	103511016	103503416	7715	103507158	-3857	3858	-3742
chr14	75134264	75135904	75134866	1640	75135084	-820	820	-218
chr14	73711891	73715294	73713038	3403	73713592	-1701	1702	-554
chr14	20455593	20460019	20455930	4426	20457806	-2213	2213	-1876
chr14	21090213	21095907	21091449	5694	21093060	-2847	2847	-1611
chr14	75276674	75281886	75278873	5212	75279280	-2606	2606	-407
chr14	30621247	30622428	30622411	1181	30621837	-590	591	574
chr14	20455593	20460019	20457104	4426	20457806	-2213	2213	-702
chr14	90405678	90407600	90406167	1922	90406639	-961	961	-472
chr14	24438840	24443282	24440201	4442	24441061	-2221	2221	-860
chr14	102926806	102933566	102928853	6760	102930186	-3380	3380	-1333
chr14	99398372	99400340	99399087	1968	99399356	-984	984	-269
chr14	24214375	24216409	24215556	2034	24215392	-1017	1017	164
chr14	39177397	39183054	39179462	5657	39180225	-2828	2829	-763
chr14	24438840	24443282	24442207	4442	24441061	-2221	2221	1146
chr14	20455593	20460019	20455659	4426	20457806	-2213	2213	-2147
chr14	21090213	21095907	21092376	5694	21093060	-2847	2847	-684
chr14	22985691	22989317	22987301	3626	22987504	-1813	1813	-203
chr14	24188111	24191629	24189429	3518	24189870	-1759	1759	-441
chr14	75276674	75281886	75278993	5212	75279280	-2606	2606	-287
chr14	23358681	23361706	23360034	3025	23360193	-1512	1513	-159
chr14	69778291	69779699	69778479	1408	69778995	-704	704	-516
chr14	24438840	24443282	24439913	4442	24441061	-2221	2221	-1148
chr14	69765765	69769422	69769210	3657	69767593	-1828	1829	1617
chr14	21090213	21095907	21092389	5694	21093060	-2847	2847	-671
chr14	49620219	49622922	49622112	2703	49621570	-1351	1352	542
chr14	93183208	93186174	93183843	2966	93184691	-1483	1483	-848
chr14	24140365	24143873	24140893	3508	24142119	-1754	1754	-1226
chr14	24136319	24139271	24139197	2952	24137795	-1476	1476	1402
chr14	24136319	24139271	24138769	2952	24137795	-1476	1476	974
chr14	24290517	24292787	24290916	2270	24291652	-1135	1135	-736
chr14	73116911	73120059	73119966	3148	73118485	-1574	1574	1481
chr14	75134264	75135904	75134956	1640	75135084	-820	820	-128
chr14	24438840	24443282	24440523	4442	24441061	-2221	2221	-538
chr14	69778291	69779699	69778440	1408	69778995	-704	704	-555
chr14	22775910	22778916	22776273	3006	22777413	-1503	1503	-1140
chr14	23358681	23361706	23358878	3025	23360193	-1512	1513	-1315
chr14	24290517	24292787	24292646	2270	24291652	-1135	1135	994
chr14	24188111	24191629	24190646	3518	24189870	-1759	1759	776
chr14	49784615	49786084	49784628	1469	49785349	-734	735	-721
chr14	74902024	74903236	74902770	1212	74902630	-606	606	140
chr14	93183208	93186174	93184242	2966	93184691	-1483	1483	-449
chr14	20455593	20460019	20457416	4426	20457806	-2213	2213	-390
chr14	22832133	22835002	22834399	2869	22833567	-1434	1435	832
chr14	22985691	22989317	22987392	3626	22987504	-1813	1813	-112
chr14	24140365	24143873	24141266	3508	24142119	-1754	1754	-853
chr14	24214375	24216409	24215661	2034	24215392	-1017	1017	269
chr14	24236399	24239111	24238362	2712	24237755	-1356	1356	607
chr14	99398372	99400340	99398754	1968	99399356	-984	984	-602
chr14	68786165	68788502	68787676	2337	68787333	-1168	1169	343
chr14	22985691	22989317	22987919	3626	22987504	-1813	1813	415
chr14	75276674	75281886	75280594	5212	75279280	-2606	2606	1314
chr14	90263485	90267321	90265141	3836	90265403	-1918	1918	-262
chr14	99398372	99400340	99399098	1968	99399356	-984	984	-258
chr14	99502487	99504124	99502959	1637	99503305	-818	819	-346
chr14	22985691	22989317	22987930	3626	22987504	-1813	1813	426
chr14	24307134	24312575	24311608	5441	24309854	-2720	2721	1754
chr14	24191760	24193111	24191812	1351	24192435	-675	676	-623
chr14	75276674	75281886	75281622	5212	75279280	-2606	2606	2342
chr14	99398372	99400340	99398971	1968	99399356	-984	984	-385
chr14	24214375	24216409	24214558	2034	24215392	-1017	1017	-834
chr14	100326451	100334351	100333930	7900	100330401	-3950	3950	3529
chr14	93183208	93186174	93183708	2966	93184691	-1483	1483	-983
chr14	73272219	73274038	73272914	1819	73273128	-909	910	-214
chr14	24236399	24239111	24237068	2712	24237755	-1356	1356	-687
chr14	100326451	100334351	100327208	7900	100330401	-3950	3950	-3193
chr14	21210691	21212500	21211342	1809	21211595	-904	905	-253
chr14	60972199	60973142	60972270	943	60972670	-471	472	-400
chr14	75276674	75281886	75280062	5212	75279280	-2606	2606	782
chr14	93183208	93186174	93183837	2966	93184691	-1483	1483	-854
chr14	93183208	93186174	93184224	2966	93184691	-1483	1483	-467
chr14	68786165	68788502	68787876	2337	68787333	-1168	1169	543
chr14	75276674	75281886	75281370	5212	75279280	-2606	2606	2090
chr14	22832133	22835002	22833458	2869	22833567	-1434	1435	-109
chr14	24438840	24443282	24441019	4442	24441061	-2221	2221	-42
chr14	34514366	34520017	34516522	5651	34517191	-2825	2826	-669
chr14	22771587	22775111	22774389	3524	22773349	-1762	1762	1040
chr14	49620219	49622922	49621993	2703	49621570	-1351	1352	423
chr14	99502487	99504124	99502867	1637	99503305	-818	819	-438
chr14	102926806	102933566	102929505	6760	102930186	-3380	3380	-681
chr15	74627412	74630799	74629776	3387	74629105	-1693	1694	671
chr15	43527364	43533441	43527970	6077	43530402	-3038	3039	-2432
chr15	43598094	43600714	43598910	2620	43599404	-1310	1310	-494
chr15	43527364	43533441	43528177	6077	43530402	-3038	3039	-2225
chr15	64688457	64690264	64688540	1807	64689360	-903	904	-820
chr15	41848210	41852899	41848575	4689	41850554	-2344	2345	-1979
chr15	64074599	64076929	64075495	2330	64075764	-1165	1165	-269
chr15	43598094	43600714	43600082	2620	43599404	-1310	1310	678
chr15	90951225	90954353	90952950	3128	90952789	-1564	1564	161
chr15	75205017	75208416	75208329	3399	75206716	-1699	1700	1613
chr15	43598094	43600714	43598316	2620	43599404	-1310	1310	-1088
chr15	41848210	41852899	41848611	4689	41850554	-2344	2345	-1943
chr15	75371185	75374734	75371878	3549	75372959	-1774	1775	-1081
chr15	41848210	41852899	41851121	4689	41850554	-2344	2345	567
chr15	40811149	40813726	40812832	2577	40812437	-1288	1289	395
chr15	74632540	74634438	74632831	1898	74633489	-949	949	-658
chr15	74834548	74839136	74837201	4588	74836842	-2294	2294	359
chr15	75353964	75358835	75356843	4871	75356399	-2435	2436	444
chr15	90951225	90954353	90953239	3128	90952789	-1564	1564	450
chr15	89319023	89325872	89321174	6849	89322447	-3424	3425	-1273
chr15	43772596	43775492	43774677	2896	43774044	-1448	1448	633
chr15	43800496	43804639	43801809	4143	43802567	-2071	2072	-758
chr15	90227539	90231216	90228002	3677	90229377	-1838	1839	-1375
chr15	40333280	40340843	40335139	7563	40337061	-3781	3782	-1922
chr15	65579325	65581756	65579468	2431	65580540	-1215	1216	-1072
chr15	77034696	77036226	77035823	1530	77035461	-765	765	362
chr15	65579325	65581756	65579462	2431	65580540	-1215	1216	-1078
chr15	81000190	81003342	81003239	3152	81001766	-1576	1576	1473
chr15	74834548	74839136	74838690	4588	74836842	-2294	2294	1848
chr15	39587421	39594466	39591255	7045	39590943	-3522	3523	312
chr15	42408729	42412566	42412220	3837	42410647	-1918	1919	1573
chr15	43772596	43775492	43773075	2896	43774044	-1448	1448	-969
chr15	40736365	40739322	40736583	2957	40737843	-1478	1479	-1260
chr15	41848210	41852899	41848575	4689	41850554	-2344	2345	-1979
chr15	39587421	39594466	39589905	7045	39590943	-3522	3523	-1038
chr15	89314372	89317032	89316693	2660	89315702	-1330	1330	991
chr15	40811149	40813726	40813370	2577	40812437	-1288	1289	933
chr15	75209389	75215157	75211010	5768	75212273	-2884	2884	-1263
chr15	40765226	40771496	40768027	6270	40768361	-3135	3135	-334
chr15	75353964	75358835	75354803	4871	75356399	-2435	2436	-1596
chr15	40765226	40771496	40768036	6270	40768361	-3135	3135	-325
chr15	43399874	43403076	43401746	3202	43401475	-1601	1601	271
chr15	75353964	75358835	75356828	4871	75356399	-2435	2436	429
chr15	90641285	90643891	90642024	2606	90642588	-1303	1303	-564
chr15	40465508	40469738	40466021	4230	40467623	-2115	2115	-1602
chr15	42140193	42143679	42141891	3486	42141936	-1743	1743	-45
chr15	43527364	43533441	43529736	6077	43530402	-3038	3039	-666
chr15	43598094	43600714	43600670	2620	43599404	-1310	1310	1266
chr15	74834548	74839136	74838718	4588	74836842	-2294	2294	1876
chr15	75353964	75358835	75358777	4871	75356399	-2435	2436	2378
chr15	89632643	89635177	89633856	2534	89633910	-1267	1267	-54
chr15	90083451	90085471	90084174	2020	90084461	-1010	1010	-287
chr15	90958766	90962964	90961747	4198	90960865	-2099	2099	882
chr15	40851014	40858545	40855959	7531	40854779	-3765	3766	1180
chr15	89632643	89635177	89633184	2534	89633910	-1267	1267	-726
chr15	43527364	43533441	43528293	6077	43530402	-3038	3039	-2109
chr15	43598094	43600714	43599162	2620	43599404	-1310	1310	-242
chr15	42408729	42412566	42411324	3837	42410647	-1918	1919	677
chr15	90949326	90950796	90950504	1470	90950061	-735	735	443
chr15	39587421	39594466	39591567	7045	39590943	-3522	3523	624
chr15	75353964	75358835	75354979	4871	75356399	-2435	2436	-1420
chr15	43772596	43775492	43774246	2896	43774044	-1448	1448	202
chr15	43800496	43804639	43801770	4143	43802567	-2071	2072	-797
chr15	70047849	70052287	70049928	4438	70050068	-2219	2219	-140
chr15	74841742	74842714	74842211	972	74842228	-486	486	-17
chr15	74834548	74839136	74838336	4588	74836842	-2294	2294	1494
chr15	88629902	88631049	88630266	1147	88630475	-573	574	-209
chr15	90951225	90954353	90953170	3128	90952789	-1564	1564	381
chr15	42717839	42720257	42718062	2418	42719048	-1209	1209	-986
chr15	43527364	43533441	43531274	6077	43530402	-3038	3039	872
chr15	40851014	40858545	40857000	7531	40854779	-3765	3766	2221
chr15	43527364	43533441	43529308	6077	43530402	-3038	3039	-1094
chr15	63594448	63598402	63597452	3954	63596425	-1977	1977	1027
chr15	40465508	40469738	40466347	4230	40467623	-2115	2115	-1276
chr15	43527364	43533441	43528442	6077	43530402	-3038	3039	-1960
chr15	74834548	74839136	74838723	4588	74836842	-2294	2294	1881
chr15	74834548	74839136	74838176	4588	74836842	-2294	2294	1334
chr16	58663623	58669481	58667286	5858	58666552	-2929	2929	734
chr16	69936157	69940225	69940170	4068	69938191	-2034	2034	1979
chr16	3580119	3583695	3583369	3576	3581907	-1788	1788	1462
chr16	70478421	70483634	70479756	5213	70481027	-2606	2607	-1271
chr16	30381003	30386326	30381464	5323	30383664	-2661	2662	-2200
chr16	31487340	31491093	31488290	3753	31489216	-1876	1877	-926
chr16	30182803	30190232	30186437	7429	30186517	-3714	3715	-80
chr16	30200505	30207655	30204330	7150	30204080	-3575	3575	250
chr16	1697559	1699736	1699023	2177	1698647	-1088	1089	376
chr16	67542831	67549676	67546517	6845	67546253	-3422	3423	264
chr16	1361273	1365747	1362657	4474	1363510	-2237	2237	-853
chr16	89738113	89741017	89740290	2904	89739565	-1452	1452	725
chr16	31487340	31491093	31489217	3753	31489216	-1876	1877	1
chr16	68353010	68360872	68358590	7862	68356941	-3931	3931	1649
chr16	31487340	31491093	31490803	3753	31489216	-1876	1877	1587
chr16	28984813	28992064	28985418	7251	28988438	-3625	3626	-3020
chr16	24822664	24823982	24823887	1318	24823323	-659	659	564
chr16	646228	650683	647983	4455	648455	-2227	2228	-472
chr16	79004	83212	83088	4208	81108	-2104	2104	1980
chr16	284032	287503	285568	3471	285767	-1735	1736	-199
chr16	628162	632976	631257	4814	630569	-2407	2407	688
chr16	646228	650683	648297	4455	648455	-2227	2228	-158
chr16	31038993	31043319	31039808	4326	31041156	-2163	2163	-1348
chr16	31487340	31491093	31488855	3753	31489216	-1876	1877	-361
chr16	54927861	54934190	54932484	6329	54931025	-3164	3165	1459
chr16	69936157	69940225	69939114	4068	69938191	-2034	2034	923
chr16	1442531	1449768	1443973	7237	1446149	-3618	3619	-2176
chr16	31491794	31498203	31493182	6409	31494998	-3204	3205	-1816
chr16	67162542	67166189	67163040	3647	67164365	-1823	1824	-1325
chr16	173302	177107	173496	3805	175204	-1902	1903	-1708
chr16	30068401	30074981	30069641	6580	30071691	-3290	3290	-2050
chr16	30355160	30360133	30359619	4973	30357646	-2486	2487	1973
chr16	30987284	30989002	30988185	1718	30988143	-859	859	42
chr16	31465835	31468841	31466041	3006	31467338	-1503	1503	-1297
chr16	67675285	67676901	67675427	1616	67676093	-808	808	-666
chr16	70684326	70688707	70688195	4381	70686516	-2190	2191	1679
chr16	28980518	28983444	28981459	2926	28981981	-1463	1463	-522
chr16	67542831	67549676	67545857	6845	67546253	-3422	3423	-396
chr16	58515032	58518254	58516653	3222	58516643	-1611	1611	10
chr16	8643392	8649003	8646337	5611	8646197	-2805	2806	140
chr16	28984813	28992064	28986164	7251	28988438	-3625	3626	-2274
chr16	284032	287503	286659	3471	285767	-1735	1736	892
chr16	31465835	31468841	31466607	3006	31467338	-1503	1503	-731
chr16	31487340	31491093	31487681	3753	31489216	-1876	1877	-1535
chr16	29801872	29808524	29807666	6652	29805198	-3326	3326	2468
chr16	28838528	28846122	28844257	7594	28842325	-3797	3797	1932
chr16	2768472	2772733	2770354	4261	2770602	-2130	2131	-248
chr16	70478421	70483634	70482749	5213	70481027	-2606	2607	1722
chr16	30381003	30386326	30381118	5323	30383664	-2661	2662	-2546
chr16	4688036	4694986	4689252	6950	4691511	-3475	3475	-2259
chr16	30381003	30386326	30381025	5323	30383664	-2661	2662	-2639
chr16	30753550	30760117	30759682	6567	30756833	-3283	3284	2849
chr16	27226660	27232027	27226741	5367	27229343	-2683	2684	-2602
chr16	30355160	30360133	30358445	4973	30357646	-2486	2487	799
chr16	89738113	89741017	89739940	2904	89739565	-1452	1452	375
chr16	89738113	89741017	89740290	2904	89739565	-1452	1452	725
chr16	28904484	28907031	28905507	2547	28905757	-1273	1274	-250
chr16	31190636	31194669	31191099	4033	31192652	-2016	2017	-1553
chr16	8643392	8649003	8646324	5611	8646197	-2805	2806	127
chr16	67149143	67156537	67149740	7394	67152840	-3697	3697	-3100
chr16	89738113	89741017	89739976	2904	89739565	-1452	1452	411
chr16	31038993	31043319	31039644	4326	31041156	-2163	2163	-1512
chr16	31198837	31201918	31201740	3081	31200377	-1540	1541	1363
chr16	67633040	67638382	67637747	5342	67635711	-2671	2671	2036
chr16	89870559	89874430	89873587	3871	89872494	-1935	1936	1093
chr16	1361273	1365747	1362631	4474	1363510	-2237	2237	-879
chr16	4880200	4887501	4880219	7301	4883850	-3650	3651	-3631
chr16	29991887	29996915	29995441	5028	29994401	-2514	2514	1040
chr16	30381003	30386326	30381067	5323	30383664	-2661	2662	-2597
chr16	30355160	30360133	30359071	4973	30357646	-2486	2487	1425
chr16	67720225	67726891	67726099	6666	67723558	-3333	3333	2541
chr16	30753550	30760117	30759044	6567	30756833	-3283	3284	2211
chr16	68299862	68301547	68301537	1685	68300704	-842	843	833
chr16	30068401	30074981	30069855	6580	30071691	-3290	3290	-1836
chr16	68299862	68301547	68301352	1685	68300704	-842	843	648
chr16	11833189	11839682	11837547	6493	11836435	-3246	3247	1112
chr16	4510154	4515089	4512820	4935	4512621	-2467	2468	199
chr16	30651075	30657065	30652987	5990	30654070	-2995	2995	-1083
chr16	29801872	29808524	29802822	6652	29805198	-3326	3326	-2376
chr16	69936157	69940225	69939886	4068	69938191	-2034	2034	1695
chr16	8894337	8895561	8895059	1224	8894949	-612	612	110
chr16	24569789	24572566	24571167	2777	24571177	-1388	1389	-10
chr16	30753550	30760117	30757481	6567	30756833	-3283	3284	648
chr16	3055091	3060102	3057151	5011	3057596	-2505	2506	-445
chr16	8894337	8895561	8895129	1224	8894949	-612	612	180
chr16	2711770	2717435	2712621	5665	2714602	-2832	2833	-1981
chr16	2711770	2717435	2712725	5665	2714602	-2832	2833	-1877
chr16	30068401	30074981	30070083	6580	30071691	-3290	3290	-1608
chr16	30392670	30399331	30398054	6661	30396000	-3330	3331	2054
chr16	30392670	30399331	30398054	6661	30396000	-3330	3331	2054
chr16	4880200	4887501	4883761	7301	4883850	-3650	3651	-89
chr16	284032	287503	285197	3471	285767	-1735	1736	-570
chr16	30424755	30429041	30428931	4286	30426898	-2143	2143	2033
chr16	67149143	67156537	67149496	7394	67152840	-3697	3697	-3344
chr16	28838528	28846122	28842979	7594	28842325	-3797	3797	654
chr16	4688036	4694986	4693810	6950	4691511	-3475	3475	2299
chr16	70659414	70661509	70661486	2095	70660461	-1047	1048	1025
chr16	29991887	29996915	29994586	5028	29994401	-2514	2514	185
chr16	3580119	3583695	3582421	3576	3581907	-1788	1788	514
chr16	2039835	2045019	2040175	5184	2042427	-2592	2592	-2252
chr16	4880200	4887501	4885678	7301	4883850	-3650	3651	1828
chr16	30602880	30605973	30604985	3093	30604426	-1546	1547	559
chr16	30602880	30605973	30604616	3093	30604426	-1546	1547	190
chr16	4510154	4515089	4513800	4935	4512621	-2467	2468	1179
chr16	75109357	75116065	75112648	6708	75112711	-3354	3354	-63
chr16	89738113	89741017	89738816	2904	89739565	-1452	1452	-749
chr16	30392670	30399331	30399126	6661	30396000	-3330	3331	3126
chr16	646228	650683	648415	4455	648455	-2227	2228	-40
chr16	30068401	30074981	30070275	6580	30071691	-3290	3290	-1416
chr16	2039835	2045019	2043637	5184	2042427	-2592	2592	1210
chr16	30651075	30657065	30654869	5990	30654070	-2995	2995	799
chr16	89870559	89874430	89873810	3871	89872494	-1935	1936	1316
chr16	2711770	2717435	2713622	5665	2714602	-2832	2833	-980
chr16	67269788	67271831	67270746	2043	67270809	-1021	1022	-63
chr16	29991887	29996915	29994556	5028	29994401	-2514	2514	155
chr16	30068401	30074981	30068838	6580	30071691	-3290	3290	-2853
chr16	628162	632976	630025	4814	630569	-2407	2407	-544
chr16	628162	632976	630232	4814	630569	-2407	2407	-337
chr16	30068401	30074981	30068649	6580	30071691	-3290	3290	-3042
chr16	30978687	30981767	30981139	3080	30980227	-1540	1540	912
chr16	31190636	31194669	31190776	4033	31192652	-2016	2017	-1876
chr16	87694763	87697779	87696597	3016	87696271	-1508	1508	326
chr16	67149143	67156537	67149830	7394	67152840	-3697	3697	-3010
chr16	29991887	29996915	29993707	5028	29994401	-2514	2514	-694
chr16	31038993	31043319	31039755	4326	31041156	-2163	2163	-1401
chr16	30392670	30399331	30397950	6661	30396000	-3330	3331	1950
chr16	29991887	29996915	29993707	5028	29994401	-2514	2514	-694
chr16	646228	650683	648368	4455	648455	-2227	2228	-87
chr16	4880200	4887501	4881820	7301	4883850	-3650	3651	-2030
chr16	4880200	4887501	4884663	7301	4883850	-3650	3651	813
chr16	11674976	11677664	11677355	2688	11676320	-1344	1344	1035
chr16	14664812	14669103	14667720	4291	14666957	-2145	2146	763
chr16	89870559	89874430	89873641	3871	89872494	-1935	1936	1147
chr16	363010	370814	370169	7804	366912	-3902	3902	3257
chr16	30984658	30987058	30985565	2400	30985858	-1200	1200	-293
chr16	67542831	67549676	67544977	6845	67546253	-3422	3423	-1276
chr16	628162	632976	630205	4814	630569	-2407	2407	-364
chr16	633191	638855	634903	5664	636023	-2832	2832	-1120
chr16	4695796	4701454	4699361	5658	4698625	-2829	2829	736
chr16	8643392	8649003	8646269	5611	8646197	-2805	2806	72
chr16	1361273	1365747	1362249	4474	1363510	-2237	2237	-1261
chr16	67925197	67932425	67930999	7228	67928811	-3614	3614	2188
chr16	68299862	68301547	68301280	1685	68300704	-842	843	576
chr16	89159009	89163550	89160402	4541	89161279	-2270	2271	-877
chr16	30602880	30605973	30604258	3093	30604426	-1546	1547	-168
chr16	30651075	30657065	30656280	5990	30654070	-2995	2995	2210
chr16	29801872	29808524	29804027	6652	29805198	-3326	3326	-1171
chr16	30602880	30605973	30604854	3093	30604426	-1546	1547	428
chr16	173302	177107	173550	3805	175204	-1902	1903	-1654
chr16	8894337	8895561	8894614	1224	8894949	-612	612	-335
chr16	30957778	30959774	30958800	1996	30958776	-998	998	24
chr16	11674976	11677664	11676185	2688	11676320	-1344	1344	-135
chr16	633191	638855	635285	5664	636023	-2832	2832	-738
chr16	67434381	67440550	67438864	6169	67437465	-3084	3085	1399
chr16	79004	83212	83186	4208	81108	-2104	2104	2078
chr16	1503827	1511378	1507646	7551	1507602	-3775	3776	44
chr16	3055091	3060102	3058208	5011	3057596	-2505	2506	612
chr16	3580119	3583695	3582492	3576	3581907	-1788	1788	585
chr16	10760540	10767729	10761524	7189	10764134	-3594	3595	-2610
chr16	28838528	28846122	28843085	7594	28842325	-3797	3797	760
chr16	28838528	28846122	28845916	7594	28842325	-3797	3797	3591
chr16	67162542	67166189	67163006	3647	67164365	-1823	1824	-1359
chr16	67633040	67638382	67637959	5342	67635711	-2671	2671	2248
chr16	70659414	70661509	70660101	2095	70660461	-1047	1048	-360
chr16	70684326	70688707	70688228	4381	70686516	-2190	2191	1712
chr16	89738113	89741017	89738841	2904	89739565	-1452	1452	-724
chr16	30381003	30386326	30381791	5323	30383664	-2661	2662	-1873
chr16	79004	83212	83094	4208	81108	-2104	2104	1986
chr16	4688036	4694986	4694362	6950	4691511	-3475	3475	2851
chr16	30392670	30399331	30398411	6661	30396000	-3330	3331	2411
chr16	30651075	30657065	30656391	5990	30654070	-2995	2995	2321
chr16	31487340	31491093	31487460	3753	31489216	-1876	1877	-1756
chr16	27226660	27232027	27226818	5367	27229343	-2683	2684	-2525
chr16	56355352	56358224	56356502	2872	56356788	-1436	1436	-286
chr16	1503827	1511378	1507315	7551	1507602	-3775	3776	-287
chr16	27459712	27466096	27462315	6384	27462904	-3192	3192	-589
chr16	28838528	28846122	28844093	7594	28842325	-3797	3797	1768
chr16	28980518	28983444	28982010	2926	28981981	-1463	1463	29
chr16	29898762	29901811	29901643	3049	29900286	-1524	1525	1357
chr16	57511744	57517791	57512866	6047	57514767	-3023	3024	-1901
chr16	1361273	1365747	1362860	4474	1363510	-2237	2237	-650
chr16	30068401	30074981	30069529	6580	30071691	-3290	3290	-2162
chr16	30355160	30360133	30358121	4973	30357646	-2486	2487	475
chr16	67675285	67676901	67675868	1616	67676093	-808	808	-225
chr16	30392670	30399331	30397634	6661	30396000	-3330	3331	1634
chr16	29801872	29808524	29805162	6652	29805198	-3326	3326	-36
chr16	30392670	30399331	30397798	6661	30396000	-3330	3331	1798
chr16	363010	370814	368609	7804	366912	-3902	3902	1697
chr16	628162	632976	632837	4814	630569	-2407	2407	2268
chr16	24569789	24572566	24569925	2777	24571177	-1388	1389	-1252
chr16	24569789	24572566	24571562	2777	24571177	-1388	1389	385
chr16	30392670	30399331	30398731	6661	30396000	-3330	3331	2731
chr16	30651075	30657065	30656276	5990	30654070	-2995	2995	2206
chr16	11674976	11677664	11676080	2688	11676320	-1344	1344	-240
chr16	67542831	67549676	67546177	6845	67546253	-3422	3423	-76
chr16	30350971	30354406	30353225	3435	30352688	-1717	1718	537
chr16	89738113	89741017	89739800	2904	89739565	-1452	1452	235
chr16	1442531	1449768	1447551	7237	1446149	-3618	3619	1402
chr16	68353010	68360872	68355802	7862	68356941	-3931	3931	-1139
chr16	30602880	30605973	30604110	3093	30604426	-1546	1547	-316
chr16	29991887	29996915	29994383	5028	29994401	-2514	2514	-18
chr16	30182803	30190232	30186831	7429	30186517	-3714	3715	314
chr16	4688036	4694986	4694070	6950	4691511	-3475	3475	2559
chr16	30602880	30605973	30604817	3093	30604426	-1546	1547	391
chr16	30602880	30605973	30604915	3093	30604426	-1546	1547	489
chr16	30182803	30190232	30188111	7429	30186517	-3714	3715	1594
chr16	67149143	67156537	67149602	7394	67152840	-3697	3697	-3238
chr16	29801872	29808524	29807849	6652	29805198	-3326	3326	2651
chr16	30602880	30605973	30604526	3093	30604426	-1546	1547	100
chr16	67542831	67549676	67543229	6845	67546253	-3422	3423	-3024
chr16	67542831	67549676	67544330	6845	67546253	-3422	3423	-1923
chr16	4880200	4887501	4885559	7301	4883850	-3650	3651	1709
chr16	30602880	30605973	30604702	3093	30604426	-1546	1547	276
chr16	85673909	85676113	85675985	2204	85675011	-1102	1102	974
chr16	85669771	85672580	85672541	2809	85671175	-1404	1405	1366
chr16	28898026	28904080	28902021	6054	28901053	-3027	3027	968
chr16	30068401	30074981	30068917	6580	30071691	-3290	3290	-2774
chr16	4259672	4266577	4260233	6905	4263124	-3452	3453	-2891
chr16	68078458	68082634	68079210	4176	68080546	-2088	2088	-1336
chr16	28838528	28846122	28844425	7594	28842325	-3797	3797	2100
chr16	29991887	29996915	29995543	5028	29994401	-2514	2514	1142
chr16	11833189	11839682	11837829	6493	11836435	-3246	3247	1394
chr16	31130049	31132230	31130468	2181	31131139	-1090	1091	-671
chr16	4880200	4887501	4881982	7301	4883850	-3650	3651	-1868
chr16	67925197	67932425	67930044	7228	67928811	-3614	3614	1233
chr16	30602880	30605973	30605123	3093	30604426	-1546	1547	697
chr16	29801872	29808524	29808242	6652	29805198	-3326	3326	3044
chr16	30651075	30657065	30656246	5990	30654070	-2995	2995	2176
chr16	4880200	4887501	4884650	7301	4883850	-3650	3651	800
chr16	28904484	28907031	28905743	2547	28905757	-1273	1274	-14
chr16	30200505	30207655	30205958	7150	30204080	-3575	3575	1878
chr16	8894337	8895561	8894592	1224	8894949	-612	612	-357
chr16	3055091	3060102	3057377	5011	3057596	-2505	2506	-219
chr16	30066510	30068011	30067284	1501	30067260	-750	751	24
chr16	67169194	67171238	67169778	2044	67170216	-1022	1022	-438
chr16	74304144	74306008	74304366	1864	74305076	-932	932	-710
chr17	4794340	4798799	4796780	4459	4796569	-2229	2230	211
chr17	28714883	28719425	28715077	4542	28717154	-2271	2271	-2077
chr17	7462460	7465813	7463304	3353	7464136	-1676	1677	-832
chr17	7564972	7566334	7565569	1362	7565653	-681	681	-84
chr17	39728765	39731741	39729470	2976	39730253	-1488	1488	-783
chr17	42569699	42571790	42570116	2091	42570744	-1045	1046	-628
chr17	74950779	74953776	74952334	2997	74952277	-1498	1499	57
chr17	4794340	4798799	4798024	4459	4796569	-2229	2230	1455
chr17	63431929	63435741	63434530	3812	63433835	-1906	1906	695
chr17	1006382	1009300	1007173	2918	1007841	-1459	1459	-668
chr17	73207835	73209073	73208345	1238	73208454	-619	619	-109
chr17	74769145	74775822	74771818	6677	74772483	-3338	3339	-665
chr17	75753414	75760022	75758052	6608	75756718	-3304	3304	1334
chr17	82440634	82447029	82445929	6395	82443831	-3197	3198	2098
chr17	7947368	7950198	7948575	2830	7948783	-1415	1415	-208
chr17	1937443	1940277	1937570	2834	1938860	-1417	1417	-1290
chr17	7592390	7597141	7592763	4751	7594765	-2375	2376	-2002
chr17	42689449	42696237	42696065	6788	42692843	-3394	3394	3222
chr17	39407156	39409403	39408271	2247	39408279	-1123	1124	-8
chr17	8159173	8167141	8161516	7968	8163157	-3984	3984	-1641
chr17	40452787	40454932	40453949	2145	40453859	-1072	1073	90
chr17	74950779	74953776	74952035	2997	74952277	-1498	1499	-242
chr17	78425315	78428478	78425367	3163	78426896	-1581	1582	-1529
chr17	31851246	31857302	31852114	6056	31854274	-3028	3028	-2160
chr17	38325381	38326504	38326089	1123	38325942	-561	562	147
chr17	75519992	75527354	75522251	7362	75523673	-3681	3681	-1422
chr17	43011924	43015085	43013601	3161	43013504	-1580	1581	97
chr17	8169536	8174503	8173586	4967	8172019	-2483	2484	1567
chr17	76389946	76392448	76392019	2502	76391197	-1251	1251	822
chr17	76389946	76392448	76392020	2502	76391197	-1251	1251	823
chr17	4930324	4936631	4934468	6307	4933477	-3153	3154	991
chr17	47943481	47946418	47946380	2937	47944949	-1468	1469	1431
chr17	42794505	42796182	42795801	1677	42795343	-838	839	458
chr17	82440634	82447029	82444738	6395	82443831	-3197	3198	907
chr17	38729063	38734813	38731363	5750	38731938	-2875	2875	-575
chr17	64149432	64151101	64150839	1669	64150266	-834	835	573
chr17	41688102	41693855	41690945	5753	41690978	-2876	2877	-33
chr17	43011924	43015085	43013343	3161	43013504	-1580	1581	-161
chr17	44396683	44402454	44398827	5771	44399568	-2885	2886	-741
chr17	75846036	75851256	75848635	5220	75848646	-2610	2610	-11
chr17	75625058	75632291	75628751	7233	75628674	-3616	3617	77
chr17	7848349	7851767	7851667	3418	7850058	-1709	1709	1609
chr17	80138031	80141366	80138174	3335	80139698	-1667	1668	-1524
chr17	7439163	7443547	7442672	4384	7441355	-2192	2192	1317
chr17	7439163	7443547	7443053	4384	7441355	-2192	2192	1698
chr17	81671316	81675163	81672618	3847	81673239	-1923	1924	-621
chr17	39407156	39409403	39407571	2247	39408279	-1123	1124	-708
chr17	1894561	1897653	1897135	3092	1896107	-1546	1546	1028
chr17	45103839	45105988	45105634	2149	45104913	-1074	1075	721
chr17	4958119	4962597	4959531	4478	4960358	-2239	2239	-827
chr17	28895284	28902159	28901049	6875	28898721	-3437	3438	2328
chr17	42113414	42118920	42117982	5506	42116167	-2753	2753	1815
chr17	58206590	58210610	58207105	4020	58208600	-2010	2010	-1495
chr17	79780804	79787906	79785064	7102	79784355	-3551	3551	709
chr17	44347639	44353095	44351759	5456	44350367	-2728	2728	1392
chr17	785932	792241	792098	6309	789086	-3154	3155	3012
chr17	7315683	7321959	7317814	6276	7318821	-3138	3138	-1007
chr17	28331454	28335234	28331912	3780	28333344	-1890	1890	-1432
chr17	45393965	45397468	45396013	3503	45395716	-1751	1752	297
chr17	4930324	4936631	4934356	6307	4933477	-3153	3154	879
chr17	12991593	12994199	12993738	2606	12992896	-1303	1303	842
chr17	43207791	43210535	43210073	2744	43209163	-1372	1372	910
chr17	74769145	74775822	74771749	6677	74772483	-3338	3339	-734
chr17	1651291	1656542	1651547	5251	1653916	-2625	2626	-2369
chr17	7235511	7240997	7237387	5486	7238254	-2743	2743	-867
chr17	75519992	75527354	75521490	7362	75523673	-3681	3681	-2183
chr17	45148439	45150638	45148504	2199	45149538	-1099	1100	-1034
chr17	4942299	4946191	4945195	3892	4944245	-1946	1946	950
chr17	42999609	43004306	43002771	4697	43001957	-2348	2349	814
chr17	45148439	45150638	45149667	2199	45149538	-1099	1100	129
chr17	18328342	18329673	18328725	1331	18329007	-665	666	-282
chr17	44347639	44353095	44350307	5456	44350367	-2728	2728	-60
chr17	42794505	42796182	42795982	1677	42795343	-838	839	639
chr17	19381012	19388099	19386393	7087	19384555	-3543	3544	1838
chr17	74839910	74844526	74844472	4616	74842218	-2308	2308	2254
chr17	42701839	42703985	42703624	2146	42702912	-1073	1073	712
chr17	40088532	40091551	40089230	3019	40090041	-1509	1510	-811
chr17	8159173	8167141	8160829	7968	8163157	-3984	3984	-2328
chr17	43026176	43029970	43028641	3794	43028073	-1897	1897	568
chr17	16026363	16027030	16026880	667	16026696	-333	334	184
chr17	81118192	81121593	81120715	3401	81119892	-1700	1701	823
chr17	42556892	42564020	42563156	7128	42560456	-3564	3564	2700
chr17	16026363	16027030	16026796	667	16026696	-333	334	100
chr17	44161336	44165320	44161931	3984	44163328	-1992	1992	-1397
chr17	58206590	58210610	58208142	4020	58208600	-2010	2010	-458
chr17	45436763	45438246	45437788	1483	45437504	-741	742	284
chr17	4163770	4166110	4165026	2340	4164940	-1170	1170	86
chr17	7345264	7349743	7348354	4479	7347503	-2239	2240	851
chr17	29570697	29573508	29572224	2811	29572102	-1405	1406	122
chr17	30185156	30186805	30185669	1649	30185980	-824	825	-311
chr17	36598665	36602832	36602087	4167	36600748	-2083	2084	1339
chr17	37085325	37087489	37086939	2164	37086407	-1082	1082	532
chr17	40017316	40019221	40017351	1905	40018268	-952	953	-917
chr17	59105567	59106824	59106681	1257	59106195	-628	629	486
chr17	1773106	1777461	1776603	4355	1775283	-2177	2178	1320
chr17	7279714	7286981	7284294	7267	7283347	-3633	3634	947
chr17	41688102	41693855	41688925	5753	41690978	-2876	2877	-2053
chr17	4984809	4988627	4988469	3818	4986718	-1909	1909	1751
chr17	28331454	28335234	28331887	3780	28333344	-1890	1890	-1457
chr17	48053400	48060866	48058824	7466	48057133	-3733	3733	1691
chr17	18244843	18247818	18245993	2975	18246330	-1487	1488	-337
chr17	38321523	38322646	38322553	1123	38322084	-561	562	469
chr17	38768388	38772271	38769607	3883	38770329	-1941	1942	-722
chr17	50482968	50485529	50483407	2561	50484248	-1280	1281	-841
chr17	40351066	40354608	40354351	3542	40352837	-1771	1771	1514
chr17	38321523	38322646	38322546	1123	38322084	-561	562	462
chr17	47834867	47837843	47835018	2976	47836355	-1488	1488	-1337
chr17	7854768	7859350	7858719	4582	7857059	-2291	2291	1660
chr17	18261858	18266307	18264626	4449	18264082	-2224	2225	544
chr17	38916970	38922118	38918642	5148	38919544	-2574	2574	-902
chr17	79780804	79787906	79784382	7102	79784355	-3551	3551	27
chr17	5444326	5446681	5444381	2355	5445503	-1177	1178	-1122
chr17	2040640	2045366	2042541	4726	2043003	-2363	2363	-462
chr17	41800717	41803434	41803422	2717	41802075	-1358	1359	1347
chr17	41968416	41970105	41968658	1689	41969260	-844	845	-602
chr17	44004112	44010689	44008557	6577	44007400	-3288	3289	1157
chr17	73284381	73289143	73285218	4762	73286762	-2381	2381	-1544
chr17	40094377	40098613	40095639	4236	40096495	-2118	2118	-856
chr17	50553010	50557224	50555535	4214	50555117	-2107	2107	418
chr17	76467793	76470909	76469969	3116	76469351	-1558	1558	618
chr17	75519992	75527354	75524436	7362	75523673	-3681	3681	763
chr17	7315683	7321959	7319145	6276	7318821	-3138	3138	324
chr17	7455407	7458192	7455836	2785	7456799	-1392	1393	-963
chr17	2376479	2380200	2379072	3721	2378339	-1860	1861	733
chr17	18328342	18329673	18329354	1331	18329007	-665	666	347
chr17	76735848	76738374	76735904	2526	76737111	-1263	1263	-1207
chr17	44396683	44402454	44397463	5771	44399568	-2885	2886	-2105
chr17	38321523	38322646	38322155	1123	38322084	-561	562	71
chr17	7852212	7853906	7853001	1694	7853059	-847	847	-58
chr17	50087229	50090409	50089245	3180	50088819	-1590	1590	426
chr17	40133773	40136017	40133846	2244	40134895	-1122	1122	-1049
chr17	42556892	42564020	42563173	7128	42560456	-3564	3564	2717
chr17	42556892	42564020	42563261	7128	42560456	-3564	3564	2805
chr17	42574049	42578307	42574193	4258	42576178	-2129	2129	-1985
chr17	78356468	78362526	78358883	6058	78359497	-3029	3029	-614
chr17	17218250	17220839	17219083	2589	17219544	-1294	1295	-461
chr17	44778486	44781757	44780949	3271	44780121	-1635	1636	828
chr17	7832069	7836219	7833124	4150	7834144	-2075	2075	-1020
chr17	7832069	7836219	7833591	4150	7834144	-2075	2075	-553
chr17	7907414	7911392	7910901	3978	7909403	-1989	1989	1498
chr17	45138640	45145902	45143509	7262	45142271	-3631	3631	1238
chr17	75519992	75527354	75523747	7362	75523673	-3681	3681	74
chr17	7576250	7583423	7580774	7173	7579836	-3586	3587	938
chr17	7564972	7566334	7565588	1362	7565653	-681	681	-65
chr17	45240535	45244357	45243952	3822	45242446	-1911	1911	1506
chr17	44175959	44179447	44177710	3488	44177703	-1744	1744	7
chr17	44778486	44781757	44779236	3271	44780121	-1635	1636	-885
chr17	1003045	1005808	1003740	2763	1004426	-1381	1382	-686
chr17	40094377	40098613	40095848	4236	40096495	-2118	2118	-647
chr17	7349946	7353527	7352680	3581	7351736	-1790	1791	944
chr17	43011924	43015085	43012278	3161	43013504	-1580	1581	-1226
chr17	8474881	8477170	8475772	2289	8476025	-1144	1145	-253
chr17	44347639	44353095	44349742	5456	44350367	-2728	2728	-625
chr17	76735848	76738374	76737005	2526	76737111	-1263	1263	-106
chr17	42556892	42564020	42563151	7128	42560456	-3564	3564	2695
chr17	42701839	42703985	42702486	2146	42702912	-1073	1073	-426
chr17	1937443	1940277	1937498	2834	1938860	-1417	1417	-1362
chr17	7462460	7465813	7463124	3353	7464136	-1676	1677	-1012
chr17	75625058	75632291	75629728	7233	75628674	-3616	3617	1054
chr17	42948513	42953428	42950656	4915	42950970	-2457	2458	-314
chr17	59698609	59700969	59699727	2360	59699789	-1180	1180	-62
chr17	75519992	75527354	75524389	7362	75523673	-3681	3681	716
chr17	1773106	1777461	1776578	4355	1775283	-2177	2178	1295
chr17	7041585	7043203	7041736	1618	7042394	-809	809	-658
chr17	7345264	7349743	7349003	4479	7347503	-2239	2240	1500
chr17	7557803	7561047	7558948	3244	7559425	-1622	1622	-477
chr17	18928240	18929396	18928826	1156	18928818	-578	578	8
chr17	42020038	42026083	42021618	6045	42023060	-3022	3023	-1442
chr17	42574049	42578307	42577098	4258	42576178	-2129	2129	920
chr17	47834867	47837843	47837084	2976	47836355	-1488	1488	729
chr17	48053400	48060866	48058702	7466	48057133	-3733	3733	1569
chr17	79780804	79787906	79784305	7102	79784355	-3551	3551	-50
chr17	4668536	4673419	4673252	4883	4670977	-2441	2442	2275
chr17	4942299	4946191	4944879	3892	4944245	-1946	1946	634
chr17	37085325	37087489	37087143	2164	37086407	-1082	1082	736
chr17	42556892	42564020	42562733	7128	42560456	-3564	3564	2277
chr17	48053400	48060866	48058534	7466	48057133	-3733	3733	1401
chr17	61408575	61409182	61409020	607	61408878	-303	304	142
chr17	81917089	81918340	81917562	1251	81917714	-625	626	-152
chr17	18241317	18244822	18241982	3505	18243069	-1752	1753	-1087
chr17	78356468	78362526	78358390	6058	78359497	-3029	3029	-1107
chr17	42541346	42543511	42543226	2165	42542428	-1082	1083	798
chr17	42794505	42796182	42795874	1677	42795343	-838	839	531
chr17	43026176	43029970	43028584	3794	43028073	-1897	1897	511
chr17	3663706	3665691	3664273	1985	3664698	-992	993	-425
chr17	38735074	38736928	38735387	1854	38736001	-927	927	-614
chr17	44353457	44358364	44355133	4907	44355910	-2453	2454	-777
chr17	47926633	47928712	47927828	2079	47927672	-1039	1040	156
chr17	4968225	4973236	4968807	5011	4970730	-2505	2506	-1923
chr17	16378948	16381785	16381057	2837	16380366	-1418	1419	691
chr17	38798206	38801517	38799332	3311	38799861	-1655	1656	-529
chr17	1513934	1519554	1518009	5620	1516744	-2810	2810	1265
chr17	2380222	2383876	2380230	3654	2382049	-1827	1827	-1819
chr17	4163770	4166110	4164876	2340	4164940	-1170	1170	-64
chr17	4794340	4798799	4797558	4459	4796569	-2229	2230	989
chr17	7576250	7583423	7578165	7173	7579836	-3586	3587	-1671
chr17	37085325	37087489	37087054	2164	37086407	-1082	1082	647
chr17	40628016	40631912	40628976	3896	40629964	-1948	1948	-988
chr17	43011924	43015085	43014197	3161	43013504	-1580	1581	693
chr17	43011924	43015085	43014869	3161	43013504	-1580	1581	1365
chr17	44175959	44179447	44176609	3488	44177703	-1744	1744	-1094
chr17	44175959	44179447	44178466	3488	44177703	-1744	1744	763
chr17	81111167	81117493	81116034	6326	81114330	-3163	3163	1704
chr17	7576250	7583423	7577482	7173	7579836	-3586	3587	-2354
chr17	8203199	8208878	8205335	5679	8206038	-2839	2840	-703
chr17	44347639	44353095	44352127	5456	44350367	-2728	2728	1760
chr17	42556892	42564020	42562953	7128	42560456	-3564	3564	2497
chr17	4930324	4936631	4932981	6307	4933477	-3153	3154	-496
chr17	38321523	38322646	38322300	1123	38322084	-561	562	216
chr17	75846036	75851256	75847819	5220	75848646	-2610	2610	-827
chr17	2040640	2045366	2043052	4726	2043003	-2363	2363	49
chr17	38325381	38326504	38326500	1123	38325942	-561	562	558
chr17	38325381	38326504	38326501	1123	38325942	-561	562	559
chr17	78425315	78428478	78427009	3163	78426896	-1581	1582	113
chr17	4668536	4673419	4672986	4883	4670977	-2441	2442	2009
chr17	43011924	43015085	43014332	3161	43013504	-1580	1581	828
chr17	44396683	44402454	44398892	5771	44399568	-2885	2886	-676
chr17	28401996	28404378	28402290	2382	28403187	-1191	1191	-897
chr17	28400277	28401072	28400551	795	28400674	-397	398	-123
chr17	7592390	7597141	7593926	4751	7594765	-2375	2376	-839
chr17	8474881	8477170	8475686	2289	8476025	-1144	1145	-339
chr17	40628016	40631912	40628897	3896	40629964	-1948	1948	-1067
chr17	4731475	4736238	4735161	4763	4733856	-2381	2382	1305
chr17	76735848	76738374	76736420	2526	76737111	-1263	1263	-691
chr17	39170747	39176655	39175566	5908	39173701	-2954	2954	1865
chr17	58206590	58210610	58208543	4020	58208600	-2010	2010	-57
chr17	74742513	74746097	74744386	3584	74744305	-1792	1792	81
chr17	42569699	42571790	42570046	2091	42570744	-1045	1046	-698
chr17	7235511	7240997	7235576	5486	7238254	-2743	2743	-2678
chr17	7511468	7513866	7513084	2398	7512667	-1199	1199	417
chr17	28879659	28885696	28881281	6037	28882677	-3018	3019	-1396
chr17	38729063	38734813	38730791	5750	38731938	-2875	2875	-1147
chr17	79780804	79787906	79786646	7102	79784355	-3551	3551	2291
chr17	50369682	50373895	50370510	4213	50371788	-2106	2107	-1278
chr17	41970375	41977419	41973612	7044	41973897	-3522	3522	-285
chr17	48927815	48932284	48931688	4469	48930049	-2234	2235	1639
chr17	42794505	42796182	42795008	1677	42795343	-838	839	-335
chr17	7015512	7016844	7015822	1332	7016178	-666	666	-356
chr17	75317768	75320769	75320378	3001	75319268	-1500	1501	1110
chr17	61409253	61413712	61412289	4459	61411482	-2229	2230	807
chr17	28895284	28902159	28898492	6875	28898721	-3437	3438	-229
chr17	7279714	7286981	7285708	7267	7283347	-3633	3634	2361
chr17	58206590	58210610	58208515	4020	58208600	-2010	2010	-85
chr17	7564972	7566334	7565143	1362	7565653	-681	681	-510
chr17	7564972	7566334	7565349	1362	7565653	-681	681	-304
chr17	45393965	45397468	45395174	3503	45395716	-1751	1752	-542
chr17	74839910	74844526	74844468	4616	74842218	-2308	2308	2250
chr17	82485599	82488598	82487977	2999	82487098	-1499	1500	879
chr17	28879659	28885696	28880842	6037	28882677	-3018	3019	-1835
chr17	48053400	48060866	48058954	7466	48057133	-3733	3733	1821
chr17	1465735	1471920	1467904	6185	1468827	-3092	3093	-923
chr17	2323898	2326194	2324241	2296	2325046	-1148	1148	-805
chr17	4731475	4736238	4733217	4763	4733856	-2381	2382	-639
chr17	4958119	4962597	4959554	4478	4960358	-2239	2239	-804
chr17	7439163	7443547	7441532	4384	7441355	-2192	2192	177
chr17	7576250	7583423	7579836	7173	7579836	-3586	3587	0
chr17	7854768	7859350	7858053	4582	7857059	-2291	2291	994
chr17	7854768	7859350	7858204	4582	7857059	-2291	2291	1145
chr17	7947368	7950198	7947943	2830	7948783	-1415	1415	-840
chr17	17495189	17499336	17495496	4147	17497262	-2073	2074	-1766
chr17	18244843	18247818	18245602	2975	18246330	-1487	1488	-728
chr17	18244843	18247818	18246397	2975	18246330	-1487	1488	67
chr17	18928240	18929396	18928937	1156	18928818	-578	578	119
chr17	19381012	19388099	19384405	7087	19384555	-3543	3544	-150
chr17	21312574	21316045	21314278	3471	21314309	-1735	1736	-31
chr17	36495755	36498836	36498252	3081	36497295	-1540	1541	957
chr17	40133773	40136017	40134394	2244	40134895	-1122	1122	-501
chr17	41970375	41977419	41977392	7044	41973897	-3522	3522	3495
chr17	51168080	51170506	51169998	2426	51169293	-1213	1213	705
chr17	59840691	59844894	59841293	4203	59842792	-2101	2102	-1499
chr17	60043925	60046983	60044060	3058	60045454	-1529	1529	-1394
chr17	73207835	73209073	73208298	1238	73208454	-619	619	-156
chr17	75625058	75632291	75627647	7233	75628674	-3616	3617	-1027
chr17	75625058	75632291	75628254	7233	75628674	-3616	3617	-420
chr17	75846036	75851256	75848601	5220	75848646	-2610	2610	-45
chr17	76001480	76003071	76002055	1591	76002275	-795	796	-220
chr17	76001480	76003071	76002402	1591	76002275	-795	796	127
chr17	76735848	76738374	76736996	2526	76737111	-1263	1263	-115
chr17	78425315	78428478	78426534	3163	78426896	-1581	1582	-362
chr17	8203199	8208878	8207191	5679	8206038	-2839	2840	1153
chr17	7576250	7583423	7577972	7173	7579836	-3586	3587	-1864
chr17	4668536	4673419	4672305	4883	4670977	-2441	2442	1328
chr17	42663303	42666830	42665544	3527	42665066	-1763	1764	478
chr17	48053400	48060866	48059003	7466	48057133	-3733	3733	1870
chr17	28746148	28749261	28749016	3113	28747704	-1556	1557	1312
chr17	42667513	42672925	42669578	5412	42670219	-2706	2706	-641
chr17	74769145	74775822	74773638	6677	74772483	-3338	3339	1155
chr17	1640823	1648233	1645614	7410	1644528	-3705	3705	1086
chr17	7576250	7583423	7578876	7173	7579836	-3586	3587	-960
chr17	4930324	4936631	4932700	6307	4933477	-3153	3154	-777
chr17	4930324	4936631	4934126	6307	4933477	-3153	3154	649
chr17	7235511	7240997	7236391	5486	7238254	-2743	2743	-1863
chr17	7557803	7561047	7560824	3244	7559425	-1622	1622	1399
chr17	42701839	42703985	42703782	2146	42702912	-1073	1073	870
chr17	75519992	75527354	75523696	7362	75523673	-3681	3681	23
chr17	76001480	76003071	76002370	1591	76002275	-795	796	95
chr17	73284381	73289143	73286038	4762	73286762	-2381	2381	-724
chr17	8169536	8174503	8174187	4967	8172019	-2483	2484	2168
chr17	7832069	7836219	7833666	4150	7834144	-2075	2075	-478
chr17	74769145	74775822	74771997	6677	74772483	-3338	3339	-486
chr17	80210167	80215516	80212094	5349	80212841	-2674	2675	-747
chr17	1651291	1656542	1653996	5251	1653916	-2625	2626	80
chr17	7345264	7349743	7347988	4479	7347503	-2239	2240	485
chr17	59695010	59697951	59697316	2941	59696480	-1470	1471	836
chr17	59695010	59697951	59697387	2941	59696480	-1470	1471	907
chr17	7592390	7597141	7593099	4751	7594765	-2375	2376	-1666
chr17	81118192	81121593	81118385	3401	81119892	-1700	1701	-1507
chr17	45436763	45438246	45437088	1483	45437504	-741	742	-416
chr17	47681025	47683871	47682698	2846	47682448	-1423	1423	250
chr17	5381487	5383358	5383212	1871	5382422	-935	936	790
chr17	40354803	40358747	40355336	3944	40356775	-1972	1972	-1439
chr17	7439163	7443547	7443044	4384	7441355	-2192	2192	1689
chr17	7462460	7465813	7462738	3353	7464136	-1676	1677	-1398
chr17	7557803	7561047	7560081	3244	7559425	-1622	1622	656
chr17	18244843	18247818	18245779	2975	18246330	-1487	1488	-551
chr17	18244843	18247818	18246010	2975	18246330	-1487	1488	-320
chr17	31851246	31857302	31852110	6056	31854274	-3028	3028	-2164
chr17	42778403	42782773	42779054	4370	42780588	-2185	2185	-1534
chr17	48053400	48060866	48059178	7466	48057133	-3733	3733	2045
chr17	61409253	61413712	61412105	4459	61411482	-2229	2230	623
chr17	42027209	42029185	42028133	1976	42028197	-988	988	-64
chr17	28347203	28350625	28348014	3422	28348914	-1711	1711	-900
chr17	28895284	28902159	28900999	6875	28898721	-3437	3438	2278
chr17	44396683	44402454	44399077	5771	44399568	-2885	2886	-491
chr17	42113414	42118920	42117985	5506	42116167	-2753	2753	1818
chr17	4930324	4936631	4934406	6307	4933477	-3153	3154	929
chr17	82440634	82447029	82444088	6395	82443831	-3197	3198	257
chr17	44747910	44750340	44748573	2430	44749125	-1215	1215	-552
chr17	50087229	50090409	50089159	3180	50088819	-1590	1590	340
chr17	7592390	7597141	7592578	4751	7594765	-2375	2376	-2187
chr17	12991593	12994199	12993744	2606	12992896	-1303	1303	848
chr17	38729063	38734813	38731353	5750	38731938	-2875	2875	-585
chr17	79780804	79787906	79785063	7102	79784355	-3551	3551	708
chr17	36598665	36602832	36599754	4167	36600748	-2083	2084	-994
chr17	38672210	38674394	38673391	2184	38673302	-1092	1092	89
chr17	18244843	18247818	18246456	2975	18246330	-1487	1488	126
chr17	40094377	40098613	40096081	4236	40096495	-2118	2118	-414
chr17	42556892	42564020	42563410	7128	42560456	-3564	3564	2954
chr17	18241317	18244822	18242627	3505	18243069	-1752	1753	-442
chr17	7439163	7443547	7442742	4384	7441355	-2192	2192	1387
chr17	42667513	42672925	42668031	5412	42670219	-2706	2706	-2188
chr17	12991593	12994199	12993746	2606	12992896	-1303	1303	850
chr17	48053400	48060866	48059115	7466	48057133	-3733	3733	1982
chr17	48053400	48060866	48059467	7466	48057133	-3733	3733	2334
chr17	76307047	76311771	76307477	4724	76309409	-2362	2362	-1932
chr17	44396683	44402454	44397443	5771	44399568	-2885	2886	-2125
chr17	81665743	81670843	81667780	5100	81668293	-2550	2550	-513
chr17	76467793	76470909	76468858	3116	76469351	-1558	1558	-493
chr17	7832069	7836219	7832887	4150	7834144	-2075	2075	-1257
chr17	44353457	44358364	44356262	4907	44355910	-2453	2454	352
chr17	81111167	81117493	81115832	6326	81114330	-3163	3163	1502
chr17	29570697	29573508	29572447	2811	29572102	-1405	1406	345
chr17	19381012	19388099	19384393	7087	19384555	-3543	3544	-162
chr17	7013679	7015432	7014222	1753	7014555	-876	877	-333
chr17	7576250	7583423	7577425	7173	7579836	-3586	3587	-2411
chr17	28698829	28700847	28700173	2018	28699838	-1009	1009	335
chr17	39726614	39728501	39727755	1887	39727557	-943	944	198
chr17	7557803	7561047	7560907	3244	7559425	-1622	1622	1482
chr17	42663303	42666830	42663403	3527	42665066	-1763	1764	-1663
chr17	7852212	7853906	7852251	1694	7853059	-847	847	-808
chr17	4668536	4673419	4673284	4883	4670977	-2441	2442	2307
chr17	28324447	28327846	28326619	3399	28326146	-1699	1700	473
chr17	4968225	4973236	4969693	5011	4970730	-2505	2506	-1037
chr17	7279714	7286981	7284531	7267	7283347	-3633	3634	1184
chr17	41970375	41977419	41976652	7044	41973897	-3522	3522	2755
chr17	4942299	4946191	4943458	3892	4944245	-1946	1946	-787
chr17	4942299	4946191	4944641	3892	4944245	-1946	1946	396
chr17	42794505	42796182	42795424	1677	42795343	-838	839	81
chr17	75519992	75527354	75521862	7362	75523673	-3681	3681	-1811
chr17	76389946	76392448	76391001	2502	76391197	-1251	1251	-196
chr17	82440634	82447029	82441823	6395	82443831	-3197	3198	-2008
chr17	28895284	28902159	28901555	6875	28898721	-3437	3438	2834
chr17	7433856	7438927	7436666	5071	7436391	-2535	2536	275
chr17	39170747	39176655	39175370	5908	39173701	-2954	2954	1669
chr17	42020038	42026083	42024016	6045	42023060	-3022	3023	956
chr17	48053400	48060866	48059443	7466	48057133	-3733	3733	2310
chr17	67030849	67035124	67031180	4275	67032986	-2137	2138	-1806
chr17	79780804	79787906	79785012	7102	79784355	-3551	3551	657
chr17	50087229	50090409	50088302	3180	50088819	-1590	1590	-517
chr17	28895284	28902159	28898584	6875	28898721	-3437	3438	-137
chr17	4930324	4936631	4934586	6307	4933477	-3153	3154	1109
chr17	7576250	7583423	7579890	7173	7579836	-3586	3587	54
chr17	42120998	42125598	42123294	4600	42123298	-2300	2300	-4
chr17	76307047	76311771	76307482	4724	76309409	-2362	2362	-1927
chr17	785932	792241	791626	6309	789086	-3154	3155	2540
chr17	75519992	75527354	75524494	7362	75523673	-3681	3681	821
chr17	79780804	79787906	79784542	7102	79784355	-3551	3551	187
chr18	24163463	24165496	24165067	2033	24164479	-1016	1017	588
chr18	12324792	12327094	12325961	2302	12325943	-1151	1151	18
chr18	79967528	79969509	79968123	1981	79968518	-990	991	-395
chr18	24163463	24165496	24165079	2033	24164479	-1016	1017	600
chr18	3255826	3259727	3255913	3901	3257776	-1950	1951	-1863
chr18	669960	672085	670739	2125	671022	-1062	1063	-283
chr18	12324792	12327094	12326153	2302	12325943	-1151	1151	210
chr18	79377146	79381225	79377328	4079	79379185	-2039	2040	-1857
chr18	79897350	79905145	79899086	7795	79901247	-3897	3898	-2161
chr19	19532553	19539739	19535082	7186	19536146	-3593	3593	-1064
chr19	39472284	39476831	39474894	4547	39474557	-2273	2274	337
chr19	7617554	7622592	7618252	5038	7620073	-2519	2519	-1821
chr19	35544801	35548370	35546707	3569	35546585	-1784	1785	122
chr19	45686083	45692076	45687489	5993	45689079	-2996	2997	-1590
chr19	3775612	3779148	3779041	3536	3777380	-1768	1768	1661
chr19	12916407	12919779	12919268	3372	12918093	-1686	1686	1175
chr19	48463395	48465025	48464336	1630	48464210	-815	815	126
chr19	43606633	43612795	43612461	6162	43609714	-3081	3081	2747
chr19	2714614	2719840	2717408	5226	2717227	-2613	2613	181
chr19	5913735	5915043	5914685	1308	5914389	-654	654	296
chr19	18570424	18576330	18574947	5906	18573377	-2953	2953	1570
chr19	39419128	39424796	39424785	5668	39421962	-2834	2834	2823
chr19	40588478	40592729	40589177	4251	40590603	-2125	2126	-1426
chr19	52922509	52930124	52928332	7615	52926316	-3807	3808	2016
chr19	39979850	39981574	39981435	1724	39980712	-862	862	723
chr19	44176470	44177703	44177656	1233	44177086	-616	617	570
chr19	44176470	44177703	44177658	1233	44177086	-616	617	572
chr19	19201426	19205888	19202230	4462	19203657	-2231	2231	-1427
chr19	48635470	48640265	48640097	4795	48637867	-2397	2398	2230
chr19	50381641	50388603	50381987	6962	50385122	-3481	3481	-3135
chr19	55089389	55095990	55092538	6601	55092689	-3300	3301	-151
chr19	13965178	13970347	13965517	5169	13967762	-2584	2585	-2245
chr19	49657409	49660289	49659823	2880	49658849	-1440	1440	974
chr19	39196798	39200241	39199257	3443	39198519	-1721	1722	738
chr19	4326638	4332694	4326993	6056	4329666	-3028	3028	-2673
chr19	4320626	4325247	4324468	4621	4322936	-2310	2311	1532
chr19	15225066	15228429	15228095	3363	15226747	-1681	1682	1348
chr19	48463395	48465025	48464264	1630	48464210	-815	815	54
chr19	49551791	49558652	49556407	6861	49555221	-3430	3431	1186
chr19	55449256	55454237	55453198	4981	55451746	-2490	2491	1452
chr19	15376680	15381665	15380524	4985	15379172	-2492	2493	1352
chr19	49905219	49911811	49909077	6592	49908515	-3296	3296	562
chr19	49551791	49558652	49557209	6861	49555221	-3430	3431	1988
chr19	5915235	5919250	5917804	4015	5917242	-2007	2008	562
chr19	19201426	19205888	19201969	4462	19203657	-2231	2231	-1688
chr19	3477995	3482561	3478911	4566	3480278	-2283	2283	-1367
chr19	11722699	11727130	11723256	4431	11724914	-2215	2216	-1658
chr19	48624089	48631459	48628183	7370	48627774	-3685	3685	409
chr19	10551020	10555289	10552300	4269	10553154	-2134	2135	-854
chr19	35275842	35280215	35278783	4373	35278028	-2186	2187	755
chr19	12923517	12926735	12924721	3218	12925126	-1609	1609	-405
chr19	10827416	10833436	10831057	6020	10830426	-3010	3010	631
chr19	41586096	41587469	41586513	1373	41586782	-686	687	-269
chr19	49670119	49673361	49670382	3242	49671740	-1621	1621	-1358
chr19	7517979	7523710	7520653	5731	7520844	-2865	2866	-191
chr19	35496315	35502821	35499996	6506	35499568	-3253	3253	428
chr19	39385700	39390487	39385932	4787	39388093	-2393	2394	-2161
chr19	45068231	45074388	45069116	6157	45071309	-3078	3079	-2193
chr19	48624089	48631459	48629081	7370	48627774	-3685	3685	1307
chr19	11377286	11379250	11378013	1964	11378268	-982	982	-255
chr19	3775612	3779148	3778302	3536	3777380	-1768	1768	922
chr19	4815945	4818196	4816943	2251	4817070	-1125	1126	-127
chr19	8506504	8512089	8510733	5585	8509296	-2792	2793	1437
chr19	10351670	10354714	10353071	3044	10353192	-1522	1522	-121
chr19	14408173	14410057	14409037	1884	14409115	-942	942	-78
chr19	39385700	39390487	39386719	4787	39388093	-2393	2394	-1374
chr19	45523576	45524892	45524601	1316	45524234	-658	658	367
chr19	49635102	49642696	49636676	7594	49638899	-3797	3797	-2223
chr19	58510229	58517412	58511725	7183	58513820	-3591	3592	-2095
chr19	45404808	45406859	45406572	2051	45405833	-1025	1026	739
chr19	8322515	8323247	8322872	732	8322881	-366	366	-9
chr19	35633470	35635869	35634358	2399	35634669	-1199	1200	-311
chr19	46772683	46780504	46777273	7821	46776593	-3910	3911	680
chr19	49660466	49665411	49660768	4945	49662938	-2472	2473	-2170
chr19	55089389	55095990	55091383	6601	55092689	-3300	3301	-1306
chr19	55399755	55405060	55404408	5305	55402407	-2652	2653	2001
chr19	18564234	18568789	18568584	4555	18566511	-2277	2278	2073
chr19	4320626	4325247	4325223	4621	4322936	-2310	2311	2287
chr19	38299626	38307035	38304278	7409	38303330	-3704	3705	948
chr19	39487230	39493007	39489940	5777	39490118	-2888	2889	-178
chr19	35887389	35891006	35888489	3617	35889197	-1808	1809	-708
chr19	38384722	38391354	38385992	6632	38388038	-3316	3316	-2046
chr19	12755633	12762195	12757944	6562	12758914	-3281	3281	-970
chr19	48624089	48631459	48628172	7370	48627774	-3685	3685	398
chr19	7897337	7899282	7898685	1945	7898309	-972	973	376
chr19	11377286	11379250	11378726	1964	11378268	-982	982	458
chr19	18780155	18786763	18786595	6608	18783459	-3304	3304	3136
chr19	39979850	39981574	39981202	1724	39980712	-862	862	490
chr19	4320626	4325247	4323755	4621	4322936	-2310	2311	819
chr19	38299626	38307035	38304473	7409	38303330	-3704	3705	1143
chr19	7617554	7622592	7621220	5038	7620073	-2519	2519	1147
chr19	19201426	19205888	19203112	4462	19203657	-2231	2231	-545
chr19	17731663	17737777	17733352	6114	17734720	-3057	3057	-1368
chr19	43503491	43508174	43506848	4683	43505832	-2341	2342	1016
chr19	48741980	48746493	48745850	4513	48744236	-2256	2257	1614
chr19	54159301	54161018	54159640	1717	54160159	-858	859	-519
chr19	54174005	54178274	54174276	4269	54176139	-2134	2135	-1863
chr19	14048628	14054008	14053652	5380	14051318	-2690	2690	2334
chr19	11354764	11358402	11357682	3638	11356583	-1819	1819	1099
chr19	19677153	19680094	19680089	2941	19678623	-1470	1471	1466
chr19	54171562	54173591	54173077	2029	54172576	-1014	1015	501
chr19	15225066	15228429	15227844	3363	15226747	-1681	1682	1097
chr19	4320626	4325247	4323010	4621	4322936	-2310	2311	74
chr19	615804	622495	620447	6691	619149	-3345	3346	1298
chr19	1919367	1927356	1924319	7989	1923361	-3994	3995	958
chr19	7617554	7622592	7621160	5038	7620073	-2519	2519	1087
chr19	9808893	9814868	9811155	5975	9811880	-2987	2988	-725
chr19	36008531	36012328	36008650	3797	36010429	-1898	1899	-1779
chr19	35633470	35635869	35634369	2399	35634669	-1199	1200	-300
chr19	11354764	11358402	11356871	3638	11356583	-1819	1819	288
chr19	49014198	49019399	49015857	5201	49016798	-2600	2601	-941
chr19	4320626	4325247	4324545	4621	4322936	-2310	2311	1609
chr19	14465242	14472718	14472617	7476	14468980	-3738	3738	3637
chr19	11448941	11451902	11449427	2961	11450421	-1480	1481	-994
chr19	40762384	40765521	40765201	3137	40763952	-1568	1569	1249
chr19	19532553	19539739	19535082	7186	19536146	-3593	3593	-1064
chr19	19115600	19121855	19121643	6255	19118727	-3127	3128	2916
chr19	16184954	16191399	16191028	6445	16188176	-3222	3223	2852
chr19	13830005	13832341	13830971	2336	13831173	-1168	1168	-202
chr19	11445545	11448599	11447770	3054	11447072	-1527	1527	698
chr19	35739309	35741282	35741238	1973	35740295	-986	987	943
chr19	48463395	48465025	48464493	1630	48464210	-815	815	283
chr19	49144314	49151028	49151007	6714	49147671	-3357	3357	3336
chr19	55084315	55089089	55085877	4774	55086702	-2387	2387	-825
chr19	19201426	19205888	19203129	4462	19203657	-2231	2231	-528
chr19	39419128	39424796	39424565	5668	39421962	-2834	2834	2603
chr19	11380537	11387243	11383203	6706	11383890	-3353	3353	-687
chr19	49660466	49665411	49661806	4945	49662938	-2472	2473	-1132
chr19	55084315	55089089	55087613	4774	55086702	-2387	2387	911
chr19	16873672	16879204	16878524	5532	16876438	-2766	2766	2086
chr19	40436373	40442438	40441584	6065	40439405	-3032	3033	2179
chr19	15550677	15553520	15551430	2843	15552098	-1421	1422	-668
chr19	14465242	14472718	14470636	7476	14468980	-3738	3738	1656
chr19	13830005	13832341	13830866	2336	13831173	-1168	1168	-307
chr19	45068231	45074388	45071720	6157	45071309	-3078	3079	411
chr19	48635470	48640265	48639388	4795	48637867	-2397	2398	1521
chr19	48956555	48964353	48960839	7798	48960454	-3899	3899	385
chr19	38384722	38391354	38386164	6632	38388038	-3316	3316	-1874
chr19	35544801	35548370	35544977	3569	35546585	-1784	1785	-1608
chr19	19352182	19357760	19357407	5578	19354971	-2789	2789	2436
chr19	7517979	7523710	7519462	5731	7520844	-2865	2866	-1382
chr19	48285292	48286310	48286054	1018	48285801	-509	509	253
chr19	49660466	49665411	49660807	4945	49662938	-2472	2473	-2131
chr19	38918273	38919774	38918789	1501	38919023	-750	751	-234
chr19	18780155	18786763	18782926	6608	18783459	-3304	3304	-533
chr19	54174005	54178274	54174176	4269	54176139	-2134	2135	-1963
chr19	17731663	17737777	17734321	6114	17734720	-3057	3057	-399
chr19	10551020	10555289	10552999	4269	10553154	-2134	2135	-155
chr19	35737544	35738779	35737664	1235	35738161	-617	618	-497
chr19	45498437	45502365	45499226	3928	45500401	-1964	1964	-1175
chr19	48466534	48471738	48470443	5204	48469136	-2602	2602	1307
chr19	7617554	7622592	7617809	5038	7620073	-2519	2519	-2264
chr19	17785534	17788938	17786574	3404	17787236	-1702	1702	-662
chr19	11354764	11358402	11354909	3638	11356583	-1819	1819	-1674
chr19	11360447	11362924	11362557	2477	11361685	-1238	1239	872
chr19	11377286	11379250	11378102	1964	11378268	-982	982	-166
chr19	39837326	39840825	39837740	3499	39839075	-1749	1750	-1335
chr19	1977478	1981248	1979953	3770	1979363	-1885	1885	590
chr19	39979850	39981574	39981359	1724	39980712	-862	862	647
chr19	10551020	10555289	10555094	4269	10553154	-2134	2135	1940
chr19	12755633	12762195	12756206	6562	12758914	-3281	3281	-2708
chr19	41586096	41587469	41586548	1373	41586782	-686	687	-234
chr19	45711134	45714520	45712124	3386	45712827	-1693	1693	-703
chr19	44174310	44176208	44175471	1898	44175259	-949	949	212
chr19	13830005	13832341	13830583	2336	13831173	-1168	1168	-590
chr19	10134253	10141167	10137186	6914	10137710	-3457	3457	-524
chr19	11324723	11327009	11325310	2286	11325866	-1143	1143	-556
chr19	44176470	44177703	44176782	1233	44177086	-616	617	-304
chr19	44176470	44177703	44177416	1233	44177086	-616	617	330
chr19	51364795	51371944	51371656	7149	51368369	-3574	3575	3287
chr19	19201426	19205888	19202216	4462	19203657	-2231	2231	-1441
chr19	19201426	19205888	19202402	4462	19203657	-2231	2231	-1255
chr19	54159301	54161018	54160281	1717	54160159	-858	859	122
chr19	19201426	19205888	19201718	4462	19203657	-2231	2231	-1939
chr19	48920414	48925085	48921192	4671	48922749	-2335	2336	-1557
chr19	49657409	49660289	49657880	2880	49658849	-1440	1440	-969
chr19	11506108	11513933	11508011	7825	11510020	-3912	3913	-2009
chr19	48964804	48966628	48966589	1824	48965716	-912	912	873
chr19	35737544	35738779	35738327	1235	35738161	-617	618	166
chr19	45883913	45887300	45885128	3387	45885606	-1693	1694	-478
chr19	19272315	19277209	19276580	4894	19274762	-2447	2447	1818
chr19	35633470	35635869	35634353	2399	35634669	-1199	1200	-316
chr19	54156260	54158793	54158395	2533	54157526	-1266	1267	869
chr19	1438052	1442971	1440093	4919	1440511	-2459	2460	-418
chr19	7617554	7622592	7617578	5038	7620073	-2519	2519	-2495
chr19	14465242	14472718	14467875	7476	14468980	-3738	3738	-1105
chr19	55084315	55089089	55086470	4774	55086702	-2387	2387	-232
chr19	45498437	45502365	45499661	3928	45500401	-1964	1964	-740
chr19	48869169	48876602	48874105	7433	48872885	-3716	3717	1220
chr19	45068231	45074388	45071609	6157	45071309	-3078	3079	300
chr19	35122049	35123546	35123456	1497	35122797	-748	749	659
chr19	39472284	39476831	39473239	4547	39474557	-2273	2274	-1318
chr19	54156260	54158793	54156811	2533	54157526	-1266	1267	-715
chr19	39385700	39390487	39385977	4787	39388093	-2393	2394	-2116
chr19	35122049	35123546	35122899	1497	35122797	-748	749	102
chr19	48968399	48973137	48969412	4738	48970768	-2369	2369	-1356
chr19	6751414	6755318	6754636	3904	6753366	-1952	1952	1270
chr19	16322959	16327392	16327072	4433	16325175	-2216	2217	1897
chr19	40211515	40218653	40217314	7138	40215084	-3569	3569	2230
chr19	45711134	45714520	45711756	3386	45712827	-1693	1693	-1071
chr19	45711134	45714520	45712707	3386	45712827	-1693	1693	-120
chr19	40375328	40378483	40376743	3155	40376905	-1577	1578	-162
chr19	15229066	15234917	15231781	5851	15231991	-2925	2926	-210
chr19	1977478	1981248	1978328	3770	1979363	-1885	1885	-1035
chr19	35281311	35283188	35282534	1877	35282249	-938	939	285
chr19	45686083	45692076	45687706	5993	45689079	-2996	2997	-1373
chr19	54159301	54161018	54160188	1717	54160159	-858	859	29
chr19	5913735	5915043	5914617	1308	5914389	-654	654	228
chr19	7897337	7899282	7899210	1945	7898309	-972	973	901
chr19	7683195	7691129	7690534	7934	7687162	-3967	3967	3372
chr19	7871816	7878749	7872321	6933	7875282	-3466	3467	-2961
chr19	8506504	8512089	8510725	5585	8509296	-2792	2793	1429
chr19	14465242	14472718	14472471	7476	14468980	-3738	3738	3491
chr19	16184954	16191399	16190887	6445	16188176	-3222	3223	2711
chr19	39405842	39408540	39408253	2698	39407191	-1349	1349	1062
chr19	44176470	44177703	44176574	1233	44177086	-616	617	-512
chr19	49144314	49151028	49149564	6714	49147671	-3357	3357	1893
chr19	55345366	55352009	55346297	6643	55348687	-3321	3322	-2390
chr19	57848940	57851378	57850374	2438	57850159	-1219	1219	215
chr19	10827416	10833436	10831640	6020	10830426	-3010	3010	1214
chr19	38384722	38391354	38387249	6632	38388038	-3316	3316	-789
chr19	3763706	3771580	3771576	7874	3767643	-3937	3937	3933
chr19	45304350	45308682	45307488	4332	45306516	-2166	2166	972
chr19	40436373	40442438	40441744	6065	40439405	-3032	3033	2339
chr19	41586096	41587469	41586620	1373	41586782	-686	687	-162
chr19	6751414	6755318	6755266	3904	6753366	-1952	1952	1900
chr19	48635470	48640265	48639338	4795	48637867	-2397	2398	1471
chr19	48635470	48640265	48640207	4795	48637867	-2397	2398	2340
chr19	3743871	3750257	3747919	6386	3747064	-3193	3193	855
chr19	10833475	10836396	10835253	2921	10834935	-1460	1461	318
chr19	54174005	54178274	54174158	4269	54176139	-2134	2135	-1981
chr19	7517979	7523710	7520079	5731	7520844	-2865	2866	-765
chr19	7921420	7922948	7921702	1528	7922184	-764	764	-482
chr19	13929531	13934946	13930732	5415	13932238	-2707	2708	-1506
chr19	34427265	34429876	34428523	2611	34428570	-1305	1306	-47
chr19	39472284	39476831	39474529	4547	39474557	-2273	2274	-28
chr19	48382817	48386775	48383249	3958	48384796	-1979	1979	-1547
chr19	49657409	49660289	49658619	2880	49658849	-1440	1440	-230
chr19	55345366	55352009	55347886	6643	55348687	-3321	3322	-801
chr19	58391089	58397802	58393442	6713	58394445	-3356	3357	-1003
chr19	12763486	12765075	12763752	1589	12764280	-794	795	-528
chr19	12921084	12923182	12922588	2098	12922133	-1049	1049	455
chr19	19272315	19277209	19276609	4894	19274762	-2447	2447	1847
chr19	39472284	39476831	39473211	4547	39474557	-2273	2274	-1346
chr19	41431666	41438240	41432326	6574	41434953	-3287	3287	-2627
chr19	45686083	45692076	45687567	5993	45689079	-2996	2997	-1512
chr19	45711134	45714520	45713424	3386	45712827	-1693	1693	597
chr19	48635470	48640265	48638982	4795	48637867	-2397	2398	1115
chr19	48741980	48746493	48743452	4513	48744236	-2256	2257	-784
chr19	4265009	4269029	4268645	4020	4267019	-2010	2010	1626
chr19	55084315	55089089	55087613	4774	55086702	-2387	2387	911
chr19	48624089	48631459	48628018	7370	48627774	-3685	3685	244
chr19	38378205	38384622	38383420	6417	38381413	-3208	3209	2007
chr19	51343807	51346388	51345252	2581	51345097	-1290	1291	155
chr19	19278205	19283215	19279340	5010	19280710	-2505	2505	-1370
chr19	54171562	54173591	54173248	2029	54172576	-1014	1015	672
chr19	54189943	54193442	54191944	3499	54191692	-1749	1750	252
chr19	48624089	48631459	48630437	7370	48627774	-3685	3685	2663
chr19	38299626	38307035	38304469	7409	38303330	-3704	3705	1139
chr19	35739309	35741282	35739408	1973	35740295	-986	987	-887
chr19	40436373	40442438	40441591	6065	40439405	-3032	3033	2186
chr19	39837326	39840825	39837756	3499	39839075	-1749	1750	-1319
chr19	45068231	45074388	45071811	6157	45071309	-3078	3079	502
chr19	5915235	5919250	5918612	4015	5917242	-2007	2008	1370
chr19	52922509	52930124	52929319	7615	52926316	-3807	3808	3003
chr19	49144314	49151028	49148688	6714	49147671	-3357	3357	1017
chr19	18570424	18576330	18575073	5906	18573377	-2953	2953	1696
chr19	17731663	17737777	17733297	6114	17734720	-3057	3057	-1423
chr19	45407641	45408805	45408745	1164	45408223	-582	582	522
chr19	55650836	55652099	55651383	1263	55651467	-631	632	-84
chr19	48635470	48640265	48638954	4795	48637867	-2397	2398	1087
chr19	4036917	4039326	4037697	2409	4038121	-1204	1205	-424
chr19	55084315	55089089	55087581	4774	55086702	-2387	2387	879
chr19	53065563	53068245	53068171	2682	53066904	-1341	1341	1267
chr19	20195563	20197279	20197097	1716	20196421	-858	858	676
chr19	11348124	11354131	11353619	6007	11351127	-3003	3004	2492
chr19	48635470	48640265	48639402	4795	48637867	-2397	2398	1535
chr19	44174310	44176208	44174785	1898	44175259	-949	949	-474
chr19	45696057	45703976	45703289	7919	45700016	-3959	3960	3273
chr19	35783461	35788326	35785477	4865	35785893	-2432	2433	-416
chr19	45068231	45074388	45070814	6157	45071309	-3078	3079	-495
chr19	55229062	55232046	55231804	2984	55230554	-1492	1492	1250
chr19	41431666	41438240	41433319	6574	41434953	-3287	3287	-1634
chr19	39405842	39408540	39406865	2698	39407191	-1349	1349	-326
chr19	40436373	40442438	40441954	6065	40439405	-3032	3033	2549
chr19	45696057	45703976	45702962	7919	45700016	-3959	3960	2946
chr19	45407641	45408805	45408159	1164	45408223	-582	582	-64
chr19	39472284	39476831	39473442	4547	39474557	-2273	2274	-1115
chr19	55089389	55095990	55092263	6601	55092689	-3300	3301	-426
chr19	11348124	11354131	11353863	6007	11351127	-3003	3004	2736
chr19	615804	622495	618747	6691	619149	-3345	3346	-402
chr19	4036917	4039326	4037622	2409	4038121	-1204	1205	-499
chr19	5913735	5915043	5914680	1308	5914389	-654	654	291
chr19	6751414	6755318	6754067	3904	6753366	-1952	1952	701
chr19	10351670	10354714	10352969	3044	10353192	-1522	1522	-223
chr19	11380537	11387243	11383022	6706	11383890	-3353	3353	-868
chr19	11722699	11727130	11723183	4431	11724914	-2215	2216	-1731
chr19	18149297	18151910	18149656	2613	18150603	-1306	1307	-947
chr19	19115600	19121855	19120058	6255	19118727	-3127	3128	1331
chr19	35550858	35556059	35551011	5201	35553458	-2600	2601	-2447
chr19	36112314	36116525	36115916	4211	36114419	-2105	2106	1497
chr19	38299626	38307035	38304407	7409	38303330	-3704	3705	1077
chr19	39419128	39424796	39424677	5668	39421962	-2834	2834	2715
chr19	39472284	39476831	39473310	4547	39474557	-2273	2274	-1247
chr19	42288275	42294784	42293249	6509	42291529	-3254	3255	1720
chr19	44174310	44176208	44176112	1898	44175259	-949	949	853
chr19	45381378	45383611	45382638	2233	45382494	-1116	1117	144
chr19	45525012	45530422	45526198	5410	45527717	-2705	2705	-1519
chr19	48463395	48465025	48464471	1630	48464210	-815	815	261
chr19	48463395	48465025	48464744	1630	48464210	-815	815	534
chr19	48631878	48634366	48633710	2488	48633122	-1244	1244	588
chr19	48920414	48925085	48921902	4671	48922749	-2335	2336	-847
chr19	48956555	48964353	48960831	7798	48960454	-3899	3899	377
chr19	48956555	48964353	48961635	7798	48960454	-3899	3899	1181
chr19	49660466	49665411	49661980	4945	49662938	-2472	2473	-958
chr19	51364795	51371944	51368536	7149	51368369	-3574	3575	167
chr19	58510229	58517412	58517346	7183	58513820	-3591	3592	3526
chr19	19272315	19277209	19276662	4894	19274762	-2447	2447	1900
chr19	52922509	52930124	52929209	7615	52926316	-3807	3808	2893
chr19	39979850	39981574	39980337	1724	39980712	-862	862	-375
chr19	12647794	12651403	12649929	3609	12649598	-1804	1805	331
chr19	19677153	19680094	19679542	2941	19678623	-1470	1471	919
chr19	35539318	35544352	35542914	5034	35541835	-2517	2517	1079
chr19	35539318	35544352	35543355	5034	35541835	-2517	2517	1520
chr19	36112314	36116525	36113785	4211	36114419	-2105	2106	-634
chr19	45298706	45303206	45302404	4500	45300956	-2250	2250	1448
chr19	54171562	54173591	54173248	2029	54172576	-1014	1015	672
chr19	19201426	19205888	19203085	4462	19203657	-2231	2231	-572
chr19	14465242	14472718	14469785	7476	14468980	-3738	3738	805
chr19	7617554	7622592	7617582	5038	7620073	-2519	2519	-2491
chr19	8323785	8327107	8324734	3322	8325446	-1661	1661	-712
chr19	11324723	11327009	11325530	2286	11325866	-1143	1143	-336
chr19	11722699	11727130	11723264	4431	11724914	-2215	2216	-1650
chr19	14048628	14054008	14050832	5380	14051318	-2690	2690	-486
chr19	19677153	19680094	19680014	2941	19678623	-1470	1471	1391
chr19	38378205	38384622	38380973	6417	38381413	-3208	3209	-440
chr19	39405842	39408540	39408371	2698	39407191	-1349	1349	1180
chr19	41421092	41425115	41424599	4023	41423103	-2011	2012	1496
chr19	41431666	41438240	41433415	6574	41434953	-3287	3287	-1538
chr19	10918066	10925371	10921072	7305	10921718	-3652	3653	-646
chr19	15159700	15161810	15160569	2110	15160755	-1055	1055	-186
chr19	20195563	20197279	20197148	1716	20196421	-858	858	727
chr19	40588478	40592729	40590832	4251	40590603	-2125	2126	229
chr19	54159301	54161018	54160279	1717	54160159	-858	859	120
chr19	11445545	11448599	11447156	3054	11447072	-1527	1527	84
chr19	3763706	3771580	3765206	7874	3767643	-3937	3937	-2437
chr19	54159301	54161018	54159676	1717	54160159	-858	859	-483
chr19	45525012	45530422	45529367	5410	45527717	-2705	2705	1650
chr19	19677153	19680094	19679572	2941	19678623	-1470	1471	949
chr19	15468004	15472736	15472074	4732	15470370	-2366	2366	1704
chr19	45068231	45074388	45068467	6157	45071309	-3078	3079	-2842
chr19	48635470	48640265	48639787	4795	48637867	-2397	2398	1920
chr19	12647794	12651403	12649986	3609	12649598	-1804	1805	388
chr19	35783461	35788326	35785321	4865	35785893	-2432	2433	-572
chr19	44176470	44177703	44176654	1233	44177086	-616	617	-432
chr19	40211515	40218653	40215117	7138	40215084	-3569	3569	33
chr19	10827416	10833436	10833007	6020	10830426	-3010	3010	2581
chr19	49905219	49911811	49909528	6592	49908515	-3296	3296	1013
chr19	58391089	58397802	58393159	6713	58394445	-3356	3357	-1286
chr19	54156260	54158793	54156984	2533	54157526	-1266	1267	-542
chr19	35741394	35745382	35742584	3988	35743388	-1994	1994	-804
chr19	35539318	35544352	35543752	5034	35541835	-2517	2517	1917
chr19	11506108	11513933	11508001	7825	11510020	-3912	3913	-2019
chr19	4326638	4332694	4327144	6056	4329666	-3028	3028	-2522
chr19	10918066	10925371	10924154	7305	10921718	-3652	3653	2436
chr19	13830005	13832341	13830390	2336	13831173	-1168	1168	-783
chr19	41431666	41438240	41432502	6574	41434953	-3287	3287	-2451
chr19	49657409	49660289	49659618	2880	49658849	-1440	1440	769
chr19	53065563	53068245	53067872	2682	53066904	-1341	1341	968
chr19	48869169	48876602	48874009	7433	48872885	-3716	3717	1124
chr19	49905219	49911811	49908178	6592	49908515	-3296	3296	-337
chr19	615804	622495	618718	6691	619149	-3345	3346	-431
chr19	10551020	10555289	10553952	4269	10553154	-2134	2135	798
chr19	10918066	10925371	10920924	7305	10921718	-3652	3653	-794
chr19	43606633	43612795	43612694	6162	43609714	-3081	3081	2980
chr19	48869169	48876602	48873915	7433	48872885	-3716	3717	1030
chr19	48180679	48184271	48182626	3592	48182475	-1796	1796	151
chr19	7617554	7622592	7617924	5038	7620073	-2519	2519	-2149
chr19	10918066	10925371	10922150	7305	10921718	-3652	3653	432
chr19	899622	905875	900098	6253	902748	-3126	3127	-2650
chr19	5913735	5915043	5914415	1308	5914389	-654	654	26
chr19	48635470	48640265	48639797	4795	48637867	-2397	2398	1930
chr19	14465242	14472718	14469391	7476	14468980	-3738	3738	411
chr19	48616809	48620173	48617398	3364	48618491	-1682	1682	-1093
chr19	6751414	6755318	6754144	3904	6753366	-1952	1952	778
chr19	58391089	58397802	58393416	6713	58394445	-3356	3357	-1029
chr19	7617554	7622592	7620319	5038	7620073	-2519	2519	246
chr19	5915235	5919250	5917921	4015	5917242	-2007	2008	679
chr19	6751414	6755318	6754077	3904	6753366	-1952	1952	711
chr19	14465242	14472718	14472638	7476	14468980	-3738	3738	3658
chr19	35633470	35635869	35633690	2399	35634669	-1199	1200	-979
chr19	35739309	35741282	35739733	1973	35740295	-986	987	-562
chr19	49905219	49911811	49909805	6592	49908515	-3296	3296	1290
chr19	58510229	58517412	58512024	7183	58513820	-3591	3592	-1796
chr19	4815945	4818196	4816997	2251	4817070	-1125	1126	-73
chr19	16685641	16691025	16688291	5384	16688333	-2692	2692	-42
chr19	41421092	41425115	41422267	4023	41423103	-2011	2012	-836
chr19	15225066	15228429	15227566	3363	15226747	-1681	1682	819
chr19	54156260	54158793	54156808	2533	54157526	-1266	1267	-718
chr19	55620999	55622720	55621179	1721	55621859	-860	861	-680
chr19	7517979	7523710	7519625	5731	7520844	-2865	2866	-1219
chr19	7617554	7622592	7622398	5038	7620073	-2519	2519	2325
chr19	18570424	18576330	18575293	5906	18573377	-2953	2953	1916
chr19	40436373	40442438	40441397	6065	40439405	-3032	3033	1992
chr19	45883913	45887300	45884997	3387	45885606	-1693	1694	-609
chr19	35122049	35123546	35122788	1497	35122797	-748	749	-9
chr19	14048628	14054008	14050874	5380	14051318	-2690	2690	-444
chr19	18780155	18786763	18786554	6608	18783459	-3304	3304	3095
chr19	9161005	9162162	9161412	1157	9161583	-578	579	-171
chr19	36002034	36005196	36003404	3162	36003615	-1581	1581	-211
chr19	45523576	45524892	45523860	1316	45524234	-658	658	-374
chr19	1431053	1435086	1432663	4033	1433069	-2016	2017	-406
chr19	4320626	4325247	4323052	4621	4322936	-2310	2311	116
chr19	4326638	4332694	4327203	6056	4329666	-3028	3028	-2463
chr19	4534259	4538328	4538276	4069	4536293	-2034	2035	1983
chr19	19512235	19515169	19514831	2934	19513702	-1467	1467	1129
chr19	35544801	35548370	35547162	3569	35546585	-1784	1785	577
chr19	45696057	45703976	45701889	7919	45700016	-3959	3960	1873
chr19	49905219	49911811	49908610	6592	49908515	-3296	3296	95
chr19	54189943	54193442	54191750	3499	54191692	-1749	1750	58
chr19	54189943	54193442	54192182	3499	54191692	-1749	1750	490
chr19	8323785	8327107	8324712	3322	8325446	-1661	1661	-734
chr19	19505531	19508450	19506163	2919	19506990	-1459	1460	-827
chr19	7612048	7617257	7616599	5209	7614652	-2604	2605	1947
chr19	13830005	13832341	13831164	2336	13831173	-1168	1168	-9
chr19	40421477	40424380	40422975	2903	40422928	-1451	1452	47
chr20	2656802	2661952	2660721	5150	2659377	-2575	2575	1344
chr20	36523651	36527134	36526987	3483	36525392	-1741	1742	1595
chr20	62879132	62881829	62881351	2697	62880480	-1348	1349	871
chr20	36610303	36616802	36612124	6499	36613552	-3249	3250	-1428
chr20	3800364	3804344	3803143	3980	3802354	-1990	1990	789
chr20	2653059	2656391	2654838	3332	2654725	-1666	1666	113
chr20	45839998	45842888	45842030	2890	45841443	-1445	1445	587
chr20	63486787	63492274	63490591	5487	63489530	-2743	2744	1061
chr20	31947528	31951750	31948814	4222	31949639	-2111	2111	-825
chr20	62879132	62881829	62879328	2697	62880480	-1348	1349	-1152
chr20	58987879	58991728	58988980	3849	58989803	-1924	1925	-823
chr20	62879132	62881829	62879609	2697	62880480	-1348	1349	-871
chr20	36610303	36616802	36613797	6499	36613552	-3249	3250	245
chr20	25295390	25300271	25296633	4881	25297830	-2440	2441	-1197
chr20	45889535	45892396	45890324	2861	45890965	-1430	1431	-641
chr20	50083768	50089672	50084185	5904	50086720	-2952	2952	-2535
chr20	62135262	62140518	62139832	5256	62137890	-2628	2628	1942
chr20	3034627	3038180	3038101	3553	3036403	-1776	1777	1698
chr20	41174403	41177269	41174661	2866	41175836	-1433	1433	-1175
chr20	3226653	3233563	3230253	6910	3230108	-3455	3455	145
chr20	2656802	2661952	2659762	5150	2659377	-2575	2575	385
chr20	41404374	41406172	41404715	1798	41405273	-899	899	-558
chr20	62135262	62140518	62139832	5256	62137890	-2628	2628	1942
chr20	43712299	43717200	43715156	4901	43714749	-2450	2451	407
chr20	34994793	35001652	34998512	6859	34998222	-3429	3430	290
chr20	44749601	44753635	44750207	4034	44751618	-2017	2017	-1411
chr20	62879132	62881829	62881536	2697	62880480	-1348	1349	1056
chr20	2653059	2656391	2655428	3332	2654725	-1666	1666	703
chr20	2656802	2661952	2656949	5150	2659377	-2575	2575	-2428
chr20	63528768	63536688	63530803	7920	63532728	-3960	3960	-1925
chr20	25221567	25224660	25224121	3093	25223113	-1546	1547	1008
chr20	34279578	34282472	34281053	2894	34281025	-1447	1447	28
chr20	41404374	41406172	41404730	1798	41405273	-899	899	-543
chr20	2656802	2661952	2659706	5150	2659377	-2575	2575	329
chr20	34928650	34929919	34929563	1269	34929284	-634	635	279
chr20	3226653	3233563	3229345	6910	3230108	-3455	3455	-763
chr20	63888199	63889758	63889200	1559	63888978	-779	780	222
chr20	36523651	36527134	36526015	3483	36525392	-1741	1742	623
chr20	62879132	62881829	62881384	2697	62880480	-1348	1349	904
chr20	62879132	62881829	62881440	2697	62880480	-1348	1349	960
chr20	62201132	62202998	62201132	1866	62202065	-933	933	-933
chr20	63699077	63702589	63701263	3512	63700833	-1756	1756	430
chr20	44909638	44912125	44910291	2487	44910881	-1243	1244	-590
chr20	62135262	62140518	62139097	5256	62137890	-2628	2628	1207
chr20	3226653	3233563	3228289	6910	3230108	-3455	3455	-1819
chr20	58987879	58991728	58989495	3849	58989803	-1924	1925	-308
chr20	3804517	3808255	3804852	3738	3806386	-1869	1869	-1534
chr20	2656802	2661952	2657673	5150	2659377	-2575	2575	-1704
chr20	44749601	44753635	44750316	4034	44751618	-2017	2017	-1302
chr20	46062420	46063917	46062681	1497	46063168	-748	749	-487
chr20	58709689	58716657	58713399	6968	58713173	-3484	3484	226
chr20	58709689	58716657	58713401	6968	58713173	-3484	3484	228
chr20	58709689	58716657	58715093	6968	58713173	-3484	3484	1920
chr20	58709689	58716657	58715422	6968	58713173	-3484	3484	2249
chr20	37401185	37408788	37403753	7603	37404986	-3801	3802	-1233
chr20	37401185	37408788	37402438	7603	37404986	-3801	3802	-2548
chr20	49112832	49115688	49114785	2856	49114260	-1428	1428	525
chr20	3747965	3755152	3752766	7187	3751558	-3593	3594	1208
chr20	62129385	62134009	62133379	4624	62131697	-2312	2312	1682
chr20	35302747	35304316	35303993	1569	35303531	-784	785	462
chr20	45839998	45842888	45841874	2890	45841443	-1445	1445	431
chr20	49236934	49239883	49239252	2949	49238408	-1474	1475	844
chr20	35004299	35005994	35005746	1695	35005146	-847	848	600
chr20	62796206	62799344	62798644	3138	62797775	-1569	1569	869
chr20	24953478	24959328	24957316	5850	24956403	-2925	2925	913
chr20	45839998	45842888	45840380	2890	45841443	-1445	1445	-1063
chr20	3226653	3233563	3230961	6910	3230108	-3455	3455	853
chr20	62879132	62881829	62880547	2697	62880480	-1348	1349	67
chr20	58709689	58716657	58713884	6968	58713173	-3484	3484	711
chr20	32433717	32435562	32435421	1845	32434639	-922	923	782
chr20	2656802	2661952	2656874	5150	2659377	-2575	2575	-2503
chr20	2656802	2661952	2657204	5150	2659377	-2575	2575	-2173
chr20	3034627	3038180	3035807	3553	3036403	-1776	1777	-596
chr20	3747965	3755152	3750874	7187	3751558	-3593	3594	-684
chr20	4698859	4700616	4699925	1757	4699737	-878	879	188
chr20	34994793	35001652	34999387	6859	34998222	-3429	3430	1165
chr20	35617855	35621541	35618922	3686	35619698	-1843	1843	-776
chr20	35617855	35621541	35619709	3686	35619698	-1843	1843	11
chr20	36523651	36527134	36525884	3483	36525392	-1741	1742	492
chr20	58709689	58716657	58714776	6968	58713173	-3484	3484	1603
chr20	63556636	63561704	63561651	5068	63559170	-2534	2534	2481
chr20	41174403	41177269	41174519	2866	41175836	-1433	1433	-1317
chr20	41404374	41406172	41405181	1798	41405273	-899	899	-92
chr20	45811476	45813729	45813357	2253	45812602	-1126	1127	755
chr20	63556636	63561704	63560920	5068	63559170	-2534	2534	1750
chr20	59022448	59023383	59022919	935	59022915	-467	468	4
chr20	2656802	2661952	2658518	5150	2659377	-2575	2575	-859
chr20	36523651	36527134	36525869	3483	36525392	-1741	1742	477
chr20	36523651	36527134	36527049	3483	36525392	-1741	1742	1657
chr20	36610303	36616802	36612122	6499	36613552	-3249	3250	-1430
chr20	36610303	36616802	36615269	6499	36613552	-3249	3250	1717
chr20	44749601	44753635	44750316	4034	44751618	-2017	2017	-1302
chr20	35617855	35621541	35620708	3686	35619698	-1843	1843	1010
chr20	63556636	63561704	63560476	5068	63559170	-2534	2534	1306
chr20	46062420	46063917	46063475	1497	46063168	-748	749	307
chr20	44749601	44753635	44750579	4034	44751618	-2017	2017	-1039
chr20	2653059	2656391	2655478	3332	2654725	-1666	1666	753
chr20	3034627	3038180	3035803	3553	3036403	-1776	1777	-600
chr20	41359978	41362061	41360560	2083	41361019	-1041	1042	-459
chr20	58709689	58716657	58713805	6968	58713173	-3484	3484	632
chr20	6040279	6043804	6041018	3525	6042041	-1762	1763	-1023
chr20	41404374	41406172	41405154	1798	41405273	-899	899	-119
chr20	2653059	2656391	2655415	3332	2654725	-1666	1666	690
chr20	34928650	34929919	34928809	1269	34929284	-634	635	-475
chr20	34994793	35001652	34998804	6859	34998222	-3429	3430	582
chr21	36034874	36036603	36035829	1729	36035738	-864	865	91
chr21	31671339	31673651	31671678	2312	31672495	-1156	1156	-817
chr21	44104748	44109553	44109004	4805	44107150	-2402	2403	1854
chr21	46235079	46236112	46235257	1033	46235595	-516	517	-338
chr22	30367211	30374831	30372220	7620	30371021	-3810	3810	1199
chr22	20992893	20999723	20997014	6830	20996308	-3415	3415	706
chr22	23970927	23972350	23971416	1423	23971638	-711	712	-222
chr22	28795417	28801882	28796204	6465	28798649	-3232	3233	-2445
chr22	37567178	37570836	37568199	3658	37569007	-1829	1829	-808
chr22	38864208	38866296	38864430	2088	38865252	-1044	1044	-822
chr22	26491124	26496444	26494871	5320	26493784	-2660	2660	1087
chr22	29788196	29794590	29788897	6394	29791393	-3197	3197	-2496
chr22	20110954	20116675	20112743	5721	20113814	-2860	2861	-1071
chr22	41179642	41181558	41180060	1916	41180600	-958	958	-540
chr22	19175211	19179498	19176616	4287	19177354	-2143	2144	-738
chr22	19175211	19179498	19177169	4287	19177354	-2143	2144	-185
chr22	19969017	19974376	19973263	5359	19971696	-2679	2680	1567
chr22	29728965	29733752	29729166	4787	29731358	-2393	2394	-2192
chr22	37564540	37567023	37566737	2483	37565781	-1241	1242	956
chr22	38479626	38481075	38479749	1449	38480350	-724	725	-601
chr22	31102839	31106231	31104444	3392	31104535	-1696	1696	-91
chr22	41172967	41178821	41177565	5854	41175894	-2927	2927	1671
chr22	41356989	41358624	41357315	1635	41357806	-817	818	-491
chr22	50273833	50279279	50277944	5446	50276556	-2723	2723	1388
chr22	37181980	37185787	37182026	3807	37183883	-1903	1904	-1857
chr22	37771165	37773861	37773811	2696	37772513	-1348	1348	1298
chr22	19513576	19519370	19518888	5794	19516473	-2897	2897	2415
chr22	19513576	19519370	19516884	5794	19516473	-2897	2897	411
chr22	30572854	30580639	30579205	7785	30576746	-3892	3893	2459
chr22	30572854	30580639	30579895	7785	30576746	-3892	3893	3149
chr22	28795417	28801882	28796984	6465	28798649	-3232	3233	-1665
chr22	40403496	40410187	40406531	6691	40406841	-3345	3346	-310
chr22	50273833	50279279	50278937	5446	50276556	-2723	2723	2381
chr22	30367211	30374831	30370719	7620	30371021	-3810	3810	-302
chr22	38730955	38734351	38732361	3396	38732653	-1698	1698	-292
chr22	41662188	41664824	41663700	2636	41663506	-1318	1318	194
chr22	17589640	17592496	17590159	2856	17591068	-1428	1428	-909
chr22	20954096	20959285	20957451	5189	20956690	-2594	2595	761
chr22	17589640	17592496	17590214	2856	17591068	-1428	1428	-854
chr22	43132229	43133366	43133351	1137	43132797	-568	569	554
chr22	21697557	21699969	21699739	2412	21698763	-1206	1206	976
chr22	41172967	41178821	41177239	5854	41175894	-2927	2927	1345
chr22	50273833	50279279	50278967	5446	50276556	-2723	2723	2411
chr22	30924269	30929059	30926742	4790	30926664	-2395	2395	78
chr22	19969017	19974376	19973007	5359	19971696	-2679	2680	1311
chr22	41433623	41436190	41435759	2567	41434906	-1283	1284	853
chr22	42126524	42131497	42128248	4973	42129010	-2486	2487	-762
chr22	20103351	20110656	20110177	7305	20107003	-3652	3653	3174
chr22	43132229	43133366	43133277	1137	43132797	-568	569	480
chr22	43165775	43168410	43168152	2635	43167092	-1317	1318	1060
chr22	23831640	23837325	23836882	5685	23834482	-2842	2843	2400
chr22	42612418	42618818	42614826	6400	42615618	-3200	3200	-792
chr22	30367211	30374831	30371696	7620	30371021	-3810	3810	675
chr22	37805555	37807009	37806560	1454	37806282	-727	727	278
chr22	37567178	37570836	37570358	3658	37569007	-1829	1829	1351
chr22	37564540	37567023	37566789	2483	37565781	-1241	1242	1008
chr22	41172967	41178821	41178812	5854	41175894	-2927	2927	2918
chr22	42126524	42131497	42129160	4973	42129010	-2486	2487	150
chr22	31324160	31331026	31327054	6866	31327593	-3433	3433	-539
chr22	38482931	38488428	38485957	5497	38485679	-2748	2749	278
chr22	38687010	38693119	38689000	6109	38690064	-3054	3055	-1064
chr22	20999779	21004157	21000143	4378	21001968	-2189	2189	-1825
chr22	46360566	46368275	46362618	7709	46364420	-3854	3855	-1802
chr22	46360566	46368275	46363036	7709	46364420	-3854	3855	-1384
chr22	46360566	46368275	46364671	7709	46364420	-3854	3855	251
chr22	39519109	39522635	39521505	3526	39520872	-1763	1763	633
chr22	38482931	38488428	38486168	5497	38485679	-2748	2749	489
chr22	20999779	21004157	21000418	4378	21001968	-2189	2189	-1550
chr22	46360566	46368275	46363148	7709	46364420	-3854	3855	-1272
chr22	50192943	50200183	50197324	7240	50196563	-3620	3620	761
chr22	17789448	17791865	17791406	2417	17790656	-1208	1209	750
chr22	20999779	21004157	20999978	4378	21001968	-2189	2189	-1990
chr22	46244622	46246109	46244971	1487	46245365	-743	744	-394
chr22	29296658	29298966	29298802	2308	29297812	-1154	1154	990
chr22	46244622	46246109	46245096	1487	46245365	-743	744	-269
chr22	38069770	38071908	38071723	2138	38070839	-1069	1069	884
chr22	19876955	19878993	19878391	2038	19877974	-1019	1019	417
chr22	20110954	20116675	20114621	5721	20113814	-2860	2861	807
chr22	42126524	42131497	42127568	4973	42129010	-2486	2487	-1442
chr22	19132341	19134142	19132460	1801	19133241	-900	901	-781
chr22	19132341	19134142	19132349	1801	19133241	-900	901	-892
chr22	50528900	50532352	50529524	3452	50530626	-1726	1726	-1102
chr22	19175211	19179498	19175953	4287	19177354	-2143	2144	-1401
chr22	26491124	26496444	26494829	5320	26493784	-2660	2660	1045
chr22	28795417	28801882	28797167	6465	28798649	-3232	3233	-1482
chr22	40403496	40410187	40406608	6691	40406841	-3345	3346	-233
chr22	42126524	42131497	42127968	4973	42129010	-2486	2487	-1042
chr22	21690177	21697064	21693819	6887	21693620	-3443	3444	199
chr22	40403496	40410187	40406543	6691	40406841	-3345	3346	-298
chr22	20124107	20131448	20126349	7341	20127777	-3670	3671	-1428
chr22	37181980	37185787	37182239	3807	37183883	-1903	1904	-1644
chr22	42126524	42131497	42128865	4973	42129010	-2486	2487	-145
chr22	43165775	43168410	43167964	2635	43167092	-1317	1318	872
chr22	38672964	38675655	38673204	2691	38674309	-1345	1346	-1105
chr22	39519109	39522635	39522336	3526	39520872	-1763	1763	1464
chr22	40410835	40412072	40411867	1237	40411453	-618	619	414
chr22	43165775	43168410	43167323	2635	43167092	-1317	1318	231
chr22	40403496	40410187	40409220	6691	40406841	-3345	3346	2379
chr22	41571580	41576073	41575103	4493	41573826	-2246	2247	1277
chr22	19175211	19179498	19176631	4287	19177354	-2143	2144	-723
chr22	19969017	19974376	19973003	5359	19971696	-2679	2680	1307
chr22	17589640	17592496	17592441	2856	17591068	-1428	1428	1373
chr22	21919338	21925272	21923402	5934	21922305	-2967	2967	1097
chr22	37564540	37567023	37566749	2483	37565781	-1241	1242	968
chr22	40403496	40410187	40409713	6691	40406841	-3345	3346	2872
chr22	49883756	49886773	49886109	3017	49885264	-1508	1509	845
chr22	23750422	23755239	23754401	4817	23752830	-2408	2409	1571
chr22	41356989	41358624	41357369	1635	41357806	-817	818	-437
chr22	38482931	38488428	38485755	5497	38485679	-2748	2749	76
chr22	39519109	39522635	39521832	3526	39520872	-1763	1763	960
chr22	20110954	20116675	20114682	5721	20113814	-2860	2861	868
chr22	37181980	37185787	37182478	3807	37183883	-1903	1904	-1405
chr22	21919338	21925272	21923190	5934	21922305	-2967	2967	885
chr22	42612418	42618818	42614810	6400	42615618	-3200	3200	-808
chr22	20110954	20116675	20114682	5721	20113814	-2860	2861	868
chr22	29296658	29298966	29297923	2308	29297812	-1154	1154	111
chr22	20124107	20131448	20127098	7341	20127777	-3670	3671	-679
chr22	19782352	19786404	19782915	4052	19784378	-2026	2026	-1463
chr22	19175211	19179498	19176471	4287	19177354	-2143	2144	-883
chr22	40403496	40410187	40408994	6691	40406841	-3345	3346	2153
chr22	20992893	20999723	20996936	6830	20996308	-3415	3415	628
chr22	42086100	42089641	42087078	3541	42087870	-1770	1771	-792
chr22	19969017	19974376	19971972	5359	19971696	-2679	2680	276
chr22	41172967	41178821	41177734	5854	41175894	-2927	2927	1840
chr22	23750422	23755239	23754327	4817	23752830	-2408	2409	1497
chr22	42086100	42089641	42087137	3541	42087870	-1770	1771	-733
chr22	38687010	38693119	38689340	6109	38690064	-3054	3055	-724
chr22	38479626	38481075	38479695	1449	38480350	-724	725	-655
chr22	40403496	40410187	40406660	6691	40406841	-3345	3346	-181
chrX	48903812	48905925	48904652	2113	48904868	-1056	1057	-216
chrX	71614958	71618404	71616393	3446	71616681	-1723	1723	-288
chrX	101620277	101626356	101625822	6079	101623316	-3039	3040	2506
chrX	47568246	47573308	47572892	5062	47570777	-2531	2531	2115
chrX	47635213	47640085	47636836	4872	47637649	-2436	2436	-813
chrX	136510936	136512273	136511027	1337	136511604	-668	669	-577
chrX	48903812	48905925	48905094	2113	48904868	-1056	1057	226
chrX	71614958	71618404	71616996	3446	71616681	-1723	1723	315
chrX	49031401	49034065	49031447	2664	49032733	-1332	1332	-1286
chrX	150988554	150989715	150988771	1161	150989134	-580	581	-363
chrX	48820513	48824988	48824294	4475	48822750	-2237	2238	1544
chrX	54445151	54451177	54445896	6026	54448164	-3013	3013	-2268
chrX	47568246	47573308	47571372	5062	47570777	-2531	2531	595
chrX	47222878	47229976	47227417	7098	47226427	-3549	3549	990
chrX	135020669	135023563	135021867	2894	135022116	-1447	1447	-249
chrX	48820513	48824988	48822917	4475	48822750	-2237	2238	167
chrX	47222878	47229976	47226638	7098	47226427	-3549	3549	211
chrX	47568246	47573308	47571458	5062	47570777	-2531	2531	681
chrX	48897694	48903087	48902679	5393	48900390	-2696	2697	2289
chrX	55005073	55009259	55007016	4186	55007166	-2093	2093	-150
chrX	49171933	49174569	49173450	2636	49173251	-1318	1318	199
chrX	53084297	53087235	53084832	2938	53085766	-1469	1469	-934
chrX	54445151	54451177	54446399	6026	54448164	-3013	3013	-1765
chrX	135020669	135023563	135021925	2894	135022116	-1447	1447	-191
chrX	48903812	48905925	48904579	2113	48904868	-1056	1057	-289
chrX	101411210	101412861	101412424	1651	101412035	-825	826	389
chrX	153588415	153594991	153588440	6576	153591703	-3288	3288	-3263
chrX	103585203	103587267	103585608	2064	103586235	-1032	1032	-627
chrX	48897694	48903087	48902014	5393	48900390	-2696	2697	1624
chrX	47222878	47229976	47226141	7098	47226427	-3549	3549	-286
chrX	48897694	48903087	48902787	5393	48900390	-2696	2697	2397
chrX	48897694	48903087	48902787	5393	48900390	-2696	2697	2397
chrX	48820513	48824988	48824629	4475	48822750	-2237	2238	1879
chrX	49066757	49069772	49068692	3015	49068264	-1507	1508	428
chrX	47568246	47573308	47569960	5062	47570777	-2531	2531	-817
chrX	135020669	135023563	135022413	2894	135022116	-1447	1447	297
chrX	53084297	53087235	53086184	2938	53085766	-1469	1469	418
chrX	48820513	48824988	48823376	4475	48822750	-2237	2238	626
chrX	53084297	53087235	53085761	2938	53085766	-1469	1469	-5
chrX	49071473	49076049	49075222	4576	49073761	-2288	2288	1461
chrX	38803071	38805209	38805036	2138	38804140	-1069	1069	896
chrX	47568246	47573308	47572952	5062	47570777	-2531	2531	2175
chrX	53084297	53087235	53084992	2938	53085766	-1469	1469	-774
chrX	103674426	103677068	103676194	2642	103675747	-1321	1321	447
chrX	107713364	107715178	107714729	1814	107714271	-907	907	458
chrX	47568246	47573308	47568877	5062	47570777	-2531	2531	-1900
chrX	47568246	47573308	47571437	5062	47570777	-2531	2531	660
chrX	71614958	71618404	71616925	3446	71616681	-1723	1723	244
chrX	154019078	154023143	154019234	4065	154021110	-2032	2033	-1876
chrX	53532459	53535413	53533374	2954	53533936	-1477	1477	-562
chrX	103585203	103587267	103587237	2064	103586235	-1032	1032	1002
chrX	47222878	47229976	47226699	7098	47226427	-3549	3549	272
chrX	47214476	47216346	47214584	1870	47215411	-935	935	-827
chrX	48820513	48824988	48823580	4475	48822750	-2237	2238	830
chrX	154407142	154413808	154412152	6666	154410475	-3333	3333	1677
chrX	71140300	71143843	71142312	3543	71142071	-1771	1772	241
chrX	48897694	48903087	48902355	5393	48900390	-2696	2697	1965
chrX	47214476	47216346	47214809	1870	47215411	-935	935	-602
chrX	53084297	53087235	53084792	2938	53085766	-1469	1469	-974
chrX	47635213	47640085	47638968	4872	47637649	-2436	2436	1319
chrX	135020669	135023563	135021834	2894	135022116	-1447	1447	-282
chrX	135020669	135023563	135022007	2894	135022116	-1447	1447	-109
chrX	49029039	49030702	49030363	1663	49029870	-831	832	493
chrX	49029039	49030702	49029998	1663	49029870	-831	832	128
chrX	55005073	55009259	55006740	4186	55007166	-2093	2093	-426
chrX	48820513	48824988	48823936	4475	48822750	-2237	2238	1186
chrX	49066757	49069772	49068104	3015	49068264	-1507	1508	-160
chrX	103377697	103381538	103377713	3841	103379617	-1920	1921	-1904
chrX	48604310	48606609	48604957	2299	48605459	-1149	1150	-502
chrX	53084297	53087235	53086106	2938	53085766	-1469	1469	340
chrX	48972287	48976151	48975176	3864	48974219	-1932	1932	957
chrX	154477863	154480212	154477867	2349	154479037	-1174	1175	-1170
chrX	48921922	48925582	48923718	3660	48923752	-1830	1830	-34
chrX	53084297	53087235	53086091	2938	53085766	-1469	1469	325
chrX	47184234	47189109	47186573	4875	47186671	-2437	2438	-98
chrX	49031401	49034065	49031432	2664	49032733	-1332	1332	-1301
chrX	53532459	53535413	53534049	2954	53533936	-1477	1477	113
chrX	153943808	153947620	153943968	3812	153945714	-1906	1906	-1746
chrX	136510936	136512273	136511327	1337	136511604	-668	669	-277
chrX	54445151	54451177	54445505	6026	54448164	-3013	3013	-2659
chrX	47222878	47229976	47228731	7098	47226427	-3549	3549	2304
chrX	136510936	136512273	136511100	1337	136511604	-668	669	-504
chrX	47222878	47229976	47228731	7098	47226427	-3549	3549	2304
chrX	38803071	38805209	38804882	2138	38804140	-1069	1069	742
chrX	48706519	48708416	48707555	1897	48707467	-948	949	88
chrX	107648164	107652498	107650011	4334	107650331	-2167	2167	-320
chrX	47650969	47653922	47651813	2953	47652445	-1476	1477	-632
chrX	49071473	49076049	49074669	4576	49073761	-2288	2288	908
chrX	53084297	53087235	53085322	2938	53085766	-1469	1469	-444
chrX	71614958	71618404	71617390	3446	71616681	-1723	1723	709
chrX	154477863	154480212	154477955	2349	154479037	-1174	1175	-1082
chrX	47568246	47573308	47568721	5062	47570777	-2531	2531	-2056
chrX	48903812	48905925	48905248	2113	48904868	-1056	1057	380
chrX	47214476	47216346	47214548	1870	47215411	-935	935	-863
chrX	53532459	53535413	53534637	2954	53533936	-1477	1477	701
chrX	136510936	136512273	136511200	1337	136511604	-668	669	-404
chrX	71140300	71143843	71141346	3543	71142071	-1771	1772	-725
chrX	47635213	47640085	47637914	4872	47637649	-2436	2436	265
chrX	16840474	16842132	16841616	1658	16841303	-829	829	313
chrX	48911025	48914560	48914152	3535	48912792	-1767	1768	1360
chrX	48706519	48708416	48706563	1897	48707467	-948	949	-904
chrX	101411210	101412861	101412046	1651	101412035	-825	826	11
chrX	47222878	47229976	47227447	7098	47226427	-3549	3549	1020
chrX	136510936	136512273	136511147	1337	136511604	-668	669	-457
chrX	153444029	153447332	153445425	3303	153445680	-1651	1652	-255
chrX	136510936	136512273	136511747	1337	136511604	-668	669	143
chrX	101620277	101626356	101625831	6079	101623316	-3039	3040	2515
chrX	71614958	71618404	71616598	3446	71616681	-1723	1723	-83
chrX	103674426	103677068	103676348	2642	103675747	-1321	1321	601
chrX	71140300	71143843	71141950	3543	71142071	-1771	1772	-121
chrX	48897694	48903087	48902804	5393	48900390	-2696	2697	2414
chrX	48897694	48903087	48902232	5393	48900390	-2696	2697	1842
chrX	49077484	49079266	49077534	1782	49078375	-891	891	-841
chrX	48972287	48976151	48974057	3864	48974219	-1932	1932	-162
chrX	47635213	47640085	47639119	4872	47637649	-2436	2436	1470
chrX	135020669	135023563	135022086	2894	135022116	-1447	1447	-30
chrX	47635213	47640085	47639289	4872	47637649	-2436	2436	1640
chrX	48820513	48824988	48823000	4475	48822750	-2237	2238	250
chrX	49066757	49069772	49068665	3015	49068264	-1507	1508	401
chrX	49077484	49079266	49077880	1782	49078375	-891	891	-495
chrX	55005073	55009259	55006756	4186	55007166	-2093	2093	-410
chrX	76171794	76175636	76174893	3842	76173715	-1921	1921	1178
chrX	101411210	101412861	101412419	1651	101412035	-825	826	384
chrX	53084297	53087235	53085361	2938	53085766	-1469	1469	-405
chrX	47222878	47229976	47226489	7098	47226427	-3549	3549	62
chrX	47568246	47573308	47568845	5062	47570777	-2531	2531	-1932
chrX	47568246	47573308	47569573	5062	47570777	-2531	2531	-1204
chrX	48820513	48824988	48823008	4475	48822750	-2237	2238	258
chrX	48897694	48903087	48903041	5393	48900390	-2696	2697	2651
chrX	49171933	49174569	49174395	2636	49173251	-1318	1318	1144
chrX	53532459	53535413	53533333	2954	53533936	-1477	1477	-603
chrX	54445151	54451177	54446376	6026	54448164	-3013	3013	-1788
chrX	76171794	76175636	76175587	3842	76173715	-1921	1921	1872
chrX	101620277	101626356	101625583	6079	101623316	-3039	3040	2267
chrX	119451179	119453331	119452017	2152	119452255	-1076	1076	-238
chrX	135020669	135023563	135021984	2894	135022116	-1447	1447	-132
chrX	136510936	136512273	136511836	1337	136511604	-668	669	232
chrX	153943808	153947620	153944624	3812	153945714	-1906	1906	-1090
chrX	49171933	49174569	49172024	2636	49173251	-1318	1318	-1227
chrX	55005073	55009259	55006689	4186	55007166	-2093	2093	-477
chrX	107713364	107715178	107714723	1814	107714271	-907	907	452
chrX	48911025	48914560	48914106	3535	48912792	-1767	1768	1314
chrX	54445151	54451177	54446169	6026	54448164	-3013	3013	-1995
chrX	47184234	47189109	47186696	4875	47186671	-2437	2438	25
chrX	47635213	47640085	47638084	4872	47637649	-2436	2436	435
chrX	49029039	49030702	49029831	1663	49029870	-831	832	-39
chrX	49029039	49030702	49030091	1663	49029870	-831	832	221
chrX	71614958	71618404	71616890	3446	71616681	-1723	1723	209
chrX	103377697	103381538	103377762	3841	103379617	-1920	1921	-1855
chrX	136510936	136512273	136511552	1337	136511604	-668	669	-52
chrX	71140300	71143843	71141964	3543	71142071	-1771	1772	-107
chrX	101620277	101626356	101626204	6079	101623316	-3039	3040	2888
chrX	119451179	119453331	119452901	2152	119452255	-1076	1076	646
chrX	49071473	49076049	49074867	4576	49073761	-2288	2288	1106
chrX	136510936	136512273	136511983	1337	136511604	-668	669	379
chrX	71614958	71618404	71617152	3446	71616681	-1723	1723	471
chrX	48903812	48905925	48904700	2113	48904868	-1056	1057	-168
chrX	135020669	135023563	135022235	2894	135022116	-1447	1447	119
chrX	71614958	71618404	71617365	3446	71616681	-1723	1723	684
chrX	49066757	49069772	49068156	3015	49068264	-1507	1508	-108
chrX	49029039	49030702	49030335	1663	49029870	-831	832	465
chrX	47222878	47229976	47226809	7098	47226427	-3549	3549	382
chrX	47635213	47640085	47639042	4872	47637649	-2436	2436	1393
chrX	47222878	47229976	47229664	7098	47226427	-3549	3549	3237
chrX	154775870	154777320	154776837	1450	154776595	-725	725	242
chrX	48897694	48903087	48902739	5393	48900390	-2696	2697	2349
chrX	154503026	154507959	154506764	4933	154505492	-2466	2467	1272
chrX	101411210	101412861	101412123	1651	101412035	-825	826	88
chrX	103674426	103677068	103676439	2642	103675747	-1321	1321	692
chrX	154012960	154018926	154013225	5966	154015943	-2983	2983	-2718
chrX	48820513	48824988	48822935	4475	48822750	-2237	2238	185
chrX	154477863	154480212	154477906	2349	154479037	-1174	1175	-1131
chrX	71614958	71618404	71617575	3446	71616681	-1723	1723	894
chrX	48903812	48905925	48904841	2113	48904868	-1056	1057	-27
chrX	48706519	48708416	48707584	1897	48707467	-948	949	117
chrX	48706519	48708416	48707846	1897	48707467	-948	949	379
chrX	71614958	71618404	71617390	3446	71616681	-1723	1723	709
chrX	101620277	101626356	101625908	6079	101623316	-3039	3040	2592
