Sample Names	MutationTypes	SBS96A	SBS96B	SBS96C	SBS96D
TCGA-2F-A9KO-01A-11D-A38G-08	A[C>A]A	0.25676100028165694	0.7418835921940147	0.0	0.001355407524328275
TCGA-2F-A9KO-01A-11D-A38G-08	A[C>A]C	0.3563729283953424	0.4197205394989329	0.0	0.22390653210572467
TCGA-2F-A9KO-01A-11D-A38G-08	A[C>A]G	0.4468094550841452	0.4282892454834798	0.0	0.12490129943237509
TCGA-2F-A9KO-01A-11D-A38G-08	A[C>A]T	0.05528948708082159	0.3144756064235238	0.0	0.6302349064956546
TCGA-2F-A9KO-01A-11D-A38G-08	A[C>G]A	0.530410056994767	0.4688211686931053	0.0	0.0007687743121278882
TCGA-2F-A9KO-01A-11D-A38G-08	A[C>G]C	0.8123918491005522	0.17112014688691107	0.0	0.016488004012536715
TCGA-2F-A9KO-01A-11D-A38G-08	A[C>G]G	0.7172740447657469	0.2726132798350335	0.0	0.010112675399219692
TCGA-2F-A9KO-01A-11D-A38G-08	A[C>G]T	0.7337936616544921	0.2662046471337012	0.0	1.6912118066624952e-06
TCGA-2F-A9KO-01A-11D-A38G-08	A[C>T]A	0.23692793887124441	0.7186541448982372	0.0	0.04441791623051838
TCGA-2F-A9KO-01A-11D-A38G-08	A[C>T]C	0.07427799730258937	0.664453154850998	0.0	0.2612688478464127
TCGA-2F-A9KO-01A-11D-A38G-08	A[C>T]G	0.7317357238822629	0.1337149439566166	0.0	0.13454933216112044
TCGA-2F-A9KO-01A-11D-A38G-08	A[C>T]T	0.07450469680124204	0.3897031267782902	0.0	0.5357921764204677
TCGA-2F-A9KO-01A-11D-A38G-08	A[T>A]A	0.049484885599008	0.6546780002343877	0.0	0.2958371141666043
TCGA-2F-A9KO-01A-11D-A38G-08	A[T>A]C	0.004014513368352069	0.8268520786735919	0.0	0.16913340795805598
TCGA-2F-A9KO-01A-11D-A38G-08	A[T>A]G	0.2883612619327905	0.7068712548528501	0.0	0.004767483214359508
TCGA-2F-A9KO-01A-11D-A38G-08	A[T>A]T	0.4319048867059969	0.3272017009189957	0.0	0.24089341237500753
TCGA-2F-A9KO-01A-11D-A38G-08	A[T>C]A	0.21548620867150703	0.7289728092738028	0.0	0.05554098205469013
TCGA-2F-A9KO-01A-11D-A38G-08	A[T>C]C	0.3100587804638543	0.3563426758234263	0.0	0.33359854371271935
TCGA-2F-A9KO-01A-11D-A38G-08	A[T>C]G	0.17514865433570842	0.6101941335353481	0.0	0.21465721212894345
TCGA-2F-A9KO-01A-11D-A38G-08	A[T>C]T	0.1155866034981759	0.4675206125935003	0.0	0.41689278390832374
TCGA-2F-A9KO-01A-11D-A38G-08	A[T>G]A	0.0648769846986601	0.46929723186441524	0.0	0.4658257834369246
TCGA-2F-A9KO-01A-11D-A38G-08	A[T>G]C	0.12205371841770886	0.13224237845805367	0.0	0.7457039031242374
TCGA-2F-A9KO-01A-11D-A38G-08	A[T>G]G	0.3197783099458768	0.24769333878852004	0.0	0.4325283512656032
TCGA-2F-A9KO-01A-11D-A38G-08	A[T>G]T	5.299744511020998e-05	0.11517787579459696	0.0	0.8847691267602928
TCGA-2F-A9KO-01A-11D-A38G-08	C[C>A]A	0.6310779591700889	0.3689073695838534	0.0	1.4671246057477476e-05
TCGA-2F-A9KO-01A-11D-A38G-08	C[C>A]C	0.6200276030507259	0.37997062889301564	0.0	1.7680562584972818e-06
TCGA-2F-A9KO-01A-11D-A38G-08	C[C>A]G	0.36444771632563366	0.5638042645808096	0.0	0.07174801909355691
TCGA-2F-A9KO-01A-11D-A38G-08	C[C>A]T	0.31485754801920807	0.42387345941392823	0.0	0.26126899256686376
TCGA-2F-A9KO-01A-11D-A38G-08	C[C>G]A	0.8677703715501824	0.13222843543467463	0.0	1.1930151429337733e-06
TCGA-2F-A9KO-01A-11D-A38G-08	C[C>G]C	0.29728638239830674	0.7027128113279567	0.0	8.06273736664752e-07
TCGA-2F-A9KO-01A-11D-A38G-08	C[C>G]G	0.11566630662798039	0.882217455064783	0.0	0.002116238307236692
TCGA-2F-A9KO-01A-11D-A38G-08	C[C>G]T	0.8600337407772527	0.13996577283830822	0.0	4.863844391817232e-07
TCGA-2F-A9KO-01A-11D-A38G-08	C[C>T]A	0.2601423943031151	0.7315297353945368	0.0	0.008327870302348115
TCGA-2F-A9KO-01A-11D-A38G-08	C[C>T]C	0.08049013937133746	0.7662981121630149	0.0	0.1532117484656477
TCGA-2F-A9KO-01A-11D-A38G-08	C[C>T]G	0.6287641012710273	0.29082404964993264	0.0	0.08041184907904014
TCGA-2F-A9KO-01A-11D-A38G-08	C[C>T]T	0.24665221530587003	0.6796432928257835	0.0	0.07370449186834642
TCGA-2F-A9KO-01A-11D-A38G-08	C[T>A]A	0.4462929024394373	0.34898080595172215	0.0	0.20472629160884054
TCGA-2F-A9KO-01A-11D-A38G-08	C[T>A]C	0.748746541854385	0.2512476949224119	0.0	5.763223202983791e-06
TCGA-2F-A9KO-01A-11D-A38G-08	C[T>A]G	0.15038603074071624	0.8462860464091884	0.0	0.0033279228500954303
TCGA-2F-A9KO-01A-11D-A38G-08	C[T>A]T	0.6708400377358222	0.32686875886967276	0.0	0.0022912033945049564
TCGA-2F-A9KO-01A-11D-A38G-08	C[T>C]A	0.08474995734445025	0.914540710760896	0.0	0.000709331894653679
TCGA-2F-A9KO-01A-11D-A38G-08	C[T>C]C	0.5108173691585738	0.2969124844036531	0.0	0.19227014643777302
TCGA-2F-A9KO-01A-11D-A38G-08	C[T>C]G	0.12661317513759507	0.557051300810635	0.0	0.31633552405176985
TCGA-2F-A9KO-01A-11D-A38G-08	C[T>C]T	0.32710291060429686	0.5663676979422567	0.0	0.10652939145344642
TCGA-2F-A9KO-01A-11D-A38G-08	C[T>G]A	0.3624117426562842	0.5296522357818731	0.0	0.10793602156184268
TCGA-2F-A9KO-01A-11D-A38G-08	C[T>G]C	0.27715383803718824	0.6688965040428878	0.0	0.05394965791992389
TCGA-2F-A9KO-01A-11D-A38G-08	C[T>G]G	0.06314551085372082	0.42600034063181597	0.0	0.5108541485144631
TCGA-2F-A9KO-01A-11D-A38G-08	C[T>G]T	0.027640409268763495	0.13379636341040244	0.0	0.838563227320834
TCGA-2F-A9KO-01A-11D-A38G-08	G[C>A]A	0.24419996004083866	0.45181527325696874	0.0	0.30398476670219265
TCGA-2F-A9KO-01A-11D-A38G-08	G[C>A]C	0.41307383940873754	0.448690927044817	0.0	0.13823523354644549
TCGA-2F-A9KO-01A-11D-A38G-08	G[C>A]G	0.5393520981766748	0.40256071685007006	0.0	0.05808718497325512
TCGA-2F-A9KO-01A-11D-A38G-08	G[C>A]T	0.25783249042708656	0.33815221998030576	0.0	0.4040152895926077
TCGA-2F-A9KO-01A-11D-A38G-08	G[C>G]A	0.6908614620958194	0.30913349467673995	0.0	5.043227440715163e-06
TCGA-2F-A9KO-01A-11D-A38G-08	G[C>G]C	0.6358923593078945	0.3554133658920644	0.0	0.008694274800041188
TCGA-2F-A9KO-01A-11D-A38G-08	G[C>G]G	0.4107226236393094	0.5044000772171142	0.0	0.0848772991435764
TCGA-2F-A9KO-01A-11D-A38G-08	G[C>G]T	0.43182127835410233	0.5669356991470755	0.0	0.001243022498821967
TCGA-2F-A9KO-01A-11D-A38G-08	G[C>T]A	0.45723492624686357	0.5035772840268508	0.0	0.03918778972628564
TCGA-2F-A9KO-01A-11D-A38G-08	G[C>T]C	0.2998400849973849	0.27241681581205524	0.0	0.42774309919056
TCGA-2F-A9KO-01A-11D-A38G-08	G[C>T]G	0.4207550887902792	0.040732195513551256	0.0	0.5385127156961697
TCGA-2F-A9KO-01A-11D-A38G-08	G[C>T]T	0.10263502808880316	0.42658167175055095	0.0	0.4707833001606459
TCGA-2F-A9KO-01A-11D-A38G-08	G[T>A]A	0.25375535068106764	0.7046880795394348	0.0	0.041556569779497614
TCGA-2F-A9KO-01A-11D-A38G-08	G[T>A]C	0.05876141532007054	0.9214478072766303	0.0	0.01979077740329912
TCGA-2F-A9KO-01A-11D-A38G-08	G[T>A]G	0.4620785963578257	0.5042484644531284	0.0	0.033672939189045833
TCGA-2F-A9KO-01A-11D-A38G-08	G[T>A]T	0.07669771769198057	0.784759408058005	0.0	0.13854287425001446
TCGA-2F-A9KO-01A-11D-A38G-08	G[T>C]A	0.06610735888548865	0.44956507276348395	0.0	0.4843275683510274
TCGA-2F-A9KO-01A-11D-A38G-08	G[T>C]C	0.08682726549678205	0.14974545461084934	0.0	0.7634272798923687
TCGA-2F-A9KO-01A-11D-A38G-08	G[T>C]G	0.12683273477174473	0.37404124574599157	0.0	0.49912601948226376
TCGA-2F-A9KO-01A-11D-A38G-08	G[T>C]T	0.15307991489744613	0.3270498774637663	0.0	0.5198702076387874
TCGA-2F-A9KO-01A-11D-A38G-08	G[T>G]A	0.6942876774438437	0.2615837315541381	0.0	0.04412859100201828
TCGA-2F-A9KO-01A-11D-A38G-08	G[T>G]C	0.11800933743719688	0.31486788259168225	0.0	0.5671227799711209
TCGA-2F-A9KO-01A-11D-A38G-08	G[T>G]G	0.7288847337618979	0.12878201412478318	0.0	0.14233325211331882
TCGA-2F-A9KO-01A-11D-A38G-08	G[T>G]T	0.519984560847103	0.2657403128970341	0.0	0.21427512625586298
TCGA-2F-A9KO-01A-11D-A38G-08	T[C>A]A	0.8076770825161069	0.053261000480018895	0.0	0.13906191700387419
TCGA-2F-A9KO-01A-11D-A38G-08	T[C>A]C	0.8785507094402384	0.09440866137057244	0.0	0.02704062918918929
TCGA-2F-A9KO-01A-11D-A38G-08	T[C>A]G	0.9207187550622444	0.068339108616951	0.0	0.010942136320804503
TCGA-2F-A9KO-01A-11D-A38G-08	T[C>A]T	0.021558172245848717	3.6218347433728407e-06	0.0	0.978438205919408
TCGA-2F-A9KO-01A-11D-A38G-08	T[C>G]A	0.9914202512454715	0.008579708002496278	0.0	4.0752032388937515e-08
TCGA-2F-A9KO-01A-11D-A38G-08	T[C>G]C	0.9525661796691384	0.047433795143904875	0.0	2.5186956837139363e-08
TCGA-2F-A9KO-01A-11D-A38G-08	T[C>G]G	0.9249964749069506	0.07500341733537474	0.0	1.077576746523164e-07
TCGA-2F-A9KO-01A-11D-A38G-08	T[C>G]T	0.9902188030228624	0.009781162421162082	0.0	3.455597558873012e-08
TCGA-2F-A9KO-01A-11D-A38G-08	T[C>T]A	0.3909345706196862	0.6074369154782249	0.0	0.0016285139020889117
TCGA-2F-A9KO-01A-11D-A38G-08	T[C>T]C	0.3149114981707639	0.619639075840733	0.0	0.06544942598850308
TCGA-2F-A9KO-01A-11D-A38G-08	T[C>T]G	0.2590040238760592	0.43607378742804215	0.0	0.3049221886958986
TCGA-2F-A9KO-01A-11D-A38G-08	T[C>T]T	0.2529254485325729	0.6959538099525441	0.0	0.05112074151488303
TCGA-2F-A9KO-01A-11D-A38G-08	T[T>A]A	0.2175463789763642	0.4754396316013215	0.0	0.3070139894223144
TCGA-2F-A9KO-01A-11D-A38G-08	T[T>A]C	0.44606030924538353	0.4978254065502866	0.0	0.0561142842043299
TCGA-2F-A9KO-01A-11D-A38G-08	T[T>A]G	0.5817723261995534	0.4182127462880176	0.0	1.4927512429043352e-05
TCGA-2F-A9KO-01A-11D-A38G-08	T[T>A]T	0.3341702885034593	0.5115382036768656	0.0	0.1542915078196749
TCGA-2F-A9KO-01A-11D-A38G-08	T[T>C]A	0.07499897233426167	0.36057605630373285	0.0	0.5644249713620055
TCGA-2F-A9KO-01A-11D-A38G-08	T[T>C]C	0.10916786907364998	0.4262471451908306	0.0	0.46458498573551943
TCGA-2F-A9KO-01A-11D-A38G-08	T[T>C]G	0.02710668933624703	0.6425352162182719	0.0	0.3303580944454811
TCGA-2F-A9KO-01A-11D-A38G-08	T[T>C]T	0.1516999038983719	0.20228062638266214	0.0	0.646019469718966
TCGA-2F-A9KO-01A-11D-A38G-08	T[T>G]A	0.003510267863027581	0.2940152025518802	0.0	0.7024745295850923
TCGA-2F-A9KO-01A-11D-A38G-08	T[T>G]C	9.158213165990027e-05	0.05645453157352023	0.0	0.9434538862948199
TCGA-2F-A9KO-01A-11D-A38G-08	T[T>G]G	0.0367946213349923	0.6733265852220581	0.0	0.28987879344294964
TCGA-2F-A9KO-01A-11D-A38G-08	T[T>G]T	1.1836694115770396e-05	0.0034402979739742243	0.0	0.99654786533191
TCGA-2F-A9KP-01A-11D-A38G-08	A[C>A]A	0.019633818959023948	0.06733584281066989	0.9126766518996361	0.0003536863306700042
TCGA-2F-A9KP-01A-11D-A38G-08	A[C>A]C	0.052835509066662144	0.07386117697979509	0.7600213906009424	0.11328192335260032
TCGA-2F-A9KP-01A-11D-A38G-08	A[C>A]G	0.042187464110910754	0.04799909468342878	0.8695694836181562	0.04024395758750424
TCGA-2F-A9KP-01A-11D-A38G-08	A[C>A]T	0.006757878251196162	0.04562360269435223	0.6847473746051138	0.2628711444493377
TCGA-2F-A9KP-01A-11D-A38G-08	A[C>G]A	0.2181132723800141	0.22882968761306643	0.5519782376988532	0.0010788023080661189
TCGA-2F-A9KP-01A-11D-A38G-08	A[C>G]C	0.18509199253681824	0.046276236154079824	0.7558125153876691	0.012819255921432878
TCGA-2F-A9KP-01A-11D-A38G-08	A[C>G]G	0.2151099545113541	0.0970414353337258	0.6774992352376571	0.010349374917262913
TCGA-2F-A9KP-01A-11D-A38G-08	A[C>G]T	0.19648014308157363	0.08460482925479665	0.718913482354496	1.5453091336736619e-06
TCGA-2F-A9KP-01A-11D-A38G-08	A[C>T]A	0.04054919667482801	0.14598919848439823	0.7875200012192481	0.0259416036215256
TCGA-2F-A9KP-01A-11D-A38G-08	A[C>T]C	0.009036816183191078	0.0959520906028912	0.7865396164294567	0.1084714767844611
TCGA-2F-A9KP-01A-11D-A38G-08	A[C>T]G	0.10973642157274972	0.023801881768785733	0.7976042772553614	0.06885741940310329
TCGA-2F-A9KP-01A-11D-A38G-08	A[C>T]T	0.013333082133180097	0.08277812864286663	0.5766868035543031	0.32720198566965025
TCGA-2F-A9KP-01A-11D-A38G-08	A[T>A]A	0.0029811090148920277	0.04681314786455598	0.8893879573197518	0.06081778580080022
TCGA-2F-A9KP-01A-11D-A38G-08	A[T>A]C	0.000305321798643474	0.07464273381998103	0.8811557405824111	0.043896203798964445
TCGA-2F-A9KP-01A-11D-A38G-08	A[T>A]G	0.02430801255579757	0.0707273956936997	0.9035931594710471	0.001371432279455755
TCGA-2F-A9KP-01A-11D-A38G-08	A[T>A]T	0.07471813565114581	0.06718746769592564	0.7158826426786492	0.14221175397427932
TCGA-2F-A9KP-01A-11D-A38G-08	A[T>C]A	0.018247124663024306	0.07326914091659868	0.8924342467460866	0.016049487674290323
TCGA-2F-A9KP-01A-11D-A38G-08	A[T>C]C	0.03591211377944021	0.04898911362608384	0.783244641844311	0.13185413075016497
TCGA-2F-A9KP-01A-11D-A38G-08	A[T>C]G	0.018762876197340555	0.07758815897794931	0.8251776819457758	0.07847128287893441
TCGA-2F-A9KP-01A-11D-A38G-08	A[T>C]T	0.012705964842011086	0.06100082679518543	0.7699074555688097	0.1563857527939938
TCGA-2F-A9KP-01A-11D-A38G-08	A[T>G]A	0.010941680655053835	0.09394554321595329	0.6270172532266459	0.26809552290234684
TCGA-2F-A9KP-01A-11D-A38G-08	A[T>G]C	0.02959587465096759	0.03806147609665394	0.3152942348726873	0.617048414379691
TCGA-2F-A9KP-01A-11D-A38G-08	A[T>G]G	0.09693764575906257	0.08912357594457561	0.36650300364698934	0.4474357746493725
TCGA-2F-A9KP-01A-11D-A38G-08	A[T>G]T	1.4641134183548093e-05	0.03776797177240276	0.12810915558300737	0.8341082315104064
TCGA-2F-A9KP-01A-11D-A38G-08	C[C>A]A	0.09884861810045116	0.06858667227091401	0.8325568676211803	7.842007454527398e-06
TCGA-2F-A9KP-01A-11D-A38G-08	C[C>A]C	0.08583767892063567	0.06243840206964063	0.8517230837228027	8.352869210715526e-07
TCGA-2F-A9KP-01A-11D-A38G-08	C[C>A]G	0.026381251230497914	0.04844214040216701	0.9074533841573544	0.017723224209980577
TCGA-2F-A9KP-01A-11D-A38G-08	C[C>A]T	0.04240972208080863	0.06776763861632124	0.7697312557885387	0.1200913835143314
TCGA-2F-A9KP-01A-11D-A38G-08	C[C>G]A	0.25129647604516575	0.0454507706013378	0.7032515743904386	1.1789630577233596e-06
TCGA-2F-A9KP-01A-11D-A38G-08	C[C>G]C	0.0359589110775473	0.10088908840147341	0.8631516677183957	3.3280258353871816e-07
TCGA-2F-A9KP-01A-11D-A38G-08	C[C>G]G	0.01517297385046991	0.13736443316676092	0.8465152634583757	0.0009473295243934746
TCGA-2F-A9KP-01A-11D-A38G-08	C[C>G]T	0.3267216516250044	0.0631130376742677	0.610164680157656	6.305430719511185e-07
TCGA-2F-A9KP-01A-11D-A38G-08	C[C>T]A	0.06871675291942499	0.22936032302933457	0.6944160676316847	0.007506856419555585
TCGA-2F-A9KP-01A-11D-A38G-08	C[C>T]C	0.009608786083852591	0.108582143882153	0.8193938401446073	0.062415229889387115
TCGA-2F-A9KP-01A-11D-A38G-08	C[C>T]G	0.08921567572326655	0.04897997506845064	0.8228688147930897	0.03893553441519311
TCGA-2F-A9KP-01A-11D-A38G-08	C[C>T]T	0.044029747188778376	0.14400481638919665	0.767067354515723	0.044898081906301915
TCGA-2F-A9KP-01A-11D-A38G-08	C[T>A]A	0.0848024809868613	0.07870909707726124	0.7037383216542328	0.13275010028164463
TCGA-2F-A9KP-01A-11D-A38G-08	C[T>A]C	0.1486531270013248	0.059207417255316155	0.7921355511364414	3.90460691761718e-06
TCGA-2F-A9KP-01A-11D-A38G-08	C[T>A]G	0.01584644210344814	0.10584644171409287	0.8771104578170704	0.0011966583653885625
TCGA-2F-A9KP-01A-11D-A38G-08	C[T>A]T	0.09618604097528985	0.055629005995817216	0.8470638916816491	0.001121061347243787
TCGA-2F-A9KP-01A-11D-A38G-08	C[T>C]A	0.010571451879365274	0.13540447038412184	0.8537221400680997	0.0003019376684132845
TCGA-2F-A9KP-01A-11D-A38G-08	C[T>C]C	0.05142663564505253	0.035480172891974665	0.8470379971270827	0.06605519433589008
TCGA-2F-A9KP-01A-11D-A38G-08	C[T>C]G	0.012046345755982074	0.06290807965295533	0.8223392827180277	0.1027062918730348
TCGA-2F-A9KP-01A-11D-A38G-08	C[T>C]T	0.029989148346055393	0.06163295789709536	0.8750489285350311	0.03332896522181815
TCGA-2F-A9KP-01A-11D-A38G-08	C[T>G]A	0.03328403686954489	0.05773768334161718	0.8751505541368081	0.03382772565202989
TCGA-2F-A9KP-01A-11D-A38G-08	C[T>G]C	0.03213019712252896	0.09204203880441916	0.8544848434964061	0.021342920576645927
TCGA-2F-A9KP-01A-11D-A38G-08	C[T>G]G	0.009094789185843366	0.07282741802174061	0.6669933872503455	0.2510844055420706
TCGA-2F-A9KP-01A-11D-A38G-08	C[T>G]T	0.005932169399021129	0.03408381468919587	0.34582964253891035	0.6141543733728726
TCGA-2F-A9KP-01A-11D-A38G-08	G[C>A]A	0.017699115007558226	0.03886884911221197	0.8682471675389475	0.07518486834128221
TCGA-2F-A9KP-01A-11D-A38G-08	G[C>A]C	0.061851790645584125	0.07974559168422612	0.7877682605868032	0.07063435708338661
TCGA-2F-A9KP-01A-11D-A38G-08	G[C>A]G	0.06313457477226454	0.055932095561425164	0.8577301299901446	0.023203199676165683
TCGA-2F-A9KP-01A-11D-A38G-08	G[C>A]T	0.031557305541414164	0.04912576486174988	0.7505712228854525	0.16874570671138348
TCGA-2F-A9KP-01A-11D-A38G-08	G[C>G]A	0.07395500932453902	0.03927873597163685	0.8867644124144662	1.842289357792617e-06
TCGA-2F-A9KP-01A-11D-A38G-08	G[C>G]C	0.10634537659722035	0.07055106500223123	0.81814173812137	0.0049618202791783484
TCGA-2F-A9KP-01A-11D-A38G-08	G[C>G]G	0.04747199109697909	0.06919883411555232	0.8498516736418505	0.03347750114561812
TCGA-2F-A9KP-01A-11D-A38G-08	G[C>G]T	0.11318295085700823	0.17637847753086608	0.709326766610959	0.0011118050011666679
TCGA-2F-A9KP-01A-11D-A38G-08	G[C>T]A	0.1086498632769991	0.14203348049481265	0.7175396326415743	0.03177702358661395
TCGA-2F-A9KP-01A-11D-A38G-08	G[C>T]C	0.04686283381916039	0.0505367812914475	0.6744640151087362	0.22813636978065605
TCGA-2F-A9KP-01A-11D-A38G-08	G[C>T]G	0.07360177788410888	0.008457296538638148	0.5964804739979952	0.3214604515792578
TCGA-2F-A9KP-01A-11D-A38G-08	G[C>T]T	0.021047297752919282	0.10383355953742107	0.545665397839821	0.32945374486983864
TCGA-2F-A9KP-01A-11D-A38G-08	G[T>A]A	0.020485069337702985	0.06752334770746196	0.900543452175214	0.011448130779621073
TCGA-2F-A9KP-01A-11D-A38G-08	G[T>A]C	0.0045370258523262956	0.08444706464877157	0.9058013873022241	0.005214522196678057
TCGA-2F-A9KP-01A-11D-A38G-08	G[T>A]G	0.04905471534675386	0.06353957462039038	0.8752068683873871	0.012198841645468679
TCGA-2F-A9KP-01A-11D-A38G-08	G[T>A]T	0.0049501836967162545	0.060118788013413534	0.9044172681405033	0.03051376014936699
TCGA-2F-A9KP-01A-11D-A38G-08	G[T>C]A	0.01046239016541046	0.08445171612767881	0.643512868397542	0.2615730253093688
TCGA-2F-A9KP-01A-11D-A38G-08	G[T>C]C	0.017234452659180444	0.03528010194008166	0.4303769098244565	0.5171085355762813
TCGA-2F-A9KP-01A-11D-A38G-08	G[T>C]G	0.01195349447359261	0.04184252015911894	0.7856776103678815	0.16052637499940683
TCGA-2F-A9KP-01A-11D-A38G-08	G[T>C]T	0.02185609957101394	0.055424687128193297	0.6694268836761847	0.253292329624608
TCGA-2F-A9KP-01A-11D-A38G-08	G[T>G]A	0.06310131895235382	0.028219188565605013	0.8949930145739428	0.013686477908098545
TCGA-2F-A9KP-01A-11D-A38G-08	G[T>G]C	0.00862096493736942	0.02730251669861186	0.8226961011291123	0.14138041723490635
TCGA-2F-A9KP-01A-11D-A38G-08	G[T>G]G	0.09643570199200756	0.02022409125173045	0.8190776464285042	0.06426256032775778
TCGA-2F-A9KP-01A-11D-A38G-08	G[T>G]T	0.11972237644680443	0.0726234929073942	0.639297858938649	0.16835627170715242
TCGA-2F-A9KP-01A-11D-A38G-08	T[C>A]A	0.4498369348210398	0.03520963170091069	0.25065278841033334	0.26430064506771617
TCGA-2F-A9KP-01A-11D-A38G-08	T[C>A]C	0.4098374072434677	0.052274683545149435	0.4948417691595474	0.04304614005183554
TCGA-2F-A9KP-01A-11D-A38G-08	T[C>A]G	0.4656245010037328	0.04102163401507198	0.4744703161368336	0.018883548844361536
TCGA-2F-A9KP-01A-11D-A38G-08	T[C>A]T	0.006415196154300023	1.279267727994982e-06	7.234822282095628e-07	0.9935828010957439
TCGA-2F-A9KP-01A-11D-A38G-08	T[C>G]A	0.9716114606481383	0.009980267037675489	0.018408136026450538	1.3628773562834302e-07
TCGA-2F-A9KP-01A-11D-A38G-08	T[C>G]C	0.8754212207149105	0.05174216499945741	0.07283653529596743	7.898966461727863e-08
TCGA-2F-A9KP-01A-11D-A38G-08	T[C>G]G	0.8332420476660057	0.08019493915092384	0.0865626819360575	3.312470131067143e-07
TCGA-2F-A9KP-01A-11D-A38G-08	T[C>G]T	0.9724470130839082	0.0114014492794827	0.016151421830732832	1.1580587611048249e-07
TCGA-2F-A9KP-01A-11D-A38G-08	T[C>T]A	0.34720676136881445	0.6403539449197814	0.007503599706664843	0.004935694004739133
TCGA-2F-A9KP-01A-11D-A38G-08	T[C>T]C	0.1919615655629078	0.44833162391038855	0.2235610045699952	0.13614580595670844
TCGA-2F-A9KP-01A-11D-A38G-08	T[C>T]G	0.1416395343564628	0.28305626509052617	0.0062682992997637335	0.5690359012532472
TCGA-2F-A9KP-01A-11D-A38G-08	T[C>T]T	0.1982500677265404	0.6474944396009256	0.017517052862739017	0.13673843980979508
TCGA-2F-A9KP-01A-11D-A38G-08	T[T>A]A	0.018449910916117734	0.04785999031272765	0.8448368647304081	0.08885323404074652
TCGA-2F-A9KP-01A-11D-A38G-08	T[T>A]C	0.07700413804678088	0.10200755798533093	0.7879310655358418	0.03305723843204638
TCGA-2F-A9KP-01A-11D-A38G-08	T[T>A]G	0.08460220707823486	0.07218728535603784	0.8432030997744759	7.407791251437596e-06
TCGA-2F-A9KP-01A-11D-A38G-08	T[T>A]T	0.061382215166136296	0.11152894876837155	0.7303748224325619	0.09671401363293025
TCGA-2F-A9KP-01A-11D-A38G-08	T[T>C]A	0.010189800822893051	0.05814897690283628	0.6699699358124583	0.26169128646181233
TCGA-2F-A9KP-01A-11D-A38G-08	T[T>C]C	0.013170492580368058	0.061038447549982174	0.7345218713547582	0.1912691885148915
TCGA-2F-A9KP-01A-11D-A38G-08	T[T>C]G	0.0017317211972509455	0.048722912499423475	0.8775243729737284	0.07202099332959715
TCGA-2F-A9KP-01A-11D-A38G-08	T[T>C]T	0.023045187693419254	0.03647405467519458	0.6055822509959304	0.3348985066354557
TCGA-2F-A9KP-01A-11D-A38G-08	T[T>G]A	0.0008449256757341889	0.08400068886641561	0.33814684072278034	0.5770075447350699
TCGA-2F-A9KP-01A-11D-A38G-08	T[T>G]C	2.435745567096167e-05	0.017821932406129105	0.12587625289185284	0.8562774572463471
TCGA-2F-A9KP-01A-11D-A38G-08	T[T>G]G	0.003426944300030557	0.07443604351391829	0.8300047334395114	0.09213227874653973
TCGA-2F-A9KP-01A-11D-A38G-08	T[T>G]T	3.466270572558503e-06	0.001195811996964769	0.002930242476102393	0.9958704792563602
TCGA-2F-A9KQ-01A-11D-A38G-08	A[C>A]A	0.0	0.9930452781961032	0.0	0.0069547218038968645
TCGA-2F-A9KQ-01A-11D-A38G-08	A[C>A]C	0.0	0.32841239769343317	0.0	0.6715876023065669
TCGA-2F-A9KQ-01A-11D-A38G-08	A[C>A]G	0.0	0.4721638637997368	0.0	0.5278361362002633
TCGA-2F-A9KQ-01A-11D-A38G-08	A[C>A]T	0.0	0.11517666323500887	0.0	0.8848233367649911
TCGA-2F-A9KQ-01A-11D-A38G-08	A[C>G]A	0.0	0.9937533547392161	0.0	0.006246645260783892
TCGA-2F-A9KQ-01A-11D-A38G-08	A[C>G]C	0.0	0.7302710280938849	0.0	0.2697289719061151
TCGA-2F-A9KQ-01A-11D-A38G-08	A[C>G]G	0.0	0.8755044061377837	0.0	0.12449559386221629
TCGA-2F-A9KQ-01A-11D-A38G-08	A[C>G]T	0.0	0.9999756472293647	0.0	2.435277063536591e-05
TCGA-2F-A9KQ-01A-11D-A38G-08	A[C>T]A	0.0	0.8084550488204908	0.0	0.19154495117950918
TCGA-2F-A9KQ-01A-11D-A38G-08	A[C>T]C	0.0	0.3988353184912089	0.0	0.6011646815087911
TCGA-2F-A9KQ-01A-11D-A38G-08	A[C>T]G	0.0	0.20587766178325664	0.0	0.7941223382167433
TCGA-2F-A9KQ-01A-11D-A38G-08	A[C>T]T	0.0	0.159480852434809	0.0	0.8405191475651911
TCGA-2F-A9KQ-01A-11D-A38G-08	A[T>A]A	0.0	0.3660035673397114	0.0	0.6339964326602886
TCGA-2F-A9KQ-01A-11D-A38G-08	A[T>A]C	0.0	0.5605028925825155	0.0	0.4394971074174845
TCGA-2F-A9KQ-01A-11D-A38G-08	A[T>A]G	0.0	0.9747977138127709	0.0	0.025202286187229028
TCGA-2F-A9KQ-01A-11D-A38G-08	A[T>A]T	0.0	0.2616302424668681	0.0	0.7383697575331318
TCGA-2F-A9KQ-01A-11D-A38G-08	A[T>C]A	0.0	0.7739551547282562	0.0	0.22604484527174382
TCGA-2F-A9KQ-01A-11D-A38G-08	A[T>C]C	0.0	0.21792831760968728	0.0	0.7820716823903127
TCGA-2F-A9KQ-01A-11D-A38G-08	A[T>C]G	0.0	0.4258019640661912	0.0	0.5741980359338088
TCGA-2F-A9KQ-01A-11D-A38G-08	A[T>C]T	0.0	0.2263354162449492	0.0	0.7736645837550509
TCGA-2F-A9KQ-01A-11D-A38G-08	A[T>G]A	0.0	0.20811751102229975	0.0	0.7918824889777002
TCGA-2F-A9KQ-01A-11D-A38G-08	A[T>G]C	0.0	0.044216774033769175	0.0	0.9557832259662308
TCGA-2F-A9KQ-01A-11D-A38G-08	A[T>G]G	0.0	0.12997371579460668	0.0	0.8700262842053933
TCGA-2F-A9KQ-01A-11D-A38G-08	A[T>G]T	0.0	0.0328442198717333	0.0	0.9671557801282666
TCGA-2F-A9KQ-01A-11D-A38G-08	C[C>A]A	0.0	0.9998475736491976	0.0	0.00015242635080233108
TCGA-2F-A9KQ-01A-11D-A38G-08	C[C>A]C	0.0	0.9999821632842478	0.0	1.7836715752047376e-05
TCGA-2F-A9KQ-01A-11D-A38G-08	C[C>A]G	0.0	0.6721250557977375	0.0	0.32787494420226254
TCGA-2F-A9KQ-01A-11D-A38G-08	C[C>A]T	0.0	0.297370627351358	0.0	0.702629372648642
TCGA-2F-A9KQ-01A-11D-A38G-08	C[C>G]A	0.0	0.9999654154075374	0.0	3.458459246253217e-05
TCGA-2F-A9KQ-01A-11D-A38G-08	C[C>G]C	0.0	0.9999956017560133	0.0	4.3982439867355174e-06
TCGA-2F-A9KQ-01A-11D-A38G-08	C[C>G]G	0.0	0.9908884912779932	0.0	0.009111508722006821
TCGA-2F-A9KQ-01A-11D-A38G-08	C[C>G]T	0.0	0.9999866792515805	0.0	1.3320748419679154e-05
TCGA-2F-A9KQ-01A-11D-A38G-08	C[C>T]A	0.0	0.9581853855252626	0.0	0.041814614474737485
TCGA-2F-A9KQ-01A-11D-A38G-08	C[C>T]C	0.0	0.5661144769263948	0.0	0.4338855230736053
TCGA-2F-A9KQ-01A-11D-A38G-08	C[C>T]G	0.0	0.4854596397750307	0.0	0.5145403602249693
TCGA-2F-A9KQ-01A-11D-A38G-08	C[C>T]T	0.0	0.7063598141162346	0.0	0.2936401858837653
TCGA-2F-A9KQ-01A-11D-A38G-08	C[T>A]A	0.0	0.30780702298187573	0.0	0.6921929770181243
TCGA-2F-A9KQ-01A-11D-A38G-08	C[T>A]C	0.0	0.9999120771508156	0.0	8.792284918438389e-05
TCGA-2F-A9KQ-01A-11D-A38G-08	C[T>A]G	0.0	0.9851497115457665	0.0	0.014850288454233519
TCGA-2F-A9KQ-01A-11D-A38G-08	C[T>A]T	0.0	0.9738331544004245	0.0	0.0261668455995755
TCGA-2F-A9KQ-01A-11D-A38G-08	C[T>C]A	0.0	0.9970356211536971	0.0	0.0029643788463027472
TCGA-2F-A9KQ-01A-11D-A38G-08	C[T>C]C	0.0	0.2871638334484451	0.0	0.7128361665515549
TCGA-2F-A9KQ-01A-11D-A38G-08	C[T>C]G	0.0	0.31477679225137956	0.0	0.6852232077486204
TCGA-2F-A9KQ-01A-11D-A38G-08	C[T>C]T	0.0	0.5810506353081508	0.0	0.41894936469184924
TCGA-2F-A9KQ-01A-11D-A38G-08	C[T>G]A	0.0	0.5614249673214537	0.0	0.4385750326785463
TCGA-2F-A9KQ-01A-11D-A38G-08	C[T>G]C	0.0	0.7638389981656672	0.0	0.2361610018343329
TCGA-2F-A9KQ-01A-11D-A38G-08	C[T>G]G	0.0	0.1786708396809715	0.0	0.8213291603190286
TCGA-2F-A9KQ-01A-11D-A38G-08	C[T>G]T	0.0	0.03995962535116235	0.0	0.9600403746488376
TCGA-2F-A9KQ-01A-11D-A38G-08	G[C>A]A	0.0	0.2794001656959918	0.0	0.7205998343040081
TCGA-2F-A9KQ-01A-11D-A38G-08	G[C>A]C	0.0	0.4585063299413287	0.0	0.5414936700586712
TCGA-2F-A9KQ-01A-11D-A38G-08	G[C>A]G	0.0	0.6438619990314342	0.0	0.3561380009685658
TCGA-2F-A9KQ-01A-11D-A38G-08	G[C>A]T	0.0	0.1792125988901738	0.0	0.8207874011098262
TCGA-2F-A9KQ-01A-11D-A38G-08	G[C>G]A	0.0	0.9999374666179163	0.0	6.253338208366414e-05
TCGA-2F-A9KQ-01A-11D-A38G-08	G[C>G]C	0.0	0.9142667805739919	0.0	0.08573321942600805
TCGA-2F-A9KQ-01A-11D-A38G-08	G[C>G]G	0.0	0.6078844711141568	0.0	0.3921155288858432
TCGA-2F-A9KQ-01A-11D-A38G-08	G[C>G]T	0.0	0.9916653587161813	0.0	0.00833464128381873
TCGA-2F-A9KQ-01A-11D-A38G-08	G[C>T]A	0.0	0.7702347557679217	0.0	0.22976524423207847
TCGA-2F-A9KQ-01A-11D-A38G-08	G[C>T]C	0.0	0.14247005992728065	0.0	0.8575299400727193
TCGA-2F-A9KQ-01A-11D-A38G-08	G[C>T]G	0.0	0.01934992724268489	0.0	0.9806500727573151
TCGA-2F-A9KQ-01A-11D-A38G-08	G[C>T]T	0.0	0.19118497822399697	0.0	0.8088150217760031
TCGA-2F-A9KQ-01A-11D-A38G-08	G[T>A]A	0.0	0.8156222823286775	0.0	0.1843777176713225
TCGA-2F-A9KQ-01A-11D-A38G-08	G[T>A]C	0.0	0.9239309141190547	0.0	0.0760690858809453
TCGA-2F-A9KQ-01A-11D-A38G-08	G[T>A]G	0.0	0.7961884094140957	0.0	0.20381159058590426
TCGA-2F-A9KQ-01A-11D-A38G-08	G[T>A]T	0.0	0.5963940554963827	0.0	0.4036059445036173
TCGA-2F-A9KQ-01A-11D-A38G-08	G[T>C]A	0.0	0.19494147235491358	0.0	0.8050585276450865
TCGA-2F-A9KQ-01A-11D-A38G-08	G[T>C]C	0.0	0.04867844807333271	0.0	0.9513215519266672
TCGA-2F-A9KQ-01A-11D-A38G-08	G[T>C]G	0.0	0.16352547452774482	0.0	0.8364745254722551
TCGA-2F-A9KQ-01A-11D-A38G-08	G[T>C]T	0.0	0.1409767219186668	0.0	0.8590232780813332
TCGA-2F-A9KQ-01A-11D-A38G-08	G[T>G]A	0.0	0.6072844617562257	0.0	0.39271553824377425
TCGA-2F-A9KQ-01A-11D-A38G-08	G[T>G]C	0.0	0.12651197642556403	0.0	0.8734880235744359
TCGA-2F-A9KQ-01A-11D-A38G-08	G[T>G]G	0.0	0.19095994422222648	0.0	0.8090400557777735
TCGA-2F-A9KQ-01A-11D-A38G-08	G[T>G]T	0.0	0.24444245785913407	0.0	0.755557542140866
TCGA-2F-A9KQ-01A-11D-A38G-08	T[C>A]A	0.0	0.09083766421853642	0.0	0.9091623357814637
TCGA-2F-A9KQ-01A-11D-A38G-08	T[C>A]C	0.0	0.4766563714965601	0.0	0.52334362850344
TCGA-2F-A9KQ-01A-11D-A38G-08	T[C>A]G	0.0	0.6196649614338734	0.0	0.3803350385661267
TCGA-2F-A9KQ-01A-11D-A38G-08	T[C>A]T	0.0	9.656466159113472e-07	0.0	0.999999034353384
TCGA-2F-A9KQ-01A-11D-A38G-08	T[C>G]A	0.0	0.9999817927043858	0.0	1.820729561413875e-05
TCGA-2F-A9KQ-01A-11D-A38G-08	T[C>G]C	0.0	0.9999979645355301	0.0	2.035464469836831e-06
TCGA-2F-A9KQ-01A-11D-A38G-08	T[C>G]G	0.0	0.9999944926667887	0.0	5.507333211233309e-06
TCGA-2F-A9KQ-01A-11D-A38G-08	T[C>G]T	0.0	0.9999864573581886	0.0	1.3542641811496309e-05
TCGA-2F-A9KQ-01A-11D-A38G-08	T[C>T]A	0.0	0.9898275303400896	0.0	0.010172469659910428
TCGA-2F-A9KQ-01A-11D-A38G-08	T[C>T]C	0.0	0.7117963924819861	0.0	0.2882036075180138
TCGA-2F-A9KQ-01A-11D-A38G-08	T[C>T]G	0.0	0.27170685247153525	0.0	0.7282931475284649
TCGA-2F-A9KQ-01A-11D-A38G-08	T[C>T]T	0.0	0.7802901852536954	0.0	0.21970981474630466
TCGA-2F-A9KQ-01A-11D-A38G-08	T[T>A]A	0.0	0.2877395026961227	0.0	0.7122604973038773
TCGA-2F-A9KQ-01A-11D-A38G-08	T[T>A]C	0.0	0.6982807470062039	0.0	0.3017192529937961
TCGA-2F-A9KQ-01A-11D-A38G-08	T[T>A]G	0.0	0.9998631933074366	0.0	0.0001368066925633975
TCGA-2F-A9KQ-01A-11D-A38G-08	T[T>A]T	0.0	0.46377453561052656	0.0	0.5362254643894734
TCGA-2F-A9KQ-01A-11D-A38G-08	T[T>C]A	0.0	0.1428473678384427	0.0	0.8571526321615572
TCGA-2F-A9KQ-01A-11D-A38G-08	T[T>C]C	0.0	0.1931205114294953	0.0	0.8068794885705047
TCGA-2F-A9KQ-01A-11D-A38G-08	T[T>C]G	0.0	0.33659833055131505	0.0	0.663401669448685
TCGA-2F-A9KQ-01A-11D-A38G-08	T[T>C]T	0.0	0.07551479737623647	0.0	0.9244852026237635
TCGA-2F-A9KQ-01A-11D-A38G-08	T[T>G]A	0.0	0.09843706736050796	0.0	0.901562932639492
TCGA-2F-A9KQ-01A-11D-A38G-08	T[T>G]C	0.0	0.015370025827707929	0.0	0.984629974172292
TCGA-2F-A9KQ-01A-11D-A38G-08	T[T>G]G	0.0	0.37731341214013303	0.0	0.622686587859867
TCGA-2F-A9KQ-01A-11D-A38G-08	T[T>G]T	0.0	0.0008997676421606026	0.0	0.9991002323578394
TCGA-2F-A9KR-01A-11D-A38G-08	A[C>A]A	0.02524016419535274	0.20610304285982406	0.768223764555031	0.00043302838979220656
TCGA-2F-A9KR-01A-11D-A38G-08	A[C>A]C	0.06333552181573916	0.21080863214627582	0.5965277833920645	0.12932806264592067
TCGA-2F-A9KR-01A-11D-A38G-08	A[C>A]G	0.05520766290725891	0.14955457317445406	0.7450812520961764	0.0501565118221108
TCGA-2F-A9KR-01A-11D-A38G-08	A[C>A]T	0.008301190109763155	0.13343516065545746	0.5507363929918309	0.3075272562429485
TCGA-2F-A9KR-01A-11D-A38G-08	A[C>G]A	0.1938116871657515	0.4841288301820932	0.3211465254133465	0.0009129572388088501
TCGA-2F-A9KR-01A-11D-A38G-08	A[C>G]C	0.230684596669367	0.13732186854594663	0.616777395160551	0.01521613962413541
TCGA-2F-A9KR-01A-11D-A38G-08	A[C>G]G	0.23911248988138512	0.25683231980040633	0.49309882323916154	0.010956367079047073
TCGA-2F-A9KR-01A-11D-A38G-08	A[C>G]T	0.22619313434340502	0.23190313292136464	0.5419020384488281	1.6942864022651747e-06
TCGA-2F-A9KR-01A-11D-A38G-08	A[C>T]A	0.0436723406310385	0.37436535225468526	0.5553531122460361	0.026609194868240135
TCGA-2F-A9KR-01A-11D-A38G-08	A[C>T]C	0.010559538355408736	0.26695289486691637	0.6017740958937841	0.12071347088389082
TCGA-2F-A9KR-01A-11D-A38G-08	A[C>T]G	0.14549522560014652	0.07513805543850058	0.6924187600273244	0.08694795893402851
TCGA-2F-A9KR-01A-11D-A38G-08	A[C>T]T	0.014820507490423357	0.21907803378889454	0.41971639857227894	0.3463850601484032
TCGA-2F-A9KR-01A-11D-A38G-08	A[T>A]A	0.003950058118738955	0.14768765093346908	0.7716143145384061	0.07674797640938577
TCGA-2F-A9KR-01A-11D-A38G-08	A[T>A]C	0.0003831949739857365	0.22304897863930556	0.7240992046070446	0.05246862177966414
TCGA-2F-A9KR-01A-11D-A38G-08	A[T>A]G	0.030939959529659118	0.21434268456387515	0.7530548800095778	0.0016624758968880652
TCGA-2F-A9KR-01A-11D-A38G-08	A[T>A]T	0.08907096449106144	0.19069930508823812	0.5587729374306045	0.1614567929900959
TCGA-2F-A9KR-01A-11D-A38G-08	A[T>C]A	0.023030149746563002	0.22017810611039584	0.7374998798959099	0.01929186424713128
TCGA-2F-A9KR-01A-11D-A38G-08	A[T>C]C	0.04540279788739745	0.1474660133259373	0.6483693614085034	0.1587618273781619
TCGA-2F-A9KR-01A-11D-A38G-08	A[T>C]G	0.022922759888133117	0.2256906923807953	0.6600827281882508	0.0913038195428209
TCGA-2F-A9KR-01A-11D-A38G-08	A[T>C]T	0.015667209878109156	0.17908963156504482	0.6215927503816635	0.18365040817518244
TCGA-2F-A9KR-01A-11D-A38G-08	A[T>G]A	0.012150704610453655	0.24839584065490952	0.45591126419530986	0.28354219053932694
TCGA-2F-A9KR-01A-11D-A38G-08	A[T>G]C	0.032369052889023885	0.09911403333326445	0.2257866428259425	0.6427302709517692
TCGA-2F-A9KR-01A-11D-A38G-08	A[T>G]G	0.09939894758310754	0.21758684310158555	0.2460652351977806	0.43694897411752637
TCGA-2F-A9KR-01A-11D-A38G-08	A[T>G]T	1.5121886631230286e-05	0.09287645476776589	0.0866352891022178	0.820473134243385
TCGA-2F-A9KR-01A-11D-A38G-08	C[C>A]A	0.12244587116478407	0.20228514204685188	0.6752597353023867	9.251485977366874e-06
TCGA-2F-A9KR-01A-11D-A38G-08	C[C>A]C	0.1083566690621354	0.18766365481649094	0.7039786719124814	1.0042088921741914e-06
TCGA-2F-A9KR-01A-11D-A38G-08	C[C>A]G	0.03504580652695644	0.15321973363122246	0.7893114399670166	0.02242301987480454
TCGA-2F-A9KR-01A-11D-A38G-08	C[C>A]T	0.05158551068196566	0.19626161589130223	0.61303438286467	0.13911849056206194
TCGA-2F-A9KR-01A-11D-A38G-08	C[C>G]A	0.3064680646049729	0.1319747316966439	0.561555834363332	1.369335051218828e-06
TCGA-2F-A9KR-01A-11D-A38G-08	C[C>G]C	0.042740546122718305	0.2855146800351818	0.6717443971114756	3.767306243300392e-07
TCGA-2F-A9KR-01A-11D-A38G-08	C[C>G]G	0.01690771725728194	0.3644511083103428	0.6176358041567053	0.001005370275670036
TCGA-2F-A9KR-01A-11D-A38G-08	C[C>G]T	0.37275546940142334	0.17144147790497807	0.45580236756583353	6.851277651756537e-07
TCGA-2F-A9KR-01A-11D-A38G-08	C[C>T]A	0.0638252297940302	0.5072227902098709	0.4223115138360562	0.006640466160042646
TCGA-2F-A9KR-01A-11D-A38G-08	C[C>T]C	0.01112013924665973	0.2991925824903009	0.6208944799274342	0.06879279833560521
TCGA-2F-A9KR-01A-11D-A38G-08	C[C>T]G	0.11413043129078075	0.14918651143650544	0.6892460666070311	0.04743699066568267
TCGA-2F-A9KR-01A-11D-A38G-08	C[C>T]T	0.0472470381358257	0.3679223104342404	0.538946058280252	0.04588459314968198
TCGA-2F-A9KR-01A-11D-A38G-08	C[T>A]A	0.09867468025570694	0.21805839418546563	0.5361567450572765	0.14711018050155075
TCGA-2F-A9KR-01A-11D-A38G-08	C[T>A]C	0.18391130168143113	0.17440590909081946	0.6416781885439117	4.600683837788461e-06
TCGA-2F-A9KR-01A-11D-A38G-08	C[T>A]G	0.018790990989006176	0.29884423920098074	0.6810133234959121	0.001351446314100967
TCGA-2F-A9KR-01A-11D-A38G-08	C[T>A]T	0.12263482958221562	0.16887050100172116	0.7071334069741138	0.0013612624419494926
TCGA-2F-A9KR-01A-11D-A38G-08	C[T>C]A	0.011848277442469662	0.3613302240720059	0.6264992071901956	0.0003222912953288862
TCGA-2F-A9KR-01A-11D-A38G-08	C[T>C]C	0.068257487895468	0.11212401073074685	0.7361197727617366	0.08349872861204878
TCGA-2F-A9KR-01A-11D-A38G-08	C[T>C]G	0.015094168785426215	0.18767698391562346	0.6746652135385397	0.12256363376041056
TCGA-2F-A9KR-01A-11D-A38G-08	C[T>C]T	0.038377520144426636	0.18779174449895691	0.7332102314255841	0.04062050393103243
TCGA-2F-A9KR-01A-11D-A38G-08	C[T>G]A	0.0428925276681677	0.17715593628066303	0.738434231834627	0.04151730421654224
TCGA-2F-A9KR-01A-11D-A38G-08	C[T>G]C	0.03866037414248422	0.2636875361951611	0.6731942996561012	0.024457790006253376
TCGA-2F-A9KR-01A-11D-A38G-08	C[T>G]G	0.010595748238498372	0.2020154645568087	0.5087962779197442	0.2785925092849488
TCGA-2F-A9KR-01A-11D-A38G-08	C[T>G]T	0.006602824109590405	0.09032648061575906	0.252035550207592	0.6510351450670585
TCGA-2F-A9KR-01A-11D-A38G-08	G[C>A]A	0.023588007280636408	0.12333663434009576	0.7576462543402339	0.09542910403903387
TCGA-2F-A9KR-01A-11D-A38G-08	G[C>A]C	0.07409230555504125	0.22744595951002694	0.6178779745945716	0.08058376034036013
TCGA-2F-A9KR-01A-11D-A38G-08	G[C>A]G	0.08094035852870157	0.17072993093507682	0.7199990668267685	0.028330643709453207
TCGA-2F-A9KR-01A-11D-A38G-08	G[C>A]T	0.039413177392218994	0.1460836353938797	0.6137858132421673	0.20071737397173403
TCGA-2F-A9KR-01A-11D-A38G-08	G[C>G]A	0.09885749776373451	0.12501157601935456	0.7761285808512529	2.34536565807662e-06
TCGA-2F-A9KR-01A-11D-A38G-08	G[C>G]C	0.130527135380861	0.2061752248835929	0.6574975605341381	0.005800079201408026
TCGA-2F-A9KR-01A-11D-A38G-08	G[C>G]G	0.05929811291695887	0.20580357386914827	0.6950722700844857	0.03982604312940727
TCGA-2F-A9KR-01A-11D-A38G-08	G[C>G]T	0.11333814323587368	0.4205245746094636	0.46507696837554535	0.0010603137791173366
TCGA-2F-A9KR-01A-11D-A38G-08	G[C>T]A	0.11474194146050407	0.35713667329481896	0.49616063781696385	0.0319607474277131
TCGA-2F-A9KR-01A-11D-A38G-08	G[C>T]C	0.05672954350466026	0.14565957198984578	0.5345925827586734	0.2630183017468206
TCGA-2F-A9KR-01A-11D-A38G-08	G[C>T]G	0.0931145100313536	0.02547483181417305	0.4940929898439622	0.3873176683105111
TCGA-2F-A9KR-01A-11D-A38G-08	G[C>T]T	0.02240703637460895	0.26319432826878336	0.38036267448635624	0.33403596087025156
TCGA-2F-A9KR-01A-11D-A38G-08	G[T>A]A	0.02620245990924398	0.20564080832722806	0.7542107237690403	0.013946007994487723
TCGA-2F-A9KR-01A-11D-A38G-08	G[T>A]C	0.005645511130159548	0.25018846460496097	0.737986468788504	0.006179555476375457
TCGA-2F-A9KR-01A-11D-A38G-08	G[T>A]G	0.06248932879873231	0.19271703822958583	0.7299938824490082	0.014799750522673594
TCGA-2F-A9KR-01A-11D-A38G-08	G[T>A]T	0.006434418366009938	0.18605823898749485	0.7697332180117051	0.03777412463479011
TCGA-2F-A9KR-01A-11D-A38G-08	G[T>C]A	0.011862082937925556	0.2279760545286109	0.4777169862636348	0.2824448762698289
TCGA-2F-A9KR-01A-11D-A38G-08	G[T>C]C	0.01968496685636284	0.09594398072631379	0.3218618912476122	0.5625091611697111
TCGA-2F-A9KR-01A-11D-A38G-08	G[T>C]G	0.01534678194002305	0.12790601867644644	0.6604656232197996	0.1962815761637309
TCGA-2F-A9KR-01A-11D-A38G-08	G[T>C]T	0.026226302368604647	0.15835010775458597	0.5259578678840239	0.2894657219927855
TCGA-2F-A9KR-01A-11D-A38G-08	G[T>G]A	0.08651934177685551	0.09212340908197374	0.8034850838903821	0.017872165250788826
TCGA-2F-A9KR-01A-11D-A38G-08	G[T>G]C	0.01154163222069945	0.08702915031751961	0.7211642591897711	0.18026495827200992
TCGA-2F-A9KR-01A-11D-A38G-08	G[T>G]G	0.12995121462175446	0.06488767641463093	0.7226882172381788	0.08247289172543579
TCGA-2F-A9KR-01A-11D-A38G-08	G[T>G]T	0.1373651993137321	0.19839432006414726	0.48027285958540467	0.18396762103671613
TCGA-2F-A9KR-01A-11D-A38G-08	T[C>A]A	0.4737608193790043	0.08829095651067982	0.17284625476691276	0.26510196934340313
TCGA-2F-A9KR-01A-11D-A38G-08	T[C>A]C	0.4557289463331713	0.13840033488125042	0.36028383202136705	0.04558688676421113
TCGA-2F-A9KR-01A-11D-A38G-08	T[C>A]G	0.5220330550830425	0.10950295623570153	0.3483009262160298	0.020163062465226124
TCGA-2F-A9KR-01A-11D-A38G-08	T[C>A]T	0.00673378463550931	3.197138394332149e-06	4.972336975849835e-07	0.9932625209923989
TCGA-2F-A9KR-01A-11D-A38G-08	T[C>G]A	0.9644484277012113	0.02358735545551807	0.011964088002338691	1.2884093190525015e-07
TCGA-2F-A9KR-01A-11D-A38G-08	T[C>G]C	0.8366767969859752	0.1177432343057067	0.04557989680952077	7.189879734532914e-08
TCGA-2F-A9KR-01A-11D-A38G-08	T[C>G]G	0.7709060873272081	0.17665582784353626	0.052437792956895955	2.9187235973052654e-07
TCGA-2F-A9KR-01A-11D-A38G-08	T[C>G]T	0.9626579685910879	0.02687304210705004	0.010468880120788334	1.091810736924846e-07
TCGA-2F-A9KR-01A-11D-A38G-08	T[C>T]A	0.18453988376503935	0.8103504316927466	0.0026112901469428204	0.002498394395271322
TCGA-2F-A9KR-01A-11D-A38G-08	T[C>T]C	0.1250189527939103	0.6952030309434131	0.09533251038843062	0.08444550587424607
TCGA-2F-A9KR-01A-11D-A38G-08	T[C>T]G	0.10402233174832212	0.49495484039259885	0.003014221913001019	0.39800860594607806
TCGA-2F-A9KR-01A-11D-A38G-08	T[C>T]T	0.10536248900978443	0.8193310811307996	0.006095609275042219	0.06921082058437372
TCGA-2F-A9KR-01A-11D-A38G-08	T[T>A]A	0.023954969019796348	0.14795329990140288	0.7182201736686097	0.10987155741019106
TCGA-2F-A9KR-01A-11D-A38G-08	T[T>A]C	0.08878915800558193	0.28004571644920895	0.5948637447323638	0.03630138081284535
TCGA-2F-A9KR-01A-11D-A38G-08	T[T>A]G	0.10463046387971836	0.21256310122690122	0.6827977096832614	8.72521011909962e-06
TCGA-2F-A9KR-01A-11D-A38G-08	T[T>A]T	0.06841092263198552	0.295951951956901	0.5329814420846365	0.10265568332647693
TCGA-2F-A9KR-01A-11D-A38G-08	T[T>C]A	0.012180884066908352	0.1655030121303477	0.5243868987536826	0.29792920504906145
TCGA-2F-A9KR-01A-11D-A38G-08	T[T>C]C	0.01603033278642173	0.17688650830671954	0.58536756644947	0.22171559245738873
TCGA-2F-A9KR-01A-11D-A38G-08	T[T>C]G	0.002275886568160603	0.15246023696667924	0.7551187094681262	0.09014516699703394
TCGA-2F-A9KR-01A-11D-A38G-08	T[T>C]T	0.027921670545418126	0.10521941992575787	0.4804162514149193	0.3864426581139047
TCGA-2F-A9KR-01A-11D-A38G-08	T[T>G]A	0.000869459000067458	0.20580890255540968	0.2278344208957865	0.5654872175487363
TCGA-2F-A9KR-01A-11D-A38G-08	T[T>G]C	2.5901747785433494e-05	0.04512348678665764	0.0876444376955262	0.8672061737700307
