Chr	Start	End	Mutation	Size	Middle	Start_C	End_C	Mutations_C
chr1	145845583	145848365	145847270	2782	145846974	-1391	1391	296
chr1	150470714	150474232	150471903	3518	150472473	-1759	1759	-570
chr1	153770262	153776516	153772667	6254	153773389	-3127	3127	-722
chr1	156925923	156933388	156927625	7465	156929655	-3732	3733	-2030
chr1	117074836	117076768	117075536	1932	117075802	-966	966	-266
chr1	181088390	181090557	181088914	2167	181089473	-1083	1084	-559
chr1	153662647	153663921	153662780	1274	153663284	-637	637	-504
chr1	11053065	11060620	11056717	7555	11056842	-3777	3778	-125
chr1	6472624	6476719	6475105	4095	6474671	-2047	2048	434
chr1	15926508	15928947	15928519	2439	15927727	-1219	1220	792
chr1	16198828	16203797	16202498	4969	16201312	-2484	2485	1186
chr1	43702147	43705575	43703590	3428	43703861	-1714	1714	-271
chr1	153618818	153620573	153618854	1755	153619695	-877	878	-841
chr1	32202502	32207732	32207474	5230	32205117	-2615	2615	2357
chr1	39563140	39565012	39564767	1872	39564076	-936	936	691
chr1	108922686	108924661	108924216	1975	108923673	-987	988	543
chr1	109236669	109240175	109237770	3506	109238422	-1753	1753	-652
chr1	150259585	150261859	150260233	2274	150260722	-1137	1137	-489
chr1	151397194	151402348	151400643	5154	151399771	-2577	2577	872
chr1	154550069	154556304	154555955	6235	154553186	-3117	3118	2769
chr1	155043623	155049605	155046085	5982	155046614	-2991	2991	-529
chr1	155266297	155267644	155266853	1347	155266970	-673	674	-117
chr1	156937683	156942123	156940313	4440	156939903	-2220	2220	410
chr1	161121454	161124393	161124279	2939	161122923	-1469	1470	1356
chr1	161173127	161176094	161173837	2967	161174610	-1483	1484	-773
chr1	165752018	165752897	165752168	879	165752457	-439	440	-289
chr1	180014995	180017161	180015937	2166	180016078	-1083	1083	-141
chr1	206731327	206735449	206732725	4122	206733388	-2061	2061	-663
chr1	214332725	214334587	214334031	1862	214333656	-931	931	375
chr1	226068609	226072173	226071473	3564	226070391	-1782	1782	1082
chr1	226378936	226383187	226383034	4251	226381061	-2125	2126	1973
chr1	244854759	244856700	244856308	1941	244855729	-970	971	579
chr1	117366145	117368601	117368238	2456	117367373	-1228	1228	865
chr1	26182702	26187437	26183369	4735	26185069	-2367	2368	-1700
chr1	44761818	44766318	44761971	4500	44764068	-2250	2250	-2097
chr1	180273799	180275177	180274002	1378	180274488	-689	689	-486
chr1	202892025	202895056	202893286	3031	202893540	-1515	1516	-254
chr1	214332725	214334587	214333953	1862	214333656	-931	931	297
chr1	1638370	1642737	1638532	4367	1640553	-2183	2184	-2021
chr1	6211044	6214118	6212390	3074	6212581	-1537	1537	-191
chr1	150628852	150629945	150629506	1093	150629398	-546	547	108
chr1	155311963	155315533	155312373	3570	155313748	-1785	1785	-1375
chr1	42930860	42932476	42931078	1616	42931668	-808	808	-590
chr1	160238884	160241198	160240318	2314	160240041	-1157	1157	277
chr1	52353138	52356293	52353461	3155	52354715	-1577	1578	-1254
chr1	11847599	11853093	11847627	5494	11850346	-2747	2747	-2719
chr1	109236669	109240175	109237802	3506	109238422	-1753	1753	-620
chr1	155177829	155181297	155179889	3468	155179563	-1734	1734	326
chr1	153987648	153993163	153992859	5515	153990405	-2757	2758	2454
chr1	11669859	11675057	11673766	5198	11672458	-2599	2599	1308
chr1	161121454	161124393	161122110	2939	161122923	-1469	1470	-813
chr1	92831277	92832587	92832079	1310	92831932	-655	655	147
chr1	153951063	153956383	153951374	5320	153953723	-2660	2660	-2349
chr1	19140358	19142431	19141740	2073	19141394	-1036	1037	346
chr1	161155682	161163352	161158123	7670	161159517	-3835	3835	-1394
chr1	26779388	26781241	26779863	1853	26780314	-926	927	-451
chr1	179086885	179094678	179094136	7793	179090781	-3896	3897	3355
chr1	32767962	32774402	32770414	6440	32771182	-3220	3220	-768
chr1	6211044	6214118	6211894	3074	6212581	-1537	1537	-687
chr1	160238884	160241198	160240245	2314	160240041	-1157	1157	204
chr1	204195919	204203172	204202895	7253	204199545	-3626	3627	3350
chr1	1756543	1761566	1758523	5023	1759054	-2511	2512	-531
chr1	145923787	145930293	145924521	6506	145927040	-3253	3253	-2519
chr1	246913175	246916262	246913360	3087	246914718	-1543	1544	-1358
chr1	117074836	117076768	117074992	1932	117075802	-966	966	-810
chr1	150628852	150629945	150629466	1093	150629398	-546	547	68
chr1	9600235	9605556	9602336	5321	9602895	-2660	2661	-559
chr1	11955687	11961786	11957002	6099	11958736	-3049	3050	-1734
chr1	181047393	181052180	181050064	4787	181049786	-2393	2394	278
chr1	202892025	202895056	202892351	3031	202893540	-1515	1516	-1189
chr1	112695108	112699703	112698081	4595	112697405	-2297	2298	676
chr1	154249041	154251725	154251647	2684	154250383	-1342	1342	1264
chr1	53270944	53275106	53271259	4162	53273025	-2081	2081	-1766
chr1	112455454	112457889	112457215	2435	112456671	-1217	1218	544
chr1	150963764	150965163	150964252	1399	150964463	-699	700	-211
chr1	145845583	145848365	145847587	2782	145846974	-1391	1391	613
chr1	85580671	85583428	85583095	2757	85582049	-1378	1379	1046
chr1	15933469	15937568	15934964	4099	15935518	-2049	2050	-554
chr1	35191421	35193804	35193050	2383	35192612	-1191	1192	438
chr1	37481025	37484310	37483802	3285	37482667	-1642	1643	1135
chr1	117077618	117080810	117077972	3192	117079214	-1596	1596	-1242
chr1	154182026	154187241	154183169	5215	154184633	-2607	2608	-1464
chr1	154958882	154962939	154958907	4057	154960910	-2028	2029	-2003
chr1	159935742	159938062	159936454	2320	159936902	-1160	1160	-448
chr1	15933469	15937568	15935078	4099	15935518	-2049	2050	-440
chr1	107055484	107058627	107057655	3143	107057055	-1571	1572	600
chr1	51407658	51410552	51408330	2894	51409105	-1447	1447	-775
chr1	150619757	150624493	150624483	4736	150622125	-2368	2368	2358
chr1	43171624	43173547	43172123	1923	43172585	-961	962	-462
chr1	150259585	150261859	150260269	2274	150260722	-1137	1137	-453
chr1	156290990	156293471	156293366	2481	156292230	-1240	1241	1136
chr1	36455455	36456492	36456312	1037	36455973	-518	519	339
chr1	44758568	44760985	44759251	2417	44759776	-1208	1209	-525
chr1	46285493	46286806	46286350	1313	46286149	-656	657	201
chr1	180264808	180272560	180271869	7752	180268684	-3876	3876	3185
chr1	109248872	109255065	109251479	6193	109251968	-3096	3097	-489
chr1	161212057	161216693	161214164	4636	161214375	-2318	2318	-211
chr1	16989695	16995258	16992289	5563	16992476	-2781	2782	-187
chr1	159935742	159938062	159936781	2320	159936902	-1160	1160	-121
chr1	149886886	149889648	149887265	2762	149888267	-1381	1381	-1002
chr1	43601290	43604634	43603644	3344	43602962	-1672	1672	682
chr1	154550069	154556304	154552804	6235	154553186	-3117	3118	-382
chr1	156264470	156268536	156266571	4066	156266503	-2033	2033	68
chr1	203817334	203820919	203818580	3585	203819126	-1792	1793	-546
chr1	16628206	16635716	16630324	7510	16631961	-3755	3755	-1637
chr1	32229949	32235778	32234453	5829	32232863	-2914	2915	1590
chr1	160998900	161001224	160999977	2324	161000062	-1162	1162	-85
chr1	150967054	150969017	150968442	1963	150968035	-981	982	407
chr1	156264470	156268536	156266326	4066	156266503	-2033	2033	-177
chr1	153972617	153977782	153974817	5165	153975199	-2582	2583	-382
chr1	209796450	209799899	209796477	3449	209798174	-1724	1725	-1697
chr1	42816044	42817506	42816441	1462	42816775	-731	731	-334
chr1	43614371	43620204	43619297	5833	43617287	-2916	2917	2010
chr1	151042476	151049117	151043065	6641	151045796	-3320	3321	-2731
chr1	154550069	154556304	154552445	6235	154553186	-3117	3118	-741
chr1	155060158	155062797	155062509	2639	155061477	-1319	1320	1032
chr1	147620244	147621915	147620775	1671	147621079	-835	836	-304
chr1	206731327	206735449	206732574	4122	206733388	-2061	2061	-814
chr1	10657514	10661825	10660487	4311	10659669	-2155	2156	818
chr1	15933469	15937568	15933987	4099	15935518	-2049	2050	-1531
chr1	202011191	202015827	202015368	4636	202013509	-2318	2318	1859
chr1	160238884	160241198	160240071	2314	160240041	-1157	1157	30
chr1	151299830	151304141	151302220	4311	151301985	-2155	2156	235
chr1	156264470	156268536	156268290	4066	156266503	-2033	2033	1787
chr1	1532379	1537640	1533987	5261	1535009	-2630	2631	-1022
chr1	6439310	6444889	6444619	5579	6442099	-2789	2790	2520
chr1	6583468	6589608	6585882	6140	6586538	-3070	3070	-656
chr1	11827935	11830485	11829306	2550	11829210	-1275	1275	96
chr1	19311895	19318460	19317730	6565	19315177	-3282	3283	2553
chr1	25817550	25823342	25823056	5792	25820446	-2896	2896	2610
chr1	37481025	37484310	37483603	3285	37482667	-1642	1643	936
chr1	45002551	45008655	45008510	6104	45005603	-3052	3052	2907
chr1	46188177	46190504	46189991	2327	46189340	-1163	1164	651
chr1	59857974	59859084	59858466	1110	59858529	-555	555	-63
chr1	85580671	85583428	85582466	2757	85582049	-1378	1379	417
chr1	114713047	114714496	114713920	1449	114713771	-724	725	149
chr1	149899854	149902672	149900052	2818	149901263	-1409	1409	-1211
chr1	150994454	150995622	150994635	1168	150995038	-584	584	-403
chr1	153951063	153956383	153952022	5320	153953723	-2660	2660	-1701
chr1	155135584	155137932	155137693	2348	155136758	-1174	1174	935
chr1	156730411	156736365	156732329	5954	156733388	-2977	2977	-1059
chr1	156730411	156736365	156733414	5954	156733388	-2977	2977	26
chr1	156804501	156807235	156807214	2734	156805868	-1367	1367	1346
chr1	156937683	156942123	156938455	4440	156939903	-2220	2220	-1448
chr1	161114984	161121140	161118016	6156	161118062	-3078	3078	-46
chr1	180184461	180188640	180186141	4179	180186550	-2089	2090	-409
chr1	200407901	200411046	200408991	3145	200409473	-1572	1573	-482
chr1	204121640	204124898	204123678	3258	204123269	-1629	1629	409
chr1	204257122	204262139	204257428	5017	204259630	-2508	2509	-2202
chr1	228285602	228292931	228288243	7329	228289266	-3664	3665	-1023
chr1	16618109	16621870	16619828	3761	16619989	-1880	1881	-161
chr1	11827935	11830485	11829288	2550	11829210	-1275	1275	78
chr1	16989695	16995258	16990179	5563	16992476	-2781	2782	-2297
chr1	31433438	31437448	31434185	4010	31435443	-2005	2005	-1258
chr1	110337341	110342887	110342101	5546	110340114	-2773	2773	1987
chr1	228367917	228374092	228372781	6175	228371004	-3087	3088	1777
chr1	13781767	13782719	13782074	952	13782243	-476	476	-169
chr1	156010655	156011805	156011786	1150	156011230	-575	575	556
chr1	183561553	183563778	183563502	2225	183562665	-1112	1113	837
chr1	226983256	226987161	226984118	3905	226985208	-1952	1953	-1090
chr1	1915137	1918067	1916828	2930	1916602	-1465	1465	226
chr1	147622009	147624430	147624078	2421	147623219	-1210	1211	859
chr1	58575507	58578070	58576516	2563	58576788	-1281	1282	-272
chr1	8354824	8361599	8356115	6775	8358211	-3387	3388	-2096
chr1	32380113	32384605	32383964	4492	32382359	-2246	2246	1605
chr1	44776008	44781385	44777615	5377	44778696	-2688	2689	-1081
chr1	150806278	150808039	150806710	1761	150807158	-880	881	-448
chr1	153660205	153662626	153662399	2421	153661415	-1210	1211	984
chr1	153972617	153977782	153973257	5165	153975199	-2582	2583	-1942
chr1	154347482	154350294	154348467	2812	154348888	-1406	1406	-421
chr1	154958882	154962939	154959512	4057	154960910	-2028	2029	-1398
chr1	154990293	154994176	154993642	3883	154992234	-1941	1942	1408
chr1	155060158	155062797	155062548	2639	155061477	-1319	1320	1071
chr1	155754295	155755405	155754416	1110	155754850	-555	555	-434
chr1	156234408	156238188	156236468	3780	156236298	-1890	1890	170
chr1	179591159	179593494	179592602	2335	179592326	-1167	1168	276
chr1	181047393	181052180	181049160	4787	181049786	-2393	2394	-626
chr1	202966360	202968233	202966775	1873	202967296	-936	937	-521
chr1	204128958	204132439	204132042	3481	204130698	-1740	1741	1344
chr1	204240755	204245848	204241726	5093	204243301	-2546	2547	-1575
chr1	204257122	204262139	204261354	5017	204259630	-2508	2509	1724
chr1	228285602	228292931	228287891	7329	228289266	-3664	3665	-1375
chr1	244854759	244856700	244855946	1941	244855729	-970	971	217
chr1	117032656	117035116	117034077	2460	117033886	-1230	1230	191
chr1	112455454	112457889	112456856	2435	112456671	-1217	1218	185
chr1	156152263	156157077	156154690	4814	156154670	-2407	2407	20
chr1	16618109	16621870	16619911	3761	16619989	-1880	1881	-78
chr1	33363297	33368841	33368589	5544	33366069	-2772	2772	2520
chr1	150281278	150286016	150283554	4738	150283647	-2369	2369	-93
chr1	156724943	156729343	156729215	4400	156727143	-2200	2200	2072
chr1	166849496	166852355	166850135	2859	166850925	-1429	1430	-790
chr1	204225675	204231325	204230535	5650	204228500	-2825	2825	2035
chr1	54852761	54856917	54854172	4156	54854839	-2078	2078	-667
chr1	206912426	206915527	206913930	3101	206913976	-1550	1551	-46
chr1	151263082	151267448	151263929	4366	151265265	-2183	2183	-1336
chr1	205748437	205751180	205750235	2743	205749808	-1371	1372	427
chr1	112695108	112699703	112695484	4595	112697405	-2297	2298	-1921
chr1	117074836	117076768	117075074	1932	117075802	-966	966	-728
chr1	155123365	155128727	155127956	5362	155126046	-2681	2681	1910
chr1	108192508	108194064	108192636	1556	108193286	-778	778	-650
chr1	45565962	45569792	45568563	3830	45567877	-1915	1915	686
chr1	112699838	112704154	112703675	4316	112701996	-2158	2158	1679
chr1	181088390	181090557	181088945	2167	181089473	-1083	1084	-528
chr1	32767962	32774402	32772872	6440	32771182	-3220	3220	1690
chr1	200737832	200740952	200739795	3120	200739392	-1560	1560	403
chr1	161173127	161176094	161173632	2967	161174610	-1483	1484	-978
chr1	88980788	88985066	88983410	4278	88982927	-2139	2139	483
chr1	16934207	16937726	16937653	3519	16935966	-1759	1760	1687
chr1	20644338	20650240	20644541	5902	20647289	-2951	2951	-2748
chr1	236858076	236860228	236859836	2152	236859152	-1076	1076	684
chr1	16198828	16203797	16199173	4969	16201312	-2484	2485	-2139
chr1	155177829	155181297	155178184	3468	155179563	-1734	1734	-1379
chr1	6463969	6471224	6470561	7255	6467596	-3627	3628	2965
chr1	201871552	201875720	201874936	4168	201873636	-2084	2084	1300
chr1	17027230	17029901	17028706	2671	17028565	-1335	1336	141
chr1	107055484	107058627	107057976	3143	107057055	-1571	1572	921
chr1	16393045	16399658	16395878	6613	16396351	-3306	3307	-473
chr1	26182702	26187437	26184404	4735	26185069	-2367	2368	-665
chr1	26182702	26187437	26187188	4735	26185069	-2367	2368	2119
chr1	112455454	112457889	112457299	2435	112456671	-1217	1218	628
chr1	150958956	150963712	150960675	4756	150961334	-2378	2378	-659
chr1	153625857	153626978	153626323	1121	153626417	-560	561	-94
chr1	154967340	154975235	154969388	7895	154971287	-3947	3948	-1899
chr1	156290990	156293471	156293074	2481	156292230	-1240	1241	844
chr1	153660205	153662626	153662545	2421	153661415	-1210	1211	1130
chr1	22125966	22130867	22129736	4901	22128416	-2450	2451	1320
chr1	44217008	44222829	44219188	5821	44219918	-2910	2911	-730
chr1	112455454	112457889	112457386	2435	112456671	-1217	1218	715
chr1	155941011	155944906	155942473	3895	155942958	-1947	1948	-485
chr1	200559446	200560756	200559453	1310	200560101	-655	655	-648
chr1	159928025	159930684	159930181	2659	159929354	-1329	1330	827
chr1	15933469	15937568	15935688	4099	15935518	-2049	2050	170
chr1	149886886	149889648	149887475	2762	149888267	-1381	1381	-792
chr1	26853009	26858472	26853845	5463	26855740	-2731	2732	-1895
chr1	153660205	153662626	153661255	2421	153661415	-1210	1211	-160
chr1	153660205	153662626	153662324	2421	153661415	-1210	1211	909
chr1	206731327	206735449	206732713	4122	206733388	-2061	2061	-675
chr1	182598739	182601148	182600369	2409	182599943	-1204	1205	426
chr1	155316281	155318924	155318278	2643	155317602	-1321	1322	676
chr1	45507958	45509395	45508918	1437	45508676	-718	719	242
chr1	151397194	151402348	151400649	5154	151399771	-2577	2577	878
chr1	22118960	22123510	22120234	4550	22121235	-2275	2275	-1001
chr1	15933469	15937568	15937302	4099	15935518	-2049	2050	1784
chr1	150965269	150966925	150966604	1656	150966097	-828	828	507
chr1	1487022	1491544	1490662	4522	1489283	-2261	2261	1379
chr1	103525990	103528626	103526221	2636	103527308	-1318	1318	-1087
chr1	211577062	211579845	211578515	2783	211578453	-1391	1392	62
chr1	11053065	11060620	11059273	7555	11056842	-3777	3778	2431
chr1	151404031	151405712	151405417	1681	151404871	-840	841	546
chr1	228305612	228311209	228307494	5597	228308410	-2798	2799	-916
chr1	114570179	114573655	114570731	3476	114571917	-1738	1738	-1186
chr1	145845583	145848365	145846633	2782	145846974	-1391	1391	-341
chr1	154267602	154271369	154268785	3767	154269485	-1883	1884	-700
chr1	156925923	156933388	156932549	7465	156929655	-3732	3733	2894
chr1	27849031	27850920	27850215	1889	27849975	-944	945	240
chr1	117082648	117084503	117084042	1855	117083575	-927	928	467
chr1	161169074	161171462	161169695	2388	161170268	-1194	1194	-573
chr1	36318477	36324682	36319897	6205	36321579	-3102	3103	-1682
chr1	180190802	180196518	180196443	5716	180193660	-2858	2858	2783
chr1	161052219	161055279	161052469	3060	161053749	-1530	1530	-1280
chr1	202880645	202885602	202881174	4957	202883123	-2478	2479	-1949
chr1	145845583	145848365	145846069	2782	145846974	-1391	1391	-905
chr1	228357796	228364461	228360588	6665	228361128	-3332	3333	-540
chr1	43614371	43620204	43618695	5833	43617287	-2916	2917	1408
chr1	155263029	155264030	155263318	1001	155263529	-500	501	-211
chr1	244862886	244865743	244864013	2857	244864314	-1428	1429	-301
chr1	44217008	44222829	44221539	5821	44219918	-2910	2911	1621
chr1	113912080	113913884	113913547	1804	113912982	-902	902	565
chr1	160207714	160211604	160208588	3890	160209659	-1945	1945	-1071
chr1	247299776	247301255	247301091	1479	247300515	-739	740	576
chr1	6218152	6220871	6219246	2719	6219511	-1359	1360	-265
chr1	19255468	19258083	19255995	2615	19256775	-1307	1308	-780
chr1	11999217	12002921	12001998	3704	12001069	-1852	1852	929
chr1	11827935	11830485	11828568	2550	11829210	-1275	1275	-642
chr1	27879044	27885127	27882942	6083	27882085	-3041	3042	857
chr1	117032656	117035116	117033951	2460	117033886	-1230	1230	65
chr1	3780434	3783270	3781140	2836	3781852	-1418	1418	-712
chr1	17647498	17649362	17648569	1864	17648430	-932	932	139
chr1	26468716	26469811	26469326	1095	26469263	-547	548	63
chr1	43544715	43547149	43545139	2434	43545932	-1217	1217	-793
chr1	23309722	23312270	23310999	2548	23310996	-1274	1274	3
chr1	1915137	1918067	1916819	2930	1916602	-1465	1465	217
chr1	45617194	45623000	45621953	5806	45620097	-2903	2903	1856
chr1	43620805	43623398	43622088	2593	43622101	-1296	1297	-13
chr1	153770262	153776516	153773762	6254	153773389	-3127	3127	373
chr1	204121640	204124898	204124640	3258	204123269	-1629	1629	1371
chr1	1756543	1761566	1756596	5023	1759054	-2511	2512	-2458
chr1	58780835	58786137	58782713	5302	58783486	-2651	2651	-773
chr1	155043623	155049605	155046158	5982	155046614	-2991	2991	-456
chr1	179881808	179884251	179882722	2443	179883029	-1221	1222	-307
chr1	150263349	150266356	150266105	3007	150264852	-1503	1504	1253
chr1	150267428	150270167	150268047	2739	150268797	-1369	1370	-750
chr1	12007696	12013475	12011546	5779	12010585	-2889	2890	961
chr1	12027707	12031947	12029101	4240	12029827	-2120	2120	-726
chr1	19744913	19749745	19746460	4832	19747329	-2416	2416	-869
chr1	32767962	32774402	32771338	6440	32771182	-3220	3220	156
chr1	33321856	33324631	33323806	2775	33323243	-1387	1388	563
chr1	43620805	43623398	43622098	2593	43622101	-1296	1297	-3
chr1	179881808	179884251	179882928	2443	179883029	-1221	1222	-101
chr1	156290990	156293471	156292926	2481	156292230	-1240	1241	696
chr1	179106463	179112083	179108338	5620	179109273	-2810	2810	-935
chr1	206731327	206735449	206732807	4122	206733388	-2061	2061	-581
chr1	46034800	46037804	46034937	3004	46036302	-1502	1502	-1365
chr1	156264470	156268536	156266592	4066	156266503	-2033	2033	89
chr1	204125633	204127790	204126754	2157	204126711	-1078	1079	43
chr1	2382589	2388032	2387496	5443	2385310	-2721	2722	2186
chr1	153662647	153663921	153663030	1274	153663284	-637	637	-254
chr1	963535	968263	964004	4728	965899	-2364	2364	-1895
chr1	161173127	161176094	161175132	2967	161174610	-1483	1484	522
chr1	2186892	2191124	2187003	4232	2189008	-2116	2116	-2005
chr1	111723024	111728566	111727527	5542	111725795	-2771	2771	1732
chr1	115688564	115691939	115691365	3375	115690251	-1687	1688	1114
chr1	165827331	165829350	165827843	2019	165828340	-1009	1010	-497
chr1	26779388	26781241	26779863	1853	26780314	-926	927	-451
chr1	32767962	32774402	32772909	6440	32771182	-3220	3220	1727
chr1	42816044	42817506	42816492	1462	42816775	-731	731	-283
chr1	149886886	149889648	149887046	2762	149888267	-1381	1381	-1221
chr1	153951063	153956383	153954255	5320	153953723	-2660	2660	532
chr1	155263029	155264030	155263227	1001	155263529	-500	501	-302
chr1	154967340	154975235	154970341	7895	154971287	-3947	3948	-946
chr1	228367917	228374092	228371942	6175	228371004	-3087	3088	938
chr1	236858076	236860228	236859840	2152	236859152	-1076	1076	688
chr1	150470714	150474232	150471933	3518	150472473	-1759	1759	-540
chr1	159928025	159930684	159930332	2659	159929354	-1329	1330	978
chr1	43995728	43999052	43997618	3324	43997390	-1662	1662	228
chr1	119139880	119141436	119140477	1556	119140658	-778	778	-181
chr1	145838264	145841785	145840953	3521	145840024	-1760	1761	929
chr1	180190802	180196518	180196507	5716	180193660	-2858	2858	2847
chr1	149886886	149889648	149887316	2762	149888267	-1381	1381	-951
chr1	155941011	155944906	155942618	3895	155942958	-1947	1948	-340
chr1	154220157	154222264	154220535	2107	154221210	-1053	1054	-675
chr1	6666185	6670231	6667754	4046	6668208	-2023	2023	-454
chr1	107055484	107058627	107057145	3143	107057055	-1571	1572	90
chr1	153628108	153635521	153630580	7413	153631814	-3706	3707	-1234
chr1	45002551	45008655	45004879	6104	45005603	-3052	3052	-724
chr1	150812343	150814989	150814157	2646	150813666	-1323	1323	491
chr1	151170822	151175655	151170920	4833	151173238	-2416	2417	-2318
chr1	30932953	30935482	30933212	2529	30934217	-1264	1265	-1005
chr1	46030610	46034532	46031047	3922	46032571	-1961	1961	-1524
chr1	109605792	109606713	109606045	921	109606252	-460	461	-207
chr1	119139880	119141436	119140614	1556	119140658	-778	778	-44
chr1	150958956	150963712	150963013	4756	150961334	-2378	2378	1679
chr1	155258652	155262911	155262143	4259	155260781	-2129	2130	1362
chr1	155910293	155913049	155910768	2756	155911671	-1378	1378	-903
chr1	225842442	225850428	225848915	7986	225846435	-3993	3993	2480
chr1	108698729	108700025	108699260	1296	108699377	-648	648	-117
chr1	119996423	120000695	119997098	4272	119998559	-2136	2136	-1461
chr1	150259585	150261859	150261330	2274	150260722	-1137	1137	608
chr1	182602793	182605370	182603327	2577	182604081	-1288	1289	-754
chr1	228305612	228311209	228309520	5597	228308410	-2798	2799	1110
chr1	15834147	15835973	15835617	1826	15835060	-913	913	557
chr1	179591159	179593494	179592848	2335	179592326	-1167	1168	522
chr1	6211044	6214118	6211967	3074	6212581	-1537	1537	-614
chr1	43995728	43999052	43996173	3324	43997390	-1662	1662	-1217
chr1	150619757	150624493	150624479	4736	150622125	-2368	2368	2354
chr1	156741523	156745779	156742576	4256	156743651	-2128	2128	-1075
chr1	154976301	154978677	154978037	2376	154977489	-1188	1188	548
chr1	155129000	155131746	155131361	2746	155130373	-1373	1373	988
chr1	6439310	6444889	6444649	5579	6442099	-2789	2790	2550
chr1	6666185	6670231	6667771	4046	6668208	-2023	2023	-437
chr1	43620805	43623398	43621989	2593	43622101	-1296	1297	-112
chr1	151397194	151402348	151399711	5154	151399771	-2577	2577	-60
chr1	156264470	156268536	156266345	4066	156266503	-2033	2033	-158
chr1	155043623	155049605	155046398	5982	155046614	-2991	2991	-216
chr1	11283865	11286455	11285790	2590	11285160	-1295	1295	630
chr1	150576214	150582535	150578456	6321	150579374	-3160	3161	-918
chr1	179095452	179096989	179095666	1537	179096220	-768	769	-554
chr1	154964996	154967213	154966053	2217	154966104	-1108	1109	-51
chr1	147622009	147624430	147622432	2421	147623219	-1210	1211	-787
chr1	151170822	151175655	151171457	4833	151173238	-2416	2417	-1781
chr1	27403227	27407478	27405668	4251	27405352	-2125	2126	316
chr1	112455454	112457889	112456267	2435	112456671	-1217	1218	-404
chr1	43614371	43620204	43619392	5833	43617287	-2916	2917	2105
chr1	154573141	154576605	154575804	3464	154574873	-1732	1732	931
chr1	156937683	156942123	156940230	4440	156939903	-2220	2220	327
chr1	36318477	36324682	36320719	6205	36321579	-3102	3103	-860
chr1	43689026	43694915	43690989	5889	43691970	-2944	2945	-981
chr1	45617194	45623000	45622814	5806	45620097	-2903	2903	2717
chr1	46029095	46030352	46029492	1257	46029723	-628	629	-231
chr1	51293446	51298597	51294427	5151	51296021	-2575	2576	-1594
chr1	51788248	51793467	51789641	5219	51790857	-2609	2610	-1216
chr1	150267428	150270167	150268720	2739	150268797	-1369	1370	-77
chr1	151240505	151242835	151242149	2330	151241670	-1165	1165	479
chr1	154550069	154556304	154555518	6235	154553186	-3117	3118	2332
chr1	161363498	161366655	161365556	3157	161365076	-1578	1579	480
chr1	206583457	206588575	206586739	5118	206586016	-2559	2559	723
chr1	206583457	206588575	206586912	5118	206586016	-2559	2559	896
chr1	226378936	226383187	226379184	4251	226381061	-2125	2126	-1877
chr1	151263082	151267448	151266518	4366	151265265	-2183	2183	1253
chr1	26779388	26781241	26779645	1853	26780314	-926	927	-669
chr1	22118960	22123510	22120460	4550	22121235	-2275	2275	-775
chr1	151189230	151192864	151190166	3634	151191047	-1817	1817	-881
chr1	228301684	228304962	228304433	3278	228303323	-1639	1639	1110
chr1	26889215	26895939	26893404	6724	26892577	-3362	3362	827
chr1	20644338	20650240	20645556	5902	20647289	-2951	2951	-1733
chr1	108690135	108693399	108692600	3264	108691767	-1632	1632	833
chr1	154967340	154975235	154974854	7895	154971287	-3947	3948	3567
chr1	156730411	156736365	156734385	5954	156733388	-2977	2977	997
chr1	206583457	206588575	206584456	5118	206586016	-2559	2559	-1560
chr1	153770262	153776516	153775375	6254	153773389	-3127	3127	1986
chr1	15926508	15928947	15928410	2439	15927727	-1219	1220	683
chr1	16393045	16399658	16393318	6613	16396351	-3306	3307	-3033
chr1	145923787	145930293	145926820	6506	145927040	-3253	3253	-220
chr1	45565962	45569792	45567957	3830	45567877	-1915	1915	80
chr1	180273799	180275177	180274252	1378	180274488	-689	689	-236
chr1	153932478	153937928	153932959	5450	153935203	-2725	2725	-2244
chr1	155015279	155017220	155016348	1941	155016249	-970	971	99
chr1	155657412	155660432	155659787	3020	155658922	-1510	1510	865
chr1	112699838	112704154	112701698	4316	112701996	-2158	2158	-298
chr1	88980788	88985066	88981765	4278	88982927	-2139	2139	-1162
chr1	117074836	117076768	117075412	1932	117075802	-966	966	-390
chr1	204257122	204262139	204261406	5017	204259630	-2508	2509	1776
chr1	156050621	156055890	156054935	5269	156053255	-2634	2635	1680
chr1	8354824	8361599	8355053	6775	8358211	-3387	3388	-3158
chr1	179106463	179112083	179108062	5620	179109273	-2810	2810	-1211
chr1	109271659	109275660	109272937	4001	109273659	-2000	2001	-722
chr1	151170822	151175655	151174830	4833	151173238	-2416	2417	1592
chr1	43446678	43454364	43447947	7686	43450521	-3843	3843	-2574
chr1	26468716	26469811	26468962	1095	26469263	-547	548	-301
chr1	150263349	150266356	150266092	3007	150264852	-1503	1504	1240
chr1	161169074	161171462	161170444	2388	161170268	-1194	1194	176
chr1	16628206	16635716	16630060	7510	16631961	-3755	3755	-1901
chr1	29148472	29149940	29148880	1468	29149206	-734	734	-326
chr1	113903555	113906812	113904697	3257	113905183	-1628	1629	-486
chr1	149926901	149928413	149927847	1512	149927657	-756	756	190
chr1	228367917	228374092	228373994	6175	228371004	-3087	3088	2990
chr1	6094063	6100872	6097434	6809	6097467	-3404	3405	-33
chr1	15933469	15937568	15937461	4099	15935518	-2049	2050	1943
chr1	160342439	160345019	160344806	2580	160343729	-1290	1290	1077
chr1	2303710	2307934	2304504	4224	2305822	-2112	2112	-1318
chr1	10464788	10467423	10467206	2635	10466105	-1317	1318	1101
chr1	151760202	151763951	151763073	3749	151762076	-1874	1875	997
chr1	156724943	156729343	156727239	4400	156727143	-2200	2200	96
chr1	151165561	151170119	151166168	4558	151167840	-2279	2279	-1672
chr1	151404031	151405712	151404640	1681	151404871	-840	841	-231
chr1	200407901	200411046	200409095	3145	200409473	-1572	1573	-378
chr1	109248872	109255065	109250590	6193	109251968	-3096	3097	-1378
chr1	151165561	151170119	151165818	4558	151167840	-2279	2279	-2022
chr1	155017929	155019083	155018599	1154	155018506	-577	577	93
chr1	32767962	32774402	32773120	6440	32771182	-3220	3220	1938
chr1	186306282	186309312	186308766	3030	186307797	-1515	1515	969
chr1	226983256	226987161	226986479	3905	226985208	-1952	1953	1271
chr1	151189230	151192864	151190052	3634	151191047	-1817	1817	-995
chr1	19108082	19113043	19113041	4961	19110562	-2480	2481	2479
chr1	26266614	26269595	26269506	2981	26268104	-1490	1491	1402
chr1	43446678	43454364	43451332	7686	43450521	-3843	3843	811
chr1	153932478	153937928	153934781	5450	153935203	-2725	2725	-422
chr1	186306282	186309312	186308113	3030	186307797	-1515	1515	316
chr1	228367917	228374092	228368753	6175	228371004	-3087	3088	-2251
chr1	204133228	204135356	204134574	2128	204134292	-1064	1064	282
chr1	200407901	200411046	200408787	3145	200409473	-1572	1573	-686
chr1	206583457	206588575	206586678	5118	206586016	-2559	2559	662
chr1	43362511	43368474	43363133	5963	43365492	-2981	2982	-2359
chr1	150263349	150266356	150266043	3007	150264852	-1503	1504	1191
chr1	153770262	153776516	153775320	6254	153773389	-3127	3127	1931
chr1	153951063	153956383	153953355	5320	153953723	-2660	2660	-368
chr1	110337341	110342887	110341965	5546	110340114	-2773	2773	1851
chr1	150963764	150965163	150964048	1399	150964463	-699	700	-415
chr1	179106463	179112083	179110310	5620	179109273	-2810	2810	1037
chr1	1054391	1061712	1055442	7321	1058051	-3660	3661	-2609
chr1	27359739	27362415	27360346	2676	27361077	-1338	1338	-731
chr1	116959855	116962907	116961412	3052	116961381	-1526	1526	31
chr1	45341885	45343973	45342530	2088	45342929	-1044	1044	-399
chr1	220150861	220152725	220151735	1864	220151793	-932	932	-58
chr1	43171624	43173547	43172808	1923	43172585	-961	962	223
chr1	204225675	204231325	204228759	5650	204228500	-2825	2825	259
chr1	32188076	32195407	32192342	7331	32191741	-3665	3666	601
chr1	151170822	151175655	151174492	4833	151173238	-2416	2417	1254
chr1	112699838	112704154	112700226	4316	112701996	-2158	2158	-1770
chr1	155129000	155131746	155131400	2746	155130373	-1373	1373	1027
chr1	236545972	236548039	236548009	2067	236547005	-1033	1034	1004
chr1	64834844	64836953	64836148	2109	64835898	-1054	1055	250
chr1	181088390	181090557	181089816	2167	181089473	-1083	1084	343
chr1	225842442	225850428	225845166	7986	225846435	-3993	3993	-1269
chr1	9730426	9732155	9731127	1729	9731290	-864	865	-163
chr1	43702147	43705575	43704508	3428	43703861	-1714	1714	647
chr1	204195919	204203172	204202986	7253	204199545	-3626	3627	3441
chr1	228374689	228378764	228378660	4075	228376726	-2037	2038	1934
chr1	77941576	77944071	77942949	2495	77942823	-1247	1248	126
chr1	155043623	155049605	155048102	5982	155046614	-2991	2991	1488
chr1	119961895	119964119	119963791	2224	119963007	-1112	1112	784
chr1	112695108	112699703	112696758	4595	112697405	-2297	2298	-647
chr1	154964996	154967213	154965639	2217	154966104	-1108	1109	-465
chr1	156530275	156534044	156532992	3769	156532159	-1884	1885	833
chr1	43934167	43937911	43936688	3744	43936039	-1872	1872	649
chr1	156019260	156021904	156020137	2644	156020582	-1322	1322	-445
chr1	151700935	151708597	151702656	7662	151704766	-3831	3831	-2110
chr1	166849496	166852355	166849545	2859	166850925	-1429	1430	-1380
chr1	181088390	181090557	181089838	2167	181089473	-1083	1084	365
chr1	16393045	16399658	16393326	6613	16396351	-3306	3307	-3025
chr1	85580671	85583428	85582140	2757	85582049	-1378	1379	91
chr1	43386394	43389005	43386600	2611	43387699	-1305	1306	-1099
chr1	154212195	154213769	154212595	1574	154212982	-787	787	-387
chr1	151404031	151405712	151405658	1681	151404871	-840	841	787
chr1	202335054	202337434	202335651	2380	202336244	-1190	1190	-593
chr1	151042476	151049117	151046113	6641	151045796	-3320	3321	317
chr1	202908856	202910100	202909144	1244	202909478	-622	622	-334
chr1	154171496	154174026	154173178	2530	154172761	-1265	1265	417
chr1	46285493	46286806	46285572	1313	46286149	-656	657	-577
chr1	19255468	19258083	19257972	2615	19256775	-1307	1308	1197
chr1	46285493	46286806	46285712	1313	46286149	-656	657	-437
chr1	77941576	77944071	77942884	2495	77942823	-1247	1248	61
chr1	110337341	110342887	110339967	5546	110340114	-2773	2773	-147
chr1	112699838	112704154	112700263	4316	112701996	-2158	2158	-1733
chr1	151760202	151763951	151762836	3749	151762076	-1874	1875	760
chr1	153932478	153937928	153932921	5450	153935203	-2725	2725	-2282
chr1	153951063	153956383	153952159	5320	153953723	-2660	2660	-1564
chr1	155060158	155062797	155060270	2639	155061477	-1319	1320	-1207
chr1	155910293	155913049	155910801	2756	155911671	-1378	1378	-870
chr1	156720957	156723598	156723290	2641	156722277	-1320	1321	1013
chr1	161121454	161124393	161123184	2939	161122923	-1469	1470	261
chr1	206908996	206910465	206910326	1469	206909730	-734	735	596
chr1	226378936	226383187	226383089	4251	226381061	-2125	2126	2028
chr1	26779388	26781241	26780325	1853	26780314	-926	927	11
chr1	37704543	37708210	37705565	3667	37706376	-1833	1834	-811
chr1	149920535	149924928	149923867	4393	149922731	-2196	2197	1136
chr1	43386394	43389005	43386588	2611	43387699	-1305	1306	-1111
chr1	26182702	26187437	26185161	4735	26185069	-2367	2368	92
chr1	182885434	182888937	182887372	3503	182887185	-1751	1752	187
chr1	1385742	1390941	1387308	5199	1388341	-2599	2600	-1033
chr1	2303710	2307934	2304579	4224	2305822	-2112	2112	-1243
chr1	3785472	3787569	3787022	2097	3786520	-1048	1049	502
chr1	15926508	15928947	15928198	2439	15927727	-1219	1220	471
chr1	15926508	15928947	15928467	2439	15927727	-1219	1220	740
chr1	21259951	21263098	21260304	3147	21261524	-1573	1574	-1220
chr1	37704543	37708210	37705532	3667	37706376	-1833	1834	-844
chr1	39004107	39005596	39004145	1489	39004851	-744	745	-706
chr1	40691214	40692994	40691830	1780	40692104	-890	890	-274
chr1	44782831	44785213	44784666	2382	44784022	-1191	1191	644
chr1	46030610	46034532	46031047	3922	46032571	-1961	1961	-1524
chr1	114723568	114727343	114725237	3775	114725455	-1887	1888	-218
chr1	153628108	153635521	153631623	7413	153631814	-3706	3707	-191
chr1	154182026	154187241	154183053	5215	154184633	-2607	2608	-1580
chr1	159914459	159921594	159918967	7135	159918026	-3567	3568	941
chr1	160212880	160214597	160213578	1717	160213738	-858	859	-160
chr1	170539489	170541418	170539527	1929	170540453	-964	965	-926
chr1	183552825	183553303	183553117	478	183553064	-239	239	53
chr1	204248669	204251092	204248961	2423	204249880	-1211	1212	-919
chr1	204257122	204262139	204259607	5017	204259630	-2508	2509	-23
chr1	247299776	247301255	247301041	1479	247300515	-739	740	526
chr1	211577062	211579845	211578403	2783	211578453	-1391	1392	-50
chr1	150624553	150628092	150627541	3539	150626322	-1769	1770	1219
chr1	156937683	156942123	156939828	4440	156939903	-2220	2220	-75
chr1	186306282	186309312	186306798	3030	186307797	-1515	1515	-999
chr1	160207714	160211604	160208571	3890	160209659	-1945	1945	-1088
chr1	52353138	52356293	52354897	3155	52354715	-1577	1578	182
chr1	109271659	109275660	109272335	4001	109273659	-2000	2001	-1324
chr1	155941011	155944906	155942696	3895	155942958	-1947	1948	-262
chr1	35191421	35193804	35192966	2383	35192612	-1191	1192	354
chr1	154347482	154350294	154349138	2812	154348888	-1406	1406	250
chr1	1254620	1258777	1255246	4157	1256698	-2078	2079	-1452
chr1	150958956	150963712	150960598	4756	150961334	-2378	2378	-736
chr1	16618109	16621870	16618722	3761	16619989	-1880	1881	-1267
chr1	16618109	16621870	16619734	3761	16619989	-1880	1881	-255
chr1	155263029	155264030	155263978	1001	155263529	-500	501	449
chr1	109248872	109255065	109250506	6193	109251968	-3096	3097	-1462
chr1	10650964	10654076	10653333	3112	10652520	-1556	1556	813
chr1	161173127	161176094	161173828	2967	161174610	-1483	1484	-782
chr1	9730426	9732155	9730558	1729	9731290	-864	865	-732
chr1	45344391	45348608	45344938	4217	45346499	-2108	2109	-1561
chr1	46285493	46286806	46285666	1313	46286149	-656	657	-483
chr1	52361472	52364917	52361578	3445	52363194	-1722	1723	-1616
chr1	85580671	85583428	85582550	2757	85582049	-1378	1379	501
chr1	108690135	108693399	108692841	3264	108691767	-1632	1632	1074
chr1	109248872	109255065	109252821	6193	109251968	-3096	3097	853
chr1	110337341	110342887	110341651	5546	110340114	-2773	2773	1537
chr1	111723024	111728566	111727524	5542	111725795	-2771	2771	1729
chr1	111755209	111757687	111755777	2478	111756448	-1239	1239	-671
chr1	145923787	145930293	145927069	6506	145927040	-3253	3253	29
chr1	150997427	150999757	150997680	2330	150998592	-1165	1165	-912
chr1	151263082	151267448	151266559	4366	151265265	-2183	2183	1294
chr1	154990293	154994176	154993959	3883	154992234	-1941	1942	1725
chr1	156724943	156729343	156727227	4400	156727143	-2200	2200	84
chr1	116403518	116405670	116404508	2152	116404594	-1076	1076	-86
chr1	11970636	11974018	11970739	3382	11972327	-1691	1691	-1588
chr1	150994454	150995622	150994603	1168	150995038	-584	584	-435
chr1	151175675	151178927	151176917	3252	151177301	-1626	1626	-384
chr1	153644489	153648787	153645124	4298	153646638	-2149	2149	-1514
chr1	161114984	161121140	161119186	6156	161118062	-3078	3078	1124
chr1	6641825	6647250	6644629	5425	6644537	-2712	2713	92
chr1	6641825	6647250	6645921	5425	6644537	-2712	2713	1384
chr1	15933469	15937568	15934074	4099	15935518	-2049	2050	-1444
chr1	15933469	15937568	15934782	4099	15935518	-2049	2050	-736
chr1	26779388	26781241	26779732	1853	26780314	-926	927	-582
chr1	27330620	27331788	27331123	1168	27331204	-584	584	-81
chr1	28736003	28738275	28737576	2272	28737139	-1136	1136	437
chr1	35187391	35189104	35188076	1713	35188247	-856	857	-171
chr1	40071605	40072678	40072341	1073	40072141	-536	537	200
chr1	44217008	44222829	44220558	5821	44219918	-2910	2911	640
chr1	145838264	145841785	145840130	3521	145840024	-1760	1761	106
chr1	147622009	147624430	147623861	2421	147623219	-1210	1211	642
chr1	149886886	149889648	149887097	2762	149888267	-1381	1381	-1170
chr1	149886886	149889648	149887749	2762	149888267	-1381	1381	-518
chr1	154601678	154604193	154602610	2515	154602935	-1257	1258	-325
chr1	155123365	155128727	155127922	5362	155126046	-2681	2681	1876
chr1	156323403	156325118	156324992	1715	156324260	-857	858	732
chr1	156564693	156567786	156566055	3093	156566239	-1546	1547	-184
chr1	173486835	173488183	173487888	1348	173487509	-674	674	379
chr1	182598739	182601148	182600287	2409	182599943	-1204	1205	344
chr1	204257122	204262139	204259299	5017	204259630	-2508	2509	-331
chr1	206731327	206735449	206733818	4122	206733388	-2061	2061	430
chr1	230867944	230869662	230868263	1718	230868803	-859	859	-540
chr1	233612940	233615921	233614348	2981	233614430	-1490	1491	-82
chr1	247328471	247333305	247329571	4834	247330888	-2417	2417	-1317
chr1	43671121	43676631	43671636	5510	43673876	-2755	2755	-2240
chr1	13781767	13782719	13782534	952	13782243	-476	476	291
chr1	77941576	77944071	77942573	2495	77942823	-1247	1248	-250
chr1	109248872	109255065	109252282	6193	109251968	-3096	3097	314
chr1	153972617	153977782	153972784	5165	153975199	-2582	2583	-2415
chr1	154573141	154576605	154575783	3464	154574873	-1732	1732	910
chr1	156741523	156745779	156744187	4256	156743651	-2128	2128	536
chr1	161052219	161055279	161053348	3060	161053749	-1530	1530	-401
chr1	161212057	161216693	161213712	4636	161214375	-2318	2318	-663
chr1	180190802	180196518	180196446	5716	180193660	-2858	2858	2786
chr1	180273799	180275177	180274220	1378	180274488	-689	689	-268
chr1	183565132	183566156	183565765	1024	183565644	-512	512	121
chr1	1054391	1061712	1055374	7321	1058051	-3660	3661	-2677
chr1	1054391	1061712	1055376	7321	1058051	-3660	3661	-2675
chr1	11787002	11791187	11788615	4185	11789094	-2092	2093	-479
chr1	51788248	51793467	51790962	5219	51790857	-2609	2610	105
chr1	204240755	204245848	204244988	5093	204243301	-2546	2547	1687
chr1	150965269	150966925	150966597	1656	150966097	-828	828	500
chr1	228392126	228399671	228394823	7545	228395898	-3772	3773	-1075
chr1	26779388	26781241	26779872	1853	26780314	-926	927	-442
chr1	153640966	153644403	153643504	3437	153642684	-1718	1719	820
chr1	228285602	228292931	228292624	7329	228289266	-3664	3665	3358
chr1	150967054	150969017	150968958	1963	150968035	-981	982	923
chr1	155177829	155181297	155178148	3468	155179563	-1734	1734	-1415
chr1	155177829	155181297	155178149	3468	155179563	-1734	1734	-1414
chr1	153664973	153671246	153668547	6273	153668109	-3136	3137	438
chr1	16934207	16937726	16936766	3519	16935966	-1759	1760	800
chr1	70221263	70222561	70221462	1298	70221912	-649	649	-450
chr1	45002551	45008655	45006978	6104	45005603	-3052	3052	1375
chr1	151240505	151242835	151242553	2330	151241670	-1165	1165	883
chr1	151404031	151405712	151404917	1681	151404871	-840	841	46
chr1	26779388	26781241	26781026	1853	26780314	-926	927	712
chr1	155336680	155338615	155337568	1935	155337647	-967	968	-79
chr1	202892025	202895056	202893407	3031	202893540	-1515	1516	-133
chr1	19108082	19113043	19112841	4961	19110562	-2480	2481	2279
chr1	155608482	155610865	155610305	2383	155609673	-1191	1192	632
chr1	161169074	161171462	161170495	2388	161170268	-1194	1194	227
chr1	150950587	150954609	150951439	4022	150952598	-2011	2011	-1159
chr1	149886886	149889648	149887584	2762	149888267	-1381	1381	-683
chr1	32202502	32207732	32203925	5230	32205117	-2615	2615	-1192
chr1	154573141	154576605	154575961	3464	154574873	-1732	1732	1088
chr1	155941011	155944906	155942707	3895	155942958	-1947	1948	-251
chr1	53211036	53214421	53211182	3385	53212728	-1692	1693	-1546
chr1	153662647	153663921	153663050	1274	153663284	-637	637	-234
chr1	151042476	151049117	151043025	6641	151045796	-3320	3321	-2771
chr1	108199119	108201441	108200029	2322	108200280	-1161	1161	-251
chr1	154171496	154174026	154172038	2530	154172761	-1265	1265	-723
chr1	109490617	109492495	109491164	1878	109491556	-939	939	-392
chr1	147263015	147265010	147264539	1995	147264012	-997	998	527
chr1	228367917	228374092	228369980	6175	228371004	-3087	3088	-1024
chr1	43362511	43368474	43363058	5963	43365492	-2981	2982	-2434
chr1	11787002	11791187	11790692	4185	11789094	-2092	2093	1598
chr1	25825434	25829953	25826644	4519	25827693	-2259	2260	-1049
chr1	36318477	36324682	36319741	6205	36321579	-3102	3103	-1838
chr1	45002551	45008655	45008366	6104	45005603	-3052	3052	2763
chr1	117074836	117076768	117075564	1932	117075802	-966	966	-238
chr1	156925923	156933388	156932516	7465	156929655	-3732	3733	2861
chr1	8354824	8361599	8361372	6775	8358211	-3387	3388	3161
chr1	228305612	228311209	228307028	5597	228308410	-2798	2799	-1382
chr1	111723024	111728566	111727382	5542	111725795	-2771	2771	1587
chr1	153972617	153977782	153973244	5165	153975199	-2582	2583	-1955
chr1	204240755	204245848	204241684	5093	204243301	-2546	2547	-1617
chr1	150958956	150963712	150962604	4756	150961334	-2378	2378	1270
chr1	223761955	223767112	223762221	5157	223764533	-2578	2579	-2312
chr1	220150861	220152725	220151227	1864	220151793	-932	932	-566
chr1	151404031	151405712	151405154	1681	151404871	-840	841	283
chr1	25825434	25829953	25826160	4519	25827693	-2259	2260	-1533
chr1	26779388	26781241	26779739	1853	26780314	-926	927	-575
chr1	160238884	160241198	160239951	2314	160240041	-1157	1157	-90
chr1	44644163	44647770	44644727	3607	44645966	-1803	1804	-1239
chr1	155290311	155295192	155291782	4881	155292751	-2440	2441	-969
chr1	10650964	10654076	10653958	3112	10652520	-1556	1556	1438
chr1	154182026	154187241	154183108	5215	154184633	-2607	2608	-1525
chr1	10140995	10145272	10145019	4277	10143133	-2138	2139	1886
chr1	21212514	21220370	21220009	7856	21216442	-3928	3928	3567
chr1	11970636	11974018	11970785	3382	11972327	-1691	1691	-1542
chr1	43995728	43999052	43995828	3324	43997390	-1662	1662	-1562
chr1	88980788	88985066	88983112	4278	88982927	-2139	2139	185
chr1	179106463	179112083	179108637	5620	179109273	-2810	2810	-636
chr1	6577938	6581497	6579224	3559	6579717	-1779	1780	-493
chr1	226068609	226072173	226071375	3564	226070391	-1782	1782	984
chr1	154990293	154994176	154990329	3883	154992234	-1941	1942	-1905
chr1	32767962	32774402	32768105	6440	32771182	-3220	3220	-3077
chr1	52353138	52356293	52354610	3155	52354715	-1577	1578	-105
chr1	109098047	109103174	109100466	5127	109100610	-2563	2564	-144
chr1	159914459	159921594	159918701	7135	159918026	-3567	3568	675
chr1	155232118	155238309	155237500	6191	155235213	-3095	3096	2287
chr1	155290311	155295192	155293212	4881	155292751	-2440	2441	461
chr1	11669859	11675057	11674660	5198	11672458	-2599	2599	2202
chr1	22125966	22130867	22127284	4901	22128416	-2450	2451	-1132
chr1	1254620	1258777	1255342	4157	1256698	-2078	2079	-1356
chr1	151042476	151049117	151048729	6641	151045796	-3320	3321	2933
chr1	155258652	155262911	155260487	4259	155260781	-2129	2130	-294
chr1	155561671	155563733	155562125	2062	155562702	-1031	1031	-577
chr1	183541732	183544662	183542367	2930	183543197	-1465	1465	-830
chr1	226983256	226987161	226984902	3905	226985208	-1952	1953	-306
chr1	114409249	114410995	114410244	1746	114410122	-873	873	122
chr1	179095452	179096989	179095656	1537	179096220	-768	769	-564
chr1	46351620	46354011	46352963	2391	46352815	-1195	1196	148
chr1	151252731	151255073	151254764	2342	151253902	-1171	1171	862
chr1	159914459	159921594	159919335	7135	159918026	-3567	3568	1309
chr1	206583457	206588575	206586942	5118	206586016	-2559	2559	926
chr1	153972617	153977782	153974637	5165	153975199	-2582	2583	-562
chr1	32202502	32207732	32207279	5230	32205117	-2615	2615	2162
chr1	109248872	109255065	109251449	6193	109251968	-3096	3097	-519
chr1	151042476	151049117	151048711	6641	151045796	-3320	3321	2915
chr1	160998900	161001224	161000737	2324	161000062	-1162	1162	675
chr1	51788248	51793467	51792044	5219	51790857	-2609	2610	1187
chr1	160238884	160241198	160239537	2314	160240041	-1157	1157	-504
chr1	46030610	46034532	46032636	3922	46032571	-1961	1961	65
chr1	52687835	52688642	52688073	807	52688238	-403	404	-165
chr1	88980788	88985066	88983348	4278	88982927	-2139	2139	421
chr1	15574143	15578078	15574944	3935	15576110	-1967	1968	-1166
chr1	26938176	26942437	26941591	4261	26940306	-2130	2131	1285
chr1	155258652	155262911	155258931	4259	155260781	-2129	2130	-1850
chr1	205720339	205722771	205720627	2432	205721555	-1216	1216	-928
chr1	34855299	34857231	34855394	1932	34856265	-966	966	-871
chr1	26779388	26781241	26780007	1853	26780314	-926	927	-307
chr1	16451255	16458724	16451981	7469	16454989	-3734	3735	-3008
chr1	153951063	153956383	153954889	5320	153953723	-2660	2660	1166
chr1	160342439	160345019	160344500	2580	160343729	-1290	1290	771
chr1	1487022	1491544	1487900	4522	1489283	-2261	2261	-1383
chr1	151538765	151545989	151540355	7224	151542377	-3612	3612	-2022
chr1	161169074	161171462	161170442	2388	161170268	-1194	1194	174
chr1	206731327	206735449	206732725	4122	206733388	-2061	2061	-663
chr1	206731327	206735449	206732726	4122	206733388	-2061	2061	-662
chr1	145923787	145930293	145927411	6506	145927040	-3253	3253	371
chr1	30717222	30720043	30718812	2821	30718632	-1410	1411	180
chr1	16989695	16995258	16989994	5563	16992476	-2781	2782	-2482
chr1	6211044	6214118	6213167	3074	6212581	-1537	1537	586
chr1	6635174	6638504	6637273	3330	6636839	-1665	1665	434
chr1	10459951	10463397	10463085	3446	10461674	-1723	1723	1411
chr1	10464788	10467423	10467206	2635	10466105	-1317	1318	1101
chr1	13781767	13782719	13782466	952	13782243	-476	476	223
chr1	15926508	15928947	15928239	2439	15927727	-1219	1220	512
chr1	16618109	16621870	16619229	3761	16619989	-1880	1881	-760
chr1	27879044	27885127	27882083	6083	27882085	-3041	3042	-2
chr1	27879044	27885127	27882776	6083	27882085	-3041	3042	691
chr1	36455455	36456492	36455779	1037	36455973	-518	519	-194
chr1	37805349	37809614	37806902	4265	37807481	-2132	2133	-579
chr1	40986812	40990156	40988590	3344	40988484	-1672	1672	106
chr1	43434942	43440030	43437182	5088	43437486	-2544	2544	-304
chr1	43620805	43623398	43620841	2593	43622101	-1296	1297	-1260
chr1	43934167	43937911	43935602	3744	43936039	-1872	1872	-437
chr1	44644163	44647770	44645273	3607	44645966	-1803	1804	-693
chr1	45565962	45569792	45568482	3830	45567877	-1915	1915	605
chr1	109248872	109255065	109253086	6193	109251968	-3096	3097	1118
chr1	110337341	110342887	110342023	5546	110340114	-2773	2773	1909
chr1	113903555	113906812	113904657	3257	113905183	-1628	1629	-526
chr1	117366145	117368601	117368303	2456	117367373	-1228	1228	930
chr1	149926901	149928413	149927840	1512	149927657	-756	756	183
chr1	150958956	150963712	150963001	4756	150961334	-2378	2378	1667
chr1	150967054	150969017	150968175	1963	150968035	-981	982	140
chr1	151034134	151038502	151034295	4368	151036318	-2184	2184	-2023
chr1	151198717	151202076	151199079	3359	151200396	-1679	1680	-1317
chr1	151299830	151304141	151301914	4311	151301985	-2155	2156	-71
chr1	151700935	151708597	151705940	7662	151704766	-3831	3831	1174
chr1	153932478	153937928	153934173	5450	153935203	-2725	2725	-1030
chr1	154967340	154975235	154970222	7895	154971287	-3947	3948	-1065
chr1	155043623	155049605	155046175	5982	155046614	-2991	2991	-439
chr1	155177829	155181297	155179845	3468	155179563	-1734	1734	282
chr1	155319387	155320229	155319905	842	155319808	-421	421	97
chr1	155561671	155563733	155562141	2062	155562702	-1031	1031	-561
chr1	156720957	156723598	156723324	2641	156722277	-1320	1321	1047
chr1	156925923	156933388	156930613	7465	156929655	-3732	3733	958
chr1	156925923	156933388	156932633	7465	156929655	-3732	3733	2978
chr1	156937683	156942123	156939906	4440	156939903	-2220	2220	3
chr1	159928025	159930684	159930300	2659	159929354	-1329	1330	946
chr1	171539955	171541050	171540668	1095	171540502	-547	548	166
chr1	181047393	181052180	181050016	4787	181049786	-2393	2394	230
chr1	181088390	181090557	181088777	2167	181089473	-1083	1084	-696
chr1	181088390	181090557	181089808	2167	181089473	-1083	1084	335
chr1	204225675	204231325	204228203	5650	204228500	-2825	2825	-297
chr1	204248669	204251092	204249226	2423	204249880	-1211	1212	-654
chr1	204257122	204262139	204259736	5017	204259630	-2508	2509	106
chr1	206901378	206903066	206901553	1688	206902222	-844	844	-669
chr1	206912426	206915527	206913921	3101	206913976	-1550	1551	-55
chr1	226159794	226161998	226161583	2204	226160896	-1102	1102	687
chr1	228305612	228311209	228306572	5597	228308410	-2798	2799	-1838
chr1	51293446	51298597	51296161	5151	51296021	-2575	2576	140
chr1	26779388	26781241	26780065	1853	26780314	-926	927	-249
chr1	115688564	115691939	115691533	3375	115690251	-1687	1688	1282
chr1	37481025	37484310	37481742	3285	37482667	-1642	1643	-925
chr1	151456262	151459723	151459444	3461	151457992	-1730	1731	1452
chr1	225842442	225850428	225847139	7986	225846435	-3993	3993	704
chr1	23979715	23982041	23980312	2326	23980878	-1163	1163	-566
chr1	200407901	200411046	200408596	3145	200409473	-1572	1573	-877
chr1	149886886	149889648	149887226	2762	149888267	-1381	1381	-1041
chr1	186341176	186342703	186341275	1527	186341939	-763	764	-664
chr1	226975554	226983200	226982900	7646	226979377	-3823	3823	3523
chr1	11019361	11022694	11022371	3333	11021027	-1666	1667	1344
chr1	181047393	181052180	181050476	4787	181049786	-2393	2394	690
chr1	39565622	39567892	39567801	2270	39566757	-1135	1135	1044
chr1	159935742	159938062	159936493	2320	159936902	-1160	1160	-409
chr1	179881808	179884251	179882581	2443	179883029	-1221	1222	-448
chr1	6635174	6638504	6635213	3330	6636839	-1665	1665	-1626
chr1	45341885	45343973	45343750	2088	45342929	-1044	1044	821
chr1	45344391	45348608	45344454	4217	45346499	-2108	2109	-2045
chr1	154220157	154222264	154220456	2107	154221210	-1053	1054	-754
chr1	16393045	16399658	16395103	6613	16396351	-3306	3307	-1248
chr1	8354824	8361599	8361394	6775	8358211	-3387	3388	3183
chr1	10657514	10661825	10659736	4311	10659669	-2155	2156	67
chr1	11827935	11830485	11829288	2550	11829210	-1275	1275	78
chr1	15574143	15578078	15574784	3935	15576110	-1967	1968	-1326
chr1	15926508	15928947	15928150	2439	15927727	-1219	1220	423
chr1	26889215	26895939	26892705	6724	26892577	-3362	3362	128
chr1	43702147	43705575	43704453	3428	43703861	-1714	1714	592
chr1	45627694	45629822	45628191	2128	45628758	-1064	1064	-567
chr1	45627694	45629822	45629633	2128	45628758	-1064	1064	875
chr1	51784487	51786053	51784577	1566	51785270	-783	783	-693
chr1	51788248	51793467	51792064	5219	51790857	-2609	2610	1207
chr1	112455454	112457889	112456128	2435	112456671	-1217	1218	-543
chr1	112699838	112704154	112703698	4316	112701996	-2158	2158	1702
chr1	145845583	145848365	145847629	2782	145846974	-1391	1391	655
chr1	145923787	145930293	145925919	6506	145927040	-3253	3253	-1121
chr1	150148311	150155523	150150956	7212	150151917	-3606	3606	-961
chr1	150234337	150236508	150235860	2171	150235422	-1085	1086	438
chr1	150345851	150346661	150346022	810	150346256	-405	405	-234
chr1	150950587	150954609	150950815	4022	150952598	-2011	2011	-1783
chr1	150963764	150965163	150964547	1399	150964463	-699	700	84
chr1	151042476	151049117	151046089	6641	151045796	-3320	3321	293
chr1	151170822	151175655	151174776	4833	151173238	-2416	2417	1538
chr1	151404031	151405712	151405340	1681	151404871	-840	841	469
chr1	153640966	153644403	153643138	3437	153642684	-1718	1719	454
chr1	153926621	153930241	153930225	3620	153928431	-1810	1810	1794
chr1	153959395	153963549	153962702	4154	153961472	-2077	2077	1230
chr1	154550069	154556304	154552450	6235	154553186	-3117	3118	-736
chr1	154573141	154576605	154575797	3464	154574873	-1732	1732	924
chr1	156785199	156787058	156786703	1859	156786128	-929	930	575
chr1	159928025	159930684	159928586	2659	159929354	-1329	1330	-768
chr1	161121454	161124393	161123125	2939	161122923	-1469	1470	202
chr1	161155682	161163352	161163061	7670	161159517	-3835	3835	3544
chr1	161169074	161171462	161169660	2388	161170268	-1194	1194	-608
chr1	161173127	161176094	161175966	2967	161174610	-1483	1484	1356
chr1	161212057	161216693	161214188	4636	161214375	-2318	2318	-187
chr1	168067182	168068852	168068373	1670	168068017	-835	835	356
chr1	171539955	171541050	171540590	1095	171540502	-547	548	88
chr1	180264808	180272560	180266528	7752	180268684	-3876	3876	-2156
chr1	183541732	183544662	183542448	2930	183543197	-1465	1465	-749
chr1	186306282	186309312	186306581	3030	186307797	-1515	1515	-1216
chr1	197138208	197139862	197139844	1654	197139035	-827	827	809
chr1	200737832	200740952	200739937	3120	200739392	-1560	1560	545
chr1	201871552	201875720	201872828	4168	201873636	-2084	2084	-808
chr1	202908856	202910100	202909049	1244	202909478	-622	622	-429
chr1	204133228	204135356	204134569	2128	204134292	-1064	1064	277
chr1	206583457	206588575	206585260	5118	206586016	-2559	2559	-756
chr1	206903920	206908610	206904892	4690	206906265	-2345	2345	-1373
chr1	207800679	207802824	207802355	2145	207801751	-1072	1073	604
chr1	225858706	225861413	225860987	2707	225860059	-1353	1354	928
chr1	226378936	226383187	226383093	4251	226381061	-2125	2126	2032
chr1	228305612	228311209	228307278	5597	228308410	-2798	2799	-1132
chr1	244862886	244865743	244864004	2857	244864314	-1428	1429	-310
chr1	246913175	246916262	246913339	3087	246914718	-1543	1544	-1379
chr1	45002551	45008655	45008334	6104	45005603	-3052	3052	2731
chr1	119996423	120000695	119997297	4272	119998559	-2136	2136	-1262
chr1	153957573	153959110	153958529	1537	153958341	-768	769	188
chr1	154967340	154975235	154974883	7895	154971287	-3947	3948	3596
chr1	161121454	161124393	161124151	2939	161122923	-1469	1470	1228
chr1	161155682	161163352	161162623	7670	161159517	-3835	3835	3106
chr1	212614760	212617118	212615083	2358	212615939	-1179	1179	-856
chr1	244854759	244856700	244856057	1941	244855729	-970	971	328
chr1	37481025	37484310	37483268	3285	37482667	-1642	1643	601
chr1	10657514	10661825	10660013	4311	10659669	-2155	2156	344
chr1	43544715	43547149	43545050	2434	43545932	-1217	1217	-882
chr1	151034134	151038502	151037523	4368	151036318	-2184	2184	1205
chr1	153770262	153776516	153772674	6254	153773389	-3127	3127	-715
chr1	166849496	166852355	166849989	2859	166850925	-1429	1430	-936
chr1	10657514	10661825	10659928	4311	10659669	-2155	2156	259
chr1	64834844	64836953	64835497	2109	64835898	-1054	1055	-401
chr1	16618109	16621870	16618843	3761	16619989	-1880	1881	-1146
chr1	155135584	155137932	155136931	2348	155136758	-1174	1174	173
chr1	228285602	228292931	228286248	7329	228289266	-3664	3665	-3018
chr1	11669859	11675057	11672003	5198	11672458	-2599	2599	-455
chr1	109236669	109240175	109237924	3506	109238422	-1753	1753	-498
chr1	111723024	111728566	111727381	5542	111725795	-2771	2771	1586
chr1	15933469	15937568	15933609	4099	15935518	-2049	2050	-1909
chr1	15933469	15937568	15933738	4099	15935518	-2049	2050	-1780
chr1	15933469	15937568	15933987	4099	15935518	-2049	2050	-1531
chr1	15933469	15937568	15934319	4099	15935518	-2049	2050	-1199
chr1	15933469	15937568	15935825	4099	15935518	-2049	2050	307
chr1	62435646	62438023	62437139	2377	62436834	-1188	1189	305
chr1	151397194	151402348	151400862	5154	151399771	-2577	2577	1091
chr1	153932478	153937928	153934173	5450	153935203	-2725	2725	-1030
chr1	26470760	26473631	26473504	2871	26472195	-1435	1436	1309
chr1	59857974	59859084	59858446	1110	59858529	-555	555	-83
chr1	150967054	150969017	150967423	1963	150968035	-981	982	-612
chr1	45507958	45509395	45508876	1437	45508676	-718	719	200
chr1	204240755	204245848	204245633	5093	204243301	-2546	2547	2332
chr1	156785199	156787058	156786918	1859	156786128	-929	930	790
chr1	19336557	19343499	19339724	6942	19340028	-3471	3471	-304
chr1	108922686	108924661	108924071	1975	108923673	-987	988	398
chr1	150263349	150266356	150264851	3007	150264852	-1503	1504	-1
chr1	150281278	150286016	150283329	4738	150283647	-2369	2369	-318
chr1	226983256	226987161	226986569	3905	226985208	-1952	1953	1361
chr1	149899854	149902672	149900393	2818	149901263	-1409	1409	-870
chr1	151252731	151255073	151254792	2342	151253902	-1171	1171	890
chr1	155561671	155563733	155562177	2062	155562702	-1031	1031	-525
chr1	228285602	228292931	228292084	7329	228289266	-3664	3665	2818
chr1	6577938	6581497	6580703	3559	6579717	-1779	1780	986
chr1	182872498	182875989	182874945	3491	182874243	-1745	1746	702
chr1	115688564	115691939	115691860	3375	115690251	-1687	1688	1609
chr1	3467165	3474002	3467276	6837	3470583	-3418	3419	-3307
chr1	147622009	147624430	147624290	2421	147623219	-1210	1211	1071
chr1	247328471	247333305	247329364	4834	247330888	-2417	2417	-1524
chr1	150352777	150355752	150352978	2975	150354264	-1487	1488	-1286
chr1	150950587	150954609	150951439	4022	150952598	-2011	2011	-1159
chr1	155258652	155262911	155262115	4259	155260781	-2129	2130	1334
chr1	26938176	26942437	26941752	4261	26940306	-2130	2131	1446
chr1	27363084	27367245	27364874	4161	27365164	-2080	2081	-290
chr1	43614371	43620204	43620184	5833	43617287	-2916	2917	2897
chr1	160998900	161001224	161000183	2324	161000062	-1162	1162	121
chr1	32380113	32384605	32383937	4492	32382359	-2246	2246	1578
chr1	153761962	153763492	153762738	1530	153762727	-765	765	11
chr1	150967054	150969017	150968416	1963	150968035	-981	982	381
chr1	2388166	2392941	2388258	4775	2390553	-2387	2388	-2295
chr1	13781767	13782719	13782191	952	13782243	-476	476	-52
chr1	15933469	15937568	15934471	4099	15935518	-2049	2050	-1047
chr1	16198828	16203797	16199250	4969	16201312	-2484	2485	-2062
chr1	32100261	32104545	32102486	4284	32102403	-2142	2142	83
chr1	37954333	37958491	37958216	4158	37956412	-2079	2079	1804
chr1	112699838	112704154	112702599	4316	112701996	-2158	2158	603
chr1	153932478	153937928	153937796	5450	153935203	-2725	2725	2593
chr1	225842442	225850428	225844529	7986	225846435	-3993	3993	-1906
chr1	246913175	246916262	246916139	3087	246914718	-1543	1544	1421
chr1	16989695	16995258	16993678	5563	16992476	-2781	2782	1202
chr1	43620805	43623398	43620841	2593	43622101	-1296	1297	-1260
chr1	247299776	247301255	247301200	1479	247300515	-739	740	685
chr1	15926508	15928947	15928184	2439	15927727	-1219	1220	457
chr1	36087282	36090966	36087974	3684	36089124	-1842	1842	-1150
chr1	108922686	108924661	108924177	1975	108923673	-987	988	504
chr1	963535	968263	966556	4728	965899	-2364	2364	657
chr1	36352456	36356261	36355280	3805	36354358	-1902	1903	922
chr1	37552317	37555665	37552687	3348	37553991	-1674	1674	-1304
chr1	37814175	37815803	37815338	1628	37814989	-814	814	349
chr1	109248872	109255065	109252998	6193	109251968	-3096	3097	1030
chr1	150267428	150270167	150268720	2739	150268797	-1369	1370	-77
chr1	155608482	155610865	155610258	2383	155609673	-1191	1192	585
chr1	15933469	15937568	15936120	4099	15935518	-2049	2050	602
chr1	203817334	203820919	203818681	3585	203819126	-1792	1793	-445
chr1	206583457	206588575	206585138	5118	206586016	-2559	2559	-878
chr1	228357796	228364461	228359841	6665	228361128	-3332	3333	-1287
chr1	37814175	37815803	37815263	1628	37814989	-814	814	274
chr1	31433438	31437448	31434349	4010	31435443	-2005	2005	-1094
chr1	37481025	37484310	37482540	3285	37482667	-1642	1643	-127
chr1	156069611	156073584	156073226	3973	156071597	-1986	1987	1629
chr1	161114984	161121140	161118053	6156	161118062	-3078	3078	-9
chr1	16618109	16621870	16618513	3761	16619989	-1880	1881	-1476
chr1	17663698	17666043	17664526	2345	17664870	-1172	1173	-344
chr1	156010655	156011805	156010949	1150	156011230	-575	575	-281
chr1	228392126	228399671	228395130	7545	228395898	-3772	3773	-768
chr1	165752018	165752897	165752136	879	165752457	-439	440	-321
chr1	30932953	30935482	30933187	2529	30934217	-1264	1265	-1030
chr1	46188177	46190504	46188803	2327	46189340	-1163	1164	-537
chr1	150259585	150261859	150261520	2274	150260722	-1137	1137	798
chr1	58575507	58578070	58576516	2563	58576788	-1281	1282	-272
chr1	151005150	151006875	151006325	1725	151006012	-862	863	313
chr1	153987648	153993163	153991226	5515	153990405	-2757	2758	821
chr1	155258652	155262911	155260520	4259	155260781	-2129	2130	-261
chr1	200407901	200411046	200408388	3145	200409473	-1572	1573	-1085
chr1	226378936	226383187	226381159	4251	226381061	-2125	2126	98
chr1	151404031	151405712	151405109	1681	151404871	-840	841	238
chr1	151760202	151763951	151762451	3749	151762076	-1874	1875	375
chr1	150628852	150629945	150629438	1093	150629398	-546	547	40
chr1	109271659	109275660	109274629	4001	109273659	-2000	2001	970
chr1	151263082	151267448	151265522	4366	151265265	-2183	2183	257
chr1	151263082	151267448	151267308	4366	151265265	-2183	2183	2043
chr1	111755209	111757687	111755842	2478	111756448	-1239	1239	-606
chr1	3780434	3783270	3781267	2836	3781852	-1418	1418	-585
chr1	115688564	115691939	115691347	3375	115690251	-1687	1688	1096
chr1	156069611	156073584	156069747	3973	156071597	-1986	1987	-1850
chr1	2388166	2392941	2388291	4775	2390553	-2387	2388	-2262
chr1	43601290	43604634	43603823	3344	43602962	-1672	1672	861
chr1	45002551	45008655	45003925	6104	45005603	-3052	3052	-1678
chr1	156264470	156268536	156268181	4066	156266503	-2033	2033	1678
chr1	31366713	31369611	31367444	2898	31368162	-1449	1449	-718
chr1	233612940	233615921	233614217	2981	233614430	-1490	1491	-213
chr1	45617194	45623000	45622606	5806	45620097	-2903	2903	2509
chr1	228367917	228374092	228371962	6175	228371004	-3087	3088	958
chr1	16628206	16635716	16628633	7510	16631961	-3755	3755	-3328
chr1	6094063	6100872	6098600	6809	6097467	-3404	3405	1133
chr1	21212514	21220370	21219978	7856	21216442	-3928	3928	3536
chr1	151760202	151763951	151763399	3749	151762076	-1874	1875	1323
chr1	200407901	200411046	200408924	3145	200409473	-1572	1573	-549
chr1	6211044	6214118	6212824	3074	6212581	-1537	1537	243
chr1	26879037	26880845	26879657	1808	26879941	-904	904	-284
chr1	32779231	32781118	32780082	1887	32780174	-943	944	-92
chr1	45340452	45341797	45341536	1345	45341124	-672	673	412
chr1	114570179	114573655	114570708	3476	114571917	-1738	1738	-1209
chr1	183541732	183544662	183542252	2930	183543197	-1465	1465	-945
chr1	151397194	151402348	151401509	5154	151399771	-2577	2577	1738
chr1	15933469	15937568	15933926	4099	15935518	-2049	2050	-1592
chr1	155914983	155917155	155916663	2172	155916069	-1086	1086	594
chr1	156063891	156068501	156068292	4610	156066196	-2305	2305	2096
chr1	156063891	156068501	156068393	4610	156066196	-2305	2305	2197
chr1	161121454	161124393	161121830	2939	161122923	-1469	1470	-1093
chr1	11283865	11286455	11285957	2590	11285160	-1295	1295	797
chr1	6211044	6214118	6212869	3074	6212581	-1537	1537	288
chr1	145845583	145848365	145846039	2782	145846974	-1391	1391	-935
chr1	151760202	151763951	151762382	3749	151762076	-1874	1875	306
chr1	156925923	156933388	156932005	7465	156929655	-3732	3733	2350
chr1	16628206	16635716	16632358	7510	16631961	-3755	3755	397
chr1	37805349	37809614	37809109	4265	37807481	-2132	2133	1628
chr1	156050621	156055890	156051798	5269	156053255	-2634	2635	-1457
chr1	160212880	160214597	160213258	1717	160213738	-858	859	-480
chr1	182598739	182601148	182600396	2409	182599943	-1204	1205	453
chr1	204240755	204245848	204241439	5093	204243301	-2546	2547	-1862
chr1	10636731	10644018	10637243	7287	10640374	-3643	3644	-3131
chr1	10636731	10644018	10643164	7287	10640374	-3643	3644	2790
chr1	159914459	159921594	159919019	7135	159918026	-3567	3568	993
chr1	204257122	204262139	204259502	5017	204259630	-2508	2509	-128
chr1	6577938	6581497	6580741	3559	6579717	-1779	1780	1024
chr1	15926508	15928947	15928637	2439	15927727	-1219	1220	910
chr1	156050621	156055890	156051755	5269	156053255	-2634	2635	-1500
chr1	149886886	149889648	149887261	2762	149888267	-1381	1381	-1006
chr1	154271572	154273307	154272677	1735	154272439	-867	868	238
chr1	43348381	43351320	43349366	2939	43349850	-1469	1470	-484
chr1	43702147	43705575	43704093	3428	43703861	-1714	1714	232
chr1	154550069	154556304	154551807	6235	154553186	-3117	3118	-1379
chr1	228374689	228378764	228377157	4075	228376726	-2037	2038	431
chr1	110378794	110380749	110379335	1955	110379771	-977	978	-436
chr1	170539489	170541418	170539527	1929	170540453	-964	965	-926
chr1	43446678	43454364	43447037	7686	43450521	-3843	3843	-3484
chr1	202003943	202005525	202004445	1582	202004734	-791	791	-289
chr1	150281278	150286016	150283549	4738	150283647	-2369	2369	-98
chr1	150352777	150355752	150352968	2975	150354264	-1487	1488	-1296
chr1	45002551	45008655	45004909	6104	45005603	-3052	3052	-694
chr1	11970636	11974018	11970727	3382	11972327	-1691	1691	-1600
chr1	45617194	45623000	45622793	5806	45620097	-2903	2903	2696
chr1	15933469	15937568	15934394	4099	15935518	-2049	2050	-1124
chr1	26274456	26277298	26277147	2842	26275877	-1421	1421	1270
chr1	150965269	150966925	150965793	1656	150966097	-828	828	-304
chr1	150965269	150966925	150965794	1656	150966097	-828	828	-303
chr1	150576214	150582535	150578883	6321	150579374	-3160	3161	-491
chr1	155946618	155948277	155947921	1659	155947447	-829	830	474
chr1	160238884	160241198	160239995	2314	160240041	-1157	1157	-46
chr1	39563140	39565012	39564533	1872	39564076	-936	936	457
chr1	23694895	23696024	23696006	1129	23695459	-564	565	547
chr1	151175675	151178927	151178084	3252	151177301	-1626	1626	783
chr1	150267428	150270167	150268061	2739	150268797	-1369	1370	-736
chr1	41006670	41009053	41007513	2383	41007861	-1191	1192	-348
chr1	58780835	58786137	58782737	5302	58783486	-2651	2651	-749
chr1	6211044	6214118	6212368	3074	6212581	-1537	1537	-213
chr1	6457814	6463312	6462072	5498	6460563	-2749	2749	1509
chr1	149886886	149889648	149887004	2762	149888267	-1381	1381	-1263
chr1	1480558	1484876	1482563	4318	1482717	-2159	2159	-154
chr1	2320967	2325327	2321445	4360	2323147	-2180	2180	-1702
chr1	110020650	110021624	110020808	974	110021137	-487	487	-329
chr1	154171496	154174026	154173161	2530	154172761	-1265	1265	400
chr1	32229949	32235778	32234492	5829	32232863	-2914	2915	1629
chr1	225987754	225988833	225987982	1079	225988293	-539	540	-311
chr1	228305612	228311209	228309528	5597	228308410	-2798	2799	1118
chr1	20644338	20650240	20644492	5902	20647289	-2951	2951	-2797
chr1	26779388	26781241	26779517	1853	26780314	-926	927	-797
chr1	26889215	26895939	26891047	6724	26892577	-3362	3362	-1530
chr1	37481025	37484310	37483522	3285	37482667	-1642	1643	855
chr1	37954333	37958491	37957896	4158	37956412	-2079	2079	1484
chr1	43601290	43604634	43603620	3344	43602962	-1672	1672	658
chr1	43689026	43694915	43689064	5889	43691970	-2944	2945	-2906
chr1	46188177	46190504	46188846	2327	46189340	-1163	1164	-494
chr1	150470714	150474232	150470790	3518	150472473	-1759	1759	-1683
chr1	150967054	150969017	150967176	1963	150968035	-981	982	-859
chr1	151406103	151407085	151406630	982	151406594	-491	491	36
chr1	154249041	154251725	154251192	2684	154250383	-1342	1342	809
chr1	154990293	154994176	154992746	3883	154992234	-1941	1942	512
chr1	154990293	154994176	154993659	3883	154992234	-1941	1942	1425
chr1	156069611	156073584	156070366	3973	156071597	-1986	1987	-1231
chr1	206583457	206588575	206584713	5118	206586016	-2559	2559	-1303
chr1	156152263	156157077	156154681	4814	156154670	-2407	2407	11
chr1	23309722	23312270	23310559	2548	23310996	-1274	1274	-437
chr1	151252731	151255073	151254781	2342	151253902	-1171	1171	879
chr1	204257122	204262139	204259378	5017	204259630	-2508	2509	-252
chr1	43446678	43454364	43451622	7686	43450521	-3843	3843	1101
chr1	8362460	8365361	8364115	2901	8363910	-1450	1451	205
chr1	26182702	26187437	26185037	4735	26185069	-2367	2368	-32
chr1	88980788	88985066	88982178	4278	88982927	-2139	2139	-749
chr1	109248872	109255065	109252099	6193	109251968	-3096	3097	131
chr1	109248872	109255065	109253158	6193	109251968	-3096	3097	1190
chr1	114716234	114719986	114719652	3752	114718110	-1876	1876	1542
chr1	151406103	151407085	151406297	982	151406594	-491	491	-297
chr1	155319387	155320229	155319905	842	155319808	-421	421	97
chr1	156264470	156268536	156266179	4066	156266503	-2033	2033	-324
chr1	160212880	160214597	160213448	1717	160213738	-858	859	-290
chr1	166849496	166852355	166849584	2859	166850925	-1429	1430	-1341
chr1	167220890	167222995	167220939	2105	167221942	-1052	1053	-1003
chr1	212614760	212617118	212615222	2358	212615939	-1179	1179	-717
chr1	226159794	226161998	226161625	2204	226160896	-1102	1102	729
chr1	35184118	35184656	35184275	538	35184387	-269	269	-112
chr1	111723024	111728566	111727739	5542	111725795	-2771	2771	1944
chr1	180264808	180272560	180271494	7752	180268684	-3876	3876	2810
chr2	27033742	27038741	27037678	4999	27036241	-2499	2500	1437
chr2	20446344	20449414	20447368	3070	20447879	-1535	1535	-511
chr2	74458304	74463041	74458494	4737	74460672	-2368	2369	-2178
chr2	11610411	11613370	11612543	2959	11611890	-1479	1480	653
chr2	27366916	27371519	27369462	4603	27369217	-2301	2302	245
chr2	111119713	111125232	111123896	5519	111122472	-2759	2760	1424
chr2	231459368	231462267	231461572	2899	231460817	-1449	1450	755
chr2	3573921	3577932	3576853	4011	3575926	-2005	2006	927
chr2	3573921	3577932	3577807	4011	3575926	-2005	2006	1881
chr2	61482103	61483574	61482437	1471	61482838	-735	736	-401
chr2	96282945	96290380	96284549	7435	96286662	-3717	3718	-2113
chr2	156326225	156330508	156328526	4283	156328366	-2141	2142	160
chr2	219232985	219237766	219233867	4781	219235375	-2390	2391	-1508
chr2	219232985	219237766	219236643	4781	219235375	-2390	2391	1268
chr2	43224041	43227934	43226311	3893	43225987	-1946	1947	324
chr2	96270098	96272848	96271120	2750	96271473	-1375	1375	-353
chr2	128266095	128270816	128268474	4721	128268455	-2360	2361	19
chr2	206158618	206161366	206159979	2748	206159992	-1374	1374	-13
chr2	74099354	74102430	74101529	3076	74100892	-1538	1538	637
chr2	197408959	197410253	197409786	1294	197409606	-647	647	180
chr2	27326247	27330333	27327185	4086	27328290	-2043	2043	-1105
chr2	152716422	152719307	152717343	2885	152717864	-1442	1443	-521
chr2	152716422	152719307	152718833	2885	152717864	-1442	1443	969
chr2	47173347	47177506	47176461	4159	47175426	-2079	2080	1035
chr2	152716422	152719307	152717456	2885	152717864	-1442	1443	-408
chr2	219219419	219226383	219223683	6964	219222901	-3482	3482	782
chr2	96018500	96022325	96021958	3825	96020412	-1912	1913	1546
chr2	241228090	241230283	241228533	2193	241229186	-1096	1097	-653
chr2	74045867	74048738	74048062	2871	74047302	-1435	1436	760
chr2	73291083	73293066	73291880	1983	73292074	-991	992	-194
chr2	241223790	241228069	241227445	4279	241225929	-2139	2140	1516
chr2	96276021	96282791	96276663	6770	96279406	-3385	3385	-2743
chr2	74559786	74562184	74560289	2398	74560985	-1199	1199	-696
chr2	226796044	226800731	226798253	4687	226798387	-2343	2344	-134
chr2	27237822	27242472	27239375	4650	27240147	-2325	2325	-772
chr2	108786116	108787294	108786763	1178	108786705	-589	589	58
chr2	27441100	27445824	27443253	4724	27443462	-2362	2362	-209
chr2	27653173	27655215	27653689	2042	27654194	-1021	1021	-505
chr2	73228024	73231022	73228380	2998	73229523	-1499	1499	-1143
chr2	74458304	74463041	74461781	4737	74460672	-2368	2369	1109
chr2	11585743	11587463	11587421	1720	11586603	-860	860	818
chr2	96824228	96825564	96825159	1336	96824896	-668	668	263
chr2	74367653	74372889	74368743	5236	74370271	-2618	2618	-1528
chr2	96276021	96282791	96277551	6770	96279406	-3385	3385	-1855
chr2	101004627	101006806	101005979	2179	101005716	-1089	1090	263
chr2	219219419	219226383	219224520	6964	219222901	-3482	3482	1619
chr2	237553467	237555508	237553651	2041	237554487	-1020	1021	-836
chr2	238096683	238101037	238096850	4354	238098860	-2177	2177	-2010
chr2	238259954	238265582	238263003	5628	238262768	-2814	2814	235
chr2	27366916	27371519	27368418	4603	27369217	-2301	2302	-799
chr2	27326247	27330333	27329482	4086	27328290	-2043	2043	1192
chr2	99402692	99404406	99402771	1714	99403549	-857	857	-778
chr2	131478248	131480456	131478256	2208	131479352	-1104	1104	-1096
chr2	219246512	219249251	219247119	2739	219247881	-1369	1370	-762
chr2	219602191	219610114	219608302	7923	219606152	-3961	3962	2150
chr2	231455868	231456466	231456461	598	231456167	-299	299	294
chr2	241228090	241230283	241229420	2193	241229186	-1096	1097	234
chr2	27441100	27445824	27441838	4724	27443462	-2362	2362	-1624
chr2	28410211	28412950	28412163	2739	28411580	-1369	1370	583
chr2	219565701	219567894	219567059	2193	219566797	-1096	1097	262
chr2	156326225	156330508	156326731	4283	156328366	-2141	2142	-1635
chr2	207164426	207167377	207165501	2951	207165901	-1475	1476	-400
chr2	177209719	177217070	177215620	7351	177213394	-3675	3676	2226
chr2	95414586	95416610	95415511	2024	95415598	-1012	1012	-87
chr2	27215021	27218605	27217419	3584	27216813	-1792	1792	606
chr2	241352456	241356928	241353906	4472	241354692	-2236	2236	-786
chr2	20446344	20449414	20448392	3070	20447879	-1535	1535	513
chr2	96282945	96290380	96284462	7435	96286662	-3717	3718	-2200
chr2	74523191	74527879	74527875	4688	74525535	-2344	2344	2340
chr2	226796044	226800731	226798447	4687	226798387	-2343	2344	60
chr2	219232985	219237766	219235540	4781	219235375	-2390	2391	165
chr2	28403050	28405628	28404132	2578	28404339	-1289	1289	-207
chr2	27366916	27371519	27368425	4603	27369217	-2301	2302	-792
chr2	38852591	38854274	38854165	1683	38853432	-841	842	733
chr2	54968353	54970964	54970337	2611	54969658	-1305	1306	679
chr2	64635367	64639324	64636482	3957	64637345	-1978	1979	-863
chr2	74523191	74527879	74525070	4688	74525535	-2344	2344	-465
chr2	96326373	96329308	96328231	2935	96327840	-1467	1468	391
chr2	97772331	97780241	97775929	7910	97776286	-3955	3955	-357
chr2	219561722	219565673	219562555	3951	219563697	-1975	1976	-1142
chr2	219561722	219565673	219563397	3951	219563697	-1975	1976	-300
chr2	231459368	231462267	231460505	2899	231460817	-1449	1450	-312
chr2	101010560	101012034	101010936	1474	101011297	-737	737	-361
chr2	105398658	105401278	105399366	2620	105399968	-1310	1310	-602
chr2	219535489	219538367	219538034	2878	219536928	-1439	1439	1106
chr2	241672188	241677149	241676084	4961	241674668	-2480	2481	1416
chr2	10042391	10047312	10046256	4921	10044851	-2460	2461	1405
chr2	61880298	61881285	61880332	987	61880791	-493	494	-459
chr2	120345537	120351187	120349419	5650	120348362	-2825	2825	1057
chr2	46539551	46543340	46543040	3789	46541445	-1894	1895	1595
chr2	109613137	109617205	109615915	4068	109615171	-2034	2034	744
chr2	218640437	218645480	218644998	5043	218642958	-2521	2522	2040
chr2	74099354	74102430	74100636	3076	74100892	-1538	1538	-256
chr2	218640437	218645480	218643144	5043	218642958	-2521	2522	186
chr2	27326247	27330333	27328849	4086	27328290	-2043	2043	559
chr2	203439366	203441482	203439704	2116	203440424	-1058	1058	-720
chr2	219561722	219565673	219562529	3951	219563697	-1975	1976	-1168
chr2	65071468	65073009	65072148	1541	65072238	-770	771	-90
chr2	85551382	85553210	85552979	1828	85552296	-914	914	683
chr2	85538709	85541563	85539257	2854	85540136	-1427	1427	-879
chr2	11585743	11587463	11587430	1720	11586603	-860	860	827
chr2	112519076	112522028	112520377	2952	112520552	-1476	1476	-175
chr2	65071468	65073009	65071737	1541	65072238	-770	771	-501
chr2	3573921	3577932	3576580	4011	3575926	-2005	2006	654
chr2	27220027	27224181	27222983	4154	27222104	-2077	2077	879
chr2	130369613	130374880	130369809	5267	130372246	-2633	2634	-2437
chr2	231456720	231457418	231456998	698	231457069	-349	349	-71
chr2	232857670	232861167	232858386	3497	232859418	-1748	1749	-1032
chr2	219380842	219386501	219385992	5659	219383671	-2829	2830	2321
chr2	73570924	73572894	73572819	1970	73571909	-985	985	910
chr2	95409716	95413999	95411020	4283	95411857	-2141	2142	-837
chr2	9629799	9632328	9630241	2529	9631063	-1264	1265	-822
chr2	27363778	27366262	27364731	2484	27365020	-1242	1242	-289
chr2	74832746	74839228	74834539	6482	74835987	-3241	3241	-1448
chr2	127717962	127720417	127719300	2455	127719189	-1227	1228	111
chr2	216497666	216500537	216499268	2871	216499101	-1435	1436	167
chr2	156326225	156330508	156327981	4283	156328366	-2141	2142	-385
chr2	26208527	26210804	26209860	2277	26209665	-1138	1139	195
chr2	71426090	71427576	71427344	1486	71426833	-743	743	511
chr2	108786116	108787294	108786876	1178	108786705	-589	589	171
chr2	181914012	181916734	181916227	2722	181915373	-1361	1361	854
chr2	222557498	222560671	222558714	3173	222559084	-1586	1587	-370
chr2	24797992	24800681	24799700	2689	24799336	-1344	1345	364
chr2	27366916	27371519	27370051	4603	27369217	-2301	2302	834
chr2	218752966	218755040	218754360	2074	218754003	-1037	1037	357
chr2	241228090	241230283	241229316	2193	241229186	-1096	1097	130
chr2	218238289	218241355	218238837	3066	218239822	-1533	1533	-985
chr2	96282945	96290380	96290376	7435	96286662	-3717	3718	3714
chr2	27653173	27655215	27653695	2042	27654194	-1021	1021	-499
chr2	219565701	219567894	219567301	2193	219566797	-1096	1097	504
chr2	27021105	27024781	27024240	3676	27022943	-1838	1838	1297
chr2	27326247	27330333	27327274	4086	27328290	-2043	2043	-1016
chr2	65312607	65314976	65313366	2369	65313791	-1184	1185	-425
chr2	231459368	231462267	231461642	2899	231460817	-1449	1450	825
chr2	173962204	173968116	173965169	5912	173965160	-2956	2956	9
chr2	201138018	201140226	201138108	2208	201139122	-1104	1104	-1014
chr2	238271972	238275075	238273135	3103	238273523	-1551	1552	-388
chr2	20446344	20449414	20447783	3070	20447879	-1535	1535	-96
chr2	28410211	28412950	28412145	2739	28411580	-1369	1370	565
chr2	232564973	232567253	232566959	2280	232566113	-1140	1140	846
chr2	85542495	85543249	85542739	754	85542872	-377	377	-133
chr2	27094799	27100762	27100061	5963	27097780	-2981	2982	2281
chr2	54661896	54664935	54664463	3039	54663415	-1519	1520	1048
chr2	202274911	202277561	202275134	2650	202276236	-1325	1325	-1102
chr2	226796044	226800731	226796540	4687	226798387	-2343	2344	-1847
chr2	241672188	241677149	241672194	4961	241674668	-2480	2481	-2474
chr2	197408959	197410253	197409953	1294	197409606	-647	647	347
chr2	231459368	231462267	231460780	2899	231460817	-1449	1450	-37
chr2	226796044	226800731	226798070	4687	226798387	-2343	2344	-317
chr2	27366916	27371519	27369035	4603	27369217	-2301	2302	-182
chr2	27441100	27445824	27441758	4724	27443462	-2362	2362	-1704
chr2	74528971	74532102	74530932	3131	74530536	-1565	1566	396
chr2	85598558	85601400	85601283	2842	85599979	-1421	1421	1304
chr2	96606352	96608741	96608563	2389	96607546	-1194	1195	1017
chr2	219206693	219212969	219210988	6276	219209831	-3138	3138	1157
chr2	27237822	27242472	27241376	4650	27240147	-2325	2325	1229
chr2	233290412	233294181	233293290	3769	233292296	-1884	1885	994
chr2	219602191	219610114	219608703	7923	219606152	-3961	3962	2551
chr2	73291083	73293066	73292301	1983	73292074	-991	992	227
chr2	24791358	24793484	24793269	2126	24792421	-1063	1063	848
chr2	74488483	74492524	74492170	4041	74490503	-2020	2021	1667
chr2	219206693	219212969	219207671	6276	219209831	-3138	3138	-2160
chr2	131478248	131480456	131480306	2208	131479352	-1104	1104	954
chr2	96815293	96821977	96817311	6684	96818635	-3342	3342	-1324
chr2	24821347	24826852	24823327	5505	24824099	-2752	2753	-772
chr2	47056325	47060919	47060876	4594	47058622	-2297	2297	2254
chr2	27237822	27242472	27242407	4650	27240147	-2325	2325	2260
chr2	27237822	27242472	27242408	4650	27240147	-2325	2325	2261
chr2	74458304	74463041	74462039	4737	74460672	-2368	2369	1367
chr2	127715735	127717364	127716103	1629	127716549	-814	815	-446
chr2	74045867	74048738	74047427	2871	74047302	-1435	1436	125
chr2	27094799	27100762	27100473	5963	27097780	-2981	2982	2693
chr2	62705028	62707633	62707225	2605	62706330	-1302	1303	895
chr2	131478248	131480456	131480074	2208	131479352	-1104	1104	722
chr2	54115276	54116302	54115549	1026	54115789	-513	513	-240
chr2	219206693	219212969	219209273	6276	219209831	-3138	3138	-558
chr2	43224041	43227934	43225731	3893	43225987	-1946	1947	-256
chr2	73291083	73293066	73292188	1983	73292074	-991	992	114
chr2	96326373	96329308	96327719	2935	96327840	-1467	1468	-121
chr2	105338984	105340234	105339684	1250	105339609	-625	625	75
chr2	233463939	233466470	233464277	2531	233465204	-1265	1266	-927
chr2	38749423	38751729	38751479	2306	38750576	-1153	1153	903
chr2	96276021	96282791	96278658	6770	96279406	-3385	3385	-748
chr2	85614961	85617749	85616213	2788	85616355	-1394	1394	-142
chr2	27391596	27396514	27392856	4918	27394055	-2459	2459	-1199
chr2	27391596	27396514	27392857	4918	27394055	-2459	2459	-1198
chr2	27094799	27100762	27100619	5963	27097780	-2981	2982	2839
chr2	20283313	20285652	20283414	2339	20284482	-1169	1170	-1068
chr2	96282945	96290380	96287514	7435	96286662	-3717	3718	852
chr2	240527978	240530531	240529319	2553	240529254	-1276	1277	65
chr2	130341831	130348782	130345654	6951	130345306	-3475	3476	348
chr2	186506755	186508216	186506760	1461	186507485	-730	731	-725
chr2	85538709	85541563	85541336	2854	85540136	-1427	1427	1200
chr2	177218026	177219648	177219316	1622	177218837	-811	811	479
chr2	241495095	241498271	241498240	3176	241496683	-1588	1588	1557
chr2	95285473	95290368	95285694	4895	95287920	-2447	2448	-2226
chr2	10121372	10124040	10123386	2668	10122706	-1334	1334	680
chr2	65312607	65314976	65312654	2369	65313791	-1184	1185	-1137
chr2	130341831	130348782	130346270	6951	130345306	-3475	3476	964
chr2	219561722	219565673	219565357	3951	219563697	-1975	1976	1660
chr2	27226705	27229413	27226952	2708	27228059	-1354	1354	-1107
chr2	218401902	218409025	218404326	7123	218405463	-3561	3562	-1137
chr2	241495095	241498271	241498242	3176	241496683	-1588	1588	1559
chr2	219219419	219226383	219222701	6964	219222901	-3482	3482	-200
chr2	241093580	241095933	241095794	2353	241094756	-1176	1177	1038
chr2	96282945	96290380	96286330	7435	96286662	-3717	3718	-332
chr2	226796044	226800731	226797909	4687	226798387	-2343	2344	-478
chr2	64635367	64639324	64635813	3957	64637345	-1978	1979	-1532
chr2	231455868	231456466	231456053	598	231456167	-299	299	-114
chr2	85538709	85541563	85541139	2854	85540136	-1427	1427	1003
chr2	97772331	97780241	97775899	7910	97776286	-3955	3955	-387
chr2	237553467	237555508	237553668	2041	237554487	-1020	1021	-819
chr2	74458304	74463041	74459404	4737	74460672	-2368	2369	-1268
chr2	156326225	156330508	156329576	4283	156328366	-2141	2142	1210
chr2	74523191	74527879	74523471	4688	74525535	-2344	2344	-2064
chr2	65071468	65073009	65072306	1541	65072238	-770	771	68
chr2	73249447	73251075	73249917	1628	73250261	-814	814	-344
chr2	27033742	27038741	27036505	4999	27036241	-2499	2500	264
chr2	43224041	43227934	43226295	3893	43225987	-1946	1947	308
chr2	96831638	96835036	96832574	3398	96833337	-1699	1699	-763
chr2	173911034	173913308	173913198	2274	173912171	-1137	1137	1027
chr2	73570924	73572894	73572834	1970	73571909	-985	985	925
chr2	85389040	85391191	85389749	2151	85390115	-1075	1076	-366
chr2	74535789	74538542	74536095	2753	74537165	-1376	1377	-1070
chr2	17713910	17715117	17715021	1207	17714513	-603	604	508
chr2	20446344	20449414	20447828	3070	20447879	-1535	1535	-51
chr2	27640998	27643516	27641261	2518	27642257	-1259	1259	-996
chr2	62705028	62707633	62707256	2605	62706330	-1302	1303	926
chr2	74099354	74102430	74101376	3076	74100892	-1538	1538	484
chr2	130173326	130177000	130176577	3674	130175163	-1837	1837	1414
chr2	216497666	216500537	216498809	2871	216499101	-1435	1436	-292
chr2	238259954	238265582	238262240	5628	238262768	-2814	2814	-528
chr2	24819390	24820510	24819641	1120	24819950	-560	560	-309
chr2	24821347	24826852	24821615	5505	24824099	-2752	2753	-2484
chr2	99140686	99143872	99141560	3186	99142279	-1593	1593	-719
chr2	108786116	108787294	108786786	1178	108786705	-589	589	81
chr2	226796044	226800731	226798375	4687	226798387	-2343	2344	-12
chr2	27215021	27218605	27215699	3584	27216813	-1792	1792	-1114
chr2	131146389	131147944	131146695	1555	131147166	-777	778	-471
chr2	218633193	218635712	218633834	2519	218634452	-1259	1260	-618
chr2	47798341	47799908	47799310	1567	47799124	-783	784	186
chr2	27081301	27087831	27083600	6530	27084566	-3265	3265	-966
chr2	70288158	70290064	70289360	1906	70289111	-953	953	249
chr2	73291083	73293066	73291496	1983	73292074	-991	992	-578
chr2	96276021	96282791	96278834	6770	96279406	-3385	3385	-572
chr2	97772331	97780241	97772338	7910	97776286	-3955	3955	-3948
chr2	219602191	219610114	219607099	7923	219606152	-3961	3962	947
chr2	219380842	219386501	219383133	5659	219383671	-2829	2830	-538
chr2	10438911	10440432	10440397	1521	10439671	-760	761	726
chr2	20446344	20449414	20447429	3070	20447879	-1535	1535	-450
chr2	24075775	24078550	24076286	2775	24077162	-1387	1388	-876
chr2	24791358	24793484	24793392	2126	24792421	-1063	1063	971
chr2	74367653	74372889	74368834	5236	74370271	-2618	2618	-1437
chr2	74367653	74372889	74369392	5236	74370271	-2618	2618	-879
chr2	74958378	74960406	74958670	2028	74959392	-1014	1014	-722
chr2	74958378	74960406	74958812	2028	74959392	-1014	1014	-580
chr2	86149228	86151545	86151500	2317	86150386	-1158	1159	1114
chr2	101252195	101254541	101253281	2346	101253368	-1173	1173	-87
chr2	120345537	120351187	120349556	5650	120348362	-2825	2825	1194
chr2	148643731	148646267	148645153	2536	148644999	-1268	1268	154
chr2	152716422	152719307	152718751	2885	152717864	-1442	1443	887
chr2	206158618	206161366	206159830	2748	206159992	-1374	1374	-162
chr2	218640437	218645480	218644532	5043	218642958	-2521	2522	1574
chr2	222557498	222560671	222558370	3173	222559084	-1586	1587	-714
chr2	238276179	238278814	238277729	2635	238277496	-1317	1318	233
chr2	27094799	27100762	27099511	5963	27097780	-2981	2982	1731
chr2	177209719	177217070	177215861	7351	177213394	-3675	3676	2467
chr2	231459368	231462267	231461785	2899	231460817	-1449	1450	968
chr2	96371801	96373763	96373488	1962	96372782	-981	981	706
chr2	219232985	219237766	219233102	4781	219235375	-2390	2391	-2273
chr2	85598558	85601400	85599918	2842	85599979	-1421	1421	-61
chr2	127717962	127720417	127719422	2455	127719189	-1227	1228	233
chr2	85543763	85550478	85544640	6715	85547120	-3357	3358	-2480
chr2	24957836	24959367	24957866	1531	24958601	-765	766	-735
chr2	112541298	112543226	112542384	1928	112542262	-964	964	122
chr2	218640437	218645480	218643891	5043	218642958	-2521	2522	933
chr2	24819390	24820510	24819920	1120	24819950	-560	560	-30
chr2	74045867	74048738	74047896	2871	74047302	-1435	1436	594
chr2	112588139	112591868	112588811	3729	112590003	-1864	1865	-1192
chr2	226796044	226800731	226798601	4687	226798387	-2343	2344	214
chr2	74045867	74048738	74048412	2871	74047302	-1435	1436	1110
chr2	74528971	74532102	74531537	3131	74530536	-1565	1566	1001
chr2	85538709	85541563	85539194	2854	85540136	-1427	1427	-942
chr2	74455676	74457955	74457708	2279	74456815	-1139	1140	893
chr2	95409716	95413999	95412750	4283	95411857	-2141	2142	893
chr2	231456720	231457418	231456743	698	231457069	-349	349	-326
chr2	99316727	99321104	99319690	4377	99318915	-2188	2189	775
chr2	240571550	240576543	240574038	4993	240574046	-2496	2497	-8
chr2	85542495	85543249	85542609	754	85542872	-377	377	-263
chr2	177221201	177222863	177222758	1662	177222032	-831	831	726
chr2	47798341	47799908	47799609	1567	47799124	-783	784	485
chr2	233290412	233294181	233292399	3769	233292296	-1884	1885	103
chr2	27094799	27100762	27099799	5963	27097780	-2981	2982	2019
chr2	86449347	86449947	86449915	600	86449647	-300	300	268
chr2	131146389	131147944	131146799	1555	131147166	-777	778	-367
chr2	74497546	74503831	74498122	6285	74500688	-3142	3143	-2566
chr2	27033742	27038741	27035611	4999	27036241	-2499	2500	-630
chr2	27094799	27100762	27097647	5963	27097780	-2981	2982	-133
chr2	96282945	96290380	96283305	7435	96286662	-3717	3718	-3357
chr2	96282945	96290380	96289054	7435	96286662	-3717	3718	2392
chr2	96290736	96293181	96293016	2445	96291958	-1222	1223	1058
chr2	37230577	37232196	37231710	1619	37231386	-809	810	324
chr2	27049973	27053118	27053007	3145	27051545	-1572	1573	1462
chr2	111119713	111125232	111123929	5519	111122472	-2759	2760	1457
chr2	20446344	20449414	20447502	3070	20447879	-1535	1535	-377
chr2	74045867	74048738	74047047	2871	74047302	-1435	1436	-255
chr2	74367653	74372889	74368732	5236	74370271	-2618	2618	-1539
chr2	27237822	27242472	27242354	4650	27240147	-2325	2325	2207
chr2	27441100	27445824	27444413	4724	27443462	-2362	2362	951
chr2	99402692	99404406	99402891	1714	99403549	-857	857	-658
chr2	219219419	219226383	219222382	6964	219222901	-3482	3482	-519
chr2	74458304	74463041	74462607	4737	74460672	-2368	2369	1935
chr2	27033742	27038741	27035173	4999	27036241	-2499	2500	-1068
chr2	218661919	218663653	218662575	1734	218662786	-867	867	-211
chr2	74458304	74463041	74459949	4737	74460672	-2368	2369	-723
chr2	200860957	200863354	200861318	2397	200862155	-1198	1199	-837
chr2	27366916	27371519	27369010	4603	27369217	-2301	2302	-207
chr2	203439366	203441482	203439641	2116	203440424	-1058	1058	-783
chr2	27441100	27445824	27444435	4724	27443462	-2362	2362	973
chr2	10121372	10124040	10122750	2668	10122706	-1334	1334	44
chr2	11577285	11579576	11578343	2291	11578430	-1145	1146	-87
chr2	27094799	27100762	27100039	5963	27097780	-2981	2982	2259
chr2	27101275	27104236	27102214	2961	27102755	-1480	1481	-541
chr2	27232914	27236047	27233126	3133	27234480	-1566	1567	-1354
chr2	27237822	27242472	27241943	4650	27240147	-2325	2325	1796
chr2	27304827	27308636	27305034	3809	27306731	-1904	1905	-1697
chr2	27326247	27330333	27328159	4086	27328290	-2043	2043	-131
chr2	27366916	27371519	27367618	4603	27369217	-2301	2302	-1599
chr2	47798341	47799908	47799370	1567	47799124	-783	784	246
chr2	47798341	47799908	47799772	1567	47799124	-783	784	648
chr2	65071468	65073009	65072969	1541	65072238	-770	771	731
chr2	71426090	71427576	71427216	1486	71426833	-743	743	383
chr2	74045867	74048738	74046581	2871	74047302	-1435	1436	-721
chr2	74458304	74463041	74458530	4737	74460672	-2368	2369	-2142
chr2	74504301	74506230	74506026	1929	74505265	-964	965	761
chr2	74528971	74532102	74529111	3131	74530536	-1565	1566	-1425
chr2	85538709	85541563	85541106	2854	85540136	-1427	1427	970
chr2	85630205	85635114	85630783	4909	85632659	-2454	2455	-1876
chr2	96018500	96022325	96021144	3825	96020412	-1912	1913	732
chr2	96326373	96329308	96327222	2935	96327840	-1467	1468	-618
chr2	105338984	105340234	105339659	1250	105339609	-625	625	50
chr2	113499063	113501311	113499655	2248	113500187	-1124	1124	-532
chr2	127717962	127720417	127719494	2455	127719189	-1227	1228	305
chr2	130341831	130348782	130346510	6951	130345306	-3475	3476	1204
chr2	169635667	169637875	169636133	2208	169636771	-1104	1104	-638
chr2	173911034	173913308	173913192	2274	173912171	-1137	1137	1021
chr2	181914012	181916734	181916165	2722	181915373	-1361	1361	792
chr2	203237902	203242502	203239035	4600	203240202	-2300	2300	-1167
chr2	216480355	216483279	216482785	2924	216481817	-1462	1462	968
chr2	218661919	218663653	218663268	1734	218662786	-867	867	482
chr2	219232985	219237766	219234132	4781	219235375	-2390	2391	-1243
chr2	226796044	226800731	226797952	4687	226798387	-2343	2344	-435
chr2	226796044	226800731	226798454	4687	226798387	-2343	2344	67
chr2	231449579	231455690	231455261	6111	231452634	-3055	3056	2627
chr2	231449579	231455690	231455436	6111	231452634	-3055	3056	2802
chr2	238259954	238265582	238262262	5628	238262768	-2814	2814	-506
chr2	240129640	240132758	240131089	3118	240131199	-1559	1559	-110
chr2	43224041	43227934	43225335	3893	43225987	-1946	1947	-652
chr2	219232985	219237766	219235826	4781	219235375	-2390	2391	451
chr2	231459368	231462267	231461850	2899	231460817	-1449	1450	1033
chr2	96326373	96329308	96327950	2935	96327840	-1467	1468	110
chr2	99402692	99404406	99402891	1714	99403549	-857	857	-658
chr2	190963343	190965218	190963550	1875	190964280	-937	938	-730
chr2	43224041	43227934	43225428	3893	43225987	-1946	1947	-559
chr2	219561722	219565673	219565384	3951	219563697	-1975	1976	1687
chr2	240571550	240576543	240574300	4993	240574046	-2496	2497	254
chr2	10125402	10127432	10127148	2030	10126417	-1015	1015	731
chr2	10774941	10776971	10774991	2030	10775956	-1015	1015	-965
chr2	20446344	20449414	20447804	3070	20447879	-1535	1535	-75
chr2	24073203	24075452	24074191	2249	24074327	-1124	1125	-136
chr2	27326247	27330333	27326647	4086	27328290	-2043	2043	-1643
chr2	74535789	74538542	74536121	2753	74537165	-1376	1377	-1044
chr2	85630205	85635114	85630860	4909	85632659	-2454	2455	-1799
chr2	86067926	86071067	86070090	3141	86069496	-1570	1571	594
chr2	97772331	97780241	97775879	7910	97776286	-3955	3955	-407
chr2	112519076	112522028	112520321	2952	112520552	-1476	1476	-231
chr2	112588139	112591868	112588858	3729	112590003	-1864	1865	-1145
chr2	112740740	112744014	112742622	3274	112742377	-1637	1637	245
chr2	130369613	130374880	130371220	5267	130372246	-2633	2634	-1026
chr2	219219419	219226383	219223668	6964	219222901	-3482	3482	767
chr2	219246512	219249251	219247224	2739	219247881	-1369	1370	-657
chr2	219246512	219249251	219248584	2739	219247881	-1369	1370	703
chr2	229770576	229775586	229774159	5010	229773081	-2505	2505	1078
chr2	27033742	27038741	27037614	4999	27036241	-2499	2500	1373
chr2	131043130	131046708	131044356	3578	131044919	-1789	1789	-563
chr2	190984524	190986154	190985646	1630	190985339	-815	815	307
chr2	231459368	231462267	231460690	2899	231460817	-1449	1450	-127
chr2	232564973	232567253	232567154	2280	232566113	-1140	1140	1041
chr2	173911034	173913308	173913103	2274	173912171	-1137	1137	932
chr2	85542495	85543249	85543171	754	85542872	-377	377	299
chr2	218640437	218645480	218643213	5043	218642958	-2521	2522	255
chr2	190984524	190986154	190985633	1630	190985339	-815	815	294
chr2	74197756	74199971	74198657	2215	74198863	-1107	1108	-206
chr2	95285473	95290368	95287171	4895	95287920	-2447	2448	-749
chr2	96023613	96025809	96024680	2196	96024711	-1098	1098	-31
chr2	219561722	219565673	219562409	3951	219563697	-1975	1976	-1288
chr2	226796044	226800731	226798060	4687	226798387	-2343	2344	-327
chr2	48529017	48530819	48529958	1802	48529918	-901	901	40
chr2	127705984	127708062	127706411	2078	127707023	-1039	1039	-612
chr2	219232985	219237766	219234951	4781	219235375	-2390	2391	-424
chr2	203439366	203441482	203441197	2116	203440424	-1058	1058	773
chr2	74458304	74463041	74458553	4737	74460672	-2368	2369	-2119
chr2	73609702	73612453	73609783	2751	73611077	-1375	1376	-1294
chr2	74497546	74503831	74497969	6285	74500688	-3142	3143	-2719
chr2	177209719	177217070	177216534	7351	177213394	-3675	3676	3140
chr2	177228998	177231589	177230309	2591	177230293	-1295	1296	16
chr2	169635667	169637875	169637233	2208	169636771	-1104	1104	462
chr2	85389040	85391191	85390230	2151	85390115	-1075	1076	115
chr2	65071468	65073009	65072115	1541	65072238	-770	771	-123
chr2	73222374	73227665	73224947	5291	73225019	-2645	2646	-72
chr2	222921330	222922633	222921428	1303	222921981	-651	652	-553
chr2	27033742	27038741	27035630	4999	27036241	-2499	2500	-611
chr2	24821347	24826852	24824460	5505	24824099	-2752	2753	361
chr2	113634947	113637628	113635063	2681	113636287	-1340	1341	-1224
chr2	219535489	219538367	219537078	2878	219536928	-1439	1439	150
chr2	96326373	96329308	96328176	2935	96327840	-1467	1468	336
chr2	181914012	181916734	181916415	2722	181915373	-1361	1361	1042
chr2	219561722	219565673	219563410	3951	219563697	-1975	1976	-287
chr2	9581578	9585382	9585073	3804	9583480	-1902	1902	1593
chr2	27653173	27655215	27653711	2042	27654194	-1021	1021	-483
chr2	99402692	99404406	99402905	1714	99403549	-857	857	-644
chr2	113197171	113199618	113197564	2447	113198394	-1223	1224	-830
chr2	219232985	219237766	219234434	4781	219235375	-2390	2391	-941
chr2	219232985	219237766	219237247	4781	219235375	-2390	2391	1872
chr2	85630205	85635114	85630741	4909	85632659	-2454	2455	-1918
chr2	28406787	28409536	28408843	2749	28408161	-1374	1375	682
chr2	130369613	130374880	130373289	5267	130372246	-2633	2634	1043
chr2	218401902	218409025	218402117	7123	218405463	-3561	3562	-3346
chr2	74473171	74478209	74475055	5038	74475690	-2519	2519	-635
chr2	85597496	85598241	85597531	745	85597868	-372	373	-337
chr2	74535789	74538542	74536732	2753	74537165	-1376	1377	-433
chr2	27366916	27371519	27367326	4603	27369217	-2301	2302	-1891
chr2	70086204	70090364	70087762	4160	70088284	-2080	2080	-522
chr2	241498958	241504226	241500760	5268	241501592	-2634	2634	-832
chr2	105398658	105401278	105399357	2620	105399968	-1310	1310	-611
chr2	130341831	130348782	130346403	6951	130345306	-3475	3476	1097
chr2	85630205	85635114	85630759	4909	85632659	-2454	2455	-1900
chr2	96276021	96282791	96282113	6770	96279406	-3385	3385	2707
chr2	28946349	28947362	28946674	1013	28946855	-506	507	-181
chr2	201131116	201134014	201133035	2898	201132565	-1449	1449	470
chr2	74458304	74463041	74462752	4737	74460672	-2368	2369	2080
chr2	74532651	74534039	74533989	1388	74533345	-694	694	644
chr2	113499063	113501311	113499651	2248	113500187	-1124	1124	-536
chr2	232564973	232567253	232566896	2280	232566113	-1140	1140	783
chr2	105892695	105894483	105893661	1788	105893589	-894	894	72
chr2	96282945	96290380	96283676	7435	96286662	-3717	3718	-2986
chr2	61482103	61483574	61482994	1471	61482838	-735	736	156
chr2	65071468	65073009	65071674	1541	65072238	-770	771	-564
chr2	238271972	238275075	238273069	3103	238273523	-1551	1552	-454
chr2	241093580	241095933	241095647	2353	241094756	-1176	1177	891
chr2	218661919	218663653	218663266	1734	218662786	-867	867	480
chr2	96282945	96290380	96287032	7435	96286662	-3717	3718	370
chr2	219206693	219212969	219210036	6276	219209831	-3138	3138	205
chr2	105892695	105894483	105893056	1788	105893589	-894	894	-533
chr2	127705984	127708062	127706372	2078	127707023	-1039	1039	-651
chr2	240527978	240530531	240529325	2553	240529254	-1276	1277	71
chr2	219219419	219226383	219225458	6964	219222901	-3482	3482	2557
chr2	27033742	27038741	27035639	4999	27036241	-2499	2500	-602
chr2	65071468	65073009	65072837	1541	65072238	-770	771	599
chr2	169635667	169637875	169636902	2208	169636771	-1104	1104	131
chr2	10774941	10776971	10774988	2030	10775956	-1015	1015	-968
chr2	96276021	96282791	96278854	6770	96279406	-3385	3385	-552
chr2	74045867	74048738	74046433	2871	74047302	-1435	1436	-869
chr2	74220831	74225755	74225008	4924	74223293	-2462	2462	1715
chr2	61537724	61540041	61538107	2317	61538882	-1158	1159	-775
chr2	74455676	74457955	74456249	2279	74456815	-1139	1140	-566
chr2	235054972	235057208	235055613	2236	235056090	-1118	1118	-477
chr2	74523191	74527879	74527495	4688	74525535	-2344	2344	1960
chr2	11632179	11634628	11633038	2449	11633403	-1224	1225	-365
chr2	74523191	74527879	74527322	4688	74525535	-2344	2344	1787
chr2	177228998	177231589	177230932	2591	177230293	-1295	1296	639
chr2	27126044	27129552	27129097	3508	27127798	-1754	1754	1299
chr2	9495758	9497685	9497139	1927	9496721	-963	964	418
chr2	71426090	71427576	71427121	1486	71426833	-743	743	288
chr2	96326373	96329308	96326917	2935	96327840	-1467	1468	-923
chr2	177228998	177231589	177230803	2591	177230293	-1295	1296	510
chr2	65312607	65314976	65312773	2369	65313791	-1184	1185	-1018
chr2	65071468	65073009	65071501	1541	65072238	-770	771	-737
chr2	131146389	131147944	131146805	1555	131147166	-777	778	-361
chr2	17713910	17715117	17714897	1207	17714513	-603	604	384
chr2	64635367	64639324	64635975	3957	64637345	-1978	1979	-1370
chr2	85543763	85550478	85549969	6715	85547120	-3357	3358	2849
chr2	218636676	218637537	218637031	861	218637106	-430	431	-75
chr2	240571550	240576543	240574570	4993	240574046	-2496	2497	524
chr2	85543763	85550478	85550120	6715	85547120	-3357	3358	3000
chr3	47005582	47010749	47005965	5167	47008165	-2583	2584	-2200
chr3	184320405	184328196	184327694	7791	184324300	-3895	3896	3394
chr3	49357718	49362211	49360170	4493	49359964	-2246	2247	206
chr3	194132399	194139773	194136645	7374	194136086	-3687	3687	559
chr3	12839237	12841363	12840180	2126	12840300	-1063	1063	-120
chr3	14470315	14474571	14472277	4256	14472443	-2128	2128	-166
chr3	65354859	65357442	65356634	2583	65356150	-1291	1292	484
chr3	121687355	121691828	121691520	4473	121689591	-2236	2237	1929
chr3	10275825	10278828	10278330	3003	10277326	-1501	1502	1004
chr3	113284056	113287343	113285545	3287	113285699	-1643	1644	-154
chr3	14147973	14150307	14148919	2334	14149140	-1167	1167	-221
chr3	49012331	49017316	49012951	4985	49014823	-2492	2493	-1872
chr3	150545034	150547848	150546763	2814	150546441	-1407	1407	322
chr3	180967545	180968648	180968076	1103	180968096	-551	552	-20
chr3	51395135	51396729	51395803	1594	51395932	-797	797	-129
chr3	49427492	49430017	49429224	2525	49428754	-1262	1263	470
chr3	121991761	121998022	121993370	6261	121994891	-3130	3131	-1521
chr3	185489966	185494010	185491670	4044	185491988	-2022	2022	-318
chr3	52906593	52908981	52907116	2388	52907787	-1194	1194	-671
chr3	180609074	180610761	180610058	1687	180609917	-843	844	141
chr3	50352944	50355092	50353632	2148	50354018	-1074	1074	-386
chr3	184576946	184582346	184580798	5400	184579646	-2700	2700	1152
chr3	52521947	52526560	52522652	4613	52524253	-2306	2307	-1601
chr3	12829600	12834966	12834000	5366	12832283	-2683	2683	1717
chr3	52693334	52695544	52695250	2210	52694439	-1105	1105	811
chr3	113284056	113287343	113284562	3287	113285699	-1643	1644	-1137
chr3	52486704	52489738	52487208	3034	52488221	-1517	1517	-1013
chr3	121687355	121691828	121690869	4473	121689591	-2236	2237	1278
chr3	129253444	129256383	129254999	2939	129254913	-1469	1470	86
chr3	11554665	11556732	11554939	2067	11555698	-1033	1034	-759
chr3	139355011	139356305	139355716	1294	139355658	-647	647	58
chr3	169965034	169967443	169966829	2409	169966238	-1204	1205	591
chr3	47016967	47018876	47017702	1909	47017921	-954	955	-219
chr3	184576946	184582346	184581610	5400	184579646	-2700	2700	1964
chr3	48629479	48634152	48629639	4673	48631815	-2336	2337	-2176
chr3	180967545	180968648	180968091	1103	180968096	-551	552	-5
chr3	13374040	13379879	13375631	5839	13376959	-2919	2920	-1328
chr3	37027573	37033454	37028874	5881	37030513	-2940	2941	-1639
chr3	47408758	47413734	47411507	4976	47411246	-2488	2488	261
chr3	48619303	48624248	48621492	4945	48621775	-2472	2473	-283
chr3	52486704	52489738	52488428	3034	52488221	-1517	1517	207
chr3	52486704	52489738	52489544	3034	52488221	-1517	1517	1323
chr3	53225022	53232939	53229342	7917	53228980	-3958	3959	362
chr3	112638279	112641736	112638650	3457	112640007	-1728	1729	-1357
chr3	127616746	127619253	127617988	2507	127617999	-1253	1254	-11
chr3	184169739	184172831	184170437	3092	184171285	-1546	1546	-848
chr3	184185335	184186639	184186230	1304	184185987	-652	652	243
chr3	184576946	184582346	184581608	5400	184579646	-2700	2700	1962
chr3	197019049	197022474	197019580	3425	197020761	-1712	1713	-1181
chr3	12839237	12841363	12840256	2126	12840300	-1063	1063	-44
chr3	11554665	11556732	11554817	2067	11555698	-1033	1034	-881
chr3	48694397	48695748	48694688	1351	48695072	-675	676	-384
chr3	123636970	123639878	123638117	2908	123638424	-1454	1454	-307
chr3	196074194	196076202	196075252	2008	196075198	-1004	1004	54
chr3	50352944	50355092	50353704	2148	50354018	-1074	1074	-314
chr3	184300484	184302310	184301637	1826	184301397	-913	913	240
chr3	15050995	15053169	15052569	2174	15052082	-1087	1087	487
chr3	45945281	45951915	45948305	6634	45948598	-3317	3317	-293
chr3	14664986	14668002	14666880	3016	14666494	-1508	1508	386
chr3	156808829	156812091	156809723	3262	156810460	-1631	1631	-737
chr3	46919796	46925624	46925532	5828	46922710	-2914	2914	2822
chr3	48423888	48427055	48424243	3167	48425471	-1583	1584	-1228
chr3	52906593	52908981	52907597	2388	52907787	-1194	1194	-190
chr3	184185335	184186639	184186221	1304	184185987	-652	652	234
chr3	184320405	184328196	184324921	7791	184324300	-3895	3896	621
chr3	49838363	49843772	49841045	5409	49841067	-2704	2705	-22
chr3	51388392	51393725	51393724	5333	51391058	-2666	2667	2666
chr3	129271452	129275174	129271855	3722	129273313	-1861	1861	-1458
chr3	48629479	48634152	48630437	4673	48631815	-2336	2337	-1378
chr3	49159011	49165784	49162633	6773	49162397	-3386	3387	236
chr3	48417142	48422033	48419300	4891	48419587	-2445	2446	-287
chr3	49720740	49724364	49721989	3624	49722552	-1812	1812	-563
chr3	121687355	121691828	121690963	4473	121689591	-2236	2237	1372
chr3	53187872	53191694	53189076	3822	53189783	-1911	1911	-707
chr3	49159011	49165784	49163285	6773	49162397	-3386	3387	888
chr3	46995629	47003621	46996290	7992	46999625	-3996	3996	-3335
chr3	49114139	49117739	49115106	3600	49115939	-1800	1800	-833
chr3	184320405	184328196	184322420	7791	184324300	-3895	3896	-1880
chr3	47405503	47407808	47407760	2305	47406655	-1152	1153	1105
chr3	50115392	50117631	50115497	2239	50116511	-1119	1120	-1014
chr3	49668880	49671364	49669953	2484	49670122	-1242	1242	-169
chr3	52247769	52250624	52248662	2855	52249196	-1427	1428	-534
chr3	9914981	9918108	9917414	3127	9916544	-1563	1564	870
chr3	52399677	52404248	52403147	4571	52401962	-2285	2286	1185
chr3	9738278	9740426	9739660	2148	9739352	-1074	1074	308
chr3	121991761	121998022	121993461	6261	121994891	-3130	3131	-1430
chr3	9755086	9759277	9757261	4191	9757181	-2095	2096	80
chr3	191374872	191375777	191375218	905	191375324	-452	453	-106
chr3	184136679	184142648	184137903	5969	184139663	-2984	2985	-1760
chr3	184165376	184168331	184165450	2955	184166853	-1477	1478	-1403
chr3	12839237	12841363	12840437	2126	12840300	-1063	1063	137
chr3	66381260	66383533	66383323	2273	66382396	-1136	1137	927
chr3	113284056	113287343	113286811	3287	113285699	-1643	1644	1112
chr3	39141496	39145537	39143494	4041	39143516	-2020	2021	-22
chr3	9759664	9766346	9760835	6682	9763005	-3341	3341	-2170
chr3	75421580	75426085	75422672	4505	75423832	-2252	2253	-1160
chr3	52247769	52250624	52249473	2855	52249196	-1427	1428	277
chr3	127669822	127676278	127671540	6456	127673050	-3228	3228	-1510
chr3	9914981	9918108	9917891	3127	9916544	-1563	1564	1347
chr3	4302554	4304775	4303812	2221	4303664	-1110	1111	148
chr3	15258117	15259348	15258747	1231	15258732	-615	616	15
chr3	48464602	48467908	48466956	3306	48466255	-1653	1653	701
chr3	138298443	138302442	138301487	3999	138300442	-1999	2000	1045
chr3	169981542	169983529	169982857	1987	169982535	-993	994	322
chr3	139351880	139353039	139352722	1159	139352459	-579	580	263
chr3	48675163	48681213	48679073	6050	48678188	-3025	3025	885
chr3	197013607	197018924	197017153	5317	197016265	-2658	2659	888
chr3	13502926	13505061	13504116	2135	13503993	-1067	1068	123
chr3	49114139	49117739	49114280	3600	49115939	-1800	1800	-1659
chr3	49012331	49017316	49016324	4985	49014823	-2492	2493	1501
chr3	191374872	191375777	191375456	905	191375324	-452	453	132
chr3	139357070	139358977	139358806	1907	139358023	-953	954	783
chr3	48264975	48268243	48267956	3268	48266609	-1634	1634	1347
chr3	184136679	184142648	184138234	5969	184139663	-2984	2985	-1429
chr3	196074194	196076202	196075328	2008	196075198	-1004	1004	130
chr3	149656471	149659644	149657275	3173	149658057	-1586	1587	-782
chr3	38121384	38124029	38121696	2645	38122706	-1322	1323	-1010
chr3	49043050	49046901	49046517	3851	49044975	-1925	1926	1542
chr3	49720740	49724364	49720858	3624	49722552	-1812	1812	-1694
chr3	13502926	13505061	13504539	2135	13503993	-1067	1068	546
chr3	47840329	47844434	47841175	4105	47842381	-2052	2053	-1206
chr3	184185335	184186639	184186623	1304	184185987	-652	652	636
chr3	48626648	48628446	48627966	1798	48627547	-899	899	419
chr3	33141342	33143497	33142486	2155	33142419	-1077	1078	67
chr3	46995629	47003621	46997332	7992	46999625	-3996	3996	-2293
chr3	49012331	49017316	49015226	4985	49014823	-2492	2493	403
chr3	49663720	49666590	49664504	2870	49665155	-1435	1435	-651
chr3	191374872	191375777	191375579	905	191375324	-452	453	255
chr3	184136679	184142648	184136939	5969	184139663	-2984	2985	-2724
chr3	48264975	48268243	48268210	3268	48266609	-1634	1634	1601
chr3	141444809	141447068	141445491	2259	141445938	-1129	1130	-447
chr3	49012331	49017316	49016261	4985	49014823	-2492	2493	1438
chr3	49420702	49425839	49421756	5137	49423270	-2568	2569	-1514
chr3	150408034	150411332	150409585	3298	150409683	-1649	1649	-98
chr3	15254683	15258002	15256345	3319	15256342	-1659	1660	3
chr3	48626648	48628446	48627048	1798	48627547	-899	899	-499
chr3	112638279	112641736	112639239	3457	112640007	-1728	1729	-768
chr3	39137968	39140340	39138613	2372	39139154	-1186	1186	-541
chr3	52693334	52695544	52695275	2210	52694439	-1105	1105	836
chr3	112638279	112641736	112638640	3457	112640007	-1728	1729	-1367
chr3	196947394	196949866	196948409	2472	196948630	-1236	1236	-221
chr3	49012331	49017316	49016301	4985	49014823	-2492	2493	1478
chr3	14129265	14131160	14129483	1895	14130212	-947	948	-729
chr3	184576946	184582346	184580796	5400	184579646	-2700	2700	1150
chr3	184576946	184582346	184581359	5400	184579646	-2700	2700	1713
chr3	197013607	197018924	197016244	5317	197016265	-2658	2659	-21
chr3	12835793	12838986	12836073	3193	12837389	-1596	1597	-1316
chr3	52436240	52439311	52438950	3071	52437775	-1535	1536	1175
chr3	186779760	186785753	186784457	5993	186782756	-2996	2997	1701
chr3	45920969	45924093	45923760	3124	45922531	-1562	1562	1229
chr3	47408758	47413734	47409964	4976	47411246	-2488	2488	-1282
chr3	72445824	72447933	72446606	2109	72446878	-1054	1055	-272
chr3	13374040	13379879	13379701	5839	13376959	-2919	2920	2742
chr3	170869640	170871138	170870197	1498	170870389	-749	749	-192
chr3	128069203	128071284	128069484	2081	128070243	-1040	1041	-759
chr3	196326898	196328014	196327515	1116	196327456	-558	558	59
chr3	47408758	47413734	47412513	4976	47411246	-2488	2488	1267
chr3	47915338	47917282	47916579	1944	47916310	-972	972	269
chr3	56633011	56634119	56633596	1108	56633565	-554	554	31
chr3	50115392	50117631	50117089	2239	50116511	-1119	1120	578
chr3	49012331	49017316	49015873	4985	49014823	-2492	2493	1050
chr3	184136679	184142648	184137918	5969	184139663	-2984	2985	-1745
chr3	14664986	14668002	14666867	3016	14666494	-1508	1508	373
chr3	49159011	49165784	49163127	6773	49162397	-3386	3387	730
chr3	196947394	196949866	196948197	2472	196948630	-1236	1236	-433
chr3	121697054	121698865	121697661	1811	121697959	-905	906	-298
chr3	56682437	56683034	56682800	597	56682735	-298	299	65
chr3	44916076	44918193	44918088	2117	44917134	-1058	1059	954
chr3	114076156	114077244	114076938	1088	114076700	-544	544	238
chr3	183951382	183953380	183951529	1998	183952381	-999	999	-852
chr3	184136679	184142648	184138187	5969	184139663	-2984	2985	-1476
chr3	48417142	48422033	48417913	4891	48419587	-2445	2446	-1674
chr3	183811174	183812519	183812439	1345	183811846	-672	673	593
chr3	184257201	184264517	184259656	7316	184260859	-3658	3658	-1203
chr3	184169739	184172831	184170786	3092	184171285	-1546	1546	-499
chr3	127571804	127573726	127573488	1922	127572765	-961	961	723
chr3	184248233	184250275	184249334	2042	184249254	-1021	1021	80
chr3	184136679	184142648	184140154	5969	184139663	-2984	2985	491
chr3	47408758	47413734	47409476	4976	47411246	-2488	2488	-1770
chr3	52073648	52078333	52075933	4685	52075990	-2342	2343	-57
chr3	49720740	49724364	49721799	3624	49722552	-1812	1812	-753
chr3	9742676	9746734	9745831	4058	9744705	-2029	2029	1126
chr3	9759664	9766346	9760968	6682	9763005	-3341	3341	-2037
chr3	9759664	9766346	9761734	6682	9763005	-3341	3341	-1271
chr3	13355331	13358430	13358221	3099	13356880	-1549	1550	1341
chr3	39141496	39145537	39143016	4041	39143516	-2020	2021	-500
chr3	39141496	39145537	39144015	4041	39143516	-2020	2021	499
chr3	49012331	49017316	49013861	4985	49014823	-2492	2493	-962
chr3	49275918	49282115	49278813	6197	49279016	-3098	3099	-203
chr3	50071520	50078955	50075266	7435	50075237	-3717	3718	29
chr3	52399677	52404248	52402908	4571	52401962	-2285	2286	946
chr3	52399677	52404248	52403854	4571	52401962	-2285	2286	1892
chr3	58119253	58123571	58121433	4318	58121412	-2159	2159	21
chr3	128904025	128908210	128904404	4185	128906117	-2092	2093	-1713
chr3	9948017	9951351	9948872	3334	9949684	-1667	1667	-812
chr3	9812749	9815286	9813253	2537	9814017	-1268	1269	-764
chr3	9942291	9945586	9943148	3295	9943938	-1647	1648	-790
chr3	51388392	51393725	51393534	5333	51391058	-2666	2667	2476
chr3	113284056	113287343	113285507	3287	113285699	-1643	1644	-192
chr3	154120316	154123213	154122817	2897	154121764	-1448	1449	1053
chr3	154321622	154325090	154324277	3468	154323356	-1734	1734	921
chr3	170863851	170867586	170866388	3735	170865718	-1867	1868	670
chr3	186779760	186785753	186784841	5993	186782756	-2996	2997	2085
chr3	196320258	196324311	196323829	4053	196322284	-2026	2027	1545
chr3	14147973	14150307	14148605	2334	14149140	-1167	1167	-535
chr3	156808829	156812091	156810365	3262	156810460	-1631	1631	-95
chr3	49012331	49017316	49014822	4985	49014823	-2492	2493	-1
chr3	195862947	195869673	195867894	6726	195866310	-3363	3363	1584
chr3	45945281	45951915	45946945	6634	45948598	-3317	3317	-1653
chr3	51388392	51393725	51393008	5333	51391058	-2666	2667	1950
chr3	52247769	52250624	52248407	2855	52249196	-1427	1428	-789
chr3	150408034	150411332	150409842	3298	150409683	-1649	1649	159
chr3	47915338	47917282	47916234	1944	47916310	-972	972	-76
chr3	9790045	9796405	9793072	6360	9793225	-3180	3180	-153
chr3	12966520	12968407	12967394	1887	12967463	-943	944	-69
chr3	14145708	14147438	14146087	1730	14146573	-865	865	-486
chr3	42662731	42666152	42665308	3421	42664441	-1710	1711	867
chr3	49012331	49017316	49014983	4985	49014823	-2492	2493	160
chr3	150545034	150547848	150547011	2814	150546441	-1407	1407	570
chr3	184240291	184243306	184241196	3015	184241798	-1507	1508	-602
chr3	186779760	186785753	186784475	5993	186782756	-2996	2997	1719
chr3	195862947	195869673	195864182	6726	195866310	-3363	3363	-2128
chr3	10258253	10260681	10260347	2428	10259467	-1214	1214	880
chr3	49275918	49282115	49276526	6197	49279016	-3098	3099	-2490
chr3	50358131	50359846	50358755	1715	50358988	-857	858	-233
chr3	52906593	52908981	52907143	2388	52907787	-1194	1194	-644
chr3	184576946	184582346	184579913	5400	184579646	-2700	2700	267
chr3	184576946	184582346	184581075	5400	184579646	-2700	2700	1429
chr3	184136679	184142648	184137940	5969	184139663	-2984	2985	-1723
chr3	197019049	197022474	197021417	3425	197020761	-1712	1713	656
chr3	14664986	14668002	14667104	3016	14666494	-1508	1508	610
chr3	14664986	14668002	14667104	3016	14666494	-1508	1508	610
chr3	195069229	195071618	195069975	2389	195070423	-1194	1195	-448
chr3	185921203	185923516	185922105	2313	185922359	-1156	1157	-254
chr3	156808829	156812091	156809723	3262	156810460	-1631	1631	-737
chr3	191374872	191375777	191375444	905	191375324	-452	453	120
chr3	124734122	124737780	124737716	3658	124735951	-1829	1829	1765
chr3	53807695	53810978	53810167	3283	53809336	-1641	1642	831
chr3	49703534	49705234	49705147	1700	49704384	-850	850	763
chr3	184165376	184168331	184165463	2955	184166853	-1477	1478	-1390
chr3	49012331	49017316	49015455	4985	49014823	-2492	2493	632
chr3	49705647	49708754	49706039	3107	49707200	-1553	1554	-1161
chr3	156808829	156812091	156810624	3262	156810460	-1631	1631	164
chr3	184328776	184333744	184332043	4968	184331260	-2484	2484	783
chr3	195862947	195869673	195867492	6726	195866310	-3363	3363	1182
chr3	47408758	47413734	47411408	4976	47411246	-2488	2488	162
chr3	48619303	48624248	48620972	4945	48621775	-2472	2473	-803
chr3	112638279	112641736	112638550	3457	112640007	-1728	1729	-1457
chr3	39141496	39145537	39144260	4041	39143516	-2020	2021	744
chr3	154120316	154123213	154122590	2897	154121764	-1448	1449	826
chr3	46938335	46945680	46941056	7345	46942007	-3672	3673	-951
chr3	121697054	121698865	121697060	1811	121697959	-905	906	-899
chr3	121687355	121691828	121691776	4473	121689591	-2236	2237	2185
chr3	184158368	184163819	184163667	5451	184161093	-2725	2726	2574
chr3	10303355	10305845	10303914	2490	10304600	-1245	1245	-686
chr3	53802522	53806775	53803519	4253	53804648	-2126	2127	-1129
chr3	10294661	10302278	10301350	7617	10298469	-3808	3809	2881
chr3	12829600	12834966	12831470	5366	12832283	-2683	2683	-813
chr3	13363610	13366834	13365949	3224	13365222	-1612	1612	727
chr3	14147973	14150307	14148590	2334	14149140	-1167	1167	-550
chr3	17160313	17161219	17161128	906	17160766	-453	453	362
chr3	45945281	45951915	45946564	6634	45948598	-3317	3317	-2034
chr3	47408758	47413734	47409692	4976	47411246	-2488	2488	-1554
chr3	49012331	49017316	49014390	4985	49014823	-2492	2493	-433
chr3	49043050	49046901	49044465	3851	49044975	-1925	1926	-510
chr3	49093123	49097590	49096046	4467	49095356	-2233	2234	690
chr3	50182702	50186242	50182954	3540	50184472	-1770	1770	-1518
chr3	51934214	51936289	51935364	2075	51935251	-1037	1038	113
chr3	52490775	52496966	52492752	6191	52493870	-3095	3096	-1118
chr3	52521947	52526560	52524210	4613	52524253	-2306	2307	-43
chr3	52693334	52695544	52694234	2210	52694439	-1105	1105	-205
chr3	56633011	56634119	56633420	1108	56633565	-554	554	-145
chr3	65354859	65357442	65356514	2583	65356150	-1291	1292	364
chr3	65354859	65357442	65356642	2583	65356150	-1291	1292	492
chr3	121687355	121691828	121691797	4473	121689591	-2236	2237	2206
chr3	121697054	121698865	121698806	1811	121697959	-905	906	847
chr3	154120316	154123213	154122065	2897	154121764	-1448	1449	301
chr3	184248233	184250275	184249763	2042	184249254	-1021	1021	509
chr3	184257201	184264517	184257649	7316	184260859	-3658	3658	-3210
chr3	184576946	184582346	184578004	5400	184579646	-2700	2700	-1642
chr3	185935735	185938282	185937976	2547	185937008	-1273	1274	968
chr3	194588283	194594489	194588412	6206	194591386	-3103	3103	-2974
chr3	194652169	194653713	194652800	1544	194652941	-772	772	-141
chr3	196935356	196937934	196937042	2578	196936645	-1289	1289	397
chr3	184136679	184142648	184140623	5969	184139663	-2984	2985	960
chr3	185919408	185920869	185919485	1461	185920138	-730	731	-653
chr3	47005582	47010749	47005795	5167	47008165	-2583	2584	-2370
chr3	47816340	47818933	47818021	2593	47817636	-1296	1297	385
chr3	124729765	124730910	124730549	1145	124730337	-572	573	212
chr3	39141496	39145537	39145135	4041	39143516	-2020	2021	1619
chr3	184240291	184243306	184242524	3015	184241798	-1507	1508	726
chr3	9759664	9766346	9766222	6682	9763005	-3341	3341	3217
chr3	9948017	9951351	9950039	3334	9949684	-1667	1667	355
chr3	52693334	52695544	52694904	2210	52694439	-1105	1105	465
chr3	9755086	9759277	9757165	4191	9757181	-2095	2096	-16
chr3	14658580	14662533	14661592	3953	14660556	-1976	1977	1036
chr3	46919796	46925624	46922265	5828	46922710	-2914	2914	-445
chr3	47119352	47121412	47120923	2060	47120382	-1030	1030	541
chr3	48417142	48422033	48421798	4891	48419587	-2445	2446	2211
chr3	51388392	51393725	51393078	5333	51391058	-2666	2667	2020
chr3	56633011	56634119	56633092	1108	56633565	-554	554	-473
chr3	73061434	73062951	73062332	1517	73062192	-758	759	140
chr3	73061434	73062951	73062533	1517	73062192	-758	759	341
chr3	101565802	101567588	101566051	1786	101566695	-893	893	-644
chr3	101681369	101684832	101682786	3463	101683100	-1731	1732	-314
chr3	120774692	120777172	120776436	2480	120775932	-1240	1240	504
chr3	121687355	121691828	121691561	4473	121689591	-2236	2237	1970
chr3	121697054	121698865	121698530	1811	121697959	-905	906	571
chr3	121985856	121988613	121988228	2757	121987234	-1378	1379	994
chr3	184136679	184142648	184141969	5969	184139663	-2984	2985	2306
chr3	184320405	184328196	184320610	7791	184324300	-3895	3896	-3690
chr3	184320405	184328196	184323486	7791	184324300	-3895	3896	-814
chr3	184576946	184582346	184581358	5400	184579646	-2700	2700	1712
chr3	195683198	195684587	195683802	1389	195683892	-694	695	-90
chr3	195970212	195975381	195974496	5169	195972796	-2584	2585	1700
chr3	9433287	9434618	9434254	1331	9433952	-665	666	302
chr3	33409091	33410452	33409512	1361	33409771	-680	681	-259
chr3	47408758	47413734	47412341	4976	47411246	-2488	2488	1095
chr3	156808829	156812091	156810453	3262	156810460	-1631	1631	-7
chr3	184320405	184328196	184322020	7791	184324300	-3895	3896	-2280
chr3	47119352	47121412	47121305	2060	47120382	-1030	1030	923
chr3	52521947	52526560	52524819	4613	52524253	-2306	2307	566
chr3	53807695	53810978	53808680	3283	53809336	-1641	1642	-656
chr3	184165376	184168331	184165431	2955	184166853	-1477	1478	-1422
chr3	196935356	196937934	196937367	2578	196936645	-1289	1289	722
chr3	9755086	9759277	9757141	4191	9757181	-2095	2096	-40
chr3	50576864	50578127	50577873	1263	50577495	-631	632	378
chr3	50187524	50189638	50187828	2114	50188581	-1057	1057	-753
chr3	49275918	49282115	49276754	6197	49279016	-3098	3099	-2262
chr3	65354859	65357442	65356805	2583	65356150	-1291	1292	655
chr3	52475514	52478831	52476587	3317	52477172	-1658	1659	-585
chr3	128080951	128084115	128081349	3164	128082533	-1582	1582	-1184
chr3	184240291	184243306	184242056	3015	184241798	-1507	1508	258
chr3	186779760	186785753	186784585	5993	186782756	-2996	2997	1829
chr3	184240291	184243306	184241351	3015	184241798	-1507	1508	-447
chr3	197013607	197018924	197017204	5317	197016265	-2658	2659	939
chr3	53187872	53191694	53189057	3822	53189783	-1911	1911	-726
chr3	49838363	49843772	49839857	5409	49841067	-2704	2705	-1210
chr3	51984873	51989491	51985894	4618	51987182	-2309	2309	-1288
chr3	126434634	126439307	126438334	4673	126436970	-2336	2337	1364
chr3	49114139	49117739	49115773	3600	49115939	-1800	1800	-166
chr3	48417142	48422033	48418328	4891	48419587	-2445	2446	-1259
chr3	9948017	9951351	9949128	3334	9949684	-1667	1667	-556
chr3	15254683	15258002	15256442	3319	15256342	-1659	1660	100
chr3	15254683	15258002	15256443	3319	15256342	-1659	1660	101
chr3	73061434	73062951	73062842	1517	73062192	-758	759	650
chr3	46995629	47003621	47000192	7992	46999625	-3996	3996	567
chr3	150408034	150411332	150411042	3298	150409683	-1649	1649	1359
chr3	9755086	9759277	9756592	4191	9757181	-2095	2096	-589
chr3	15254683	15258002	15256112	3319	15256342	-1659	1660	-230
chr3	10289570	10292464	10289800	2894	10291017	-1447	1447	-1217
chr3	14131927	14134256	14132582	2329	14133091	-1164	1165	-509
chr3	44925815	44928709	44926841	2894	44927262	-1447	1447	-421
chr3	47408758	47413734	47409964	4976	47411246	-2488	2488	-1282
chr3	9759664	9766346	9761754	6682	9763005	-3341	3341	-1251
chr3	49672439	49675329	49675288	2890	49673884	-1445	1445	1404
chr3	112638279	112641736	112639786	3457	112640007	-1728	1729	-221
chr3	129253444	129256383	129255010	2939	129254913	-1469	1470	97
chr3	184576946	184582346	184579708	5400	184579646	-2700	2700	62
chr3	52399677	52404248	52403449	4571	52401962	-2285	2286	1487
chr3	52521947	52526560	52522560	4613	52524253	-2306	2307	-1693
chr3	47119352	47121412	47120518	2060	47120382	-1030	1030	136
chr3	157157830	157162051	157159434	4221	157159940	-2110	2111	-506
chr3	195862947	195869673	195864150	6726	195866310	-3363	3363	-2160
chr3	195862947	195869673	195869579	6726	195866310	-3363	3363	3269
chr3	128911605	128913518	128912512	1913	128912561	-956	957	-49
chr3	49420702	49425839	49422102	5137	49423270	-2568	2569	-1168
chr3	160564279	160566359	160565253	2080	160565319	-1040	1040	-66
chr3	134363865	134368467	134366361	4602	134366166	-2301	2301	195
chr3	195879005	195881882	195879130	2877	195880443	-1438	1439	-1313
chr3	196059845	196060348	196060205	503	196060096	-251	252	109
chr3	56633011	56634119	56633388	1108	56633565	-554	554	-177
chr3	15258117	15259348	15258939	1231	15258732	-615	616	207
chr3	180609074	180610761	180610395	1687	180609917	-843	844	478
chr3	10289570	10292464	10289791	2894	10291017	-1447	1447	-1226
chr3	14147973	14150307	14148868	2334	14149140	-1167	1167	-272
chr3	56633011	56634119	56633565	1108	56633565	-554	554	0
chr3	10258253	10260681	10260142	2428	10259467	-1214	1214	675
chr3	17160313	17161219	17161130	906	17160766	-453	453	364
chr3	183963044	183964262	183963399	1218	183963653	-609	609	-254
chr3	43347551	43348918	43348357	1367	43348234	-683	684	123
chr3	56633011	56634119	56633403	1108	56633565	-554	554	-162
chr3	47408758	47413734	47409695	4976	47411246	-2488	2488	-1551
chr3	184165376	184168331	184165431	2955	184166853	-1477	1478	-1422
chr3	58306681	58311603	58310566	4922	58309142	-2461	2461	1424
chr3	66384487	66386798	66386111	2311	66385642	-1155	1156	469
chr3	46919796	46925624	46923423	5828	46922710	-2914	2914	713
chr3	49275918	49282115	49278862	6197	49279016	-3098	3099	-154
chr3	50358131	50359846	50358818	1715	50358988	-857	858	-170
chr3	52521947	52526560	52523756	4613	52524253	-2306	2307	-497
chr3	49663720	49666590	49664466	2870	49665155	-1435	1435	-689
chr3	183811174	183812519	183811450	1345	183811846	-672	673	-396
chr3	186779760	186785753	186783612	5993	186782756	-2996	2997	856
chr3	121687355	121691828	121690783	4473	121689591	-2236	2237	1192
chr3	156554387	156555459	156555059	1072	156554923	-536	536	136
chr3	121697054	121698865	121697544	1811	121697959	-905	906	-415
chr3	57277667	57279706	57278947	2039	57278686	-1019	1020	261
chr3	141444809	141447068	141446257	2259	141445938	-1129	1130	319
chr3	42657758	42660812	42658499	3054	42659285	-1527	1527	-786
chr3	49012331	49017316	49017245	4985	49014823	-2492	2493	2422
chr3	196320258	196324311	196324046	4053	196322284	-2026	2027	1762
chr3	53225022	53232939	53226851	7917	53228980	-3958	3959	-2129
chr3	47855757	47860509	47857448	4752	47858133	-2376	2376	-685
chr3	134368984	134371726	134371253	2742	134370355	-1371	1371	898
chr3	15050995	15053169	15052368	2174	15052082	-1087	1087	286
chr3	15254683	15258002	15256535	3319	15256342	-1659	1660	193
chr3	45929218	45931899	45931163	2681	45930558	-1340	1341	605
chr3	47408758	47413734	47409054	4976	47411246	-2488	2488	-2192
chr3	48417142	48422033	48418325	4891	48419587	-2445	2446	-1262
chr3	128911605	128913518	128912516	1913	128912561	-956	957	-45
chr3	129271452	129275174	129271830	3722	129273313	-1861	1861	-1483
chr3	184334416	184335345	184334749	929	184334880	-464	465	-131
chr3	15258117	15259348	15258915	1231	15258732	-615	616	183
chr3	49012331	49017316	49013404	4985	49014823	-2492	2493	-1419
chr3	184257201	184264517	184258538	7316	184260859	-3658	3658	-2321
chr3	9682563	9686958	9685227	4395	9684760	-2197	2198	467
chr3	10283749	10285704	10285455	1955	10284726	-977	978	729
chr3	184320405	184328196	184323520	7791	184324300	-3895	3896	-780
chr4	1804163	1807863	1806648	3700	1806013	-1850	1850	635
chr4	1327028	1333008	1328692	5980	1330018	-2990	2990	-1326
chr4	7038675	7044637	7041823	5962	7041656	-2981	2981	167
chr4	101344875	101350427	101348743	5552	101347651	-2776	2776	1092
chr4	849301	854753	851890	5452	852027	-2726	2726	-137
chr4	6297979	6305647	6301056	7668	6301813	-3834	3834	-757
chr4	1971463	1976473	1974992	5010	1973968	-2505	2505	1024
chr4	56930178	56932691	56930636	2513	56931434	-1256	1257	-798
chr4	82458355	82460221	82460081	1866	82459288	-933	933	793
chr4	152974093	152978117	152975965	4024	152976105	-2012	2012	-140
chr4	186613891	186616184	186614315	2293	186615037	-1146	1147	-722
chr4	152974093	152978117	152976603	4024	152976105	-2012	2012	498
chr4	2510865	2513668	2512020	2803	2512266	-1401	1402	-246
chr4	1334392	1339159	1336933	4767	1336775	-2383	2384	158
chr4	3950699	3954497	3951176	3798	3952598	-1899	1899	-1422
chr4	13598913	13600447	13600260	1534	13599680	-767	767	580
chr4	3474981	3478131	3476523	3150	3476556	-1575	1575	-33
chr4	6640773	6642459	6640935	1686	6641616	-843	843	-681
chr4	2699246	2701644	2700049	2398	2700445	-1199	1199	-396
chr4	70686553	70690109	70689236	3556	70688331	-1778	1778	905
chr4	169678141	169680715	169680115	2574	169679428	-1287	1287	687
chr4	127880806	127882095	127881909	1289	127881450	-644	645	459
chr4	47837824	47839049	47837924	1225	47838436	-612	613	-512
chr4	186613891	186616184	186614334	2293	186615037	-1146	1147	-703
chr4	163514466	163518457	163515421	3991	163516461	-1995	1996	-1040
chr4	6619439	6622104	6619977	2665	6620771	-1332	1333	-794
chr4	13598913	13600447	13599549	1534	13599680	-767	767	-131
chr4	53458512	53459733	53458739	1221	53459122	-610	611	-383
chr4	537021	539439	539216	2418	538230	-1209	1209	986
chr4	99944901	99947846	99946447	2945	99946373	-1472	1473	74
chr4	68313663	68315737	68314263	2074	68314700	-1037	1037	-437
chr4	77011405	77015741	77011805	4336	77013573	-2168	2168	-1768
chr4	986541	992403	988932	5862	989472	-2931	2931	-540
chr4	849301	854753	850941	5452	852027	-2726	2726	-1086
chr4	6604826	6606509	6605165	1683	6605667	-841	842	-502
chr4	17810306	17811533	17811031	1227	17810919	-613	614	112
chr4	6610539	6613199	6611126	2660	6611869	-1330	1330	-743
chr4	1978139	1983840	1983612	5701	1980989	-2850	2851	2623
chr4	6640773	6642459	6641147	1686	6641616	-843	843	-469
chr4	99948140	99949308	99948711	1168	99948724	-584	584	-13
chr4	1232993	1239926	1237518	6933	1236459	-3466	3467	1059
chr4	82428118	82431325	82429363	3207	82429721	-1603	1604	-358
chr4	13598913	13600447	13600329	1534	13599680	-767	767	649
chr4	1984020	1985629	1984866	1609	1984824	-804	805	42
chr4	2062563	2065747	2065058	3184	2064155	-1592	1592	903
chr4	13598913	13600447	13599933	1534	13599680	-767	767	253
chr4	986541	992403	991329	5862	989472	-2931	2931	1857
chr4	3337865	3343305	3343001	5440	3340585	-2720	2720	2416
chr4	124670583	124671468	124671309	885	124671025	-442	443	284
chr4	99948140	99949308	99948732	1168	99948724	-584	584	8
chr4	73257201	73262133	73258410	4932	73259667	-2466	2466	-1257
chr4	39295042	39296807	39295670	1765	39295924	-882	883	-254
chr4	2062563	2065747	2063859	3184	2064155	-1592	1592	-296
chr4	6288434	6295514	6288927	7080	6291974	-3540	3540	-3047
chr4	6297979	6305647	6301126	7668	6301813	-3834	3834	-687
chr4	6288434	6295514	6289073	7080	6291974	-3540	3540	-2901
chr4	6288434	6295514	6291330	7080	6291974	-3540	3540	-644
chr4	1350084	1356200	1354799	6116	1353142	-3058	3058	1657
chr4	1917398	1919300	1918502	1902	1918349	-951	951	153
chr4	70686553	70690109	70689300	3556	70688331	-1778	1778	969
chr4	3145862	3149263	3146858	3401	3147562	-1700	1701	-704
chr4	68313663	68315737	68314043	2074	68314700	-1037	1037	-657
chr4	6604826	6606509	6605175	1683	6605667	-841	842	-492
chr4	150580312	150584789	150583320	4477	150582550	-2238	2239	770
chr4	10076153	10079904	10077412	3751	10078028	-1875	1876	-616
chr4	76167589	76169474	76168417	1885	76168531	-942	943	-114
chr4	1814325	1817673	1816813	3348	1815999	-1674	1674	814
chr4	99948140	99949308	99948895	1168	99948724	-584	584	171
chr4	173332245	173335562	173333553	3317	173333903	-1658	1659	-350
chr4	2695212	2698398	2696585	3186	2696805	-1593	1593	-220
chr4	53458512	53459733	53459551	1221	53459122	-610	611	429
chr4	75930846	75932367	75931239	1521	75931606	-760	761	-367
chr4	124670583	124671468	124670922	885	124671025	-442	443	-103
chr4	145136832	145137679	145137214	847	145137255	-423	424	-41
chr4	151102159	151105918	151104553	3759	151104038	-1879	1880	515
chr4	121823174	121824585	121823592	1411	121823879	-705	706	-287
chr4	84964578	84968108	84967044	3530	84966343	-1765	1765	701
chr4	8615794	8623265	8619522	7471	8619529	-3735	3736	-7
chr4	2062563	2065747	2065090	3184	2064155	-1592	1592	935
chr4	3950699	3954497	3951159	3798	3952598	-1899	1899	-1439
chr4	74157542	74158693	74158063	1151	74158117	-575	576	-54
chr4	122977498	122979490	122979250	1992	122978494	-996	996	756
chr4	151102159	151105918	151103892	3759	151104038	-1879	1880	-146
chr4	182142250	182145965	182142806	3715	182144107	-1857	1858	-1301
chr4	8410352	8415504	8414338	5152	8412928	-2576	2576	1410
chr4	82426148	82427556	82427469	1408	82426852	-704	704	617
chr4	6297979	6305647	6302376	7668	6301813	-3834	3834	563
chr4	1917398	1919300	1918567	1902	1918349	-951	951	218
chr4	150580312	150584789	150583629	4477	150582550	-2238	2239	1079
chr4	173332245	173335562	173333614	3317	173333903	-1658	1659	-289
chr4	82426148	82427556	82426531	1408	82426852	-704	704	-321
chr4	6619439	6622104	6619950	2665	6620771	-1332	1333	-821
chr4	1825553	1830662	1825619	5109	1828107	-2554	2555	-2488
chr4	173332245	173335562	173332946	3317	173333903	-1658	1659	-957
chr4	82428118	82431325	82429303	3207	82429721	-1603	1604	-418
chr4	10112922	10117658	10116131	4736	10115290	-2368	2368	841
chr4	1984020	1985629	1984882	1609	1984824	-804	805	58
chr4	7061417	7062951	7062196	1534	7062184	-767	767	12
chr4	70686553	70690109	70689368	3556	70688331	-1778	1778	1037
chr4	98257706	98262230	98261533	4524	98259968	-2262	2262	1565
chr4	99948140	99949308	99949108	1168	99948724	-584	584	384
chr4	128968407	128971670	128970455	3263	128970038	-1631	1632	417
chr4	139555318	139557431	139556122	2113	139556374	-1056	1057	-252
chr4	152974093	152978117	152975672	4024	152976105	-2012	2012	-433
chr4	1350084	1356200	1351794	6116	1353142	-3058	3058	-1348
chr4	1814325	1817673	1816801	3348	1815999	-1674	1674	802
chr4	1978139	1983840	1983457	5701	1980989	-2850	2851	2468
chr4	1991419	1994102	1991557	2683	1992760	-1341	1342	-1203
chr4	2693458	2695112	2695109	1654	2694285	-827	827	824
chr4	128871217	128872786	128871721	1569	128872001	-784	785	-280
chr4	150580312	150584789	150583700	4477	150582550	-2238	2239	1150
chr4	529601	534270	530603	4669	531935	-2334	2335	-1332
chr4	6610539	6613199	6611161	2660	6611869	-1330	1330	-708
chr4	1960902	1963166	1961074	2264	1962034	-1132	1132	-960
chr4	6585324	6590337	6587089	5013	6587830	-2506	2507	-741
chr4	82428118	82431325	82429344	3207	82429721	-1603	1604	-377
chr4	13598913	13600447	13600120	1534	13599680	-767	767	440
chr4	99948140	99949308	99948895	1168	99948724	-584	584	171
chr4	152974093	152978117	152975783	4024	152976105	-2012	2012	-322
chr4	139532288	139534711	139533314	2423	139533499	-1211	1212	-185
chr4	99948140	99949308	99948571	1168	99948724	-584	584	-153
chr4	3145862	3149263	3146880	3401	3147562	-1700	1701	-682
chr4	150580312	150584789	150583551	4477	150582550	-2238	2239	1001
chr4	150580312	150584789	150583784	4477	150582550	-2238	2239	1234
chr4	13598913	13600447	13599924	1534	13599680	-767	767	244
chr4	56930178	56932691	56932047	2513	56931434	-1256	1257	613
chr4	8615794	8623265	8618468	7471	8619529	-3735	3736	-1061
chr4	2693458	2695112	2693817	1654	2694285	-827	827	-468
chr4	6640773	6642459	6641222	1686	6641616	-843	843	-394
chr4	2699246	2701644	2700217	2398	2700445	-1199	1199	-228
chr4	1818666	1822738	1822184	4072	1820702	-2036	2036	1482
chr4	2644262	2646935	2646709	2673	2645598	-1336	1337	1111
chr4	6297979	6305647	6301391	7668	6301813	-3834	3834	-422
chr4	128871217	128872786	128871460	1569	128872001	-784	785	-541
chr5	179866702	179872501	179867569	5799	179869601	-2899	2900	-2032
chr5	32231663	32234097	32233867	2434	32232880	-1217	1217	987
chr5	1877381	1884664	1881948	7283	1881022	-3641	3642	926
chr5	138424047	138427308	138424200	3261	138425677	-1630	1631	-1477
chr5	617026	623907	620095	6881	620466	-3440	3441	-371
chr5	179576894	179578009	179577075	1115	179577451	-557	558	-376
chr5	617026	623907	618999	6881	620466	-3440	3441	-1467
chr5	69166505	69168435	69167092	1930	69167470	-965	965	-378
chr5	140554648	140558866	140558672	4218	140556757	-2109	2109	1915
chr5	141634668	141638740	141635015	4072	141636704	-2036	2036	-1689
chr5	141929096	141931596	141929701	2500	141930346	-1250	1250	-645
chr5	146457555	146460099	146459279	2544	146458827	-1272	1272	452
chr5	177510470	177513842	177512144	3372	177512156	-1686	1686	-12
chr5	177528000	177533297	177532538	5297	177530648	-2648	2649	1890
chr5	179834022	179839625	179836910	5603	179836823	-2801	2802	87
chr5	14462229	14465373	14462804	3144	14463801	-1572	1572	-997
chr5	181232383	181236516	181232604	4133	181234449	-2066	2067	-1845
chr5	150534692	150538656	150535753	3964	150536674	-1982	1982	-921
chr5	2753778	2756353	2755114	2575	2755065	-1287	1288	49
chr5	135342477	135344724	135343167	2247	135343600	-1123	1124	-433
chr5	154819024	154820697	154820108	1673	154819860	-836	837	248
chr5	138346658	138348766	138348073	2108	138347712	-1054	1054	361
chr5	149362042	149364600	149364054	2558	149363321	-1279	1279	733
chr5	176386394	176390852	176389328	4458	176388623	-2229	2229	705
chr5	179874215	179877231	179875039	3016	179875723	-1508	1508	-684
chr5	138931929	138935254	138934155	3325	138933591	-1662	1663	564
chr5	867177	871493	870555	4316	869335	-2158	2158	1220
chr5	172104956	172109678	172106647	4722	172107317	-2361	2361	-670
chr5	176386394	176390852	176386624	4458	176388623	-2229	2229	-1999
chr5	134571750	134578212	134573677	6462	134574981	-3231	3231	-1304
chr5	140242150	140246774	140245896	4624	140244462	-2312	2312	1434
chr5	154819024	154820697	154820434	1673	154819860	-836	837	574
chr5	179834022	179839625	179836500	5603	179836823	-2801	2802	-323
chr5	180849873	180852657	180851312	2784	180851265	-1392	1392	47
chr5	181232383	181236516	181232574	4133	181234449	-2066	2067	-1875
chr5	179866702	179872501	179867845	5799	179869601	-2899	2900	-1756
chr5	10260602	10261643	10261597	1041	10261122	-520	521	475
chr5	113025696	113027971	113027100	2275	113026833	-1137	1138	267
chr5	141639313	141641341	141640312	2028	141640327	-1014	1014	-15
chr5	177435258	177439052	177436418	3794	177437155	-1897	1897	-737
chr5	177440073	177444444	177441898	4371	177442258	-2185	2186	-360
chr5	177523626	177526962	177524488	3336	177525294	-1668	1668	-806
chr5	32231663	32234097	32233885	2434	32232880	-1217	1217	1005
chr5	14502356	14507833	14504483	5477	14505094	-2738	2739	-611
chr5	5461872	5464575	5464424	2703	5463223	-1351	1352	1201
chr5	32231663	32234097	32233888	2434	32232880	-1217	1217	1008
chr5	178221657	178224881	178222394	3224	178223269	-1612	1612	-875
chr5	149362042	149364600	149364011	2558	149363321	-1279	1279	690
chr5	149362042	149364600	149364175	2558	149363321	-1279	1279	854
chr5	617026	623907	620178	6881	620466	-3440	3441	-288
chr5	139400854	139406741	139401771	5887	139403797	-2943	2944	-2026
chr5	179576894	179578009	179577108	1115	179577451	-557	558	-343
chr5	673302	679905	677794	6603	676603	-3301	3302	1191
chr5	181232383	181236516	181234772	4133	181234449	-2066	2067	323
chr5	6378006	6379762	6378484	1756	6378884	-878	878	-400
chr5	134200358	134201901	134201874	1543	134201129	-771	772	745
chr5	154933804	154937334	154937181	3530	154935569	-1765	1765	1612
chr5	150393163	150397416	150396408	4253	150395289	-2126	2127	1119
chr5	177523626	177526962	177524581	3336	177525294	-1668	1668	-713
chr5	113025696	113027971	113027316	2275	113026833	-1137	1138	483
chr5	139321376	139322959	139322704	1583	139322167	-791	792	537
chr5	78413035	78416114	78415613	3079	78414574	-1539	1540	1039
chr5	1471113	1474095	1474032	2982	1472604	-1491	1491	1428
chr5	6378006	6379762	6378513	1756	6378884	-878	878	-371
chr5	179831011	179833806	179833248	2795	179832408	-1397	1398	840
chr5	32173327	32175862	32173822	2535	32174594	-1267	1268	-772
chr5	5466301	5467447	5466504	1146	5466874	-573	573	-370
chr5	646619	652624	647896	6005	649621	-3002	3003	-1725
chr5	146446612	146448806	146447345	2194	146447709	-1097	1097	-364
chr5	177440073	177444444	177441911	4371	177442258	-2185	2186	-347
chr5	138185465	138187674	138186353	2209	138186569	-1104	1105	-216
chr5	179866702	179872501	179867634	5799	179869601	-2899	2900	-1967
chr5	140563352	140565450	140564389	2098	140564401	-1049	1049	-12
chr5	140563352	140565450	140564390	2098	140564401	-1049	1049	-11
chr5	126809291	126810858	126810323	1567	126810074	-783	784	249
chr5	139389361	139395326	139393614	5965	139392343	-2982	2983	1271
chr5	141929096	141931596	141930258	2500	141930346	-1250	1250	-88
chr5	132759263	132763740	132761196	4477	132761501	-2238	2239	-305
chr5	172335646	172339009	172338258	3363	172337327	-1681	1682	931
chr5	141978477	141982387	141980224	3910	141980432	-1955	1955	-208
chr5	132821744	132826737	132824034	4993	132824240	-2496	2497	-206
chr5	140640718	140644387	140643929	3669	140642552	-1834	1835	1377
chr5	138385940	138389495	138386193	3555	138387717	-1777	1778	-1524
chr5	151025130	151027765	151026972	2635	151026447	-1317	1318	525
chr5	17274442	17276761	17275347	2319	17275601	-1159	1160	-254
chr5	138931929	138935254	138934092	3325	138933591	-1662	1663	501
chr5	140640718	140644387	140643031	3669	140642552	-1834	1835	479
chr5	149832712	149835125	149832832	2413	149833918	-1206	1207	-1086
chr5	33459212	33461506	33459711	2294	33460359	-1147	1147	-648
chr5	157136664	157139082	157138923	2418	157137873	-1209	1209	1050
chr5	181232383	181236516	181235245	4133	181234449	-2066	2067	796
chr5	132386625	132388447	132387059	1822	132387536	-911	911	-477
chr5	177523626	177526962	177524918	3336	177525294	-1668	1668	-376
chr5	176507078	176508621	176507087	1543	176507849	-771	772	-762
chr5	141620472	141621784	141621171	1312	141621128	-656	656	43
chr5	16463306	16467518	16463684	4212	16465412	-2106	2106	-1728
chr5	168464580	168468550	168464924	3970	168466565	-1985	1985	-1641
chr5	867177	871493	870542	4316	869335	-2158	2158	1207
chr5	180849873	180852657	180849874	2784	180851265	-1392	1392	-1391
chr5	133099728	133104413	133101805	4685	133102070	-2342	2343	-265
chr5	171399976	171402552	171400198	2576	171401264	-1288	1288	-1066
chr5	176968606	176971215	176969603	2609	176969910	-1304	1305	-307
chr5	5461872	5464575	5462763	2703	5463223	-1351	1352	-460
chr5	10250251	10251327	10250557	1076	10250789	-538	538	-232
chr5	140546598	140551405	140550843	4807	140549001	-2403	2404	1842
chr5	181232383	181236516	181232574	4133	181234449	-2066	2067	-1875
chr5	138346658	138348766	138348141	2108	138347712	-1054	1054	429
chr5	77774632	77776846	77776270	2214	77775739	-1107	1107	531
chr5	132895937	132897731	132896684	1794	132896834	-897	897	-150
chr5	157136664	157139082	157139059	2418	157137873	-1209	1209	1186
chr5	139321376	139322959	139322712	1583	139322167	-791	792	545
chr5	642203	645917	644401	3714	644060	-1857	1857	341
chr5	10416372	10420844	10417359	4472	10418608	-2236	2236	-1249
chr5	14502356	14507833	14507138	5477	14505094	-2738	2739	2044
chr5	138182320	138184694	138184632	2374	138183507	-1187	1187	1125
chr5	150699007	150701159	150701078	2152	150700083	-1076	1076	995
chr5	151803216	151804468	151804081	1252	151803842	-626	626	239
chr5	137751584	137756248	137753821	4664	137753916	-2332	2332	-95
chr5	72847784	72849166	72848235	1382	72848475	-691	691	-240
chr5	138385940	138389495	138386430	3555	138387717	-1777	1778	-1287
chr5	141639313	141641341	141640384	2028	141640327	-1014	1014	57
chr5	141920748	141924577	141923824	3829	141922662	-1914	1915	1162
chr5	138424047	138427308	138424083	3261	138425677	-1630	1631	-1594
chr5	140640718	140644387	140642637	3669	140642552	-1834	1835	85
chr5	140667367	140674813	140668320	7446	140671090	-3723	3723	-2770
chr5	5461872	5464575	5462662	2703	5463223	-1351	1352	-561
chr5	113025696	113027971	113027452	2275	113026833	-1137	1138	619
chr5	141639313	141641341	141639698	2028	141640327	-1014	1014	-629
chr5	141920748	141924577	141923909	3829	141922662	-1914	1915	1247
chr5	151028593	151032593	151030174	4000	151030593	-2000	2000	-419
chr5	151028593	151032593	151030742	4000	151030593	-2000	2000	149
chr5	173326747	173328727	173328411	1980	173327737	-990	990	674
chr5	172104956	172109678	172106631	4722	172107317	-2361	2361	-686
chr5	476559	480577	480013	4018	478568	-2009	2009	1445
chr5	180571868	180574478	180574174	2610	180573173	-1305	1305	1001
chr5	173326747	173328727	173328411	1980	173327737	-990	990	674
chr5	177440073	177444444	177441293	4371	177442258	-2185	2186	-965
chr5	5461872	5464575	5463860	2703	5463223	-1351	1352	637
chr5	5461872	5464575	5464497	2703	5463223	-1351	1352	1274
chr5	181232383	181236516	181233920	4133	181234449	-2066	2067	-529
chr5	5461872	5464575	5462818	2703	5463223	-1351	1352	-405
chr5	87412129	87414038	87412837	1909	87413083	-954	955	-246
chr5	5461872	5464575	5463203	2703	5463223	-1351	1352	-20
chr5	139389361	139395326	139392337	5965	139392343	-2982	2983	-6
chr5	10260602	10261643	10261612	1041	10261122	-520	521	490
chr5	177096338	177102086	177097386	5748	177099212	-2874	2874	-1826
chr5	14715793	14717260	14716729	1467	14716526	-733	734	203
chr5	179592287	179597030	179593634	4743	179594658	-2371	2372	-1024
chr5	179576894	179578009	179577093	1115	179577451	-557	558	-358
chr5	5461872	5464575	5463642	2703	5463223	-1351	1352	419
chr5	6739236	6741809	6739740	2573	6740522	-1286	1287	-782
chr5	138385940	138389495	138386301	3555	138387717	-1777	1778	-1416
chr5	132759263	132763740	132761147	4477	132761501	-2238	2239	-354
chr5	154819024	154820697	154820534	1673	154819860	-836	837	674
chr5	150393163	150397416	150393478	4253	150395289	-2126	2127	-1811
chr5	141978477	141982387	141980224	3910	141980432	-1955	1955	-208
chr5	157786787	157788585	157787882	1798	157787686	-899	899	196
chr5	181232383	181236516	181235333	4133	181234449	-2066	2067	884
chr5	181232383	181236516	181233402	4133	181234449	-2066	2067	-1047
chr5	138561563	138564772	138561721	3209	138563167	-1604	1605	-1446
chr5	875823	880528	878388	4705	878175	-2352	2353	213
chr5	176383969	176385769	176385285	1800	176384869	-900	900	416
chr5	34189995	34193814	34190388	3819	34191904	-1909	1910	-1516
chr5	139389361	139395326	139394252	5965	139392343	-2982	2983	1909
chr5	141999648	142002091	142001949	2443	142000869	-1221	1222	1080
chr5	140640718	140644387	140642065	3669	140642552	-1834	1835	-487
chr5	132821744	132826737	132823453	4993	132824240	-2496	2497	-787
chr5	132895937	132897731	132897174	1794	132896834	-897	897	340
chr5	673302	679905	677752	6603	676603	-3301	3302	1149
chr5	890976	893918	891754	2942	892447	-1471	1471	-693
chr5	1479533	1481669	1479654	2136	1480601	-1068	1068	-947
chr5	5461872	5464575	5463517	2703	5463223	-1351	1352	294
chr5	5466301	5467447	5466382	1146	5466874	-573	573	-492
chr5	58458813	58461340	58459122	2527	58460076	-1263	1264	-954
chr5	69166505	69168435	69167907	1930	69167470	-965	965	437
chr5	88268160	88269690	88268815	1530	88268925	-765	765	-110
chr5	138182320	138184694	138182438	2374	138183507	-1187	1187	-1069
chr5	138185465	138187674	138185561	2209	138186569	-1104	1105	-1008
chr5	138385940	138389495	138386254	3555	138387717	-1777	1778	-1463
chr5	138556800	138557759	138556982	959	138557279	-479	480	-297
chr5	139400854	139406741	139401746	5887	139403797	-2943	2944	-2051
chr5	141509682	141512921	141511158	3239	141511301	-1619	1620	-143
chr5	141920748	141924577	141923846	3829	141922662	-1914	1915	1184
chr5	150552224	150554118	150553294	1894	150553171	-947	947	123
chr5	176383969	176385769	176384136	1800	176384869	-900	900	-733
chr5	176386394	176390852	176389402	4458	176388623	-2229	2229	779
chr5	179834022	179839625	179837713	5603	179836823	-2801	2802	890
chr5	180849873	180852657	180850231	2784	180851265	-1392	1392	-1034
chr5	180849873	180852657	180850605	2784	180851265	-1392	1392	-660
chr5	181232383	181236516	181234694	4133	181234449	-2066	2067	245
chr5	32388877	32391485	32390403	2608	32390181	-1304	1304	222
chr5	138424047	138427308	138424250	3261	138425677	-1630	1631	-1427
chr5	1877381	1884664	1877673	7283	1881022	-3641	3642	-3349
chr5	180849873	180852657	180851287	2784	180851265	-1392	1392	22
chr5	139389361	139395326	139393417	5965	139392343	-2982	2983	1074
chr5	5461872	5464575	5464069	2703	5463223	-1351	1352	846
chr5	140640718	140644387	140641875	3669	140642552	-1834	1835	-677
chr5	476559	480577	479953	4018	478568	-2009	2009	1385
chr5	642203	645917	644354	3714	644060	-1857	1857	294
chr5	907277	909238	908632	1961	908257	-980	981	375
chr5	6620010	6622147	6620263	2137	6621078	-1068	1069	-815
chr5	32096192	32101121	32098615	4929	32098656	-2464	2465	-41
chr5	132759263	132763740	132760804	4477	132761501	-2238	2239	-697
chr5	134965766	134968096	134968081	2330	134966931	-1165	1165	1150
chr5	140242150	140246774	140246036	4624	140244462	-2312	2312	1574
chr5	151122371	151126273	151123003	3902	151124322	-1951	1951	-1319
chr5	151122371	151126273	151124307	3902	151124322	-1951	1951	-15
chr5	172104956	172109678	172107830	4722	172107317	-2361	2361	513
chr5	177603988	177606289	177604435	2301	177605138	-1150	1151	-703
chr5	179834022	179839625	179836530	5603	179836823	-2801	2802	-293
chr5	179874215	179877231	179875161	3016	179875723	-1508	1508	-562
chr5	140111504	140115514	140115202	4010	140113509	-2005	2005	1693
chr5	179723158	179726604	179724732	3446	179724881	-1723	1723	-149
chr5	177603988	177606289	177604458	2301	177605138	-1150	1151	-680
chr5	180849873	180852657	180850760	2784	180851265	-1392	1392	-505
chr5	180849873	180852657	180850762	2784	180851265	-1392	1392	-503
chr5	150446655	150447439	150446892	784	150447047	-392	392	-155
chr5	32231663	32234097	32233887	2434	32232880	-1217	1217	1007
chr5	141509682	141512921	141511103	3239	141511301	-1619	1620	-198
chr5	179723158	179726604	179723683	3446	179724881	-1723	1723	-1198
chr5	69514052	69516678	69514092	2626	69515365	-1313	1313	-1273
chr5	140640718	140644387	140642915	3669	140642552	-1834	1835	363
chr5	141318687	141319818	141319506	1131	141319252	-565	566	254
chr5	40825473	40833276	40832989	7803	40829374	-3901	3902	3615
chr5	176386394	176390852	176386842	4458	176388623	-2229	2229	-1781
chr5	32590418	32595280	32591660	4862	32592849	-2431	2431	-1189
chr5	141639313	141641341	141639749	2028	141640327	-1014	1014	-578
chr5	71523197	71527007	71524056	3810	71525102	-1905	1905	-1046
chr5	133967869	133969568	133968564	1699	133968718	-849	850	-154
chr5	179889495	179894811	179891427	5316	179892153	-2658	2658	-726
chr5	2753778	2756353	2755053	2575	2755065	-1287	1288	-12
chr5	177096338	177102086	177096631	5748	177099212	-2874	2874	-2581
chr5	71508687	71512081	71509753	3394	71510384	-1697	1697	-631
chr5	140563352	140565450	140564317	2098	140564401	-1049	1049	-84
chr5	170890805	170892793	170892483	1988	170891799	-994	994	684
chr5	179831011	179833806	179833660	2795	179832408	-1397	1398	1252
chr5	180571868	180574478	180574069	2610	180573173	-1305	1305	896
chr5	95760518	95763766	95763548	3248	95762142	-1624	1624	1406
chr5	135342477	135344724	135343295	2247	135343600	-1123	1124	-305
chr5	151097542	151102774	151101406	5232	151100158	-2616	2616	1248
chr5	5461872	5464575	5463745	2703	5463223	-1351	1352	522
chr5	139389361	139395326	139393351	5965	139392343	-2982	2983	1008
chr5	33459212	33461506	33460982	2294	33460359	-1147	1147	623
chr5	139373800	139379530	139378594	5730	139376665	-2865	2865	1929
chr5	137751584	137756248	137752883	4664	137753916	-2332	2332	-1033
chr5	140554648	140558866	140558671	4218	140556757	-2109	2109	1914
chr5	1877381	1884664	1880762	7283	1881022	-3641	3642	-260
chr5	16463306	16467518	16465510	4212	16465412	-2106	2106	98
chr5	16463306	16467518	16465511	4212	16465412	-2106	2106	99
chr5	139389361	139395326	139393978	5965	139392343	-2982	2983	1635
chr5	140675389	140677217	140676785	1828	140676303	-914	914	482
chr5	140675389	140677217	140676994	1828	140676303	-914	914	691
chr5	177528000	177533297	177531508	5297	177530648	-2648	2649	860
chr5	132759263	132763740	132760845	4477	132761501	-2238	2239	-656
chr5	141639313	141641341	141640552	2028	141640327	-1014	1014	225
chr5	71508687	71512081	71510345	3394	71510384	-1697	1697	-39
chr5	14502356	14507833	14507163	5477	14505094	-2738	2739	2069
chr5	66170439	66171523	66170700	1084	66170981	-542	542	-281
chr5	151107694	151112297	151109787	4603	151109995	-2301	2302	-208
chr5	139400854	139406741	139402678	5887	139403797	-2943	2944	-1119
chr5	177510470	177513842	177511744	3372	177512156	-1686	1686	-412
chr5	87397827	87400737	87399485	2910	87399282	-1455	1455	203
chr5	875823	880528	876161	4705	878175	-2352	2353	-2014
chr5	5461872	5464575	5463370	2703	5463223	-1351	1352	147
chr5	60892882	60893898	60893589	1016	60893390	-508	508	199
chr5	132759263	132763740	132760837	4477	132761501	-2238	2239	-664
chr5	148426780	148428794	148427249	2014	148427787	-1007	1007	-538
chr5	179866702	179872501	179870324	5799	179869601	-2899	2900	723
chr5	179889495	179894811	179891453	5316	179892153	-2658	2658	-700
chr5	180849873	180852657	180850409	2784	180851265	-1392	1392	-856
chr5	134204869	134206180	134205927	1311	134205524	-655	656	403
chr5	138424047	138427308	138425537	3261	138425677	-1630	1631	-140
chr5	178221657	178224881	178222543	3224	178223269	-1612	1612	-726
chr6	99400749	99401834	99401260	1085	99401291	-542	543	-31
chr6	31557413	31560659	31557833	3246	31559036	-1623	1623	-1203
chr6	33409254	33415405	33412304	6151	33412329	-3075	3076	-25
chr6	31638178	31642698	31640409	4520	31640438	-2260	2260	-29
chr6	33273367	33281352	33276234	7985	33277359	-3992	3993	-1125
chr6	43050863	43056034	43051114	5171	43053448	-2585	2586	-2334
chr6	44305570	44307464	44307110	1894	44306517	-947	947	593
chr6	85640595	85644515	85641392	3920	85642555	-1960	1960	-1163
chr6	36973213	36977467	36975667	4254	36975340	-2127	2127	327
chr6	27866609	27868605	27867086	1996	27867607	-998	998	-521
chr6	36135906	36139526	36138878	3620	36137716	-1810	1810	1162
chr6	43515747	43519195	43517177	3448	43517471	-1724	1724	-294
chr6	27836509	27838789	27838771	2280	27837649	-1140	1140	1122
chr6	125275896	125278390	125277206	2494	125277143	-1247	1247	63
chr6	33313698	33318611	33316250	4913	33316154	-2456	2457	96
chr6	150924782	150926665	150926123	1883	150925723	-941	942	400
chr6	27866609	27868605	27866966	1996	27867607	-998	998	-641
chr6	33401513	33407596	33406871	6083	33404554	-3041	3042	2317
chr6	33203399	33206031	33205068	2632	33204715	-1316	1316	353
chr6	43198328	43204274	43199971	5946	43201301	-2973	2973	-1330
chr6	31945044	31947628	31946637	2584	31946336	-1292	1292	301
chr6	33682331	33690124	33688666	7793	33686227	-3896	3897	2439
chr6	99400749	99401834	99401583	1085	99401291	-542	543	292
chr6	33453440	33455884	33455767	2444	33454662	-1222	1222	1105
chr6	30722954	30725520	30723417	2566	30724237	-1283	1283	-820
chr6	116277460	116281260	116277465	3800	116279360	-1900	1900	-1895
chr6	34535586	34543360	34538354	7774	34539473	-3887	3887	-1119
chr6	42933127	42940952	42938621	7825	42937039	-3912	3913	1582
chr6	43198328	43204274	43198764	5946	43201301	-2973	2973	-2537
chr6	10409401	10414509	10409905	5108	10411955	-2554	2554	-2050
chr6	26155581	26158361	26157096	2780	26156971	-1390	1390	125
chr6	33211051	33212572	33211850	1521	33211811	-760	761	39
chr6	43547890	43550019	43549566	2129	43548954	-1064	1065	612
chr6	30555261	30559939	30556156	4678	30557600	-2339	2339	-1444
chr6	33401513	33407596	33403521	6083	33404554	-3041	3042	-1033
chr6	43006663	43011099	43008706	4436	43008881	-2218	2218	-175
chr6	35080286	35087223	35083421	6937	35083754	-3468	3469	-333
chr6	52273157	52276658	52273318	3501	52274907	-1750	1751	-1589
chr6	154832140	154833544	154833277	1404	154832842	-702	702	435
chr6	33397742	33399097	33398111	1355	33398419	-677	678	-308
chr6	63712175	63713926	63712268	1751	63713050	-875	876	-782
chr6	150924782	150926665	150926249	1883	150925723	-941	942	526
chr6	151585433	151587561	151586009	2128	151586497	-1064	1064	-488
chr6	33401513	33407596	33404875	6083	33404554	-3041	3042	321
chr6	33682331	33690124	33686185	7793	33686227	-3896	3897	-42
chr6	43506494	43509064	43507507	2570	43507779	-1285	1285	-272
chr6	110873964	110876079	110875003	2115	110875021	-1057	1058	-18
chr6	33694358	33698909	33695095	4551	33696633	-2275	2276	-1538
chr6	33263009	33267171	33263497	4162	33265090	-2081	2081	-1593
chr6	31504598	31510253	31509926	5655	31507425	-2827	2828	2501
chr6	33313698	33318611	33315611	4913	33316154	-2456	2457	-543
chr6	73392932	73395400	73395000	2468	73394166	-1234	1234	834
chr6	132813604	132814894	132814583	1290	132814249	-645	645	334
chr6	33263009	33267171	33264071	4162	33265090	-2081	2081	-1019
chr6	151585433	151587561	151585973	2128	151586497	-1064	1064	-524
chr6	35472828	35476576	35475055	3748	35474702	-1874	1874	353
chr6	73415673	73417133	73416197	1460	73416403	-730	730	-206
chr6	43012312	43015271	43013252	2959	43013791	-1479	1480	-539
chr6	151585433	151587561	151586036	2128	151586497	-1064	1064	-461
chr6	30599558	30604386	30600600	4828	30601972	-2414	2414	-1372
chr6	28151365	28153270	28153218	1905	28152317	-952	953	901
chr6	43011215	43012239	43011343	1024	43011727	-512	512	-384
chr6	7228907	7233207	7229052	4300	7231057	-2150	2150	-2005
chr6	31965231	31972717	31971114	7486	31968974	-3743	3743	2140
chr6	43039660	43041234	43040179	1574	43040447	-787	787	-268
chr6	43019606	43020880	43020765	1274	43020243	-637	637	522
chr6	30701890	30709406	30704005	7516	30705648	-3758	3758	-1643
chr6	33682331	33690124	33687276	7793	33686227	-3896	3897	1049
chr6	33273367	33281352	33279803	7985	33277359	-3992	3993	2444
chr6	30729879	30731621	30731042	1742	30730750	-871	871	292
chr6	37479174	37486944	37479254	7770	37483059	-3885	3885	-3805
chr6	73392932	73395400	73394992	2468	73394166	-1234	1234	826
chr6	30648283	30652466	30649598	4183	30650374	-2091	2092	-776
chr6	33273367	33281352	33278080	7985	33277359	-3992	3993	721
chr6	33694358	33698909	33697776	4551	33696633	-2275	2276	1143
chr6	37479174	37486944	37483213	7770	37483059	-3885	3885	154
chr6	30909531	30916450	30914853	6919	30912990	-3459	3460	1863
chr6	52273157	52276658	52273272	3501	52274907	-1750	1751	-1635
chr6	30342744	30347404	30343058	4660	30345074	-2330	2330	-2016
chr6	31531513	31537583	31535154	6070	31534548	-3035	3035	606
chr6	43506494	43509064	43507274	2570	43507779	-1285	1285	-505
chr6	3078792	3083260	3081023	4468	3081026	-2234	2234	-3
chr6	43778203	43785877	43778394	7674	43782040	-3837	3837	-3646
chr6	169750850	169753628	169751067	2778	169752239	-1389	1389	-1172
chr6	36912538	36916262	36914632	3724	36914400	-1862	1862	232
chr6	109444358	109450716	109445246	6358	109447537	-3179	3179	-2291
chr6	3269746	3271062	3269983	1316	3270404	-658	658	-421
chr6	26155581	26158361	26158165	2780	26156971	-1390	1390	1194
chr6	31504598	31510253	31506340	5655	31507425	-2827	2828	-1085
chr6	82363501	82365741	82365408	2240	82364621	-1120	1120	787
chr6	154832140	154833544	154832949	1404	154832842	-702	702	107
chr6	154832140	154833544	154833267	1404	154832842	-702	702	425
chr6	27145127	27146672	27146555	1545	27145899	-772	773	656
chr6	30887469	30892796	30891385	5327	30890132	-2663	2664	1253
chr6	73392932	73395400	73394877	2468	73394166	-1234	1234	711
chr6	30701890	30709406	30705507	7516	30705648	-3758	3758	-141
chr6	125275896	125278390	125277124	2494	125277143	-1247	1247	-19
chr6	31762632	31766984	31766034	4352	31764808	-2176	2176	1226
chr6	33401513	33407596	33406862	6083	33404554	-3041	3042	2308
chr6	36135906	36139526	36138980	3620	36137716	-1810	1810	1264
chr6	107067737	107071691	107069202	3954	107069714	-1977	1977	-512
chr6	44248826	44250885	44250390	2059	44249855	-1029	1030	535
chr6	30585778	30590292	30589884	4514	30588035	-2257	2257	1849
chr6	30624414	30629765	30627230	5351	30627089	-2675	2676	141
chr6	30599558	30604386	30603570	4828	30601972	-2414	2414	1598
chr6	28151365	28153270	28153119	1905	28152317	-952	953	802
chr6	36912538	36916262	36914281	3724	36914400	-1862	1862	-119
chr6	107067737	107071691	107070737	3954	107069714	-1977	1977	1023
chr6	4953469	4954255	4953963	786	4953862	-393	393	101
chr6	30599558	30604386	30604033	4828	30601972	-2414	2414	2061
chr6	13287086	13289553	13287210	2467	13288319	-1233	1234	-1109
chr6	33682331	33690124	33690104	7793	33686227	-3896	3897	3877
chr6	43622505	43626984	43625513	4479	43624744	-2239	2240	769
chr6	26466717	26469423	26467858	2706	26468070	-1353	1353	-212
chr6	31661405	31666726	31663857	5321	31664065	-2660	2661	-208
chr6	30599558	30604386	30602281	4828	30601972	-2414	2414	309
chr6	99400749	99401834	99401311	1085	99401291	-542	543	20
chr6	20475144	20480018	20479949	4874	20477581	-2437	2437	2368
chr6	33273367	33281352	33277637	7985	33277359	-3992	3993	278
chr6	43547890	43550019	43548408	2129	43548954	-1064	1065	-546
chr6	7582873	7585809	7583615	2936	7584341	-1468	1468	-726
chr6	158784413	158786576	158784691	2163	158785494	-1081	1082	-803
chr6	7228907	7233207	7229735	4300	7231057	-2150	2150	-1322
chr6	26155581	26158361	26156572	2780	26156971	-1390	1390	-399
chr6	33694358	33698909	33695721	4551	33696633	-2275	2276	-912
chr6	43778203	43785877	43784714	7674	43782040	-3837	3837	2674
chr6	63712175	63713926	63713053	1751	63713050	-875	876	3
chr6	33682331	33690124	33690084	7793	33686227	-3896	3897	3857
chr6	56619533	56621735	56620264	2202	56620634	-1101	1101	-370
chr6	63712175	63713926	63713148	1751	63713050	-875	876	98
chr6	30701890	30709406	30705898	7516	30705648	-3758	3758	250
chr6	30898144	30899943	30899569	1799	30899043	-899	900	526
chr6	31949113	31951836	31949427	2723	31950474	-1361	1362	-1047
chr6	33273367	33281352	33278318	7985	33277359	-3992	3993	959
chr6	43431189	43436616	43435825	5427	43433902	-2713	2714	1923
chr6	159799565	159802806	159801176	3241	159801185	-1620	1621	-9
chr6	43620517	43621660	43621253	1143	43621088	-571	572	165
chr6	30701890	30709406	30703925	7516	30705648	-3758	3758	-1723
chr6	43778203	43785877	43784790	7674	43782040	-3837	3837	2750
chr6	117675439	117677542	117676023	2103	117676490	-1051	1052	-467
chr6	158817553	158819936	158818125	2383	158818744	-1191	1192	-619
chr6	27836509	27838789	27838335	2280	27837649	-1140	1140	686
chr6	167825459	167828153	167826083	2694	167826806	-1347	1347	-723
chr6	41935475	41940306	41935986	4831	41937890	-2415	2416	-1904
chr6	109444358	109450716	109445442	6358	109447537	-3179	3179	-2095
chr6	30909531	30916450	30915777	6919	30912990	-3459	3460	2787
chr6	7582873	7585809	7582883	2936	7584341	-1468	1468	-1458
chr6	7582873	7585809	7584887	2936	7584341	-1468	1468	546
chr6	31783007	31786940	31784485	3933	31784973	-1966	1967	-488
chr6	39185047	39191896	39191138	6849	39188471	-3424	3425	2667
chr6	32161806	32165985	32162571	4179	32163895	-2089	2090	-1324
chr6	116277460	116281260	116279518	3800	116279360	-1900	1900	158
chr6	3078792	3083260	3081096	4468	3081026	-2234	2234	70
chr6	33273367	33281352	33280808	7985	33277359	-3992	3993	3449
chr6	33441812	33445360	33443113	3548	33443586	-1774	1774	-473
chr6	43035525	43039315	43037711	3790	43037420	-1895	1895	291
chr6	35293564	35299843	35294483	6279	35296703	-3139	3140	-2220
chr6	13363742	13365740	13365187	1998	13364741	-999	999	446
chr6	31638178	31642698	31640224	4520	31640438	-2260	2260	-214
chr6	31965231	31972717	31966773	7486	31968974	-3743	3743	-2201
chr6	31758171	31761935	31761616	3764	31760053	-1882	1882	1563
chr6	73415673	73417133	73416112	1460	73416403	-730	730	-291
chr6	41930586	41933158	41931486	2572	41931872	-1286	1286	-386
chr6	43006663	43011099	43006937	4436	43008881	-2218	2218	-1944
chr6	116277460	116281260	116278782	3800	116279360	-1900	1900	-578
chr6	43006663	43011099	43007215	4436	43008881	-2218	2218	-1666
chr6	43337114	43338208	43337171	1094	43337661	-547	547	-490
chr6	73519284	73521995	73519390	2711	73520639	-1355	1356	-1249
chr6	158775751	158777857	158776457	2106	158776804	-1053	1053	-347
chr6	30722954	30725520	30723707	2566	30724237	-1283	1283	-530
chr6	30645954	30648210	30647525	2256	30647082	-1128	1128	443
chr6	31965231	31972717	31972666	7486	31968974	-3743	3743	3692
chr6	33694358	33698909	33695174	4551	33696633	-2275	2276	-1459
chr6	33313698	33318611	33315849	4913	33316154	-2456	2457	-305
chr6	31947780	31948881	31948433	1101	31948330	-550	551	103
chr6	7582873	7585809	7583923	2936	7584341	-1468	1468	-418
chr6	33690725	33693754	33691910	3029	33692239	-1514	1515	-329
chr6	33409254	33415405	33414309	6151	33412329	-3075	3076	1980
chr6	10402720	10406249	10404647	3529	10404484	-1764	1765	163
chr6	63712175	63713926	63712704	1751	63713050	-875	876	-346
chr6	43198328	43204274	43203192	5946	43201301	-2973	2973	1891
chr6	35835195	35837308	35835230	2113	35836251	-1056	1057	-1021
chr6	43012312	43015271	43013334	2959	43013791	-1479	1480	-457
chr6	35293564	35299843	35293912	6279	35296703	-3139	3140	-2791
chr6	43012312	43015271	43012476	2959	43013791	-1479	1480	-1315
chr6	31965231	31972717	31970800	7486	31968974	-3743	3743	1826
chr6	111481516	111485033	111484811	3517	111483274	-1758	1759	1537
chr6	43035525	43039315	43038563	3790	43037420	-1895	1895	1143
chr6	43778203	43785877	43785472	7674	43782040	-3837	3837	3432
chr6	39185047	39191896	39191674	6849	39188471	-3424	3425	3203
chr6	27836509	27838789	27838123	2280	27837649	-1140	1140	474
chr6	30599558	30604386	30601501	4828	30601972	-2414	2414	-471
chr6	26155581	26158361	26156657	2780	26156971	-1390	1390	-314
chr6	39185047	39191896	39190853	6849	39188471	-3424	3425	2382
chr6	43006663	43011099	43010986	4436	43008881	-2218	2218	2105
chr6	56619533	56621735	56619800	2202	56620634	-1101	1101	-834
chr6	35495749	35502112	35498299	6363	35498930	-3181	3182	-631
chr6	44305570	44307464	44307007	1894	44306517	-947	947	490
chr6	33273367	33281352	33280698	7985	33277359	-3992	3993	3339
chr6	33401513	33407596	33403316	6083	33404554	-3041	3042	-1238
chr6	10397275	10401493	10398698	4218	10399384	-2109	2109	-686
chr6	30645954	30648210	30646066	2256	30647082	-1128	1128	-1016
chr6	43506494	43509064	43507538	2570	43507779	-1285	1285	-241
chr6	31965231	31972717	31968903	7486	31968974	-3743	3743	-71
chr6	10397275	10401493	10398688	4218	10399384	-2109	2109	-696
chr6	43011215	43012239	43011788	1024	43011727	-512	512	61
chr6	35075746	35079994	35078643	4248	35077870	-2124	2124	773
chr6	37479174	37486944	37485161	7770	37483059	-3885	3885	2102
chr6	43050863	43056034	43051051	5171	43053448	-2585	2586	-2397
chr6	26232827	26235374	26234589	2547	26234100	-1273	1274	489
chr6	7582873	7585809	7583184	2936	7584341	-1468	1468	-1157
chr6	31504598	31510253	31507458	5655	31507425	-2827	2828	33
chr6	31657662	31659835	31659272	2173	31658748	-1086	1087	524
chr6	31949113	31951836	31950616	2723	31950474	-1361	1362	142
chr6	31957427	31960987	31960080	3560	31959207	-1780	1780	873
chr6	31965231	31972717	31966763	7486	31968974	-3743	3743	-2211
chr6	33401513	33407596	33405161	6083	33404554	-3041	3042	607
chr6	35317386	35322949	35319893	5563	35320167	-2781	2782	-274
chr6	37479174	37486944	37483084	7770	37483059	-3885	3885	25
chr6	43006663	43011099	43009330	4436	43008881	-2218	2218	449
chr6	43006663	43011099	43010688	4436	43008881	-2218	2218	1807
chr6	43011215	43012239	43011248	1024	43011727	-512	512	-479
chr6	63712175	63713926	63712524	1751	63713050	-875	876	-526
chr6	73519284	73521995	73520007	2711	73520639	-1355	1356	-632
chr6	26051501	26056616	26055889	5115	26054058	-2557	2558	1831
chr6	30585778	30590292	30585922	4514	30588035	-2257	2257	-2113
chr6	31965231	31972717	31967030	7486	31968974	-3743	3743	-1944
chr6	33313698	33318611	33315669	4913	33316154	-2456	2457	-485
chr6	33313698	33318611	33316713	4913	33316154	-2456	2457	559
chr6	34247481	34250908	34247792	3427	34249194	-1713	1714	-1402
chr6	36496023	36498676	36496723	2653	36497349	-1326	1327	-626
chr6	42186558	42190427	42188651	3869	42188492	-1934	1935	159
chr6	42933127	42940952	42938125	7825	42937039	-3912	3913	1086
chr6	43337114	43338208	43338203	1094	43337661	-547	547	542
chr6	43526193	43528456	43526725	2263	43527324	-1131	1132	-599
chr6	169649698	169652122	169651939	2424	169650910	-1212	1212	1029
chr6	28922952	28925199	28923260	2247	28924075	-1123	1124	-815
chr6	136275631	136276383	136276061	752	136276007	-376	376	54
chr6	7582873	7585809	7583635	2936	7584341	-1468	1468	-706
chr6	33409254	33415405	33414538	6151	33412329	-3075	3076	2209
chr6	159742492	159745212	159743671	2720	159743852	-1360	1360	-181
chr6	30722954	30725520	30724389	2566	30724237	-1283	1283	152
chr6	30909531	30916450	30911179	6919	30912990	-3459	3460	-1811
chr6	33453440	33455884	33455749	2444	33454662	-1222	1222	1087
chr6	33682331	33690124	33688714	7793	33686227	-3896	3897	2487
chr6	34535586	34543360	34541045	7774	34539473	-3887	3887	1572
chr6	41935475	41940306	41935854	4831	41937890	-2415	2416	-2036
chr6	41935475	41940306	41936054	4831	41937890	-2415	2416	-1836
chr6	42686003	42690107	42689668	4104	42688055	-2052	2052	1613
chr6	43006663	43011099	43007011	4436	43008881	-2218	2218	-1870
chr6	26051501	26056616	26055834	5115	26054058	-2557	2558	1776
chr6	35477517	35480714	35478316	3197	35479115	-1598	1599	-799
chr6	35477517	35480714	35478466	3197	35479115	-1598	1599	-649
chr6	13363742	13365740	13365520	1998	13364741	-999	999	779
chr6	26051501	26056616	26055878	5115	26054058	-2557	2558	1820
chr6	27836509	27838789	27838112	2280	27837649	-1140	1140	463
chr6	30585778	30590292	30590156	4514	30588035	-2257	2257	2121
chr6	30599558	30604386	30602316	4828	30601972	-2414	2414	344
chr6	32979795	32981302	32981128	1507	32980548	-753	754	580
chr6	33203399	33206031	33204383	2632	33204715	-1316	1316	-332
chr6	33682331	33690124	33688404	7793	33686227	-3896	3897	2177
chr6	63571883	63574084	63572589	2201	63572983	-1100	1101	-394
chr6	118893148	118895583	118894358	2435	118894365	-1217	1218	-7
chr6	33401513	33407596	33403788	6083	33404554	-3041	3042	-766
chr6	136277836	136278719	136278177	883	136278277	-441	442	-100
chr6	7228907	7233207	7230187	4300	7231057	-2150	2150	-870
chr6	30585778	30590292	30589911	4514	30588035	-2257	2257	1876
chr6	31965231	31972717	31966838	7486	31968974	-3743	3743	-2136
chr6	31965231	31972717	31969597	7486	31968974	-3743	3743	623
chr6	35293564	35299843	35293766	6279	35296703	-3139	3140	-2937
chr6	43431189	43436616	43432059	5427	43433902	-2713	2714	-1843
chr6	43431189	43436616	43435850	5427	43433902	-2713	2714	1948
chr6	43515747	43519195	43517129	3448	43517471	-1724	1724	-342
chr6	43547890	43550019	43548415	2129	43548954	-1064	1065	-539
chr6	33273367	33281352	33278119	7985	33277359	-3992	3993	760
chr6	33273367	33281352	33277432	7985	33277359	-3992	3993	73
chr6	10402720	10406249	10404700	3529	10404484	-1764	1765	216
chr6	10402720	10406249	10404702	3529	10404484	-1764	1765	218
chr6	31531513	31537583	31532822	6070	31534548	-3035	3035	-1726
chr6	35472828	35476576	35476361	3748	35474702	-1874	1874	1659
chr6	32186623	32191245	32187142	4622	32188934	-2311	2311	-1792
chr6	44305570	44307464	44306937	1894	44306517	-947	947	420
chr6	44248826	44250885	44250308	2059	44249855	-1029	1030	453
chr6	34243465	34247115	34246522	3650	34245290	-1825	1825	1232
chr6	26155581	26158361	26156675	2780	26156971	-1390	1390	-296
chr6	7582873	7585809	7585460	2936	7584341	-1468	1468	1119
chr6	35477517	35480714	35478303	3197	35479115	-1598	1599	-812
chr6	32979795	32981302	32980438	1507	32980548	-753	754	-110
chr6	15495192	15498539	15496325	3347	15496865	-1673	1674	-540
chr6	43523861	43524552	43523891	691	43524206	-345	346	-315
chr6	27836509	27838789	27838306	2280	27837649	-1140	1140	657
chr6	33682331	33690124	33686119	7793	33686227	-3896	3897	-108
chr6	31965231	31972717	31969828	7486	31968974	-3743	3743	854
chr6	43050863	43056034	43055804	5171	43053448	-2585	2586	2356
chr6	43006663	43011099	43008406	4436	43008881	-2218	2218	-475
chr6	7582873	7585809	7583252	2936	7584341	-1468	1468	-1089
chr6	136277836	136278719	136278406	883	136278277	-441	442	129
chr6	43050863	43056034	43054468	5171	43053448	-2585	2586	1020
chr6	31957427	31960987	31959332	3560	31959207	-1780	1780	125
chr6	30743669	30746008	30743926	2339	30744838	-1169	1170	-912
chr6	33273367	33281352	33276066	7985	33277359	-3992	3993	-1293
chr6	31758171	31761935	31759893	3764	31760053	-1882	1882	-160
chr6	26232827	26235374	26234490	2547	26234100	-1273	1274	390
chr6	30071046	30078106	30075769	7060	30074576	-3530	3530	1193
chr6	143505795	143509150	143507294	3355	143507472	-1677	1678	-178
chr6	63712175	63713926	63713045	1751	63713050	-875	876	-5
chr6	7582873	7585809	7584352	2936	7584341	-1468	1468	11
chr6	43012312	43015271	43013122	2959	43013791	-1479	1480	-669
chr6	26155581	26158361	26158156	2780	26156971	-1390	1390	1185
chr6	26232827	26235374	26234459	2547	26234100	-1273	1274	359
chr6	43050863	43056034	43054357	5171	43053448	-2585	2586	909
chr6	43012312	43015271	43012961	2959	43013791	-1479	1480	-830
chr6	26232827	26235374	26234743	2547	26234100	-1273	1274	643
chr6	75826208	75828855	75828548	2647	75827531	-1323	1324	1017
chr6	42933127	42940952	42938666	7825	42937039	-3912	3913	1627
chr6	30585778	30590292	30589972	4514	30588035	-2257	2257	1937
chr6	27836509	27838789	27838745	2280	27837649	-1140	1140	1096
chr6	33401513	33407596	33403831	6083	33404554	-3041	3042	-723
chr6	32161806	32165985	32162571	4179	32163895	-2089	2090	-1324
chr6	43198328	43204274	43203982	5946	43201301	-2973	2973	2681
chr6	32186623	32191245	32186812	4622	32188934	-2311	2311	-2122
chr6	43043632	43047933	43044875	4301	43045782	-2150	2151	-907
chr6	56619533	56621735	56619556	2202	56620634	-1101	1101	-1078
chr6	73519284	73521995	73519993	2711	73520639	-1355	1356	-646
chr6	154832140	154833544	154832392	1404	154832842	-702	702	-450
chr6	30342744	30347404	30345361	4660	30345074	-2330	2330	287
chr6	10409401	10414509	10410135	5108	10411955	-2554	2554	-1820
chr6	26232827	26235374	26234269	2547	26234100	-1273	1274	169
chr6	28151365	28153270	28153073	1905	28152317	-952	953	756
chr6	30909531	30916450	30913180	6919	30912990	-3459	3460	190
chr6	30909531	30916450	30915153	6919	30912990	-3459	3460	2163
chr6	31504598	31510253	31506373	5655	31507425	-2827	2828	-1052
chr6	31623641	31625915	31625501	2274	31624778	-1137	1137	723
chr6	31965231	31972717	31971606	7486	31968974	-3743	3743	2632
chr6	35472828	35476576	35474855	3748	35474702	-1874	1874	153
chr6	35575386	35577418	35575906	2032	35576402	-1016	1016	-496
chr6	43043632	43047933	43045331	4301	43045782	-2150	2151	-451
chr6	44111911	44114299	44114065	2388	44113105	-1194	1194	960
chr6	85612848	85617283	85614701	4435	85615065	-2217	2218	-364
chr6	109444358	109450716	109445236	6358	109447537	-3179	3179	-2301
chr6	136277836	136278719	136278616	883	136278277	-441	442	339
chr6	154832140	154833544	154833249	1404	154832842	-702	702	407
chr6	44305570	44307464	44306367	1894	44306517	-947	947	-150
chr6	31789246	31792821	31791969	3575	31791033	-1787	1788	936
chr6	35289517	35291452	35290640	1935	35290484	-967	968	156
chr6	33397742	33399097	33398121	1355	33398419	-677	678	-298
chr6	85640595	85644515	85641356	3920	85642555	-1960	1960	-1199
chr6	12292519	12294322	12294053	1803	12293420	-901	902	633
chr6	31957427	31960987	31959149	3560	31959207	-1780	1780	-58
chr6	17538832	17540131	17539295	1299	17539481	-649	650	-186
chr6	33401513	33407596	33405050	6083	33404554	-3041	3042	496
chr6	169750850	169753628	169751336	2778	169752239	-1389	1389	-903
chr6	26596434	26599131	26598050	2697	26597782	-1348	1349	268
chr6	30185135	30186475	30186101	1340	30185805	-670	670	296
chr6	35080286	35087223	35083157	6937	35083754	-3468	3469	-597
chr6	143677285	143678618	143678094	1333	143677951	-666	667	143
chr6	43509094	43514301	43512089	5207	43511697	-2603	2604	392
chr6	7582873	7585809	7583741	2936	7584341	-1468	1468	-600
chr6	7582873	7585809	7584636	2936	7584341	-1468	1468	295
chr6	7582873	7585809	7584827	2936	7584341	-1468	1468	486
chr6	7582873	7585809	7585504	2936	7584341	-1468	1468	1163
chr6	7904083	7905492	7904621	1409	7904787	-704	705	-166
chr6	12292519	12294322	12294317	1803	12293420	-901	902	897
chr6	17538832	17540131	17539373	1299	17539481	-649	650	-108
chr6	30893953	30895724	30894596	1771	30894838	-885	886	-242
chr6	31638178	31642698	31641108	4520	31640438	-2260	2260	670
chr6	31758171	31761935	31760778	3764	31760053	-1882	1882	725
chr6	32186623	32191245	32187029	4622	32188934	-2311	2311	-1905
chr6	34871431	34876463	34872388	5032	34873947	-2516	2516	-1559
chr6	35317386	35322949	35319889	5563	35320167	-2781	2782	-278
chr6	43337114	43338208	43337953	1094	43337661	-547	547	292
chr6	43431189	43436616	43436236	5427	43433902	-2713	2714	2334
chr6	56619533	56621735	56620305	2202	56620634	-1101	1101	-329
chr6	63712175	63713926	63712561	1751	63713050	-875	876	-489
chr6	107067737	107071691	107069004	3954	107069714	-1977	1977	-710
chr6	109467109	109470739	109467723	3630	109468924	-1815	1815	-1201
chr6	138410337	138413200	138413038	2863	138411768	-1431	1432	1270
chr6	154832140	154833544	154833479	1404	154832842	-702	702	637
chr6	20401463	20404825	20402235	3362	20403144	-1681	1681	-909
chr6	32161806	32165985	32163229	4179	32163895	-2089	2090	-666
chr6	27866609	27868605	27867101	1996	27867607	-998	998	-506
chr6	167825459	167828153	167825958	2694	167826806	-1347	1347	-848
chr6	167825459	167828153	167826035	2694	167826806	-1347	1347	-771
chr6	27836509	27838789	27837976	2280	27837649	-1140	1140	327
chr6	28231344	28232817	28232602	1473	28232080	-736	737	522
chr6	30722954	30725520	30724193	2566	30724237	-1283	1283	-44
chr6	44305570	44307464	44307009	1894	44306517	-947	947	492
chr6	31504598	31510253	31506351	5655	31507425	-2827	2828	-1074
chr6	31965231	31972717	31970020	7486	31968974	-3743	3743	1046
chr6	30701890	30709406	30704205	7516	30705648	-3758	3758	-1443
chr6	31758171	31761935	31759960	3764	31760053	-1882	1882	-93
chr6	43050863	43056034	43051292	5171	43053448	-2585	2586	-2156
chr6	107067737	107071691	107069024	3954	107069714	-1977	1977	-690
chr6	106566216	106568880	106568750	2664	106567548	-1332	1332	1202
chr6	106566216	106568880	106568751	2664	106567548	-1332	1332	1203
chr6	33441812	33445360	33442942	3548	33443586	-1774	1774	-644
chr6	30743669	30746008	30743972	2339	30744838	-1169	1170	-866
chr6	31638178	31642698	31639076	4520	31640438	-2260	2260	-1362
chr6	43506494	43509064	43508785	2570	43507779	-1285	1285	1006
chr6	13616734	13618217	13618085	1483	13617475	-741	742	610
chr6	33313698	33318611	33316004	4913	33316154	-2456	2457	-150
chr6	13363742	13365740	13365012	1998	13364741	-999	999	271
chr6	31538669	31541945	31540920	3276	31540307	-1638	1638	613
chr6	31880545	31887294	31884920	6749	31883919	-3374	3375	1001
chr6	33690725	33693754	33693605	3029	33692239	-1514	1515	1366
chr6	116277460	116281260	116278611	3800	116279360	-1900	1900	-749
chr6	136277836	136278719	136278370	883	136278277	-441	442	93
chr6	26596434	26599131	26598289	2697	26597782	-1348	1349	507
chr6	30701890	30709406	30705396	7516	30705648	-3758	3758	-252
chr6	107067737	107071691	107070711	3954	107069714	-1977	1977	997
chr6	56619533	56621735	56620404	2202	56620634	-1101	1101	-230
chr6	33401513	33407596	33406393	6083	33404554	-3041	3042	1839
chr6	106566216	106568880	106568716	2664	106567548	-1332	1332	1168
chr6	132813604	132814894	132814595	1290	132814249	-645	645	346
chr6	132813604	132814894	132814596	1290	132814249	-645	645	347
chr6	33694358	33698909	33694999	4551	33696633	-2275	2276	-1634
chr6	158817553	158819936	158818118	2383	158818744	-1191	1192	-626
chr6	33690725	33693754	33691715	3029	33692239	-1514	1515	-524
chr6	26596434	26599131	26597982	2697	26597782	-1348	1349	200
chr6	43035525	43039315	43037743	3790	43037420	-1895	1895	323
chr6	26466717	26469423	26468319	2706	26468070	-1353	1353	249
chr6	31721065	31726370	31723649	5305	31723717	-2652	2653	-68
chr6	43035525	43039315	43037773	3790	43037420	-1895	1895	353
chr6	37390498	37392188	37391262	1690	37391343	-845	845	-81
chr6	13363742	13365740	13365027	1998	13364741	-999	999	286
chr6	27866609	27868605	27867416	1996	27867607	-998	998	-191
chr6	158605181	158608605	158608436	3424	158606893	-1712	1712	1543
chr6	31661405	31666726	31663994	5321	31664065	-2660	2661	-71
chr6	31638178	31642698	31641317	4520	31640438	-2260	2260	879
chr6	44248826	44250885	44249733	2059	44249855	-1029	1030	-122
chr6	109444358	109450716	109447712	6358	109447537	-3179	3179	175
chr6	33273367	33281352	33279534	7985	33277359	-3992	3993	2175
chr6	27836509	27838789	27837957	2280	27837649	-1140	1140	308
chr6	33313698	33318611	33316566	4913	33316154	-2456	2457	412
chr6	10409401	10414509	10410119	5108	10411955	-2554	2554	-1836
chr6	32969777	32971785	32971690	2008	32970781	-1004	1004	909
chr6	33203399	33206031	33205264	2632	33204715	-1316	1316	549
chr6	21596595	21597942	21597493	1347	21597268	-673	674	225
chr6	43509094	43514301	43512822	5207	43511697	-2603	2604	1125
chr6	33453440	33455884	33455430	2444	33454662	-1222	1222	768
chr6	63712175	63713926	63712858	1751	63713050	-875	876	-192
chr6	26051501	26056616	26055811	5115	26054058	-2557	2558	1753
chr6	167825459	167828153	167826132	2694	167826806	-1347	1347	-674
chr6	52500189	52505101	52504679	4912	52502645	-2456	2456	2034
chr6	33273367	33281352	33278670	7985	33277359	-3992	3993	1311
chr6	30643862	30644987	30644482	1125	30644424	-562	563	58
chr6	26232827	26235374	26234265	2547	26234100	-1273	1274	165
chr6	158764064	158767769	158767067	3705	158765916	-1852	1853	1151
chr6	42697171	42699158	42698397	1987	42698164	-993	994	233
chr6	167022406	167024415	167022544	2009	167023410	-1004	1005	-866
chr6	52500189	52505101	52504751	4912	52502645	-2456	2456	2106
chr6	34420680	34422212	34421782	1532	34421446	-766	766	336
chr6	7904083	7905492	7904639	1409	7904787	-704	705	-148
chr6	30185135	30186475	30185895	1340	30185805	-670	670	90
chr6	30340275	30342708	30341868	2433	30341491	-1216	1217	377
chr6	30585778	30590292	30586183	4514	30588035	-2257	2257	-1852
chr6	30701890	30709406	30704778	7516	30705648	-3758	3758	-870
chr6	31945044	31947628	31946545	2584	31946336	-1292	1292	209
chr6	31965231	31972717	31970400	7486	31968974	-3743	3743	1426
chr6	35317386	35322949	35319655	5563	35320167	-2781	2782	-512
chr6	43012312	43015271	43013185	2959	43013791	-1479	1480	-606
chr6	85612848	85617283	85615073	4435	85615065	-2217	2218	8
chr6	116277460	116281260	116278922	3800	116279360	-1900	1900	-438
chr6	73392932	73395400	73394982	2468	73394166	-1234	1234	816
chr6	107067737	107071691	107070191	3954	107069714	-1977	1977	477
chr6	109444358	109450716	109449710	6358	109447537	-3179	3179	2173
chr6	43006663	43011099	43008735	4436	43008881	-2218	2218	-146
chr6	26596434	26599131	26598605	2697	26597782	-1348	1349	823
chr6	27145127	27146672	27146601	1545	27145899	-772	773	702
chr6	27836509	27838789	27838278	2280	27837649	-1140	1140	629
chr6	106566216	106568880	106568489	2664	106567548	-1332	1332	941
chr6	27836509	27838789	27838154	2280	27837649	-1140	1140	505
chr7	73441232	73447012	73442223	5780	73444122	-2890	2890	-1899
chr7	26191878	26193730	26193683	1852	26192804	-926	926	879
chr7	100109427	100114186	100113661	4759	100111806	-2379	2380	1855
chr7	21426265	21428992	21428756	2727	21427628	-1363	1364	1128
chr7	76056664	76062013	76060384	5349	76059338	-2674	2675	1046
chr7	102423668	102430994	102425386	7326	102427331	-3663	3663	-1945
chr7	43641832	43646351	43645286	4519	43644091	-2259	2260	1195
chr7	128390954	128395239	128392414	4285	128393096	-2142	2143	-682
chr7	72948147	72949602	72948253	1455	72948874	-727	728	-621
chr7	98925053	98927455	98927260	2402	98926254	-1201	1201	1006
chr7	100585182	100587178	100586639	1996	100586180	-998	998	459
chr7	45077044	45084967	45084907	7923	45081005	-3961	3962	3902
chr7	86861988	86864696	86864306	2708	86863342	-1354	1354	964
chr7	103337466	103340654	103337654	3188	103339060	-1594	1594	-1406
chr7	5311656	5317683	5316065	6027	5314669	-3013	3014	1396
chr7	73591138	73596772	73596178	5634	73593955	-2817	2817	2223
chr7	5620239	5624111	5622907	3872	5622175	-1936	1936	732
chr7	151044103	151045776	151044218	1673	151044939	-836	837	-721
chr7	6161998	6164498	6162216	2500	6163248	-1250	1250	-1032
chr7	45717459	45720046	45717521	2587	45718752	-1293	1294	-1231
chr7	155744741	155746703	155745241	1962	155745722	-981	981	-481
chr7	140694974	140701166	140698146	6192	140698070	-3096	3096	76
chr7	2699976	2705223	2700600	5247	2702599	-2623	2624	-1999
chr7	99494033	99496414	99494394	2381	99495223	-1190	1191	-829
chr7	151034814	151037268	151036108	2454	151036041	-1227	1227	67
chr7	139338924	139343169	139341419	4245	139341046	-2122	2123	373
chr7	44112477	44119400	44113961	6923	44115938	-3461	3462	-1977
chr7	128397618	128399050	128398581	1432	128398334	-716	716	247
chr7	149876889	149882355	149878770	5466	149879622	-2733	2733	-852
chr7	44072267	44078162	44076478	5895	44075214	-2947	2948	1264
chr7	44112477	44119400	44116475	6923	44115938	-3461	3462	537
chr7	73678995	73685102	73683218	6107	73682048	-3053	3054	1170
chr7	102316598	102322365	102317309	5767	102319481	-2883	2884	-2172
chr7	128390954	128395239	128393025	4285	128393096	-2142	2143	-71
chr7	128944962	128948094	128945881	3132	128946528	-1566	1566	-647
chr7	102467878	102473139	102472267	5261	102470508	-2630	2631	1759
chr7	44214790	44221141	44220181	6351	44217965	-3175	3176	2216
chr7	44577925	44583809	44579520	5884	44580867	-2942	2942	-1347
chr7	72948147	72949602	72948879	1455	72948874	-727	728	5
chr7	128773764	128777661	128774616	3897	128775712	-1948	1949	-1096
chr7	135165605	135166956	135166782	1351	135166280	-675	676	502
chr7	100022660	100025012	100023561	2352	100023836	-1176	1176	-275
chr7	149222015	149226140	149224569	4125	149224077	-2062	2063	492
chr7	149762853	149767720	149764795	4867	149765286	-2433	2434	-491
chr7	100022660	100025012	100023758	2352	100023836	-1176	1176	-78
chr7	123684270	123685151	123684581	881	123684710	-440	441	-129
chr7	73591138	73596772	73593709	5634	73593955	-2817	2817	-246
chr7	98916455	98920144	98917640	3689	98918299	-1844	1845	-659
chr7	6598839	6605317	6599961	6478	6602078	-3239	3239	-2117
chr7	45099487	45103698	45101575	4211	45101592	-2105	2106	-17
chr7	6161998	6164498	6163060	2500	6163248	-1250	1250	-188
chr7	894899	901237	895349	6338	898068	-3169	3169	-2719
chr7	44571578	44574824	44572593	3246	44573201	-1623	1623	-608
chr7	6736023	6740696	6737822	4673	6738359	-2336	2337	-537
chr7	100109427	100114186	100114126	4759	100111806	-2379	2380	2320
chr7	43950229	43953401	43952806	3172	43951815	-1586	1586	991
chr7	149729678	149732633	149730584	2955	149731155	-1477	1478	-571
chr7	92453674	92454738	92454571	1064	92454206	-532	532	365
chr7	77624535	77627158	77627106	2623	77625846	-1311	1312	1260
chr7	2585176	2589788	2586232	4612	2587482	-2306	2306	-1250
chr7	27143805	27146316	27145895	2511	27145060	-1255	1256	835
chr7	131501554	131504934	131504314	3380	131503244	-1690	1690	1070
chr7	149430734	149434090	149432619	3356	149432412	-1678	1678	207
chr7	149729678	149732633	149730478	2955	149731155	-1477	1478	-677
chr7	151239687	151240600	151240516	913	151240143	-456	457	373
chr7	143379010	143384540	143382273	5530	143381775	-2765	2765	498
chr7	86861988	86864696	86864286	2708	86863342	-1354	1354	944
chr7	44112477	44119400	44116913	6923	44115938	-3461	3462	975
chr7	44565144	44571388	44566476	6244	44568266	-3122	3122	-1790
chr7	100819280	100826361	100819638	7081	100822820	-3540	3541	-3182
chr7	140453780	140459518	140454672	5738	140456649	-2869	2869	-1977
chr7	149265836	149267360	149266833	1524	149266598	-762	762	235
chr7	107931561	107932675	107932286	1114	107932118	-557	557	168
chr7	151208803	151215344	151213869	6541	151212073	-3270	3271	1796
chr7	56086305	56088847	56087697	2542	56087576	-1271	1271	121
chr7	151241396	151242689	151241908	1293	151242042	-646	647	-134
chr7	27143805	27146316	27145832	2511	27145060	-1255	1256	772
chr7	100069831	100073113	100071584	3282	100071472	-1641	1641	112
chr7	5373826	5380098	5377481	6272	5376962	-3136	3136	519
chr7	75418524	75421241	75418866	2717	75419882	-1358	1359	-1016
chr7	19697993	19698870	19698533	877	19698431	-438	439	102
chr7	148999698	149004039	149003219	4341	149001868	-2170	2171	1351
chr7	102193392	102198663	102197229	5271	102196027	-2635	2636	1202
chr7	44577925	44583809	44582155	5884	44580867	-2942	2942	1288
chr7	76062749	76068479	76064822	5730	76065614	-2865	2865	-792
chr7	152101599	152104530	152103233	2931	152103064	-1465	1466	169
chr7	27143805	27146316	27145874	2511	27145060	-1255	1256	814
chr7	130507296	130508998	130507796	1702	130508147	-851	851	-351
chr7	6736023	6740696	6737911	4673	6738359	-2336	2337	-448
chr7	151052650	151056748	151052723	4098	151054699	-2049	2049	-1976
chr7	151052650	151056748	151055373	4098	151054699	-2049	2049	674
chr7	108568764	108570484	108569653	1720	108569624	-860	860	29
chr7	128656753	128660240	128656805	3487	128658496	-1743	1744	-1691
chr7	101249586	101252633	101251973	3047	101251109	-1523	1524	864
chr7	102473501	102475056	102474363	1555	102474278	-777	778	85
chr7	151218269	151220910	151219084	2641	151219589	-1320	1321	-505
chr7	72948147	72949602	72948447	1455	72948874	-727	728	-427
chr7	5368774	5372857	5370405	4083	5370815	-2041	2042	-410
chr7	102473501	102475056	102473627	1555	102474278	-777	778	-651
chr7	73678995	73685102	73683845	6107	73682048	-3053	3054	1797
chr7	75415481	75416938	75416282	1457	75416209	-728	729	73
chr7	86861988	86864696	86864615	2708	86863342	-1354	1354	1273
chr7	98877133	98882066	98881111	4933	98879599	-2466	2467	1512
chr7	100107201	100108713	100107273	1512	100107957	-756	756	-684
chr7	100641069	100644666	100641483	3597	100642867	-1798	1799	-1384
chr7	149729678	149732633	149731686	2955	149731155	-1477	1478	531
chr7	151052650	151056748	151052667	4098	151054699	-2049	2049	-2032
chr7	75415481	75416938	75415650	1457	75416209	-728	729	-559
chr7	6153488	6155115	6154049	1627	6154301	-813	814	-252
chr7	151045970	151050945	151049344	4975	151048457	-2487	2488	887
chr7	141596438	141599135	141596574	2697	141597786	-1348	1349	-1212
chr7	128773764	128777661	128775459	3897	128775712	-1948	1949	-253
chr7	92201204	92201941	92201398	737	92201572	-368	369	-174
chr7	149762853	149767720	149766229	4867	149765286	-2433	2434	943
chr7	143379010	143384540	143383001	5530	143381775	-2765	2765	1226
chr7	74818763	74821904	74819583	3141	74820333	-1570	1571	-750
chr7	6156732	6160657	6156902	3925	6158694	-1962	1963	-1792
chr7	66111858	66116259	66114852	4401	66114058	-2200	2201	794
chr7	112470890	112472775	112472234	1885	112471832	-942	943	402
chr7	30371428	30372475	30372030	1047	30371951	-523	524	79
chr7	72948147	72949602	72948894	1455	72948874	-727	728	20
chr7	151034814	151037268	151035712	2454	151036041	-1227	1227	-329
chr7	140453780	140459518	140454630	5738	140456649	-2869	2869	-2019
chr7	75882715	75886360	75883833	3645	75884537	-1822	1823	-704
chr7	151034814	151037268	151035900	2454	151036041	-1227	1227	-141
chr7	42918354	42920049	42919727	1695	42919201	-847	848	526
chr7	44571578	44574824	44572407	3246	44573201	-1623	1623	-794
chr7	151239687	151240600	151240491	913	151240143	-456	457	348
chr7	100170049	100174994	100172141	4945	100172521	-2472	2473	-380
chr7	1157912	1159246	1158252	1334	1158579	-667	667	-327
chr7	43985103	43988395	43986674	3292	43986749	-1646	1646	-75
chr7	45077044	45084967	45084456	7923	45081005	-3961	3962	3451
chr7	100033223	100033576	100033552	353	100033399	-176	177	153
chr7	100819280	100826361	100822479	7081	100822820	-3540	3541	-341
chr7	44112477	44119400	44116219	6923	44115938	-3461	3462	281
chr7	128944962	128948094	128947187	3132	128946528	-1566	1566	659
chr7	1495414	1502400	1495432	6986	1498907	-3493	3493	-3475
chr7	74094138	74098046	74097101	3908	74096092	-1954	1954	1009
chr7	12686387	12688971	12688797	2584	12687679	-1292	1292	1118
chr7	5354369	5358560	5357158	4191	5356464	-2095	2096	694
chr7	76329199	76330711	76330069	1512	76329955	-756	756	114
chr7	99417614	99422661	99419929	5047	99420137	-2523	2524	-208
chr7	151234921	151236954	151235247	2033	151235937	-1016	1017	-690
chr7	73733094	73739375	73737263	6281	73736234	-3140	3141	1029
chr7	2241669	2246662	2244710	4993	2244165	-2496	2497	545
chr7	100022660	100025012	100023735	2352	100023836	-1176	1176	-101
chr7	2699976	2705223	2700683	5247	2702599	-2623	2624	-1916
chr7	43875981	43879580	43878457	3599	43877780	-1799	1800	677
chr7	44072267	44078162	44076588	5895	44075214	-2947	2948	1374
chr7	100213471	100215680	100214047	2209	100214575	-1104	1105	-528
chr7	151045970	151050945	151048985	4975	151048457	-2487	2488	528
chr7	102193392	102198663	102195512	5271	102196027	-2635	2636	-515
chr7	100109427	100114186	100110243	4759	100111806	-2379	2380	-1563
chr7	100218480	100225933	100220949	7453	100222206	-3726	3727	-1257
chr7	6736023	6740696	6737441	4673	6738359	-2336	2337	-918
chr7	5373826	5380098	5376125	6272	5376962	-3136	3136	-837
chr7	105011699	105015235	105014267	3536	105013467	-1768	1768	800
chr7	128497154	128498561	128498084	1407	128497857	-703	704	227
chr7	73591138	73596772	73594270	5634	73593955	-2817	2817	315
chr7	2699976	2705223	2700683	5247	2702599	-2623	2624	-1916
chr7	128948324	128950243	128948679	1919	128949283	-959	960	-604
chr7	1567249	1569562	1567824	2313	1568405	-1156	1157	-581
chr7	99032929	99034303	99033028	1374	99033616	-687	687	-588
chr7	74194020	74196350	74195293	2330	74195185	-1165	1165	108
chr7	128944962	128948094	128946607	3132	128946528	-1566	1566	79
chr7	100073305	100075967	100075570	2662	100074636	-1331	1331	934
chr7	148807029	148810614	148809098	3585	148808821	-1792	1793	277
chr7	107928297	107930135	107929783	1838	107929216	-919	919	567
chr7	76302026	76304970	76304224	2944	76303498	-1472	1472	726
chr7	139338924	139343169	139341501	4245	139341046	-2122	2123	455
chr7	80789437	80790819	80789486	1382	80790128	-691	691	-642
chr7	139338924	139343169	139341259	4245	139341046	-2122	2123	213
chr7	45077044	45084967	45080923	7923	45081005	-3961	3962	-82
chr7	100022660	100025012	100023453	2352	100023836	-1176	1176	-383
chr7	151045970	151050945	151048946	4975	151048457	-2487	2488	489
chr7	73591138	73596772	73594292	5634	73593955	-2817	2817	337
chr7	151142302	151144363	151142610	2061	151143332	-1030	1031	-722
chr7	74216931	74223278	74219964	6347	74220104	-3173	3174	-140
chr7	151052650	151056748	151055068	4098	151054699	-2049	2049	369
chr7	151068290	151074583	151072131	6293	151071436	-3146	3147	695
chr7	107928297	107930135	107929783	1838	107929216	-919	919	567
chr7	73591138	73596772	73594270	5634	73593955	-2817	2817	315
chr7	76302026	76304970	76304065	2944	76303498	-1472	1472	567
chr7	131501554	131504934	131504484	3380	131503244	-1690	1690	1240
chr7	888244	891826	891009	3582	890035	-1791	1791	974
chr7	4993570	4997696	4996912	4126	4995633	-2063	2063	1279
chr7	44112477	44119400	44113717	6923	44115938	-3461	3462	-2221
chr7	99006792	99010261	99008426	3469	99008526	-1734	1735	-100
chr7	102193392	102198663	102197257	5271	102196027	-2635	2636	1230
chr7	128390954	128395239	128394598	4285	128393096	-2142	2143	1502
chr7	128656753	128660240	128657786	3487	128658496	-1743	1744	-710
chr7	128656753	128660240	128658275	3487	128658496	-1743	1744	-221
chr7	156965040	156966855	156966283	1815	156965947	-907	908	336
chr7	141664537	141666049	141665278	1512	141665293	-756	756	-15
chr7	1495414	1502400	1499600	6986	1498907	-3493	3493	693
chr7	6161998	6164498	6162137	2500	6163248	-1250	1250	-1111
chr7	6161998	6164498	6163016	2500	6163248	-1250	1250	-232
chr7	100125157	100129493	100128120	4336	100127325	-2168	2168	795
chr7	100797574	100799856	100797739	2282	100798715	-1141	1141	-976
chr7	102467878	102473139	102468331	5261	102470508	-2630	2631	-2177
chr7	140453780	140459518	140456649	5738	140456649	-2869	2869	0
chr7	156656944	156658376	156658203	1432	156657660	-716	716	543
chr7	101204572	101211348	101210568	6776	101207960	-3388	3388	2608
chr7	102097201	102100968	102097414	3767	102099084	-1883	1884	-1670
chr7	151045970	151050945	151049069	4975	151048457	-2487	2488	612
chr7	105457621	105459934	105457819	2313	105458777	-1156	1157	-958
chr7	131501554	131504934	131504290	3380	131503244	-1690	1690	1046
chr7	43875981	43879580	43876495	3599	43877780	-1799	1800	-1285
chr7	105506973	105508295	105508275	1322	105507634	-661	661	641
chr7	135163282	135164985	135164751	1703	135164133	-851	852	618
chr7	1495414	1502400	1495539	6986	1498907	-3493	3493	-3368
chr7	76329199	76330711	76330184	1512	76329955	-756	756	229
chr7	99417614	99422661	99419370	5047	99420137	-2523	2524	-767
chr7	43875981	43879580	43876774	3599	43877780	-1799	1800	-1006
chr7	43968070	43973846	43973258	5776	43970958	-2888	2888	2300
chr7	98203121	98205944	98204124	2823	98204532	-1411	1412	-408
chr7	98289719	98291305	98291212	1586	98290512	-793	793	700
chr7	99403811	99407237	99404879	3426	99405524	-1713	1713	-645
chr7	151052650	151056748	151056591	4098	151054699	-2049	2049	1892
chr7	2232019	2239800	2235102	7781	2235909	-3890	3891	-807
chr7	2232019	2239800	2235329	7781	2235909	-3890	3891	-580
chr7	100315483	100317270	100315828	1787	100316376	-893	894	-548
chr7	151208803	151215344	151214020	6541	151212073	-3270	3271	1947
chr7	5311656	5317683	5313484	6027	5314669	-3013	3014	-1185
chr7	100170049	100174994	100170266	4945	100172521	-2472	2473	-2255
chr7	139358990	139360757	139360266	1767	139359873	-883	884	393
chr7	149253959	149256013	149254499	2054	149254986	-1027	1027	-487
chr7	149430734	149434090	149432395	3356	149432412	-1678	1678	-17
chr7	151045970	151050945	151048959	4975	151048457	-2487	2488	502
chr7	151068290	151074583	151070011	6293	151071436	-3146	3147	-1425
chr7	98925053	98927455	98927287	2402	98926254	-1201	1201	1033
chr7	100170049	100174994	100172162	4945	100172521	-2472	2473	-359
chr7	73767615	73770524	73769320	2909	73769069	-1454	1455	251
chr7	76056664	76062013	76060448	5349	76059338	-2674	2675	1110
chr7	100109427	100114186	100112890	4759	100111806	-2379	2380	1084
chr7	139620070	139621266	139620401	1196	139620668	-598	598	-267
chr7	44571578	44574824	44571704	3246	44573201	-1623	1623	-1497
chr7	74818763	74821904	74819589	3141	74820333	-1570	1571	-744
chr7	100641069	100644666	100641209	3597	100642867	-1798	1799	-1658
chr7	106283630	106286878	106284974	3248	106285254	-1624	1624	-280
chr7	2247477	2251316	2250994	3839	2249396	-1919	1920	1598
chr7	44078541	44081192	44078811	2651	44079866	-1325	1326	-1055
chr7	6022601	6023961	6023712	1360	6023281	-680	680	431
chr7	100811564	100813688	100812939	2124	100812626	-1062	1062	313
chr7	151142302	151144363	151143848	2061	151143332	-1030	1031	516
chr7	1157912	1159246	1158233	1334	1158579	-667	667	-346
chr7	151239687	151240600	151240116	913	151240143	-456	457	-27
chr7	66088889	66095431	66088914	6542	66092160	-3271	3271	-3246
chr7	75064947	75069515	75066721	4568	75067231	-2284	2284	-510
chr7	148797611	148800533	148798651	2922	148799072	-1461	1461	-421
chr7	151218269	151220910	151218839	2641	151219589	-1320	1321	-750
chr7	99480410	99486791	99486603	6381	99483600	-3190	3191	3003
chr7	6468308	6472765	6469755	4457	6470536	-2228	2229	-781
chr7	105112135	105113420	105112348	1285	105112777	-642	643	-429
chr7	99621847	99624991	99622417	3144	99623419	-1572	1572	-1002
chr7	105478798	105484011	105482412	5213	105481404	-2606	2607	1008
chr7	128773764	128777661	128775083	3897	128775712	-1948	1949	-629
chr7	151045970	151050945	151049073	4975	151048457	-2487	2488	616
chr7	66111858	66116259	66114850	4401	66114058	-2200	2201	792
chr7	135165605	135166956	135166577	1351	135166280	-675	676	297
chr7	75121343	75127183	75123155	5840	75124263	-2920	2920	-1108
chr7	98203121	98205944	98204086	2823	98204532	-1411	1412	-446
chr7	76421312	76428476	76425079	7164	76424894	-3582	3582	185
chr7	128342717	128345423	128343826	2706	128344070	-1353	1353	-244
chr7	26191878	26193730	26193583	1852	26192804	-926	926	779
chr7	99891781	99894018	99892288	2237	99892899	-1118	1119	-611
chr7	151052650	151056748	151052738	4098	151054699	-2049	2049	-1961
chr7	139338924	139343169	139341498	4245	139341046	-2122	2123	452
chr7	99902601	99904472	99903271	1871	99903536	-935	936	-265
chr7	100119767	100125000	100122300	5233	100122383	-2616	2617	-83
chr7	102097201	102100968	102097465	3767	102099084	-1883	1884	-1619
chr7	1439765	1447369	1442452	7604	1443567	-3802	3802	-1115
chr7	1495414	1502400	1497195	6986	1498907	-3493	3493	-1712
chr7	1495414	1502400	1500350	6986	1498907	-3493	3493	1443
chr7	2573531	2578795	2578493	5264	2576163	-2632	2632	2330
chr7	19697993	19698870	19698718	877	19698431	-438	439	287
chr7	26191878	26193730	26193300	1852	26192804	-926	926	496
chr7	43875981	43879580	43877590	3599	43877780	-1799	1800	-190
chr7	44072267	44078162	44073393	5895	44075214	-2947	2948	-1821
chr7	44078541	44081192	44079720	2651	44079866	-1325	1326	-146
chr7	45077044	45084967	45082129	7923	45081005	-3961	3962	1124
chr7	45077044	45084967	45082793	7923	45081005	-3961	3962	1788
chr7	66808547	66809360	66809168	813	66808953	-406	407	215
chr7	66992437	66995820	66995367	3383	66994128	-1691	1692	1239
chr7	76011671	76013941	76013793	2270	76012806	-1135	1135	987
chr7	76421312	76428476	76425016	7164	76424894	-3582	3582	122
chr7	87219125	87220659	87219618	1534	87219892	-767	767	-274
chr7	99621847	99624991	99622560	3144	99623419	-1572	1572	-859
chr7	100073305	100075967	100075383	2662	100074636	-1331	1331	747
chr7	100089798	100094692	100092877	4894	100092245	-2447	2447	632
chr7	100606123	100609975	100607803	3852	100608049	-1926	1926	-246
chr7	102467878	102473139	102468135	5261	102470508	-2630	2631	-2373
chr7	103316327	103320415	103316920	4088	103318371	-2044	2044	-1451
chr7	105457621	105459934	105457795	2313	105458777	-1156	1157	-982
chr7	127589118	127590904	127589958	1786	127590011	-893	893	-53
chr7	135163282	135164985	135164660	1703	135164133	-851	852	527
chr7	149876889	149882355	149879588	5466	149879622	-2733	2733	-34
chr7	151045970	151050945	151049095	4975	151048457	-2487	2488	638
chr7	151045970	151050945	151050226	4975	151048457	-2487	2488	1769
chr7	151068290	151074583	151071708	6293	151071436	-3146	3147	272
chr7	156961698	156963289	156963208	1591	156962493	-795	796	715
chr7	2252260	2259704	2255092	7444	2255982	-3722	3722	-890
chr7	66088889	66095431	66092601	6542	66092160	-3271	3271	441
chr7	101249586	101252633	101252002	3047	101251109	-1523	1524	893
chr7	45077044	45084967	45082187	7923	45081005	-3961	3962	1182
chr7	36388851	36391198	36389838	2347	36390024	-1173	1174	-186
chr7	143379010	143384540	143382591	5530	143381775	-2765	2765	816
chr7	143379010	143384540	143382592	5530	143381775	-2765	2765	817
chr7	131477673	131480073	131478860	2400	131478873	-1200	1200	-13
chr7	43875981	43879580	43877077	3599	43877780	-1799	1800	-703
chr7	43875981	43879580	43877394	3599	43877780	-1799	1800	-386
chr7	156656944	156658376	156658208	1432	156657660	-716	716	548
chr7	149176563	149179753	149178978	3190	149178158	-1595	1595	820
chr7	43875981	43879580	43876612	3599	43877780	-1799	1800	-1168
chr7	43875981	43879580	43878014	3599	43877780	-1799	1800	234
chr7	43875981	43879580	43878664	3599	43877780	-1799	1800	884
chr7	43875981	43879580	43878954	3599	43877780	-1799	1800	1174
chr7	74171280	74175517	74174395	4237	74173398	-2118	2119	997
chr7	98203121	98205944	98203955	2823	98204532	-1411	1412	-577
chr7	2241669	2246662	2244655	4993	2244165	-2496	2497	490
chr7	6492908	6498906	6498174	5998	6495907	-2999	2999	2267
chr7	43875981	43879580	43878668	3599	43877780	-1799	1800	888
chr7	76062749	76068479	76066392	5730	76065614	-2865	2865	778
chr7	98950909	98953971	98953229	3062	98952440	-1531	1531	789
chr7	99032929	99034303	99033051	1374	99033616	-687	687	-565
chr7	99036122	99040632	99038473	4510	99038377	-2255	2255	96
chr7	99480410	99486791	99486519	6381	99483600	-3190	3191	2919
chr7	99891781	99894018	99892414	2237	99892899	-1118	1119	-485
chr7	105472151	105473642	105472176	1491	105472896	-745	746	-720
chr7	107928297	107930135	107929634	1838	107929216	-919	919	418
chr7	130507296	130508998	130508652	1702	130508147	-851	851	505
chr7	148999698	149004039	149003828	4341	149001868	-2170	2171	1960
chr7	148999698	149004039	149003980	4341	149001868	-2170	2171	2112
chr7	149014273	149018386	149014965	4113	149016329	-2056	2057	-1364
chr7	151052650	151056748	151056597	4098	151054699	-2049	2049	1898
chr7	155744741	155746703	155745419	1962	155745722	-981	981	-303
chr7	5373826	5380098	5374149	6272	5376962	-3136	3136	-2813
chr7	45077044	45084967	45083385	7923	45081005	-3961	3962	2380
chr7	75418524	75421241	75418733	2717	75419882	-1358	1359	-1149
chr7	92589313	92591195	92590349	1882	92590254	-941	941	95
chr7	100089798	100094692	100091470	4894	100092245	-2447	2447	-775
chr7	100170049	100174994	100170194	4945	100172521	-2472	2473	-2327
chr7	74105910	74109290	74109056	3380	74107600	-1690	1690	1456
chr7	44112477	44119400	44113673	6923	44115938	-3461	3462	-2265
chr7	74105910	74109290	74109145	3380	74107600	-1690	1690	1545
chr7	100811564	100813688	100812744	2124	100812626	-1062	1062	118
chr7	149762853	149767720	149764803	4867	149765286	-2433	2434	-483
chr7	105112135	105113420	105112234	1285	105112777	-642	643	-543
chr7	155744741	155746703	155745473	1962	155745722	-981	981	-249
chr7	5361695	5367078	5362791	5383	5364386	-2691	2692	-1595
chr7	128944962	128948094	128947903	3132	128946528	-1566	1566	1375
chr7	152109522	152113108	152110647	3586	152111315	-1793	1793	-668
chr7	100811564	100813688	100812879	2124	100812626	-1062	1062	253
chr7	6391278	6392970	6392021	1692	6392124	-846	846	-103
chr7	42918354	42920049	42919126	1695	42919201	-847	848	-75
chr7	72948147	72949602	72948612	1455	72948874	-727	728	-262
chr7	73497741	73500514	73498675	2773	73499127	-1386	1387	-452
chr7	100073305	100075967	100075330	2662	100074636	-1331	1331	694
chr7	100641069	100644666	100641558	3597	100642867	-1798	1799	-1309
chr7	151045970	151050945	151049277	4975	151048457	-2487	2488	820
chr7	128773764	128777661	128775718	3897	128775712	-1948	1949	6
chr7	1811892	1818392	1815848	6500	1815142	-3250	3250	706
chr7	101204572	101211348	101206234	6776	101207960	-3388	3388	-1726
chr7	149762853	149767720	149764858	4867	149765286	-2433	2434	-428
chr7	149253959	149256013	149255304	2054	149254986	-1027	1027	318
chr7	151239687	151240600	151240480	913	151240143	-456	457	337
chr7	1495414	1502400	1500274	6986	1498907	-3493	3493	1367
chr7	6598839	6605317	6599938	6478	6602078	-3239	3239	-2140
chr7	99463503	99471413	99466166	7910	99467458	-3955	3955	-1292
chr7	100089798	100094692	100091277	4894	100092245	-2447	2447	-968
chr7	100105805	100107113	100106841	1308	100106459	-654	654	382
chr7	149222015	149226140	149224477	4125	149224077	-2062	2063	400
chr7	5373826	5380098	5376887	6272	5376962	-3136	3136	-75
chr7	73669918	73675013	73670054	5095	73672465	-2547	2548	-2411
chr7	73733094	73739375	73737593	6281	73736234	-3140	3141	1359
chr7	6468308	6472765	6469718	4457	6470536	-2228	2229	-818
chr7	73536936	73538399	73537373	1463	73537667	-731	732	-294
chr7	102316598	102322365	102320470	5767	102319481	-2883	2884	989
chr7	102453417	102458057	102457694	4640	102455737	-2320	2320	1957
chr7	107928297	107930135	107929783	1838	107929216	-919	919	567
chr7	100089798	100094692	100092835	4894	100092245	-2447	2447	590
chr7	73591138	73596772	73594277	5634	73593955	-2817	2817	322
chr7	66088889	66095431	66092601	6542	66092160	-3271	3271	441
chr7	100069831	100073113	100071521	3282	100071472	-1641	1641	49
chr7	100069831	100073113	100070795	3282	100071472	-1641	1641	-677
chr7	156656944	156658376	156658208	1432	156657660	-716	716	548
chr7	12686387	12688971	12688669	2584	12687679	-1292	1292	990
chr7	43875981	43879580	43878113	3599	43877780	-1799	1800	333
chr7	100089798	100094692	100092918	4894	100092245	-2447	2447	673
chr7	100218480	100225933	100221168	7453	100222206	-3726	3727	-1038
chr7	100119767	100125000	100124891	5233	100122383	-2616	2617	2508
chr7	149729678	149732633	149730534	2955	149731155	-1477	1478	-621
chr7	99891781	99894018	99891852	2237	99892899	-1118	1119	-1047
chr7	100641069	100644666	100643215	3597	100642867	-1798	1799	348
chr7	151068290	151074583	151070189	6293	151071436	-3146	3147	-1247
chr7	151234921	151236954	151235573	2033	151235937	-1016	1017	-364
chr7	72948147	72949602	72948190	1455	72948874	-727	728	-684
chr7	74216931	74223278	74219780	6347	74220104	-3173	3174	-324
chr7	128342717	128345423	128343753	2706	128344070	-1353	1353	-317
chr7	100606123	100609975	100607647	3852	100608049	-1926	1926	-402
chr7	101318155	101322560	101318988	4405	101320357	-2202	2203	-1369
chr7	44120339	44124302	44122099	3963	44122320	-1981	1982	-221
chr7	105112135	105113420	105113283	1285	105112777	-642	643	506
chr7	128773764	128777661	128775458	3897	128775712	-1948	1949	-254
chr7	2573531	2578795	2578282	5264	2576163	-2632	2632	2119
chr7	1811892	1818392	1816143	6500	1815142	-3250	3250	1001
chr7	44112477	44119400	44117940	6923	44115938	-3461	3462	2002
chr7	66111858	66116259	66114866	4401	66114058	-2200	2201	808
chr7	100089798	100094692	100089818	4894	100092245	-2447	2447	-2427
chr7	149430734	149434090	149432648	3356	149432412	-1678	1678	236
chr7	100089798	100094692	100093085	4894	100092245	-2447	2447	840
chr7	100089798	100094692	100093381	4894	100092245	-2447	2447	1136
chr7	129753840	129755502	129755346	1662	129754671	-831	831	675
chr7	151068290	151074583	151074228	6293	151071436	-3146	3147	2792
chr7	151147844	151150002	151149117	2158	151148923	-1079	1079	194
chr7	6736023	6740696	6737234	4673	6738359	-2336	2337	-1125
chr7	73733094	73739375	73736338	6281	73736234	-3140	3141	104
chr7	100170049	100174994	100173965	4945	100172521	-2472	2473	1444
chr7	143398044	143400947	143399366	2903	143399495	-1451	1452	-129
chr7	1567249	1569562	1569414	2313	1568405	-1156	1157	1009
chr7	99417614	99422661	99419298	5047	99420137	-2523	2524	-839
chr7	30877254	30884157	30882948	6903	30880705	-3451	3452	2243
chr8	42434721	42438210	42437370	3489	42436465	-1744	1745	905
chr8	97719127	97724754	97724662	5627	97721940	-2813	2814	2722
chr8	25418051	25421531	25419348	3480	25419791	-1740	1740	-443
chr8	101647619	101650736	101649499	3117	101649177	-1558	1559	322
chr8	124495089	124496679	124495537	1590	124495884	-795	795	-347
chr8	140554657	140559924	140557184	5267	140557290	-2633	2634	-106
chr8	144431485	144437772	144435472	6287	144434628	-3143	3144	844
chr8	11837750	11839078	11838871	1328	11838414	-664	664	457
chr8	47734857	47739132	47735411	4275	47736994	-2137	2138	-1583
chr8	124553254	124557983	124556054	4729	124555618	-2364	2365	436
chr8	102653248	102658660	102653494	5412	102655954	-2706	2706	-2460
chr8	13131578	13134506	13132984	2928	13133042	-1464	1464	-58
chr8	17559126	17560561	17560443	1435	17559843	-717	718	600
chr8	22194122	22199690	22197327	5568	22196906	-2784	2784	421
chr8	66634452	66636990	66635341	2538	66635721	-1269	1269	-380
chr8	94528688	94529250	94529184	562	94528969	-281	281	215
chr8	116849453	116851050	116850753	1597	116850251	-798	799	502
chr8	124537864	124539649	124539206	1785	124538756	-892	893	450
chr8	142532667	142538096	142537070	5429	142535381	-2714	2715	1689
chr8	8376168	8379882	8376471	3714	8378025	-1857	1857	-1554
chr8	97274351	97279248	97277329	4897	97276799	-2448	2449	530
chr8	126555222	126556650	126556398	1428	126555936	-714	714	462
chr8	37693616	37698922	37698037	5306	37696269	-2653	2653	1768
chr8	37693616	37698922	37698039	5306	37696269	-2653	2653	1770
chr8	42434721	42438210	42437370	3489	42436465	-1744	1745	905
chr8	74319987	74322390	74320963	2403	74321188	-1201	1202	-225
chr8	144431485	144437772	144432423	6287	144434628	-3143	3144	-2205
chr8	116849453	116851050	116850716	1597	116850251	-798	799	465
chr8	23246354	23247624	23246635	1270	23246989	-635	635	-354
chr8	144387627	144393263	144391400	5636	144390445	-2818	2818	955
chr8	143642901	143650193	143649828	7292	143646547	-3646	3646	3281
chr8	143642901	143650193	143650155	7292	143646547	-3646	3646	3608
chr8	144394278	144401056	144400791	6778	144397667	-3389	3389	3124
chr8	11807786	11810678	11809849	2892	11809232	-1446	1446	617
chr8	93733302	93736503	93734854	3201	93734902	-1600	1601	-48
chr8	144082058	144088146	144084827	6088	144085102	-3044	3044	-275
chr8	144810103	144812858	144810489	2755	144811480	-1377	1378	-991
chr8	22247747	22249521	22249196	1774	22248634	-887	887	562
chr8	38411651	38418890	38417928	7239	38415270	-3619	3620	2658
chr8	97274351	97279248	97277380	4897	97276799	-2448	2449	581
chr8	9555074	9556818	9556143	1744	9555946	-872	872	197
chr8	22689056	22696052	22690594	6996	22692554	-3498	3498	-1960
chr8	144394278	144401056	144399613	6778	144397667	-3389	3389	1946
chr8	22136577	22139163	22138782	2586	22137870	-1293	1293	912
chr8	144387627	144393263	144390738	5636	144390445	-2818	2818	293
chr8	144394278	144401056	144400433	6778	144397667	-3389	3389	2766
chr8	80485424	80487928	80487247	2504	80486676	-1252	1252	571
chr8	8376168	8379882	8377373	3714	8378025	-1857	1857	-652
chr8	8317521	8320417	8318179	2896	8318969	-1448	1448	-790
chr8	103328965	103330313	103330052	1348	103329639	-674	674	413
chr8	55808940	55812863	55811093	3923	55810901	-1961	1962	192
chr8	144810103	144812858	144810740	2755	144811480	-1377	1378	-740
chr8	142661312	142666909	142664637	5597	142664110	-2798	2799	527
chr8	140539130	140545768	140539365	6638	140542449	-3319	3319	-3084
chr8	37871650	37873951	37873017	2301	37872800	-1150	1151	217
chr8	140539130	140545768	140539340	6638	140542449	-3319	3319	-3109
chr8	101647619	101650736	101649428	3117	101649177	-1558	1559	251
chr8	70574747	70578865	70574771	4118	70576806	-2059	2059	-2035
chr8	144218536	144223658	144223200	5122	144221097	-2561	2561	2103
chr8	66634452	66636990	66634828	2538	66635721	-1269	1269	-893
chr8	118109724	118112622	118111081	2898	118111173	-1449	1449	-92
chr8	47929860	47932956	47930709	3096	47931408	-1548	1548	-699
chr8	98156635	98158503	98157753	1868	98157569	-934	934	184
chr8	140539130	140545768	140539324	6638	140542449	-3319	3319	-3125
chr8	37693616	37698922	37698543	5306	37696269	-2653	2653	2274
chr8	37844413	37845197	37844873	784	37844805	-392	392	68
chr8	144082058	144088146	144085671	6088	144085102	-3044	3044	569
chr8	22096859	22104067	22098241	7208	22100463	-3604	3604	-2222
chr8	116755028	116755990	116755807	962	116755509	-481	481	298
chr8	22096859	22104067	22099891	7208	22100463	-3604	3604	-572
chr8	22077767	22082144	22081168	4377	22079955	-2188	2189	1213
chr8	118109724	118112622	118110266	2898	118111173	-1449	1449	-907
chr8	144452784	144460425	144453231	7641	144456604	-3820	3821	-3373
chr8	94640999	94643119	94641971	2120	94642059	-1060	1060	-88
chr8	144461983	144469253	144464139	7270	144465618	-3635	3635	-1479
chr8	98156635	98158503	98158247	1868	98157569	-934	934	678
chr8	66634452	66636990	66634753	2538	66635721	-1269	1269	-968
chr8	144394278	144401056	144397993	6778	144397667	-3389	3389	326
chr8	144840385	144842048	144841689	1663	144841216	-831	832	473
chr8	100948290	100954043	100948792	5753	100951166	-2876	2877	-2374
chr8	125023897	125025748	125024478	1851	125024822	-925	926	-344
chr8	144387627	144393263	144391000	5636	144390445	-2818	2818	555
chr8	143249113	143251772	143250140	2659	143250442	-1329	1330	-302
chr8	93733302	93736503	93735837	3201	93734902	-1600	1601	935
chr8	108248076	108249635	108248673	1559	108248855	-779	780	-182
chr8	124537864	124539649	124539089	1785	124538756	-892	893	333
chr8	115586673	115587730	115587063	1057	115587201	-528	529	-138
chr8	38411651	38418890	38413939	7239	38415270	-3619	3620	-1331
chr8	144850795	144853362	144851098	2567	144852078	-1283	1284	-980
chr8	66634452	66636990	66634607	2538	66635721	-1269	1269	-1114
chr8	144394278	144401056	144400384	6778	144397667	-3389	3389	2717
chr8	38411651	38418890	38415966	7239	38415270	-3619	3620	696
chr8	140549986	140552966	140551328	2980	140551476	-1490	1490	-148
chr8	11807786	11810678	11809672	2892	11809232	-1446	1446	440
chr8	47929860	47932956	47930715	3096	47931408	-1548	1548	-693
chr8	70574747	70578865	70574930	4118	70576806	-2059	2059	-1876
chr8	116755028	116755990	116755669	962	116755509	-481	481	160
chr8	11841237	11845160	11845116	3923	11843198	-1961	1962	1918
chr8	115586673	115587730	115587017	1057	115587201	-528	529	-184
chr8	22689056	22696052	22689612	6996	22692554	-3498	3498	-2942
chr8	37871650	37873951	37872804	2301	37872800	-1150	1151	4
chr8	55808940	55812863	55811015	3923	55810901	-1961	1962	114
chr8	63167178	63169534	63169399	2356	63168356	-1178	1178	1043
chr8	124553254	124557983	124555789	4729	124555618	-2364	2365	171
chr8	144404700	144409146	144409036	4446	144406923	-2223	2223	2113
chr8	140554657	140559924	140556210	5267	140557290	-2633	2634	-1080
chr8	67202642	67205053	67203224	2411	67203847	-1205	1206	-623
chr8	94878635	94880322	94880188	1687	94879478	-843	844	710
chr8	144394278	144401056	144399452	6778	144397667	-3389	3389	1785
chr8	99870462	99873179	99870883	2717	99871820	-1358	1359	-937
chr8	38267327	38269820	38268399	2493	38268573	-1246	1247	-174
chr8	42434721	42438210	42437296	3489	42436465	-1744	1745	831
chr8	144431485	144437772	144437064	6287	144434628	-3143	3144	2436
chr8	144079324	144081891	144080587	2567	144080607	-1283	1284	-20
chr8	37871650	37873951	37872761	2301	37872800	-1150	1151	-39
chr8	38411651	38418890	38414824	7239	38415270	-3619	3620	-446
chr8	22615738	22622302	22618946	6564	22619020	-3282	3282	-74
chr8	22615738	22622302	22620045	6564	22619020	-3282	3282	1025
chr8	97274351	97279248	97276514	4897	97276799	-2448	2449	-285
chr8	123014254	123015888	123015177	1634	123015071	-817	817	106
chr8	47903124	47905536	47904922	2412	47904330	-1206	1206	592
chr8	123783510	123785573	123785084	2063	123784541	-1031	1032	543
chr8	144082058	144088146	144084514	6088	144085102	-3044	3044	-588
chr8	60864523	60866995	60865321	2472	60865759	-1236	1236	-438
chr8	42434721	42438210	42436994	3489	42436465	-1744	1745	529
chr8	41613517	41615984	41614408	2467	41614750	-1233	1234	-342
chr8	144198762	144200651	144200460	1889	144199706	-944	945	754
chr8	144461983	144469253	144464948	7270	144465618	-3635	3635	-670
chr8	124553254	124557983	124556253	4729	124555618	-2364	2365	635
chr8	143652181	143653468	143653396	1287	143652824	-643	644	572
chr8	123783510	123785573	123784478	2063	123784541	-1031	1032	-63
chr8	125433112	125433578	125433380	466	125433345	-233	233	35
chr8	22247747	22249521	22248641	1774	22248634	-887	887	7
chr8	108248076	108249635	108248673	1559	108248855	-779	780	-182
chr8	37871650	37873951	37872557	2301	37872800	-1150	1151	-243
chr8	99870462	99873179	99870853	2717	99871820	-1358	1359	-967
chr8	37871650	37873951	37872437	2301	37872800	-1150	1151	-363
chr8	116848028	116849436	116849023	1408	116848732	-704	704	291
chr8	144461983	144469253	144468356	7270	144465618	-3635	3635	2738
chr8	120444475	120446081	120445355	1606	120445278	-803	803	77
chr8	143249113	143251772	143250345	2659	143250442	-1329	1330	-97
chr8	102653248	102658660	102655580	5412	102655954	-2706	2706	-374
chr8	37871650	37873951	37872007	2301	37872800	-1150	1151	-793
chr8	97719127	97724754	97724728	5627	97721940	-2813	2814	2788
chr8	47734857	47739132	47735560	4275	47736994	-2137	2138	-1434
chr8	100920533	100921591	100920734	1058	100921062	-529	529	-328
chr8	124553254	124557983	124557839	4729	124555618	-2364	2365	2221
chr8	144394278	144401056	144396657	6778	144397667	-3389	3389	-1010
chr8	144840385	144842048	144841767	1663	144841216	-831	832	551
chr8	144082058	144088146	144083295	6088	144085102	-3044	3044	-1807
chr8	144401445	144404337	144401450	2892	144402891	-1446	1446	-1441
chr8	144431485	144437772	144436973	6287	144434628	-3143	3144	2345
chr8	47963083	47967371	47966325	4288	47965227	-2144	2144	1098
chr8	22136577	22139163	22138528	2586	22137870	-1293	1293	658
chr8	22247747	22249521	22248212	1774	22248634	-887	887	-422
chr8	38411651	38418890	38413690	7239	38415270	-3619	3620	-1580
chr8	93733302	93736503	93733754	3201	93734902	-1600	1601	-1148
chr8	97274351	97279248	97276951	4897	97276799	-2448	2449	152
chr8	102310894	102311627	102311442	733	102311260	-366	367	182
chr8	115414569	115415906	115414727	1337	115415237	-668	669	-510
chr8	123336007	123338427	123336400	2420	123337217	-1210	1210	-817
chr8	125364253	125368488	125367088	4235	125366370	-2117	2118	718
chr8	143249113	143251772	143250035	2659	143250442	-1329	1330	-407
chr8	144840385	144842048	144841858	1663	144841216	-831	832	642
chr8	144840385	144842048	144842016	1663	144841216	-831	832	800
chr8	22096859	22104067	22099858	7208	22100463	-3604	3604	-605
chr8	23223000	23226900	23224771	3900	23224950	-1950	1950	-179
chr8	37693616	37698922	37696129	5306	37696269	-2653	2653	-140
chr8	66634452	66636990	66634539	2538	66635721	-1269	1269	-1182
chr8	47910198	47912620	47912449	2422	47911409	-1211	1211	1040
chr8	37693616	37698922	37696138	5306	37696269	-2653	2653	-131
chr8	115414569	115415906	115414856	1337	115415237	-668	669	-381
chr8	60864523	60866995	60865600	2472	60865759	-1236	1236	-159
chr8	85176762	85178501	85177648	1739	85177631	-869	870	17
chr8	144461983	144469253	144467317	7270	144465618	-3635	3635	1699
chr8	63167178	63169534	63168844	2356	63168356	-1178	1178	488
chr8	65732368	65735259	65734862	2891	65733813	-1445	1446	1049
chr8	37844413	37845197	37845004	784	37844805	-392	392	199
chr8	11852220	11854490	11852635	2270	11853355	-1135	1135	-720
chr8	47734857	47739132	47735356	4275	47736994	-2137	2138	-1638
chr8	142661312	142666909	142664507	5597	142664110	-2798	2799	397
chr8	94878635	94880322	94880120	1687	94879478	-843	844	642
chr8	124553254	124557983	124553342	4729	124555618	-2364	2365	-2276
chr8	9555074	9556818	9556215	1744	9555946	-872	872	269
chr8	11328178	11332268	11331684	4090	11330223	-2045	2045	1461
chr8	11846445	11850011	11849178	3566	11848228	-1783	1783	950
chr8	98156635	98158503	98157657	1868	98157569	-934	934	88
chr8	97274351	97279248	97276617	4897	97276799	-2448	2449	-182
chr8	60864523	60866995	60866694	2472	60865759	-1236	1236	935
chr8	144394278	144401056	144399627	6778	144397667	-3389	3389	1960
chr8	91069501	91071834	91070331	2333	91070667	-1166	1167	-336
chr8	144082058	144088146	144085985	6088	144085102	-3044	3044	883
chr8	97274351	97279248	97276799	4897	97276799	-2448	2449	0
chr8	8376168	8379882	8377246	3714	8378025	-1857	1857	-779
chr8	42434721	42438210	42437527	3489	42436465	-1744	1745	1062
chr8	80518639	80519394	80519298	755	80519016	-377	378	282
chr8	144394278	144401056	144395180	6778	144397667	-3389	3389	-2487
chr8	115414569	115415906	115414682	1337	115415237	-668	669	-555
chr8	80485424	80487928	80487672	2504	80486676	-1252	1252	996
chr8	27511346	27514937	27511895	3591	27513141	-1795	1796	-1246
chr8	60864523	60866995	60865035	2472	60865759	-1236	1236	-724
chr8	94640999	94643119	94642053	2120	94642059	-1060	1060	-6
chr8	9555074	9556818	9556340	1744	9555946	-872	872	394
chr8	142661312	142666909	142666336	5597	142664110	-2798	2799	2226
chr8	115586673	115587730	115587310	1057	115587201	-528	529	109
chr8	144452784	144460425	144453426	7641	144456604	-3820	3821	-3178
chr8	140539130	140545768	140539349	6638	140542449	-3319	3319	-3100
chr8	42434721	42438210	42437492	3489	42436465	-1744	1745	1027
chr8	144840385	144842048	144841350	1663	144841216	-831	832	134
chr8	8376168	8379882	8376873	3714	8378025	-1857	1857	-1152
chr8	22689056	22696052	22691091	6996	22692554	-3498	3498	-1463
chr8	66634452	66636990	66635107	2538	66635721	-1269	1269	-614
chr8	120444475	120446081	120445122	1606	120445278	-803	803	-156
chr8	66428798	66431197	66429180	2399	66429997	-1199	1200	-817
chr8	142655962	142661161	142659044	5199	142658561	-2599	2600	483
chr8	22194122	22199690	22194858	5568	22196906	-2784	2784	-2048
chr8	93733302	93736503	93734126	3201	93734902	-1600	1601	-776
chr8	9555074	9556818	9556605	1744	9555946	-872	872	659
chr8	144394278	144401056	144400395	6778	144397667	-3389	3389	2728
chr9	33463825	33467327	33466349	3502	33465576	-1751	1751	773
chr9	35702865	35707715	35703999	4850	35705290	-2425	2425	-1291
chr9	94565224	94569569	94567309	4345	94567396	-2172	2173	-87
chr9	95874487	95876792	95875263	2305	95875639	-1152	1153	-376
chr9	113372153	113375572	113374003	3419	113373862	-1709	1710	141
chr9	127885347	127889844	127886550	4497	127887595	-2248	2249	-1045
chr9	127885347	127889844	127886551	4497	127887595	-2248	2249	-1044
chr9	33463825	33467327	33464044	3502	33465576	-1751	1751	-1532
chr9	128631998	128638739	128636307	6741	128635368	-3370	3371	939
chr9	34253944	34257362	34256372	3418	34255653	-1709	1709	719
chr9	35731772	35739402	35737758	7630	35735587	-3815	3815	2171
chr9	93007911	93013246	93011236	5335	93010578	-2667	2668	658
chr9	128213061	128220516	128220021	7455	128216788	-3727	3728	3233
chr9	131445554	131448853	131446593	3299	131447203	-1649	1650	-610
chr9	131626399	131631968	131628663	5569	131629183	-2784	2785	-520
chr9	136383328	136384880	136383369	1552	136384104	-776	776	-735
chr9	93563054	93564624	93564281	1570	93563839	-785	785	442
chr9	33463825	33467327	33464970	3502	33465576	-1751	1751	-606
chr9	128749177	128753493	128751477	4316	128751335	-2158	2158	142
chr9	34253944	34257362	34256403	3418	34255653	-1709	1709	750
chr9	133784797	133790731	133788360	5934	133787764	-2967	2967	596
chr9	92836157	92838113	92836948	1956	92837135	-978	978	-187
chr9	35731772	35739402	35735124	7630	35735587	-3815	3815	-463
chr9	35731772	35739402	35732818	7630	35735587	-3815	3815	-2769
chr9	137779644	137785533	137782345	5889	137782588	-2944	2945	-243
chr9	34650731	34657033	34655619	6302	34653882	-3151	3151	1737
chr9	128993880	128995952	128995499	2072	128994916	-1036	1036	583
chr9	127505392	127509723	127508523	4331	127507557	-2165	2166	966
chr9	35094794	35095711	35095512	917	35095252	-458	459	260
chr9	37439351	37441262	37441078	1911	37440306	-955	956	772
chr9	124320936	124323405	124321503	2469	124322170	-1234	1235	-667
chr9	127444592	127451214	127445165	6622	127447903	-3311	3311	-2738
chr9	135480775	135488272	135486171	7497	135484523	-3748	3749	1648
chr9	127505392	127509723	127508175	4331	127507557	-2165	2166	618
chr9	128485383	128489700	128485471	4317	128487541	-2158	2159	-2070
chr9	6529038	6533273	6532874	4235	6531155	-2117	2118	1719
chr9	134139017	134142858	134141947	3841	134140937	-1920	1921	1010
chr9	35555603	35563587	35563033	7984	35559595	-3992	3992	3438
chr9	35702865	35707715	35707174	4850	35705290	-2425	2425	1884
chr9	35731772	35739402	35738883	7630	35735587	-3815	3815	3296
chr9	38619483	38622702	38620237	3219	38621092	-1609	1610	-855
chr9	98079441	98082662	98081176	3221	98081051	-1610	1611	125
chr9	120874455	120876691	120874712	2236	120875573	-1118	1118	-861
chr9	133362037	133365675	133364905	3638	133363856	-1819	1819	1049
chr9	133467712	133473562	133472160	5850	133470637	-2925	2925	1523
chr9	136905375	136910224	136908193	4849	136907799	-2424	2425	394
chr9	137609842	137616204	137615837	6362	137613023	-3181	3181	2814
chr9	130615482	130618572	130616419	3090	130617027	-1545	1545	-608
chr9	137609842	137616204	137615917	6362	137613023	-3181	3181	2894
chr9	35731772	35739402	35739065	7630	35735587	-3815	3815	3478
chr9	128692058	128694088	128692693	2030	128693073	-1015	1015	-380
chr9	135502860	135507578	135503571	4718	135505219	-2359	2359	-1648
chr9	136375526	136382453	136381322	6927	136378989	-3463	3464	2333
chr9	136383328	136384880	136383399	1552	136384104	-776	776	-705
chr9	136722271	136724401	136723321	2130	136723336	-1065	1065	-15
chr9	127885347	127889844	127886564	4497	127887595	-2248	2249	-1031
chr9	33264050	33266662	33266047	2612	33265356	-1306	1306	691
chr9	128819965	128826614	128825025	6649	128823289	-3324	3325	1736
chr9	132675702	132679298	132678398	3596	132677500	-1798	1798	898
chr9	120855324	120856947	120856270	1623	120856135	-811	812	135
chr9	128725942	128731343	128731318	5401	128728642	-2700	2701	2676
chr9	109012506	109013858	109013319	1352	109013182	-676	676	137
chr9	86016835	86018621	86018276	1786	86017728	-893	893	548
chr9	128996254	128999170	128998615	2916	128997712	-1458	1458	903
chr9	113582857	113585046	113584080	2189	113583951	-1094	1095	129
chr9	133457800	133461719	133458032	3919	133459759	-1959	1960	-1727
chr9	133040944	133044969	133043873	4025	133042956	-2012	2013	917
chr9	134033357	134036433	134036315	3076	134034895	-1538	1538	1420
chr9	34650731	34657033	34655603	6302	34653882	-3151	3151	1721
chr9	35659126	35661228	35660618	2102	35660177	-1051	1051	441
chr9	113480565	113484312	113484172	3747	113482438	-1873	1874	1734
chr9	35659126	35661228	35660352	2102	35660177	-1051	1051	175
chr9	35659126	35661228	35660650	2102	35660177	-1051	1051	473
chr9	136403269	136409177	136407167	5908	136406223	-2954	2954	944
chr9	33917971	33924272	33923896	6301	33921121	-3150	3151	2775
chr9	131490795	131491871	131491254	1076	131491333	-538	538	-79
chr9	32541572	32543577	32542368	2005	32542574	-1002	1003	-206
chr9	128616060	128621180	128618032	5120	128618620	-2560	2560	-588
chr9	127812958	127819260	127818300	6302	127816109	-3151	3151	2191
chr9	35555603	35563587	35558486	7984	35559595	-3992	3992	-1109
chr9	127518639	127525478	127523823	6839	127522058	-3419	3420	1765
chr9	34253944	34257362	34256502	3418	34255653	-1709	1709	849
chr9	131626399	131631968	131629218	5569	131629183	-2784	2785	35
chr9	133467712	133473562	133472092	5850	133470637	-2925	2925	1455
chr9	37783500	37785171	37783986	1671	37784335	-835	836	-349
chr9	137554334	137556029	137555419	1695	137555181	-847	848	238
chr9	35731772	35739402	35739006	7630	35735587	-3815	3815	3419
chr9	127803892	127810307	127804679	6415	127807099	-3207	3208	-2420
chr9	135480775	135488272	135485995	7497	135484523	-3748	3749	1472
chr9	133766234	133770700	133769485	4466	133768467	-2233	2233	1018
chr9	136475943	136477927	136477280	1984	136476935	-992	992	345
chr9	113484836	113487848	113485647	3012	113486342	-1506	1506	-695
chr9	127812958	127819260	127813458	6302	127816109	-3151	3151	-2651
chr9	137609842	137616204	137612871	6362	137613023	-3181	3181	-152
chr9	127705572	127712055	127707137	6483	127708813	-3241	3242	-1676
chr9	94297502	94301830	94299879	4328	94299666	-2164	2164	213
chr9	122850812	122854022	122853863	3210	122852417	-1605	1605	1446
chr9	127803892	127810307	127807655	6415	127807099	-3207	3208	556
chr9	127823313	127826155	127824315	2842	127824734	-1421	1421	-419
chr9	135502860	135507578	135503192	4718	135505219	-2359	2359	-2027
chr9	132675702	132679298	132679162	3596	132677500	-1798	1798	1662
chr9	137554334	137556029	137555536	1695	137555181	-847	848	355
chr9	35753744	35757958	35754073	4214	35755851	-2107	2107	-1778
chr9	131230305	131236361	131233453	6056	131233333	-3028	3028	120
chr9	128098930	128106802	128106396	7872	128102866	-3936	3936	3530
chr9	128996254	128999170	128998625	2916	128997712	-1458	1458	913
chr9	134033357	134036433	134033506	3076	134034895	-1538	1538	-1389
chr9	133358709	133362004	133361115	3295	133360356	-1647	1648	759
chr9	99150798	99152448	99151674	1650	99151623	-825	825	51
chr9	128490695	128498064	128494581	7369	128494379	-3684	3685	202
chr9	35555603	35563587	35562548	7984	35559595	-3992	3992	2953
chr9	99826043	99829415	99826779	3372	99827729	-1686	1686	-950
chr9	35094794	35095711	35095229	917	35095252	-458	459	-23
chr9	133344602	133351371	133349427	6769	133347986	-3384	3385	1441
chr9	137187190	137192973	137189119	5783	137190081	-2891	2892	-962
chr9	133467712	133473562	133468026	5850	133470637	-2925	2925	-2611
chr9	38392156	38397683	38395917	5527	38394919	-2763	2764	998
chr9	128631998	128638739	128633295	6741	128635368	-3370	3371	-2073
chr9	33109315	33111971	33111238	2656	33110643	-1328	1328	595
chr9	34650731	34657033	34655295	6302	34653882	-3151	3151	1413
chr9	37439351	37441262	37439623	1911	37440306	-955	956	-683
chr9	92836157	92838113	92837718	1956	92837135	-978	978	583
chr9	125240162	125241260	125240819	1098	125240711	-549	549	108
chr9	35555603	35563587	35560530	7984	35559595	-3992	3992	935
chr9	128213061	128220516	128218716	7455	128216788	-3727	3728	1928
chr9	37783500	37785171	37785026	1671	37784335	-835	836	691
chr9	128360412	128365600	128360441	5188	128363006	-2594	2594	-2565
chr9	113593756	113598670	113594094	4914	113596213	-2457	2457	-2119
chr9	78030328	78032927	78031161	2599	78031627	-1299	1300	-466
chr9	128176150	128181503	128179035	5353	128178826	-2676	2677	209
chr9	94297502	94301830	94300097	4328	94299666	-2164	2164	431
chr9	122911708	122916757	122911863	5049	122914232	-2524	2525	-2369
chr9	130501029	130502102	130501169	1073	130501565	-536	537	-396
chr9	128176150	128181503	128179264	5353	128178826	-2676	2677	438
chr9	34253944	34257362	34255757	3418	34255653	-1709	1709	104
chr9	35702865	35707715	35705646	4850	35705290	-2425	2425	356
chr9	128213061	128220516	128220259	7455	128216788	-3727	3728	3471
chr9	128490695	128498064	128494581	7369	128494379	-3684	3685	202
chr9	128733186	128737488	128733506	4302	128735337	-2151	2151	-1831
chr9	129811549	129818156	129813817	6607	129814852	-3303	3304	-1035
chr9	135502860	135507578	135503929	4718	135505219	-2359	2359	-1290
chr9	93107068	93112941	93107700	5873	93110004	-2936	2937	-2304
chr9	135480775	135488272	135488271	7497	135484523	-3748	3749	3748
chr9	128993880	128995952	128995451	2072	128994916	-1036	1036	535
chr9	33133703	33136653	33135288	2950	33135178	-1475	1475	110
chr9	136392527	136397942	136392695	5415	136395234	-2707	2708	-2539
chr9	127885347	127889844	127886648	4497	127887595	-2248	2249	-947
chr9	37420497	37424314	37422823	3817	37422405	-1908	1909	418
chr9	137187190	137192973	137187332	5783	137190081	-2891	2892	-2749
chr9	136671765	136677533	136672073	5768	136674649	-2884	2884	-2576
chr9	35054184	35059349	35057432	5165	35056766	-2582	2583	666
chr9	127812958	127819260	127815924	6302	127816109	-3151	3151	-185
chr9	136371374	136374903	136371907	3529	136373138	-1764	1765	-1231
chr9	113582857	113585046	113583232	2189	113583951	-1094	1095	-719
chr9	2835693	2839120	2837402	3427	2837406	-1713	1714	-4
chr9	33460563	33462615	33462164	2052	33461589	-1026	1026	575
chr9	93449471	93452662	93451004	3191	93451066	-1595	1596	-62
chr9	123113842	123117198	123114553	3356	123115520	-1678	1678	-967
chr9	123113842	123117198	123115233	3356	123115520	-1678	1678	-287
chr9	128213061	128220516	128219199	7455	128216788	-3727	3728	2411
chr9	33463825	33467327	33466364	3502	33465576	-1751	1751	788
chr9	33463825	33467327	33467131	3502	33465576	-1751	1751	1555
chr9	33463825	33467327	33467242	3502	33465576	-1751	1751	1666
chr9	133344602	133351371	133348236	6769	133347986	-3384	3385	250
chr9	135502860	135507578	135503911	4718	135505219	-2359	2359	-1308
chr9	120438975	120440796	120439668	1821	120439885	-910	911	-217
chr9	33133703	33136653	33135289	2950	33135178	-1475	1475	111
chr9	128480989	128485240	128484034	4251	128483114	-2125	2126	920
chr9	124874048	124876976	124875128	2928	124875512	-1464	1464	-384
chr9	127812958	127819260	127813369	6302	127816109	-3151	3151	-2740
chr9	128749177	128753493	128751259	4316	128751335	-2158	2158	-76
chr9	133351389	133354160	133353795	2771	133352774	-1385	1386	1021
chr9	2827668	2830993	2829837	3325	2829330	-1662	1663	507
chr9	128213061	128220516	128220032	7455	128216788	-3727	3728	3244
chr9	34253944	34257362	34256036	3418	34255653	-1709	1709	383
chr9	5772838	5774487	5772982	1649	5773662	-824	825	-680
chr9	33327035	33329254	33328585	2219	33328144	-1109	1110	441
chr9	33463825	33467327	33465110	3502	33465576	-1751	1751	-466
chr9	105631876	105635585	105635050	3709	105633730	-1854	1855	1320
chr9	127459950	127463545	127461199	3595	127461747	-1797	1798	-548
chr9	128064058	128069519	128066970	5461	128066788	-2730	2731	182
chr9	35731772	35739402	35733106	7630	35735587	-3815	3815	-2481
chr9	35702865	35707715	35706353	4850	35705290	-2425	2425	1063
chr9	129808190	129811407	129808978	3217	129809798	-1608	1609	-820
chr9	105631876	105635585	105635265	3709	105633730	-1854	1855	1535
chr9	136790561	136793156	136792835	2595	136791858	-1297	1298	977
chr9	6006800	6009152	6007299	2352	6007976	-1176	1176	-677
chr9	14313072	14316843	14313608	3771	14314957	-1885	1886	-1349
chr9	32541572	32543577	32542898	2005	32542574	-1002	1003	324
chr9	95110527	95115469	95114702	4942	95112998	-2471	2471	1704
chr9	123113842	123117198	123114265	3356	123115520	-1678	1678	-1255
chr9	37425522	37429783	37429706	4261	37427652	-2130	2131	2054
chr9	37439351	37441262	37440934	1911	37440306	-955	956	628
chr9	137187190	137192973	137187552	5783	137190081	-2891	2892	-2529
chr9	127812958	127819260	127817278	6302	127816109	-3151	3151	1169
chr9	98084544	98088542	98087091	3998	98086543	-1999	1999	548
chr9	136445903	136447579	136447305	1676	136446741	-838	838	564
chr9	113593756	113598670	113596847	4914	113596213	-2457	2457	634
chr9	35659126	35661228	35660409	2102	35660177	-1051	1051	232
chr9	37517769	37524685	37521596	6916	37521227	-3458	3458	369
chr9	135502860	135507578	135503777	4718	135505219	-2359	2359	-1442
chr9	136371374	136374903	136372011	3529	136373138	-1764	1765	-1127
chr9	127491038	127493687	127492876	2649	127492362	-1324	1325	514
chr9	32541572	32543577	32542628	2005	32542574	-1002	1003	54
chr9	101405259	101408358	101408072	3099	101406808	-1549	1550	1264
chr9	33293180	33295064	33294962	1884	33294122	-942	942	840
chr9	92225397	92229227	92229112	3830	92227312	-1915	1915	1800
chr9	95110527	95115469	95111625	4942	95112998	-2471	2471	-1373
chr9	113169070	113172403	113169720	3333	113170736	-1666	1667	-1016
chr9	35731772	35739402	35738363	7630	35735587	-3815	3815	2776
chr9	137609842	137616204	137612997	6362	137613023	-3181	3181	-26
chr9	137609842	137616204	137616011	6362	137613023	-3181	3181	2988
chr9	127812958	127819260	127813528	6302	127816109	-3151	3151	-2581
chr9	35702865	35707715	35707385	4850	35705290	-2425	2425	2095
chr9	121181504	121182592	121181545	1088	121182048	-544	544	-503
chr9	131626399	131631968	131627992	5569	131629183	-2784	2785	-1191
chr9	99826043	99829415	99828099	3372	99827729	-1686	1686	370
chr9	136790561	136793156	136792318	2595	136791858	-1297	1298	460
chr9	19375543	19376683	19376336	1140	19376113	-570	570	223
chr9	113372153	113375572	113374523	3419	113373862	-1709	1710	661
chr9	6006800	6009152	6007235	2352	6007976	-1176	1176	-741
chr9	134156570	134159906	134157997	3336	134158238	-1668	1668	-241
chr9	113582857	113585046	113583311	2189	113583951	-1094	1095	-640
chr9	35073595	35075945	35074435	2350	35074770	-1175	1175	-335
chr9	92266486	92269067	92268171	2581	92267776	-1290	1291	395
chr9	98084544	98088542	98087315	3998	98086543	-1999	1999	772
chr9	99826043	99829415	99828304	3372	99827729	-1686	1686	575
chr9	101405259	101408358	101408297	3099	101406808	-1549	1550	1489
chr9	113372153	113375572	113373491	3419	113373862	-1709	1710	-371
chr9	122911708	122916757	122912036	5049	122914232	-2524	2525	-2196
chr9	124320936	124323405	124321531	2469	124322170	-1234	1235	-639
chr9	127211024	127214166	127212227	3142	127212595	-1571	1571	-368
chr9	128819965	128826614	128826601	6649	128823289	-3324	3325	3312
chr9	131480526	131484042	131482860	3516	131482284	-1758	1758	576
chr9	133351389	133354160	133351937	2771	133352774	-1385	1386	-837
chr9	133358709	133362004	133360091	3295	133360356	-1647	1648	-265
chr9	133784797	133790731	133789296	5934	133787764	-2967	2967	1532
chr9	135502860	135507578	135503839	4718	135505219	-2359	2359	-1380
chr9	136403269	136409177	136407236	5908	136406223	-2954	2954	1013
chr9	137609842	137616204	137616055	6362	137613023	-3181	3181	3032
chr9	92314822	92316211	92315512	1389	92315516	-694	695	-4
chr9	35555603	35563587	35558282	7984	35559595	-3992	3992	-1313
chr9	35089575	35091994	35090194	2419	35090784	-1209	1210	-590
chr9	128064058	128069519	128066798	5461	128066788	-2730	2731	10
chr9	128064058	128069519	128067144	5461	128066788	-2730	2731	356
chr9	134031441	134032898	134032672	1457	134032169	-728	729	503
chr9	133040944	133044969	133042203	4025	133042956	-2012	2013	-753
chr9	127459950	127463545	127461223	3595	127461747	-1797	1798	-524
chr9	128266983	128273996	128273847	7013	128270489	-3506	3507	3358
chr9	94297502	94301830	94299934	4328	94299666	-2164	2164	268
chr9	32541572	32543577	32542678	2005	32542574	-1002	1003	104
chr9	35659126	35661228	35660321	2102	35660177	-1051	1051	144
chr9	83006072	83009032	83007470	2960	83007552	-1480	1480	-82
chr9	89337223	89338859	89338514	1636	89338041	-818	818	473
chr9	89354115	89359960	89358893	5845	89357037	-2922	2923	1856
chr9	92314822	92316211	92315543	1389	92315516	-694	695	27
chr9	92836157	92838113	92837605	1956	92837135	-978	978	470
chr9	95110527	95115469	95111592	4942	95112998	-2471	2471	-1406
chr9	125240162	125241260	125240250	1098	125240711	-549	549	-461
chr9	128639194	128645050	128640816	5856	128642122	-2928	2928	-1306
chr9	129811549	129818156	129813761	6607	129814852	-3303	3304	-1091
chr9	131626399	131631968	131628613	5569	131629183	-2784	2785	-570
chr9	136402127	136403154	136402808	1027	136402640	-513	514	168
chr9	35702865	35707715	35704105	4850	35705290	-2425	2425	-1185
chr9	92314822	92316211	92316052	1389	92315516	-694	695	536
chr9	127812958	127819260	127817165	6302	127816109	-3151	3151	1056
chr9	130615482	130618572	130617876	3090	130617027	-1545	1545	849
chr9	127505392	127509723	127508154	4331	127507557	-2165	2166	597
chr9	129828983	129831284	129830869	2301	129830133	-1150	1151	736
chr9	32541572	32543577	32543100	2005	32542574	-1002	1003	526
chr9	128468990	128475189	128471313	6199	128472089	-3099	3100	-776
chr9	135480775	135488272	135487369	7497	135484523	-3748	3749	2846
chr9	15467592	15470015	15469018	2423	15468803	-1211	1212	215
chr9	126880303	126883549	126881880	3246	126881926	-1623	1623	-46
chr9	35731772	35739402	35736900	7630	35735587	-3815	3815	1313
chr9	125240162	125241260	125240269	1098	125240711	-549	549	-442
chr9	113372153	113375572	113374129	3419	113373862	-1709	1710	267
chr9	128631998	128638739	128632249	6741	128635368	-3370	3371	-3119
chr9	92836157	92838113	92837464	1956	92837135	-978	978	329
chr9	113169070	113172403	113169253	3333	113170736	-1666	1667	-1483
chr9	133064416	133070067	133068761	5651	133067241	-2825	2826	1520
chr9	136671765	136677533	136672378	5768	136674649	-2884	2884	-2271
chr9	62798835	62802978	62801461	4143	62800906	-2071	2072	555
chr9	92314822	92316211	92316103	1389	92315516	-694	695	587
chr9	136114816	136119949	136116688	5133	136117382	-2566	2567	-694
chr9	132675702	132679298	132679231	3596	132677500	-1798	1798	1731
chr9	37425522	37429783	37426624	4261	37427652	-2130	2131	-1028
chr9	93083549	93086613	93084839	3064	93085081	-1532	1532	-242
chr9	133351389	133354160	133354056	2771	133352774	-1385	1386	1282
chr9	92714384	92719763	92719274	5379	92717073	-2689	2690	2201
chr9	32541572	32543577	32541999	2005	32542574	-1002	1003	-575
chr9	35089575	35091994	35090236	2419	35090784	-1209	1210	-548
chr9	128819965	128826614	128825037	6649	128823289	-3324	3325	1748
chr9	95110527	95115469	95111547	4942	95112998	-2471	2471	-1451
chr9	128749177	128753493	128753380	4316	128751335	-2158	2158	2045
chr9	137609842	137616204	137615070	6362	137613023	-3181	3181	2047
chr9	127812958	127819260	127818363	6302	127816109	-3151	3151	2254
chr9	129811549	129818156	129814050	6607	129814852	-3303	3304	-802
chr9	128064058	128069519	128067107	5461	128066788	-2730	2731	319
chr9	34650731	34657033	34655664	6302	34653882	-3151	3151	1782
chr9	128631998	128638739	128635187	6741	128635368	-3370	3371	-181
chr9	37425522	37429783	37428646	4261	37427652	-2130	2131	994
chr9	34253944	34257362	34257168	3418	34255653	-1709	1709	1515
chr9	19375543	19376683	19376264	1140	19376113	-570	570	151
chr9	92314822	92316211	92315489	1389	92315516	-694	695	-27
chr9	128485383	128489700	128485446	4317	128487541	-2158	2159	-2095
chr9	94297502	94301830	94301000	4328	94299666	-2164	2164	1334
chr9	34253944	34257362	34255845	3418	34255653	-1709	1709	192
chr9	128480989	128485240	128484005	4251	128483114	-2125	2126	891
chr9	128968501	128972244	128970819	3743	128970372	-1871	1872	447
chr9	128098930	128106802	128101174	7872	128102866	-3936	3936	-1692
chr9	122911708	122916757	122911909	5049	122914232	-2524	2525	-2323
chr9	132324617	132326557	132326472	1940	132325587	-970	970	885
chr9	92314822	92316211	92315272	1389	92315516	-694	695	-244
chr9	120438975	120440796	120439550	1821	120439885	-910	911	-335
chr9	133344602	133351371	133345249	6769	133347986	-3384	3385	-2737
chr9	33917971	33924272	33923951	6301	33921121	-3150	3151	2830
chr9	35061865	35063188	35063025	1323	35062526	-661	662	499
chr9	98010444	98013252	98011369	2808	98011848	-1404	1404	-479
chr9	133766234	133770700	133770447	4466	133768467	-2233	2233	1980
chr9	37425522	37429783	37429746	4261	37427652	-2130	2131	2094
chr9	86016835	86018621	86017520	1786	86017728	-893	893	-208
chr9	132675702	132679298	132678001	3596	132677500	-1798	1798	501
chr10	12195374	12197459	12196198	2085	12196416	-1042	1043	-218
chr10	77794038	77797175	77794881	3137	77795606	-1568	1569	-725
chr10	69381366	69385981	69384819	4615	69383673	-2307	2308	1146
chr10	49523953	49524860	49524458	907	49524406	-453	454	52
chr10	112444949	112447865	112445485	2916	112446407	-1458	1458	-922
chr10	124993101	124994244	124993947	1143	124993672	-571	572	275
chr10	125832358	125836027	125833785	3669	125834192	-1834	1835	-407
chr10	102144418	102147464	102146861	3046	102145941	-1523	1523	920
chr10	99611342	99613599	99613539	2257	99612470	-1128	1129	1069
chr10	132783128	132790105	132784918	6977	132786616	-3488	3489	-1698
chr10	77834585	77836546	77835864	1961	77835565	-980	981	299
chr10	119031513	119033567	119033308	2054	119032540	-1027	1027	768
chr10	128102041	128104173	128104000	2132	128103107	-1066	1066	893
chr10	102480001	102481698	102480107	1697	102480849	-848	849	-742
chr10	46583176	46585245	46584498	2069	46584210	-1034	1035	288
chr10	102363900	102368590	102368235	4690	102366245	-2345	2345	1990
chr10	8067508	8074330	8069540	6822	8070919	-3411	3411	-1379
chr10	8067508	8074330	8073783	6822	8070919	-3411	3411	2864
chr10	132706436	132713238	132710362	6802	132709837	-3401	3401	525
chr10	101003135	101007790	101004017	4655	101005462	-2327	2328	-1445
chr10	73813723	73815547	73815018	1824	73814635	-912	912	383
chr10	100986087	100990396	100988668	4309	100988241	-2154	2155	427
chr10	97369356	97374385	97370953	5029	97371870	-2514	2515	-917
chr10	119031513	119033567	119032701	2054	119032540	-1027	1027	161
chr10	8067508	8074330	8069537	6822	8070919	-3411	3411	-1382
chr10	98250892	98255883	98253641	4991	98253387	-2495	2496	254
chr10	97369356	97374385	97373847	5029	97371870	-2514	2515	1977
chr10	102066283	102069433	102066525	3150	102067858	-1575	1575	-1333
chr10	13652978	13656125	13654398	3147	13654551	-1573	1574	-153
chr10	100977482	100981334	100978223	3852	100979408	-1926	1926	-1185
chr10	79300358	79307796	79307468	7438	79304077	-3719	3719	3391
chr10	73764207	73770278	73765573	6071	73767242	-3035	3036	-1669
chr10	102160597	102164501	102160926	3904	102162549	-1952	1952	-1623
chr10	6111642	6115331	6113560	3689	6113486	-1844	1845	74
chr10	43386262	43392977	43386927	6715	43389619	-3357	3358	-2692
chr10	119057448	119060311	119058184	2863	119058879	-1431	1432	-695
chr10	12165170	12169824	12167887	4654	12167497	-2327	2327	390
chr10	73764207	73770278	73765553	6071	73767242	-3035	3036	-1689
chr10	97448821	97452978	97452168	4157	97450899	-2078	2079	1269
chr10	100977482	100981334	100980896	3852	100979408	-1926	1926	1488
chr10	102480001	102481698	102480885	1697	102480849	-848	849	36
chr10	103419726	103422543	103421431	2817	103421134	-1408	1409	297
chr10	132706436	132713238	132710409	6802	132709837	-3401	3401	572
chr10	27164614	27166609	27165516	1995	27165611	-997	998	-95
chr10	77805848	77810145	77805915	4297	77807996	-2148	2149	-2081
chr10	12165170	12169824	12169339	4654	12167497	-2327	2327	1842
chr10	73764207	73770278	73768829	6071	73767242	-3035	3036	1587
chr10	3134847	3136902	3135829	2055	3135874	-1027	1028	-45
chr10	43386262	43392977	43387569	6715	43389619	-3357	3358	-2050
chr10	102363900	102368590	102368295	4690	102366245	-2345	2345	2050
chr10	73764207	73770278	73766124	6071	73767242	-3035	3036	-1118
chr10	8061244	8066267	8064131	5023	8063755	-2511	2512	376
chr10	24584514	24586172	24585027	1658	24585343	-829	829	-316
chr10	104294856	104298762	104297633	3906	104296809	-1953	1953	824
chr10	101016517	101021084	101018116	4567	101018800	-2283	2284	-684
chr10	8067508	8074330	8073738	6822	8070919	-3411	3411	2819
chr10	43556647	43558851	43557757	2204	43557749	-1102	1102	8
chr10	133262574	133265861	133263100	3287	133264217	-1643	1644	-1117
chr10	132334197	132339839	132337682	5642	132337018	-2821	2821	664
chr10	49523953	49524860	49524245	907	49524406	-453	454	-161
chr10	87227833	87234382	87228537	6549	87231107	-3274	3275	-2570
chr10	87861059	87865585	87864497	4526	87863322	-2263	2263	1175
chr10	102452020	102457634	102454310	5614	102454827	-2807	2807	-517
chr10	102725110	102727376	102726689	2266	102726243	-1133	1133	446
chr10	102398193	102402416	102398275	4223	102400304	-2111	2112	-2029
chr10	68341612	68342177	68342053	565	68341894	-282	283	159
chr10	8067508	8074330	8069531	6822	8070919	-3411	3411	-1388
chr10	8061244	8066267	8064095	5023	8063755	-2511	2512	340
chr10	24584514	24586172	24585731	1658	24585343	-829	829	388
chr10	49523953	49524860	49524511	907	49524406	-453	454	105
chr10	49523953	49524860	49524710	907	49524406	-453	454	304
chr10	102066283	102069433	102067128	3150	102067858	-1575	1575	-730
chr10	43556647	43558851	43556708	2204	43557749	-1102	1102	-1041
chr10	97456739	97461939	97458885	5200	97459339	-2600	2600	-454
chr10	128102041	128104173	128103662	2132	128103107	-1066	1066	555
chr10	131968838	131972625	131970748	3787	131970731	-1893	1894	17
chr10	24584514	24586172	24585902	1658	24585343	-829	829	559
chr10	131954358	131955938	131955761	1580	131955148	-790	790	613
chr10	70112348	70115202	70114938	2854	70113775	-1427	1427	1163
chr10	92347802	92349695	92349487	1893	92348748	-946	947	739
chr10	133417926	133425328	133420161	7402	133421627	-3701	3701	-1466
chr10	987317	989625	988464	2308	988471	-1154	1154	-7
chr10	124620090	124623135	124622749	3045	124621612	-1522	1523	1137
chr10	73764207	73770278	73767939	6071	73767242	-3035	3036	697
chr10	8061244	8066267	8064095	5023	8063755	-2511	2512	340
chr10	97462263	97466541	97463997	4278	97464402	-2139	2139	-405
chr10	103088178	103089911	103089380	1733	103089044	-866	867	336
chr10	62812712	62814296	62813365	1584	62813504	-792	792	-139
chr10	33255211	33258396	33256319	3185	33256803	-1592	1593	-484
chr10	110224569	110227517	110226200	2948	110226043	-1474	1474	157
chr10	102431010	102436531	102436521	5521	102433770	-2760	2761	2751
chr10	8057944	8061031	8058419	3087	8059487	-1543	1544	-1068
chr10	28529684	28534500	28532694	4816	28532092	-2408	2408	602
chr10	8067508	8074330	8069534	6822	8070919	-3411	3411	-1385
chr10	103419726	103422543	103421552	2817	103421134	-1408	1409	418
chr10	133417926	133425328	133419584	7402	133421627	-3701	3701	-2043
chr10	6111642	6115331	6115154	3689	6113486	-1844	1845	1668
chr10	29488810	29492452	29490873	3642	29490631	-1821	1821	242
chr10	14838022	14839373	14838519	1351	14838697	-675	676	-178
chr10	110880819	110881930	110881231	1111	110881374	-555	556	-143
chr10	87227833	87234382	87228637	6549	87231107	-3274	3275	-2470
chr10	102728789	102730207	102729394	1418	102729498	-709	709	-104
chr10	69399344	69406656	69401061	7312	69403000	-3656	3656	-1939
chr10	102377274	102382834	102379389	5560	102380054	-2780	2780	-665
chr10	62812712	62814296	62814271	1584	62813504	-792	792	767
chr10	73791792	73794781	73792435	2989	73793286	-1494	1495	-851
chr10	110297358	110297926	110297683	568	110297642	-284	284	41
chr10	71818321	71820131	71819522	1810	71819226	-905	905	296
chr10	8067508	8074330	8074109	6822	8070919	-3411	3411	3190
chr10	3112078	3114465	3112273	2387	3113271	-1193	1194	-998
chr10	73771408	73774536	73773397	3128	73772972	-1564	1564	425
chr10	62812712	62814296	62813739	1584	62813504	-792	792	235
chr10	27184436	27186754	27186624	2318	27185595	-1159	1159	1029
chr10	100986087	100990396	100988985	4309	100988241	-2154	2155	744
chr10	100992682	100995828	100993313	3146	100994255	-1573	1573	-942
chr10	62812712	62814296	62813424	1584	62813504	-792	792	-80
chr10	97462263	97466541	97462670	4278	97464402	-2139	2139	-1732
chr10	8067508	8074330	8074021	6822	8070919	-3411	3411	3102
chr10	77805848	77810145	77807822	4297	77807996	-2148	2149	-174
chr10	101016517	101021084	101018105	4567	101018800	-2283	2284	-695
chr10	69394362	69396308	69395095	1946	69395335	-973	973	-240
chr10	14838022	14839373	14838421	1351	14838697	-675	676	-276
chr10	132445010	132448181	132448023	3171	132446595	-1585	1586	1428
chr10	43386262	43392977	43387534	6715	43389619	-3357	3358	-2085
chr10	43556647	43558851	43557337	2204	43557749	-1102	1102	-412
chr10	101016517	101021084	101018834	4567	101018800	-2283	2284	34
chr10	996087	998958	996109	2871	997522	-1435	1436	-1413
chr10	125837054	125839817	125839015	2763	125838435	-1381	1382	580
chr10	73791792	73794781	73792319	2989	73793286	-1494	1495	-967
chr10	97369356	97374385	97370501	5029	97371870	-2514	2515	-1369
chr10	100977482	100981334	100981194	3852	100979408	-1926	1926	1786
chr10	43556647	43558851	43557284	2204	43557749	-1102	1102	-465
chr10	43556647	43558851	43557082	2204	43557749	-1102	1102	-667
chr10	102377274	102382834	102380313	5560	102380054	-2780	2780	259
chr10	8061244	8066267	8064059	5023	8063755	-2511	2512	304
chr10	12195374	12197459	12196269	2085	12196416	-1042	1043	-147
chr10	77805848	77810145	77805877	4297	77807996	-2148	2149	-2119
chr10	100986087	100990396	100986583	4309	100988241	-2154	2155	-1658
chr10	102066283	102069433	102067991	3150	102067858	-1575	1575	133
chr10	133262574	133265861	133263222	3287	133264217	-1643	1644	-995
chr10	100986087	100990396	100987286	4309	100988241	-2154	2155	-955
chr10	102144418	102147464	102145059	3046	102145941	-1523	1523	-882
chr10	22319041	22323062	22321676	4021	22321051	-2010	2011	625
chr10	75230651	75237486	75230921	6835	75234068	-3417	3418	-3147
chr10	94400130	94404116	94402611	3986	94402123	-1993	1993	488
chr10	133307438	133311938	133311870	4500	133309688	-2250	2250	2182
chr10	132706436	132713238	132708336	6802	132709837	-3401	3401	-1501
chr10	124983256	124984125	124983540	869	124983690	-434	435	-150
chr10	102144418	102147464	102147376	3046	102145941	-1523	1523	1435
chr10	102377274	102382834	102382135	5560	102380054	-2780	2780	2081
chr10	68338410	68339238	68338651	828	68338824	-414	414	-173
chr10	73771408	73774536	73773796	3128	73772972	-1564	1564	824
chr10	94544329	94546361	94545882	2032	94545345	-1016	1016	537
chr10	128102041	128104173	128102807	2132	128103107	-1066	1066	-300
chr10	8061244	8066267	8064095	5023	8063755	-2511	2512	340
chr10	12195374	12197459	12196096	2085	12196416	-1042	1043	-320
chr10	42796436	42797093	42796844	657	42796764	-328	329	80
chr10	73771408	73774536	73771736	3128	73772972	-1564	1564	-1236
chr10	73771408	73774536	73772091	3128	73772972	-1564	1564	-881
chr10	97673765	97680985	97679803	7220	97677375	-3610	3610	2428
chr10	101782147	101783711	101782334	1564	101782929	-782	782	-595
chr10	102144418	102147464	102146971	3046	102145941	-1523	1523	1030
chr10	102402655	102408688	102403964	6033	102405671	-3016	3017	-1707
chr10	118685211	118687823	118686106	2612	118686517	-1306	1306	-411
chr10	3081460	3083392	3082451	1932	3082426	-966	966	25
chr10	29468653	29470795	29470349	2142	29469724	-1071	1071	625
chr10	73771408	73774536	73772457	3128	73772972	-1564	1564	-515
chr10	102144418	102147464	102145024	3046	102145941	-1523	1523	-917
chr10	102398193	102402416	102399307	4223	102400304	-2111	2112	-997
chr10	98250892	98255883	98255692	4991	98253387	-2495	2496	2305
chr10	24543416	24545180	24544223	1764	24544298	-882	882	-75
chr10	97365001	97367079	97366794	2078	97366040	-1039	1039	754
chr10	100986087	100990396	100988316	4309	100988241	-2154	2155	75
chr10	92347802	92349695	92349487	1893	92348748	-946	947	739
chr10	119036988	119038474	119038373	1486	119037731	-743	743	642
chr10	73764207	73770278	73765582	6071	73767242	-3035	3036	-1660
chr10	24584514	24586172	24584832	1658	24585343	-829	829	-511
chr10	123153882	123155905	123155086	2023	123154893	-1011	1012	193
chr10	125837054	125839817	125839100	2763	125838435	-1381	1382	665
chr10	11935028	11937350	11936708	2322	11936189	-1161	1161	519
chr10	12165170	12169824	12169330	4654	12167497	-2327	2327	1833
chr10	100986087	100990396	100989270	4309	100988241	-2154	2155	1029
chr10	126996790	126998729	126998228	1939	126997759	-969	970	469
chr10	69169977	69171690	69171344	1713	69170833	-856	857	511
chr10	119587481	119590043	119588190	2562	119588762	-1281	1281	-572
chr10	101003135	101007790	101003655	4655	101005462	-2327	2328	-1807
chr10	125832358	125836027	125833772	3669	125834192	-1834	1835	-420
chr10	97673765	97680985	97677876	7220	97677375	-3610	3610	501
chr10	102377274	102382834	102382350	5560	102380054	-2780	2780	2296
chr10	46583176	46585245	46583849	2069	46584210	-1034	1035	-361
chr10	77794038	77797175	77796082	3137	77795606	-1568	1569	476
chr10	100986087	100990396	100988154	4309	100988241	-2154	2155	-87
chr10	100986087	100990396	100988702	4309	100988241	-2154	2155	461
chr10	24584514	24586172	24585577	1658	24585343	-829	829	234
chr10	24543416	24545180	24544101	1764	24544298	-882	882	-197
chr10	68471928	68473450	68471949	1522	68472689	-761	761	-740
chr10	992041	995962	992489	3921	994001	-1960	1961	-1512
chr10	119042137	119044220	119042614	2083	119043178	-1041	1042	-564
chr10	102363900	102368590	102368440	4690	102366245	-2345	2345	2195
chr10	22319041	22323062	22321553	4021	22321051	-2010	2011	502
chr10	124620090	124623135	124621973	3045	124621612	-1522	1523	361
chr10	74117489	74119368	74118180	1879	74118428	-939	940	-248
chr10	79705612	79712159	79711853	6547	79708885	-3273	3274	2968
chr10	101782147	101783711	101782484	1564	101782929	-782	782	-445
chr10	102402655	102408688	102405378	6033	102405671	-3016	3017	-293
chr10	102132030	102138234	102137914	6204	102135132	-3102	3102	2782
chr10	8057944	8061031	8058486	3087	8059487	-1543	1544	-1001
chr10	8067508	8074330	8073760	6822	8070919	-3411	3411	2841
chr10	8057944	8061031	8058477	3087	8059487	-1543	1544	-1010
chr10	119035300	119036469	119036043	1169	119035884	-584	585	159
chr10	1016697	1024324	1019776	7627	1020510	-3813	3814	-734
chr10	63464421	63466215	63465404	1794	63465318	-897	897	86
chr10	70112348	70115202	70115037	2854	70113775	-1427	1427	1262
chr10	70885159	70886937	70885909	1778	70886048	-889	889	-139
chr10	80517006	80519475	80517916	2469	80518240	-1234	1235	-324
chr10	87861059	87865585	87862303	4526	87863322	-2263	2263	-1019
chr10	97456739	97461939	97459380	5200	97459339	-2600	2600	41
chr10	98392765	98396262	98395242	3497	98394513	-1748	1749	729
chr10	100977482	100981334	100979242	3852	100979408	-1926	1926	-166
chr10	100986087	100990396	100989796	4309	100988241	-2154	2155	1555
chr10	126996790	126998729	126996824	1939	126997759	-969	970	-935
chr10	128102041	128104173	128102684	2132	128103107	-1066	1066	-423
chr10	133262574	133265861	133263022	3287	133264217	-1643	1644	-1195
chr10	124984429	124985509	124984963	1080	124984969	-540	540	-6
chr10	102448768	102451084	102450458	2316	102449926	-1158	1158	532
chr10	79300358	79307796	79304080	7438	79304077	-3719	3719	3
chr10	102139171	102140110	102139338	939	102139640	-469	470	-302
chr10	70112348	70115202	70114004	2854	70113775	-1427	1427	229
chr10	12165170	12169824	12167887	4654	12167497	-2327	2327	390
chr10	992041	995962	992527	3921	994001	-1960	1961	-1474
chr10	996087	998958	996202	2871	997522	-1435	1436	-1320
chr10	22319041	22323062	22319967	4021	22321051	-2010	2011	-1084
chr10	24543416	24545180	24544140	1764	24544298	-882	882	-158
chr10	43644533	43646566	43644666	2033	43645549	-1016	1017	-883
chr10	49523953	49524860	49524616	907	49524406	-453	454	210
chr10	73771408	73774536	73773571	3128	73772972	-1564	1564	599
chr10	78040404	78042638	78040617	2234	78041521	-1117	1117	-904
chr10	97456739	97461939	97460127	5200	97459339	-2600	2600	788
chr10	97673765	97680985	97678022	7220	97677375	-3610	3610	647
chr10	98414108	98416840	98415074	2732	98415474	-1366	1366	-400
chr10	102398193	102402416	102398451	4223	102400304	-2111	2112	-1853
chr10	124984429	124985509	124984877	1080	124984969	-540	540	-92
chr10	128102041	128104173	128103360	2132	128103107	-1066	1066	253
chr10	43556647	43558851	43557663	2204	43557749	-1102	1102	-86
chr10	74117489	74119368	74118180	1879	74118428	-939	940	-248
chr10	79347095	79354233	79353806	7138	79350664	-3569	3569	3142
chr10	97456739	97461939	97456990	5200	97459339	-2600	2600	-2349
chr10	132334197	132339839	132337659	5642	132337018	-2821	2821	641
chr10	73496535	73500087	73498662	3552	73498311	-1776	1776	351
chr10	62812712	62814296	62812954	1584	62813504	-792	792	-550
chr10	101016517	101021084	101019047	4567	101018800	-2283	2284	247
chr10	97369356	97374385	97372798	5029	97371870	-2514	2515	928
chr10	5763825	5765606	5765335	1781	5764715	-890	891	620
chr10	8067508	8074330	8073914	6822	8070919	-3411	3411	2995
chr10	7801711	7803159	7802781	1448	7802435	-724	724	346
chr10	132445010	132448181	132447849	3171	132446595	-1585	1586	1254
chr10	100992682	100995828	100993593	3146	100994255	-1573	1573	-662
chr10	24584514	24586172	24585845	1658	24585343	-829	829	502
chr10	73764207	73770278	73769125	6071	73767242	-3035	3036	1883
chr10	73764207	73770278	73769833	6071	73767242	-3035	3036	2591
chr10	1048191	1049054	1048876	863	1048622	-431	432	254
chr10	97456739	97461939	97460920	5200	97459339	-2600	2600	1581
chr10	3134847	3136902	3136679	2055	3135874	-1027	1028	805
chr10	18658475	18660772	18659666	2297	18659623	-1148	1149	43
chr10	69399344	69406656	69405044	7312	69403000	-3656	3656	2044
chr10	95605068	95608041	95606902	2973	95606554	-1486	1487	348
chr10	102473480	102479004	102473706	5524	102476242	-2762	2762	-2536
chr10	104035365	104039265	104037653	3900	104037315	-1950	1950	338
chr10	98423393	98426737	98425850	3344	98425065	-1672	1672	785
chr10	73771408	73774536	73771828	3128	73772972	-1564	1564	-1144
chr10	69399344	69406656	69405026	7312	69403000	-3656	3656	2026
chr10	3777815	3782398	3782077	4583	3780106	-2291	2292	1971
chr10	8067508	8074330	8074229	6822	8070919	-3411	3411	3310
chr10	73496535	73500087	73498743	3552	73498311	-1776	1776	432
chr10	7801711	7803159	7802859	1448	7802435	-724	724	424
chr10	1008935	1012885	1012599	3950	1010910	-1975	1975	1689
chr10	84144903	84146689	84144973	1786	84145796	-893	893	-823
chr10	97448821	97452978	97452179	4157	97450899	-2078	2079	1280
chr10	7787329	7789162	7788160	1833	7788245	-916	917	-85
chr10	33255211	33258396	33256374	3185	33256803	-1592	1593	-429
chr10	28529684	28534500	28533595	4816	28532092	-2408	2408	1503
chr10	97456739	97461939	97456996	5200	97459339	-2600	2600	-2343
chr10	43386262	43392977	43386609	6715	43389619	-3357	3358	-3010
chr10	112444949	112447865	112445406	2916	112446407	-1458	1458	-1001
chr10	71812717	71817431	71812823	4714	71815074	-2357	2357	-2251
chr10	104035365	104039265	104038449	3900	104037315	-1950	1950	1134
chr10	77778277	77782319	77781086	4042	77780298	-2021	2021	788
chr10	6111642	6115331	6115002	3689	6113486	-1844	1845	1516
chr10	8067508	8074330	8069587	6822	8070919	-3411	3411	-1332
chr10	73114249	73115749	73114395	1500	73114999	-750	750	-604
chr10	73771408	73774536	73772969	3128	73772972	-1564	1564	-3
chr10	97673765	97680985	97679826	7220	97677375	-3610	3610	2451
chr10	102725110	102727376	102726666	2266	102726243	-1133	1133	423
chr10	100283027	100287226	100286145	4199	100285126	-2099	2100	1019
chr10	8061244	8066267	8064095	5023	8063755	-2511	2512	340
chr10	100992682	100995828	100993465	3146	100994255	-1573	1573	-790
chr10	102377274	102382834	102381162	5560	102380054	-2780	2780	1108
chr10	102066283	102069433	102067527	3150	102067858	-1575	1575	-331
chr10	101060343	101065453	101064952	5110	101062898	-2555	2555	2054
chr10	24543416	24545180	24544043	1764	24544298	-882	882	-255
chr10	42796436	42797093	42797067	657	42796764	-328	329	303
chr10	79300358	79307796	79300805	7438	79304077	-3719	3719	-3272
chr10	101060343	101065453	101064345	5110	101062898	-2555	2555	1447
chr11	73307065	73312027	73311230	4962	73309546	-2481	2481	1684
chr11	6606944	6613110	6609144	6166	6610027	-3083	3083	-883
chr11	65914927	65922841	65917250	7914	65918884	-3957	3957	-1634
chr11	66254364	66259748	66258739	5384	66257056	-2692	2692	1683
chr11	67489750	67497730	67491909	7980	67493740	-3990	3990	-1831
chr11	67489750	67497730	67495164	7980	67493740	-3990	3990	1424
chr11	118369592	118371779	118371522	2187	118370685	-1093	1094	837
chr11	66624045	66630417	66625630	6372	66627231	-3186	3186	-1601
chr11	2995938	3001124	3001058	5186	2998531	-2593	2593	2527
chr11	62765629	62770126	62765715	4497	62767877	-2248	2249	-2162
chr11	61814799	61815694	61815100	895	61815246	-447	448	-146
chr11	3822916	3824712	3824084	1796	3823814	-898	898	270
chr11	62558523	62560956	62560291	2433	62559739	-1216	1217	552
chr11	770928	774403	771072	3475	772665	-1737	1738	-1593
chr11	61407699	61412655	61411016	4956	61410177	-2478	2478	839
chr11	65775055	65783036	65778100	7981	65779045	-3990	3991	-945
chr11	66634619	66639889	66639750	5270	66637254	-2635	2635	2496
chr11	66686420	66691997	66688774	5577	66689208	-2788	2789	-434
chr11	119026377	119029152	119028300	2775	119027764	-1387	1388	536
chr11	67308074	67315656	67309479	7582	67311865	-3791	3791	-2386
chr11	126291097	126294776	126292603	3679	126292936	-1839	1840	-333
chr11	812545	816832	812762	4287	814688	-2143	2144	-1926
chr11	6479889	6482315	6480450	2426	6481102	-1213	1213	-652
chr11	124625342	124627603	124625683	2261	124626472	-1130	1131	-789
chr11	77586711	77590563	77590555	3852	77588637	-1926	1926	1918
chr11	62884595	62890157	62885495	5562	62887376	-2781	2781	-1881
chr11	683837	687932	684964	4095	685884	-2047	2048	-920
chr11	66335067	66338108	66335835	3041	66336587	-1520	1521	-752
chr11	67351777	67354319	67351940	2542	67353048	-1271	1271	-1108
chr11	65086044	65089150	65086444	3106	65087597	-1553	1553	-1153
chr11	62531653	62533331	62532383	1678	62532492	-839	839	-109
chr11	116777162	116780330	116778779	3168	116778746	-1584	1584	33
chr11	47409487	47416455	47415327	6968	47412971	-3484	3484	2356
chr11	68016484	68019893	68019186	3409	68018188	-1704	1705	998
chr11	57698453	57700408	57699970	1955	57699430	-977	978	540
chr11	62624916	62632527	62630245	7611	62628721	-3805	3806	1524
chr11	57308068	57309784	57308402	1716	57308926	-858	858	-524
chr11	119046334	119051042	119048801	4708	119048688	-2354	2354	113
chr11	46375539	46383449	46376549	7910	46379494	-3955	3955	-2945
chr11	58616739	58618178	58617210	1439	58617458	-719	720	-248
chr11	62660241	62667273	62666503	7032	62663757	-3516	3516	2746
chr11	57527187	57529455	57528852	2268	57528321	-1134	1134	531
chr11	64223872	64227729	64225865	3857	64225800	-1928	1929	65
chr11	65876177	65883826	65882237	7649	65880001	-3824	3825	2236
chr11	62796299	62798223	62797328	1924	62797261	-962	962	67
chr11	556590	563950	561784	7360	560270	-3680	3680	1514
chr11	65775055	65783036	65779379	7981	65779045	-3990	3991	334
chr11	44077125	44080767	44079426	3642	44078946	-1821	1821	480
chr11	47416484	47421318	47418818	4834	47418901	-2417	2417	-83
chr11	64285202	64287348	64286714	2146	64286275	-1073	1073	439
chr11	72092374	72097841	72095201	5467	72095107	-2733	2734	94
chr11	47321428	47329394	47328682	7966	47325411	-3983	3983	3271
chr11	64115703	64118504	64116390	2801	64117103	-1400	1401	-713
chr11	65498987	65501167	65500187	2180	65500077	-1090	1090	110
chr11	6606944	6613110	6613040	6166	6610027	-3083	3083	3013
chr11	65286947	65289433	65287777	2486	65288190	-1243	1243	-413
chr11	47236716	47241595	47237703	4879	47239155	-2439	2440	-1452
chr11	67489750	67497730	67493042	7980	67493740	-3990	3990	-698
chr11	62830580	62833151	62831235	2571	62831865	-1285	1286	-630
chr11	65996412	66000833	66000377	4421	65998622	-2210	2211	1755
chr11	64115703	64118504	64117422	2801	64117103	-1400	1401	319
chr11	61733507	61738977	61736322	5470	61736242	-2735	2735	80
chr11	62690078	62693132	62692403	3054	62691605	-1527	1527	798
chr11	62804927	62807252	62805387	2325	62806089	-1162	1163	-702
chr11	64223872	64227729	64224568	3857	64225800	-1928	1929	-1232
chr11	85663225	85666526	85664420	3301	85664875	-1650	1651	-455
chr11	45869169	45872371	45869697	3202	45870770	-1601	1601	-1073
chr11	66464852	66470360	66468876	5508	66467606	-2754	2754	1270
chr11	46395872	46402754	46397495	6882	46399313	-3441	3441	-1818
chr11	47409487	47416455	47413438	6968	47412971	-3484	3484	467
chr11	66254364	66259748	66258814	5384	66257056	-2692	2692	1758
chr11	72233961	72240637	72238372	6676	72237299	-3338	3338	1073
chr11	73869721	73875470	73873156	5749	73872595	-2874	2875	561
chr11	65914927	65922841	65920372	7914	65918884	-3957	3957	1488
chr11	68256777	68263353	68262271	6576	68260065	-3288	3288	2206
chr11	64859018	64861219	64860016	2201	64860118	-1100	1101	-102
chr11	378381	382101	380165	3720	380241	-1860	1860	-76
chr11	3825330	3829595	3825379	4265	3827462	-2132	2133	-2083
chr11	57330046	57332546	57331846	2500	57331296	-1250	1250	550
chr11	62137472	62143375	62140751	5903	62140423	-2951	2952	328
chr11	62524834	62526755	62526292	1921	62525794	-960	961	498
chr11	62531653	62533331	62532777	1678	62532492	-839	839	285
chr11	65876177	65883826	65883406	7649	65880001	-3824	3825	3405
chr11	68749969	68754612	68750474	4643	68752290	-2321	2322	-1816
chr11	3124137	3128605	3126562	4468	3126371	-2234	2234	191
chr11	72092374	72097841	72093602	5467	72095107	-2733	2734	-1505
chr11	126274286	126278158	126277626	3872	126276222	-1936	1936	1404
chr11	62786458	62792801	62789031	6343	62789629	-3171	3172	-598
chr11	32088435	32093565	32091380	5130	32091000	-2565	2565	380
chr11	34151342	34155769	34152422	4427	34153555	-2213	2214	-1133
chr11	59806518	59807564	59806653	1046	59807041	-523	523	-388
chr11	60850951	60854746	60853334	3795	60852848	-1897	1898	486
chr11	62624916	62632527	62627118	7611	62628721	-3805	3806	-1603
chr11	62660241	62667273	62667108	7032	62663757	-3516	3516	3351
chr11	64316793	64322457	64319843	5664	64319625	-2832	2832	218
chr11	64859018	64861219	64860162	2201	64860118	-1100	1101	44
chr11	66692864	66696045	66692997	3181	66694454	-1590	1591	-1457
chr11	68158062	68158681	68158210	619	68158371	-309	310	-161
chr11	68423026	68429949	68423681	6923	68426487	-3461	3462	-2806
chr11	72710388	72717301	72711473	6913	72713844	-3456	3457	-2371
chr11	119335052	119338374	119336214	3322	119336713	-1661	1661	-499
chr11	126274286	126278158	126275389	3872	126276222	-1936	1936	-833
chr11	130195042	130201789	130198599	6747	130198415	-3373	3374	184
chr11	62572951	62576539	62575943	3588	62574745	-1794	1794	1198
chr11	72014811	72019425	72015838	4614	72017118	-2307	2307	-1280
chr11	6606944	6613110	6610036	6166	6610027	-3083	3083	9
chr11	58616739	58618178	58616785	1439	58617458	-719	720	-673
chr11	67364256	67367946	67364838	3690	67366101	-1845	1845	-1263
chr11	3657970	3663850	3659781	5880	3660910	-2940	2940	-1129
chr11	65876177	65883826	65883679	7649	65880001	-3824	3825	3678
chr11	126262717	126268473	126265070	5756	126265595	-2878	2878	-525
chr11	117194753	117200716	117195941	5963	117197734	-2981	2982	-1793
chr11	47573010	47575600	47573413	2590	47574305	-1295	1295	-892
chr11	61964171	61969736	61968246	5565	61966953	-2782	2783	1293
chr11	126262717	126268473	126263966	5756	126265595	-2878	2878	-1629
chr11	66624045	66630417	66624468	6372	66627231	-3186	3186	-2763
chr11	556590	563950	557881	7360	560270	-3680	3680	-2389
chr11	64303510	64307796	64304566	4286	64305653	-2143	2143	-1087
chr11	66624045	66630417	66625341	6372	66627231	-3186	3186	-1890
chr11	70371196	70374658	70372117	3462	70372927	-1731	1731	-810
chr11	67308074	67315656	67309533	7582	67311865	-3791	3791	-2332
chr11	72092374	72097841	72096771	5467	72095107	-2733	2734	1664
chr11	62690078	62693132	62690663	3054	62691605	-1527	1527	-942
chr11	62690078	62693132	62690862	3054	62691605	-1527	1527	-743
chr11	68063038	68066395	68065798	3357	68064716	-1678	1679	1082
chr11	62786458	62792801	62792141	6343	62789629	-3171	3172	2512
chr11	66692864	66696045	66693256	3181	66694454	-1590	1591	-1198
chr11	1829076	1836891	1834549	7815	1832983	-3907	3908	1566
chr11	72014811	72019425	72015364	4614	72017118	-2307	2307	-1754
chr11	67248238	67251335	67250119	3097	67249786	-1548	1549	333
chr11	62735693	62740158	62738329	4465	62737925	-2232	2233	404
chr11	124745537	124748766	124747147	3229	124747151	-1614	1615	-4
chr11	67297068	67304049	67299110	6981	67300558	-3490	3491	-1448
chr11	71436861	71441992	71437935	5131	71439426	-2565	2566	-1491
chr11	119046334	119051042	119046649	4708	119048688	-2354	2354	-2039
chr11	119335052	119338374	119335683	3322	119336713	-1661	1661	-1030
chr11	72105292	72112069	72108667	6777	72108680	-3388	3389	-13
chr11	61402686	61405178	61403172	2492	61403932	-1246	1246	-760
chr11	66052012	66054985	66052494	2973	66053498	-1486	1487	-1004
chr11	64223872	64227729	64227203	3857	64225800	-1928	1929	1403
chr11	119174282	119181124	119179771	6842	119177703	-3421	3421	2068
chr11	62128773	62134209	62130559	5436	62131491	-2718	2718	-932
chr11	57308068	57309784	57308582	1716	57308926	-858	858	-344
chr11	119046334	119051042	119048801	4708	119048688	-2354	2354	113
chr11	65890396	65896612	65891203	6216	65893504	-3108	3108	-2301
chr11	118479131	118485719	118484297	6588	118482425	-3294	3294	1872
chr11	64316793	64322457	64316922	5664	64319625	-2832	2832	-2703
chr11	72753693	72758080	72754933	4387	72755886	-2193	2194	-953
chr11	62572951	62576539	62575905	3588	62574745	-1794	1794	1160
chr11	117396461	117398063	117397180	1602	117397262	-801	801	-82
chr11	61778311	61783553	61779315	5242	61780932	-2621	2621	-1617
chr11	3825330	3829595	3827859	4265	3827462	-2132	2133	397
chr11	47236716	47241595	47238166	4879	47239155	-2439	2440	-989
chr11	129436310	129439561	129436775	3251	129437935	-1625	1626	-1160
chr11	62137472	62143375	62140802	5903	62140423	-2951	2952	379
chr11	83165472	83167385	83166468	1913	83166428	-956	957	40
chr11	117285846	117293161	117290533	7315	117289503	-3657	3658	1030
chr11	119335052	119338374	119335110	3322	119336713	-1661	1661	-1603
chr11	47409487	47416455	47415290	6968	47412971	-3484	3484	2319
chr11	3822916	3824712	3824068	1796	3823814	-898	898	254
chr11	34136425	34139959	34139397	3534	34138192	-1767	1767	1205
chr11	64316793	64322457	64317114	5664	64319625	-2832	2832	-2511
chr11	70341994	70346464	70343873	4470	70344229	-2235	2235	-356
chr11	2661252	2664864	2662007	3612	2663058	-1806	1806	-1051
chr11	72092374	72097841	72094969	5467	72095107	-2733	2734	-138
chr11	95788260	95790889	95790650	2629	95789574	-1314	1315	1076
chr11	3664560	3666878	3666475	2318	3665719	-1159	1159	756
chr11	57310112	57313715	57312593	3603	57311913	-1801	1802	680
chr11	45926495	45931329	45926787	4834	45928912	-2417	2417	-2125
chr11	71443313	71444909	71444192	1596	71444111	-798	798	81
chr11	118629732	118636242	118632159	6510	118632987	-3255	3255	-828
chr11	67308074	67315656	67310169	7582	67311865	-3791	3791	-1696
chr11	770928	774403	770955	3475	772665	-1737	1738	-1710
chr11	45926495	45931329	45928183	4834	45928912	-2417	2417	-729
chr11	62715108	62717077	62715574	1969	62716092	-984	985	-518
chr11	65996412	66000833	65999665	4421	65998622	-2210	2211	1043
chr11	72753693	72758080	72755002	4387	72755886	-2193	2194	-884
chr11	130912908	130916972	130914855	4064	130914940	-2032	2032	-85
chr11	3664560	3666878	3666525	2318	3665719	-1159	1159	806
chr11	74847279	74851339	74848196	4060	74849309	-2030	2030	-1113
chr11	44928297	44929451	44929296	1154	44928874	-577	577	422
chr11	32088435	32093565	32091324	5130	32091000	-2565	2565	324
chr11	94797765	94801624	94799659	3859	94799694	-1929	1930	-35
chr11	57310112	57313715	57313046	3603	57311913	-1801	1802	1133
chr11	72011255	72014299	72013934	3044	72012777	-1522	1522	1157
chr11	62835457	62837633	62835573	2176	62836545	-1088	1088	-972
chr11	66686420	66691997	66689176	5577	66689208	-2788	2789	-32
chr11	58616739	58618178	58617300	1439	58617458	-719	720	-158
chr11	2920776	2925038	2922185	4262	2922907	-2131	2131	-722
chr11	118479131	118485719	118484197	6588	118482425	-3294	3294	1772
chr11	3775702	3777698	3775967	1996	3776700	-998	998	-733
chr11	65876177	65883826	65883759	7649	65880001	-3824	3825	3758
chr11	68933571	68937759	68933817	4188	68935665	-2094	2094	-1848
chr11	67308074	67315656	67309855	7582	67311865	-3791	3791	-2010
chr11	66624045	66630417	66624421	6372	66627231	-3186	3186	-2810
chr11	66624045	66630417	66624550	6372	66627231	-3186	3186	-2681
chr11	68016484	68019893	68019766	3409	68018188	-1704	1705	1578
chr11	61419417	61420697	61419967	1280	61420057	-640	640	-90
chr11	62531653	62533331	62531936	1678	62532492	-839	839	-556
chr11	64216964	64223381	64219748	6417	64220172	-3208	3209	-424
chr11	67489750	67497730	67497529	7980	67493740	-3990	3990	3789
chr11	95788260	95790889	95788515	2629	95789574	-1314	1315	-1059
chr11	72825519	72833354	72829421	7835	72829436	-3917	3918	-15
chr11	63901412	63903099	63902673	1687	63902255	-843	844	418
chr11	72014811	72019425	72018843	4614	72017118	-2307	2307	1725
chr11	71443313	71444909	71444163	1596	71444111	-798	798	52
chr11	3089033	3094249	3093604	5216	3091641	-2608	2608	1963
chr11	62624916	62632527	62626622	7611	62628721	-3805	3806	-2099
chr11	68158062	68158681	68158424	619	68158371	-309	310	53
chr11	3796635	3799013	3798089	2378	3797824	-1189	1189	265
chr11	62128773	62134209	62130113	5436	62131491	-2718	2718	-1378
chr11	62128773	62134209	62130428	5436	62131491	-2718	2718	-1063
chr11	62624916	62632527	62631097	7611	62628721	-3805	3806	2376
chr11	68688852	68691247	68690916	2395	68690049	-1197	1198	867
chr11	66335067	66338108	66337719	3041	66336587	-1520	1521	1132
chr11	556590	563950	563307	7360	560270	-3680	3680	3037
chr11	65501854	65504991	65504814	3137	65503422	-1568	1569	1392
chr11	66686420	66691997	66687561	5577	66689208	-2788	2789	-1647
chr11	45900954	45903727	45903052	2773	45902340	-1386	1387	712
chr11	65914927	65922841	65917294	7914	65918884	-3957	3957	-1590
chr11	72011255	72014299	72013650	3044	72012777	-1522	1522	873
chr11	68016484	68019893	68018437	3409	68018188	-1704	1705	249
chr11	118479131	118485719	118480187	6588	118482425	-3294	3294	-2238
chr11	64768857	64769933	64769239	1076	64769395	-538	538	-156
chr11	10803157	10803944	10803504	787	10803550	-393	394	-46
chr11	68256777	68263353	68262610	6576	68260065	-3288	3288	2545
chr11	63911228	63919010	63912679	7782	63915119	-3891	3891	-2440
chr11	1554068	1555459	1554976	1391	1554763	-695	696	213
chr11	64115703	64118504	64117491	2801	64117103	-1400	1401	388
chr11	66058139	66060260	66058359	2121	66059199	-1060	1061	-840
chr11	68780244	68785602	68780648	5358	68782923	-2679	2679	-2275
chr11	112086564	112088770	112087963	2206	112087667	-1103	1103	296
chr11	34151342	34155769	34152446	4427	34153555	-2213	2214	-1109
chr11	129436310	129439561	129436784	3251	129437935	-1625	1626	-1151
chr11	71443313	71444909	71444884	1596	71444111	-798	798	773
chr11	73389759	73395104	73392284	5345	73392431	-2672	2673	-147
chr11	69672745	69675417	69673254	2672	69674081	-1336	1336	-827
chr11	652328	656466	654016	4138	654397	-2069	2069	-381
chr11	83165472	83167385	83165609	1913	83166428	-956	957	-819
chr11	65498987	65501167	65499150	2180	65500077	-1090	1090	-927
chr11	64787920	64791739	64789945	3819	64789829	-1909	1910	116
chr11	3089033	3094249	3090619	5216	3091641	-2608	2608	-1022
chr11	57310112	57313715	57312959	3603	57311913	-1801	1802	1046
chr11	57698453	57700408	57699097	1955	57699430	-977	978	-333
chr11	67351777	67354319	67352006	2542	67353048	-1271	1271	-1042
chr11	65498987	65501167	65500527	2180	65500077	-1090	1090	450
chr11	3669682	3671781	3669866	2099	3670731	-1049	1050	-865
chr11	67297068	67304049	67299885	6981	67300558	-3490	3491	-673
chr11	66335067	66338108	66336330	3041	66336587	-1520	1521	-257
chr11	117404867	117410730	117409694	5863	117407798	-2931	2932	1896
chr11	47421874	47424667	47422584	2793	47423270	-1396	1397	-686
chr11	4094095	4100411	4095019	6316	4097253	-3158	3158	-2234
chr11	117216251	117219361	117219151	3110	117217806	-1555	1555	1345
chr11	34051294	34053643	34052397	2349	34052468	-1174	1175	-71
chr11	66692864	66696045	66694340	3181	66694454	-1590	1591	-114
chr11	57688859	57691757	57690048	2898	57690308	-1449	1449	-260
chr11	67257039	67257708	67257393	669	67257373	-334	335	20
chr11	68158062	68158681	68158673	619	68158371	-309	310	302
chr11	72011255	72014299	72013551	3044	72012777	-1522	1522	774
chr11	119092225	119095843	119092416	3618	119094034	-1809	1809	-1618
chr11	62524834	62526755	62525133	1921	62525794	-960	961	-661
chr11	64316793	64322457	64318246	5664	64319625	-2832	2832	-1379
chr11	66668693	66672944	66669258	4251	66670818	-2125	2126	-1560
chr11	85663225	85666526	85664466	3301	85664875	-1650	1651	-409
chr11	65320958	65324008	65321056	3050	65322483	-1525	1525	-1427
chr11	65501854	65504991	65502547	3137	65503422	-1568	1569	-875
chr11	118629732	118636242	118631476	6510	118632987	-3255	3255	-1511
chr11	130195042	130201789	130198559	6747	130198415	-3373	3374	144
chr11	6606944	6613110	6609770	6166	6610027	-3083	3083	-257
chr11	3796635	3799013	3798010	2378	3797824	-1189	1189	186
chr11	57330046	57332546	57332233	2500	57331296	-1250	1250	937
chr11	65996412	66000833	65997583	4421	65998622	-2210	2211	-1039
chr11	67248238	67251335	67250414	3097	67249786	-1548	1549	628
chr11	72838624	72843622	72841455	4998	72841123	-2499	2499	332
chr11	62735693	62740158	62738317	4465	62737925	-2232	2233	392
chr11	62786458	62792801	62786559	6343	62789629	-3171	3172	-3070
chr11	57736464	57740504	57740483	4040	57738484	-2020	2020	1999
chr11	64851624	64856713	64854213	5089	64854168	-2544	2545	45
chr11	64205593	64210148	64207400	4555	64207870	-2277	2278	-470
chr11	63911228	63919010	63913997	7782	63915119	-3891	3891	-1122
chr11	64851624	64856713	64854774	5089	64854168	-2544	2545	606
chr11	1554068	1555459	1555161	1391	1554763	-695	696	398
chr11	58616739	58618178	58616764	1439	58617458	-719	720	-694
chr11	63901412	63903099	63902678	1687	63902255	-843	844	423
chr11	66470820	66473205	66471283	2385	66472012	-1192	1193	-729
chr11	68256777	68263353	68261947	6576	68260065	-3288	3288	1882
chr11	73869721	73875470	73872805	5749	73872595	-2874	2875	210
chr11	130195042	130201789	130196729	6747	130198415	-3373	3374	-1686
chr11	64216964	64223381	64219914	6417	64220172	-3208	3209	-258
chr11	66686420	66691997	66689147	5577	66689208	-2788	2789	-61
chr11	119092225	119095843	119093158	3618	119094034	-1809	1809	-876
chr11	65505028	65509115	65505373	4087	65507071	-2043	2044	-1698
chr11	65505028	65509115	65505705	4087	65507071	-2043	2044	-1366
chr11	65505028	65509115	65506461	4087	65507071	-2043	2044	-610
chr11	3701192	3703145	3702516	1953	3702168	-976	977	348
chr11	62786458	62792801	62786628	6343	62789629	-3171	3172	-3001
chr11	59575969	59577447	59576511	1478	59576708	-739	739	-197
chr11	45809387	45812715	45810956	3328	45811051	-1664	1664	-95
chr11	57302017	57307999	57302636	5982	57305008	-2991	2991	-2372
chr11	64851624	64856713	64854569	5089	64854168	-2544	2545	401
chr11	65286947	65289433	65287781	2486	65288190	-1243	1243	-409
chr11	126262717	126268473	126265421	5756	126265595	-2878	2878	-174
chr11	130132965	130135109	130133722	2144	130134037	-1072	1072	-315
chr11	62645684	62649727	62648063	4043	62647705	-2021	2022	358
chr11	639184	645283	640571	6099	642233	-3049	3050	-1662
chr11	119308545	119312905	119310877	4360	119310725	-2180	2180	152
chr11	588797	592412	591405	3615	590604	-1807	1808	801
chr11	20387058	20388266	20388031	1208	20387662	-604	604	369
chr11	46368773	46375416	46371484	6643	46372094	-3321	3322	-610
chr11	61513692	61521372	61516004	7680	61517532	-3840	3840	-1528
chr11	62137472	62143375	62138959	5903	62140423	-2951	2952	-1464
chr11	62624916	62632527	62629610	7611	62628721	-3805	3806	889
chr11	64316793	64322457	64316912	5664	64319625	-2832	2832	-2713
chr11	64787920	64791739	64789243	3819	64789829	-1909	1910	-586
chr11	66692864	66696045	66694254	3181	66694454	-1590	1591	-200
chr11	72813681	72815376	72814518	1695	72814528	-847	848	-10
chr11	117404867	117410730	117409736	5863	117407798	-2931	2932	1938
chr11	126291097	126294776	126294163	3679	126292936	-1839	1840	1227
chr11	65537607	65538625	65538393	1018	65538116	-509	509	277
chr11	47583589	47584446	47584386	857	47584017	-428	429	369
chr11	72776640	72782080	72781166	5440	72779360	-2720	2720	1806
chr11	72776640	72782080	72781167	5440	72779360	-2720	2720	1807
chr11	66698047	66701336	66699062	3289	66699691	-1644	1645	-629
chr11	45926495	45931329	45928271	4834	45928912	-2417	2417	-641
chr11	62531653	62533331	62533327	1678	62532492	-839	839	835
chr11	118758900	118759935	118758995	1035	118759417	-517	518	-422
chr11	45920272	45926469	45923505	6197	45923370	-3098	3099	135
chr11	3664560	3666878	3666300	2318	3665719	-1159	1159	581
chr11	34161571	34165542	34164704	3971	34163556	-1985	1986	1148
chr11	66835292	66839375	66838392	4083	66837333	-2041	2042	1059
chr11	72011255	72014299	72014053	3044	72012777	-1522	1522	1276
chr11	72014811	72019425	72018400	4614	72017118	-2307	2307	1282
chr11	47267926	47271655	47267977	3729	47269790	-1864	1865	-1813
chr11	57688859	57691757	57690251	2898	57690308	-1449	1449	-57
chr11	66692864	66696045	66693040	3181	66694454	-1590	1591	-1414
chr11	134159283	134160998	134160002	1715	134160140	-857	858	-138
chr11	61778311	61783553	61779839	5242	61780932	-2621	2621	-1093
chr11	62149540	62154249	62150205	4709	62151894	-2354	2355	-1689
chr11	65498987	65501167	65499074	2180	65500077	-1090	1090	-1003
chr11	68749969	68754612	68750528	4643	68752290	-2321	2322	-1762
chr11	117285846	117293161	117287355	7315	117289503	-3657	3658	-2148
chr11	72014811	72019425	72015639	4614	72017118	-2307	2307	-1479
chr11	72753693	72758080	72757856	4387	72755886	-2193	2194	1970
chr11	47321428	47329394	47323675	7966	47325411	-3983	3983	-1736
chr11	62598883	62605203	62604027	6320	62602043	-3160	3160	1984
chr11	64316793	64322457	64317092	5664	64319625	-2832	2832	-2533
chr11	66058139	66060260	66058935	2121	66059199	-1060	1061	-264
chr11	66229736	66236028	66233882	6292	66232882	-3146	3146	1000
chr11	66686420	66691997	66691410	5577	66689208	-2788	2789	2202
chr11	119174282	119181124	119180272	6842	119177703	-3421	3421	2569
chr11	126262717	126268473	126266866	5756	126265595	-2878	2878	1271
chr11	62531653	62533331	62533067	1678	62532492	-839	839	575
chr11	64851624	64856713	64854576	5089	64854168	-2544	2545	408
chr11	65537607	65538625	65537878	1018	65538116	-509	509	-238
chr11	46395872	46402754	46397739	6882	46399313	-3441	3441	-1574
chr11	63901412	63903099	63902282	1687	63902255	-843	844	27
chr11	67467743	67471352	67468018	3609	67469547	-1804	1805	-1529
chr11	72105292	72112069	72110481	6777	72108680	-3388	3389	1801
chr11	83165472	83167385	83166652	1913	83166428	-956	957	224
chr11	865739	871044	865764	5305	868391	-2652	2653	-2627
chr11	46675195	46681354	46681331	6159	46678274	-3079	3080	3057
chr11	126262717	126268473	126263969	5756	126265595	-2878	2878	-1626
chr11	47573010	47575600	47573264	2590	47574305	-1295	1295	-1041
chr11	126262717	126268473	126265099	5756	126265595	-2878	2878	-496
chr11	62835457	62837633	62835981	2176	62836545	-1088	1088	-564
chr11	65296629	65300471	65297370	3842	65298550	-1921	1921	-1180
chr11	45809387	45812715	45810786	3328	45811051	-1664	1664	-265
chr11	3796635	3799013	3797949	2378	3797824	-1189	1189	125
chr11	124625342	124627603	124625899	2261	124626472	-1130	1131	-573
chr11	3089033	3094249	3090660	5216	3091641	-2608	2608	-981
chr11	46375539	46383449	46379011	7910	46379494	-3955	3955	-483
chr11	130195042	130201789	130198408	6747	130198415	-3373	3374	-7
chr11	7994925	7996248	7995013	1323	7995586	-661	662	-573
chr11	61342227	61346063	61345527	3836	61344145	-1918	1918	1382
chr11	62624916	62632527	62629294	7611	62628721	-3805	3806	573
chr11	64851624	64856713	64855483	5089	64854168	-2544	2545	1315
chr11	68780244	68785602	68784834	5358	68782923	-2679	2679	1911
chr11	47409487	47416455	47415084	6968	47412971	-3484	3484	2113
chr11	126262717	126268473	126266529	5756	126265595	-2878	2878	934
chr11	58616739	58618178	58617434	1439	58617458	-719	720	-24
chr11	66668693	66672944	66668814	4251	66670818	-2125	2126	-2004
chr11	10803157	10803944	10803285	787	10803550	-393	394	-265
chr11	66254364	66259748	66258645	5384	66257056	-2692	2692	1589
chr11	65498987	65501167	65500966	2180	65500077	-1090	1090	889
chr11	65501854	65504991	65501983	3137	65503422	-1568	1569	-1439
chr11	64216964	64223381	64219776	6417	64220172	-3208	3209	-396
chr11	67308074	67315656	67311848	7582	67311865	-3791	3791	-17
chr11	118908970	118913728	118910045	4758	118911349	-2379	2379	-1304
chr11	378381	382101	380848	3720	380241	-1860	1860	607
chr11	62824059	62826967	62825420	2908	62825513	-1454	1454	-93
chr11	118479131	118485719	118484197	6588	118482425	-3294	3294	1772
chr11	119308545	119312905	119311539	4360	119310725	-2180	2180	814
chr11	66436983	66442629	66437244	5646	66439806	-2823	2823	-2562
chr11	77666223	77667494	77667296	1271	77666858	-635	636	438
chr11	66001614	66005880	66003368	4266	66003747	-2133	2133	-379
chr11	126274286	126278158	126277499	3872	126276222	-1936	1936	1277
chr11	1446462	1450233	1449788	3771	1448347	-1885	1886	1441
chr11	770928	774403	770961	3475	772665	-1737	1738	-1704
chr11	47321428	47329394	47323719	7966	47325411	-3983	3983	-1692
chr11	62908128	62912016	62910930	3888	62910072	-1944	1944	858
chr11	66698047	66701336	66699568	3289	66699691	-1644	1645	-123
chr11	61778311	61783553	61779892	5242	61780932	-2621	2621	-1040
chr11	75403844	75405681	75404679	1837	75404762	-918	919	-83
chr11	6680696	6683979	6682178	3283	6682337	-1641	1642	-159
chr11	64316793	64322457	64319767	5664	64319625	-2832	2832	142
chr11	94797765	94801624	94799939	3859	94799694	-1929	1930	245
chr11	34091179	34095288	34091975	4109	34093233	-2054	2055	-1258
chr11	129882930	129885873	129884748	2943	129884401	-1471	1472	347
chr11	66686420	66691997	66687509	5577	66689208	-2788	2789	-1699
chr11	57330046	57332546	57332396	2500	57331296	-1250	1250	1100
chr11	62645684	62649727	62647027	4043	62647705	-2021	2022	-678
chr11	47448285	47451711	47449014	3426	47449998	-1713	1713	-984
chr11	72838624	72843622	72842882	4998	72841123	-2499	2499	1759
chr11	66686420	66691997	66689930	5577	66689208	-2788	2789	722
chr11	62735693	62740158	62738428	4465	62737925	-2232	2233	503
chr11	73307065	73312027	73311225	4962	73309546	-2481	2481	1679
chr11	65204574	65205966	65204821	1392	65205270	-696	696	-449
chr11	62804927	62807252	62805386	2325	62806089	-1162	1163	-703
chr11	63911228	63919010	63915576	7782	63915119	-3891	3891	457
chr11	68256777	68263353	68262763	6576	68260065	-3288	3288	2698
chr11	378381	382101	379938	3720	380241	-1860	1860	-303
chr11	526957	534085	533450	7128	530521	-3564	3564	2929
chr11	639184	645283	640489	6099	642233	-3049	3050	-1744
chr11	3117270	3121563	3119575	4293	3119416	-2146	2147	159
chr11	3822916	3824712	3824071	1796	3823814	-898	898	257
chr11	6606944	6613110	6610165	6166	6610027	-3083	3083	138
chr11	34136425	34139959	34139425	3534	34138192	-1767	1767	1233
chr11	44930624	44932474	44930781	1850	44931549	-925	925	-768
chr11	46375539	46383449	46375941	7910	46379494	-3955	3955	-3553
chr11	47409487	47416455	47414478	6968	47412971	-3484	3484	1507
chr11	47409487	47416455	47414617	6968	47412971	-3484	3484	1646
chr11	47573010	47575600	47573294	2590	47574305	-1295	1295	-1011
chr11	57321490	57325061	57321798	3571	57323275	-1785	1786	-1477
chr11	58616739	58618178	58617555	1439	58617458	-719	720	97
chr11	61342227	61346063	61345901	3836	61344145	-1918	1918	1756
chr11	62624916	62632527	62627110	7611	62628721	-3805	3806	-1611
chr11	62908128	62912016	62910021	3888	62910072	-1944	1944	-51
chr11	63911228	63919010	63914488	7782	63915119	-3891	3891	-631
chr11	63997603	64002113	64000242	4510	63999858	-2255	2255	384
chr11	64201600	64204790	64204236	3190	64203195	-1595	1595	1041
chr11	64271351	64275589	64271640	4238	64273470	-2119	2119	-1830
chr11	65890396	65896612	65894032	6216	65893504	-3108	3108	528
chr11	67297068	67304049	67298825	6981	67300558	-3490	3491	-1733
chr11	67297068	67304049	67299089	6981	67300558	-3490	3491	-1469
chr11	67308074	67315656	67309482	7582	67311865	-3791	3791	-2383
chr11	70371196	70374658	70372182	3462	70372927	-1731	1731	-745
chr11	71436861	71441992	71438943	5131	71439426	-2565	2566	-483
chr11	71477344	71483186	71478416	5842	71480265	-2921	2921	-1849
chr11	71489870	71492749	71490923	2879	71491309	-1439	1440	-386
chr11	72014811	72019425	72015719	4614	72017118	-2307	2307	-1399
chr11	72014811	72019425	72016029	4614	72017118	-2307	2307	-1089
chr11	72233961	72240637	72238045	6676	72237299	-3338	3338	746
chr11	78215624	78219868	78219325	4244	78217746	-2122	2122	1579
chr11	119174282	119181124	119174576	6842	119177703	-3421	3421	-3127
chr11	71498484	71504305	71501313	5821	71501394	-2910	2911	-81
chr11	68256777	68263353	68261729	6576	68260065	-3288	3288	1664
chr11	526957	534085	533787	7128	530521	-3564	3564	3266
chr11	66339780	66343268	66341215	3488	66341524	-1744	1744	-309
chr11	6606944	6613110	6608113	6166	6610027	-3083	3083	-1914
chr11	62796299	62798223	62797209	1924	62797261	-962	962	-52
chr11	64310996	64316646	64314910	5650	64313821	-2825	2825	1089
chr11	588797	592412	591436	3615	590604	-1807	1808	832
chr11	3701192	3703145	3702801	1953	3702168	-976	977	633
chr11	44077125	44080767	44077730	3642	44078946	-1821	1821	-1216
chr11	47230722	47232997	47232876	2275	47231859	-1137	1138	1017
chr11	47236716	47241595	47237938	4879	47239155	-2439	2440	-1217
chr11	59806518	59807564	59806548	1046	59807041	-523	523	-493
chr11	61342227	61346063	61344239	3836	61344145	-1918	1918	94
chr11	62598883	62605203	62603216	6320	62602043	-3160	3160	1173
chr11	64851624	64856713	64854435	5089	64854168	-2544	2545	267
chr11	68158062	68158681	68158185	619	68158371	-309	310	-186
chr11	72014811	72019425	72014886	4614	72017118	-2307	2307	-2232
chr11	118369592	118371779	118371601	2187	118370685	-1093	1094	916
chr11	118519138	118520902	118519702	1764	118520020	-882	882	-318
chr11	119026377	119029152	119028251	2775	119027764	-1387	1388	487
chr11	119174282	119181124	119175142	6842	119177703	-3421	3421	-2561
chr11	119308545	119312905	119310441	4360	119310725	-2180	2180	-284
chr11	119308545	119312905	119312300	4360	119310725	-2180	2180	1575
chr11	126274286	126278158	126277621	3872	126276222	-1936	1936	1399
chr11	126291097	126294776	126293040	3679	126292936	-1839	1840	104
chr11	3045988	3050471	3047825	4483	3048229	-2241	2242	-404
chr11	46787416	46790165	46788711	2749	46788790	-1374	1375	-79
chr11	62668867	62670380	62669930	1513	62669623	-756	757	307
chr11	66624045	66630417	66625096	6372	66627231	-3186	3186	-2135
chr11	68890061	68894141	68891325	4080	68892101	-2040	2040	-776
chr11	556590	563950	563350	7360	560270	-3680	3680	3080
chr11	64223872	64227729	64227639	3857	64225800	-1928	1929	1839
chr11	83165472	83167385	83166691	1913	83166428	-956	957	263
chr11	66229736	66236028	66230933	6292	66232882	-3146	3146	-1949
chr11	46395872	46402754	46397656	6882	46399313	-3441	3441	-1657
chr11	64216964	64223381	64219350	6417	64220172	-3208	3209	-822
chr11	83165472	83167385	83165609	1913	83166428	-956	957	-819
chr11	118502921	118504676	118504507	1755	118503798	-877	878	709
chr11	62645684	62649727	62648688	4043	62647705	-2021	2022	983
chr11	3796635	3799013	3797920	2378	3797824	-1189	1189	96
chr11	60890235	60891754	60891211	1519	60890994	-759	760	217
chr11	62660241	62667273	62665452	7032	62663757	-3516	3516	1695
chr11	45920272	45926469	45924229	6197	45923370	-3098	3099	859
chr11	3822916	3824712	3823960	1796	3823814	-898	898	146
chr11	652328	656466	654013	4138	654397	-2069	2069	-384
chr11	64859018	64861219	64860301	2201	64860118	-1100	1101	183
chr11	119308545	119312905	119310468	4360	119310725	-2180	2180	-257
chr11	62908128	62912016	62910115	3888	62910072	-1944	1944	43
chr11	3124137	3128605	3126503	4468	3126371	-2234	2234	132
chr11	65124683	65127219	65125967	2536	65125951	-1268	1268	16
chr11	44077125	44080767	44079500	3642	44078946	-1821	1821	554
chr11	57698453	57700408	57700005	1955	57699430	-977	978	575
chr11	68933571	68937759	68933841	4188	68935665	-2094	2094	-1824
chr11	8708510	8714807	8710852	6297	8711658	-3148	3149	-806
chr11	6606944	6613110	6609077	6166	6610027	-3083	3083	-950
chr11	46778413	46784010	46783357	5597	46781211	-2798	2799	2146
chr11	62645684	62649727	62648995	4043	62647705	-2021	2022	1290
chr11	62668867	62670380	62670027	1513	62669623	-756	757	404
chr11	65086044	65089150	65087351	3106	65087597	-1553	1553	-246
chr11	68933571	68937759	68936659	4188	68935665	-2094	2094	994
chr11	72014811	72019425	72016156	4614	72017118	-2307	2307	-962
chr11	119174282	119181124	119179788	6842	119177703	-3421	3421	2085
chr11	129882930	129885873	129884814	2943	129884401	-1471	1472	413
chr11	66058139	66060260	66059037	2121	66059199	-1060	1061	-162
chr11	46395872	46402754	46397315	6882	46399313	-3441	3441	-1998
chr11	65296629	65300471	65297143	3842	65298550	-1921	1921	-1407
chr11	67308074	67315656	67309868	7582	67311865	-3791	3791	-1997
chr11	62624916	62632527	62628822	7611	62628721	-3805	3806	101
chr11	32097386	32101455	32098440	4069	32099420	-2034	2035	-980
chr11	67489750	67497730	67497258	7980	67493740	-3990	3990	3518
chr11	34161571	34165542	34162730	3971	34163556	-1985	1986	-826
chr11	83165472	83167385	83166611	1913	83166428	-956	957	183
chr11	119087377	119092039	119088262	4662	119089708	-2331	2331	-1446
chr11	65876177	65883826	65881460	7649	65880001	-3824	3825	1459
chr11	72838624	72843622	72843079	4998	72841123	-2499	2499	1956
chr11	67351777	67354319	67353499	2542	67353048	-1271	1271	451
chr11	119092225	119095843	119095272	3618	119094034	-1809	1809	1238
chr11	62531653	62533331	62532615	1678	62532492	-839	839	123
chr11	64851624	64856713	64854369	5089	64854168	-2544	2545	201
chr11	119015794	119017017	119015874	1223	119016405	-611	612	-531
chr11	46375539	46383449	46382098	7910	46379494	-3955	3955	2604
chr11	67364256	67367946	67365492	3690	67366101	-1845	1845	-609
chr11	126291097	126294776	126292931	3679	126292936	-1839	1840	-5
chr11	65296629	65300471	65297143	3842	65298550	-1921	1921	-1407
chr11	67308074	67315656	67309962	7582	67311865	-3791	3791	-1903
chr11	129870713	129874079	129873075	3366	129872396	-1683	1683	679
chr11	66528663	66533092	66531762	4429	66530877	-2214	2215	885
chr11	66668693	66672944	66669216	4251	66670818	-2125	2126	-1602
chr11	34136425	34139959	34139416	3534	34138192	-1767	1767	1224
chr11	94797765	94801624	94799670	3859	94799694	-1929	1930	-24
chr11	61342227	61346063	61344168	3836	61344145	-1918	1918	23
chr11	66493841	66497453	66497353	3612	66495647	-1806	1806	1706
chr11	57330046	57332546	57332389	2500	57331296	-1250	1250	1093
chr11	62668867	62670380	62669895	1513	62669623	-756	757	272
chr11	72825519	72833354	72826814	7835	72829436	-3917	3918	-2622
chr11	62595677	62597359	62596056	1682	62596518	-841	841	-462
chr11	68027744	68032802	68027772	5058	68030273	-2529	2529	-2501
chr11	72776640	72782080	72781152	5440	72779360	-2720	2720	1792
chr11	526957	534085	532642	7128	530521	-3564	3564	2121
chr11	62786458	62792801	62791722	6343	62789629	-3171	3172	2093
chr11	66436983	66442629	66437371	5646	66439806	-2823	2823	-2435
chr11	66698047	66701336	66701232	3289	66699691	-1644	1645	1541
chr11	72699084	72702930	72699502	3846	72701007	-1923	1923	-1505
chr11	47471655	47474223	47473178	2568	47472939	-1284	1284	239
chr11	67489750	67497730	67495131	7980	67493740	-3990	3990	1391
chr11	47236716	47241595	47240003	4879	47239155	-2439	2440	848
chr11	2954631	2956024	2954648	1393	2955327	-696	697	-679
chr11	62572951	62576539	62576046	3588	62574745	-1794	1794	1301
chr11	83165472	83167385	83166279	1913	83166428	-956	957	-149
chr11	117285846	117293161	117289538	7315	117289503	-3657	3658	35
chr11	6479889	6482315	6481491	2426	6481102	-1213	1213	389
chr11	64768857	64769933	64769297	1076	64769395	-538	538	-98
chr11	66229736	66236028	66230905	6292	66232882	-3146	3146	-1977
chr11	59575969	59577447	59576189	1478	59576708	-739	739	-519
chr11	70378043	70380087	70378309	2044	70379065	-1022	1022	-756
chr11	62884595	62890157	62884646	5562	62887376	-2781	2781	-2730
chr11	118751761	118756715	118755480	4954	118754238	-2477	2477	1242
chr11	126262717	126268473	126266794	5756	126265595	-2878	2878	1199
chr11	126262717	126268473	126267695	5756	126265595	-2878	2878	2100
chr11	126262717	126268473	126268029	5756	126265595	-2878	2878	2434
chr11	66052012	66054985	66052402	2973	66053498	-1486	1487	-1096
chr11	62690078	62693132	62691134	3054	62691605	-1527	1527	-471
chr11	126262717	126268473	126263782	5756	126265595	-2878	2878	-1813
chr11	62128773	62134209	62130038	5436	62131491	-2718	2718	-1453
chr11	116894351	116896401	116896251	2050	116895376	-1025	1025	875
chr11	57698453	57700408	57698662	1955	57699430	-977	978	-768
chr11	117285846	117293161	117288000	7315	117289503	-3657	3658	-1503
chr11	46703637	46709031	46704611	5394	46706334	-2697	2697	-1723
chr11	112086564	112088770	112086714	2206	112087667	-1103	1103	-953
chr11	126274286	126278158	126277022	3872	126276222	-1936	1936	800
chr11	67489750	67497730	67494041	7980	67493740	-3990	3990	301
chr11	70378043	70380087	70378166	2044	70379065	-1022	1022	-899
chr11	65086044	65089150	65086770	3106	65087597	-1553	1553	-827
chr11	65086044	65089150	65087060	3106	65087597	-1553	1553	-537
chr11	58578278	58580336	58579566	2058	58579307	-1029	1029	259
chr11	68780244	68785602	68784852	5358	68782923	-2679	2679	1929
chr11	47409487	47416455	47415347	6968	47412971	-3484	3484	2376
chr11	57321490	57325061	57321922	3571	57323275	-1785	1786	-1353
chr11	62531653	62533331	62533130	1678	62532492	-839	839	638
chr11	64859018	64861219	64859966	2201	64860118	-1100	1101	-152
chr11	66273975	66280041	66276134	6066	66277008	-3033	3033	-874
chr11	3701192	3703145	3702668	1953	3702168	-976	977	500
chr11	32097386	32101455	32098410	4069	32099420	-2034	2035	-1010
chr11	44077125	44080767	44078993	3642	44078946	-1821	1821	47
chr11	45809387	45812715	45811173	3328	45811051	-1664	1664	122
chr11	47448285	47451711	47449006	3426	47449998	-1713	1713	-992
chr11	57698453	57700408	57698955	1955	57699430	-977	978	-475
chr11	64851624	64856713	64854501	5089	64854168	-2544	2545	333
chr11	65501854	65504991	65504474	3137	65503422	-1568	1569	1052
chr11	66522673	66525987	66523500	3314	66524330	-1657	1657	-830
chr11	68016484	68019893	68019747	3409	68018188	-1704	1705	1559
chr11	72825519	72833354	72828476	7835	72829436	-3917	3918	-960
chr11	74253098	74255847	74253618	2749	74254472	-1374	1375	-854
chr11	117285846	117293161	117289107	7315	117289503	-3657	3658	-396
chr11	57330046	57332546	57332151	2500	57331296	-1250	1250	855
chr11	62786458	62792801	62790632	6343	62789629	-3171	3172	1003
chr11	64201600	64204790	64203208	3190	64203195	-1595	1595	13
chr11	35615897	35621324	35619828	5427	35618610	-2713	2714	1218
chr11	63911228	63919010	63914320	7782	63915119	-3891	3891	-799
chr11	119092225	119095843	119093946	3618	119094034	-1809	1809	-88
chr11	62598883	62605203	62604189	6320	62602043	-3160	3160	2146
chr11	119087377	119092039	119088843	4662	119089708	-2331	2331	-865
chr11	57527187	57529455	57528645	2268	57528321	-1134	1134	324
chr11	66535115	66541098	66539418	5983	66538106	-2991	2992	1312
chr12	6670572	6673593	6673404	3021	6672082	-1510	1511	1322
chr12	111443001	111449877	111448423	6876	111446439	-3438	3438	1984
chr12	57600406	57603426	57600413	3020	57601916	-1510	1510	-1503
chr12	57600406	57603426	57600907	3020	57601916	-1510	1510	-1009
chr12	57600406	57603426	57601676	3020	57601916	-1510	1510	-240
chr12	56234018	56240085	56237669	6067	56237051	-3033	3034	618
chr12	120993188	121000590	120993679	7402	120996889	-3701	3701	-3210
chr12	50460379	50464227	50462591	3848	50462303	-1924	1924	288
chr12	50465771	50467213	50466984	1442	50466492	-721	721	492
chr12	54278785	54284447	54283121	5662	54281616	-2831	2831	1505
chr12	54278785	54284447	54284364	5662	54281616	-2831	2831	2748
chr12	120196260	120198087	120196821	1827	120197173	-913	914	-352
chr12	56234018	56240085	56235693	6067	56237051	-3033	3034	-1358
chr12	57532371	57535893	57534043	3522	57534132	-1761	1761	-89
chr12	118067918	118070671	118068589	2753	118069294	-1376	1377	-705
chr12	31086661	31090533	31089352	3872	31088597	-1936	1936	755
chr12	56317368	56321971	56317581	4603	56319669	-2301	2302	-2088
chr12	57266661	57271217	57266815	4556	57268939	-2278	2278	-2124
chr12	56001962	56008616	56003837	6654	56005289	-3327	3327	-1452
chr12	56713295	56719033	56718445	5738	56716164	-2869	2869	2281
chr12	53187066	53190701	53187586	3635	53188883	-1817	1818	-1297
chr12	31092596	31099534	31096940	6938	31096065	-3469	3469	875
chr12	119987958	119991032	119990196	3074	119989495	-1537	1537	701
chr12	6676896	6679314	6678968	2418	6678105	-1209	1209	863
chr12	6591339	6594266	6593114	2927	6592802	-1463	1464	312
chr12	56097722	56102514	56102184	4792	56100118	-2396	2396	2066
chr12	56428829	56431607	56431571	2778	56430218	-1389	1389	1353
chr12	6969236	6974302	6970885	5066	6971769	-2533	2533	-884
chr12	53191131	53194619	53193803	3488	53192875	-1744	1744	928
chr12	124812697	124817554	124814276	4857	124815125	-2428	2429	-849
chr12	132617879	132624092	132621642	6213	132620985	-3106	3107	657
chr12	56001962	56008616	56005004	6654	56005289	-3327	3327	-285
chr12	57762373	57767444	57764150	5071	57764908	-2535	2536	-758
chr12	125135522	125143141	125136663	7619	125139331	-3809	3810	-2668
chr12	113386096	113392622	113387749	6526	113389359	-3263	3263	-1610
chr12	53196395	53199824	53196944	3429	53198109	-1714	1715	-1165
chr12	53215397	53218511	53215718	3114	53216954	-1557	1557	-1236
chr12	49323871	49326498	49323957	2627	49325184	-1313	1314	-1227
chr12	6938733	6943679	6938844	4946	6941206	-2473	2473	-2362
chr12	104303836	104304780	104304430	944	104304308	-472	472	122
chr12	6326872	6328797	6327436	1925	6327834	-962	963	-398
chr12	48824586	48830766	48828121	6180	48827676	-3090	3090	445
chr12	6591339	6594266	6593169	2927	6592802	-1463	1464	367
chr12	109907896	109909423	109908642	1527	109908659	-763	764	-17
chr12	49041094	49042700	49042626	1606	49041897	-803	803	729
chr12	56713295	56719033	56716478	5738	56716164	-2869	2869	314
chr12	57266661	57271217	57266824	4556	57268939	-2278	2278	-2115
chr12	7017287	7019686	7018425	2399	7018486	-1199	1200	-61
chr12	50094725	50100085	50099088	5360	50097405	-2680	2680	1683
chr12	51364994	51366471	51365519	1477	51365732	-738	739	-213
chr12	121802646	121805968	121804811	3322	121804307	-1661	1661	504
chr12	53209102	53212236	53211396	3134	53210669	-1567	1567	727
chr12	51063498	51065439	51064047	1941	51064468	-970	971	-421
chr12	53191131	53194619	53191473	3488	53192875	-1744	1744	-1402
chr12	55723690	55726332	55724380	2642	55725011	-1321	1321	-631
chr12	56092847	56095181	56093363	2334	56094014	-1167	1167	-651
chr12	56132433	56137618	56132452	5185	56135025	-2592	2593	-2573
chr12	66304157	66305903	66304737	1746	66305030	-873	873	-293
chr12	113152271	113159177	113157772	6906	113155724	-3453	3453	2048
chr12	6199467	6204063	6200497	4596	6201765	-2298	2298	-1268
chr12	54008956	54012581	54009632	3625	54010768	-1812	1813	-1136
chr12	124400323	124404953	124402541	4630	124402638	-2315	2315	-97
chr12	125135522	125143141	125136822	7619	125139331	-3809	3810	-2509
chr12	6591339	6594266	6593113	2927	6592802	-1463	1464	311
chr12	92143582	92146790	92144277	3208	92145186	-1604	1604	-909
chr12	121649859	121656331	121653110	6472	121653095	-3236	3236	15
chr12	57744865	57750409	57745220	5544	57747637	-2772	2772	-2417
chr12	1784791	1786714	1786193	1923	1785752	-961	962	441
chr12	6933139	6938324	6936184	5185	6935731	-2592	2593	453
chr12	49030583	49035164	49032991	4581	49032873	-2290	2291	118
chr12	6676896	6679314	6678417	2418	6678105	-1209	1209	312
chr12	6938733	6943679	6941424	4946	6941206	-2473	2473	218
chr12	47779066	47783305	47780654	4239	47781185	-2119	2120	-531
chr12	53407290	53411807	53409514	4517	53409548	-2258	2259	-34
chr12	53479728	53483476	53481235	3748	53481602	-1874	1874	-367
chr12	56092847	56095181	56094444	2334	56094014	-1167	1167	430
chr12	57498044	57500093	57498244	2049	57499068	-1024	1025	-824
chr12	109913832	109917004	109916633	3172	109915418	-1586	1586	1215
chr12	124908910	124915502	124913484	6592	124912206	-3296	3296	1278
chr12	132816587	132819835	132816787	3248	132818211	-1624	1624	-1424
chr12	6554777	6557418	6557101	2641	6556097	-1320	1321	1004
chr12	55900722	55903559	55901791	2837	55902140	-1418	1419	-349
chr12	56227839	56232891	56232780	5052	56230365	-2526	2526	2415
chr12	100266150	100268029	100266975	1879	100267089	-939	940	-114
chr12	122474070	122476224	122474107	2154	122475147	-1077	1077	-1040
chr12	6591339	6594266	6591732	2927	6592802	-1463	1464	-1070
chr12	6933139	6938324	6936298	5185	6935731	-2592	2593	567
chr12	1592135	1595391	1593719	3256	1593763	-1628	1628	-44
chr12	100266150	100268029	100266952	1879	100267089	-939	940	-137
chr12	47779066	47783305	47781049	4239	47781185	-2119	2120	-136
chr12	111443001	111449877	111447500	6876	111446439	-3438	3438	1061
chr12	113936788	113942118	113940154	5330	113939453	-2665	2665	701
chr12	12716324	12719045	12718283	2721	12717684	-1360	1361	599
chr12	132617879	132624092	132620469	6213	132620985	-3106	3107	-516
chr12	1592135	1595391	1593207	3256	1593763	-1628	1628	-556
chr12	14773939	14775891	14775769	1952	14774915	-976	976	854
chr12	53218970	53222745	53219961	3775	53220857	-1887	1888	-896
chr12	79933415	79936322	79935175	2907	79934868	-1453	1454	307
chr12	132572137	132578588	132572337	6451	132575362	-3225	3226	-3025
chr12	124908910	124915502	124911706	6592	124912206	-3296	3296	-500
chr12	108522872	108525222	108523286	2350	108524047	-1175	1175	-761
chr12	57750622	57756759	57750982	6137	57753690	-3068	3069	-2708
chr12	56126774	56129585	56128574	2811	56128179	-1405	1406	395
chr12	53191131	53194619	53193838	3488	53192875	-1744	1744	963
chr12	6844685	6849861	6846796	5176	6847273	-2588	2588	-477
chr12	48836020	48839631	48836902	3611	48837825	-1805	1806	-923
chr12	56152494	56154173	56154070	1679	56153333	-839	840	737
chr12	121649859	121656331	121653129	6472	121653095	-3236	3236	34
chr12	132703125	132707151	132704801	4026	132705138	-2013	2013	-337
chr12	49129252	49131928	49131374	2676	49130590	-1338	1338	784
chr12	49041094	49042700	49042568	1606	49041897	-803	803	671
chr12	56234018	56240085	56236405	6067	56237051	-3033	3034	-646
chr12	120196260	120198087	120197330	1827	120197173	-913	914	157
chr12	49272639	49274492	49272898	1853	49273565	-926	927	-667
chr12	49562211	49568229	49563467	6018	49565220	-3009	3009	-1753
chr12	2823420	2825513	2824230	2093	2824466	-1046	1047	-236
chr12	125135522	125143141	125142243	7619	125139331	-3809	3810	2912
chr12	124011995	124014983	124014250	2988	124013489	-1494	1494	761
chr12	120196260	120198087	120196905	1827	120197173	-913	914	-268
chr12	6199467	6204063	6200507	4596	6201765	-2298	2298	-1258
chr12	79933415	79936322	79935002	2907	79934868	-1453	1454	134
chr12	74538397	74541071	74539263	2674	74539734	-1337	1337	-471
chr12	6938733	6943679	6941471	4946	6941206	-2473	2473	265
chr12	57768586	57773918	57769071	5332	57771252	-2666	2666	-2181
chr12	120578605	120581408	120581142	2803	120580006	-1401	1402	1136
chr12	120993188	121000590	120996569	7402	120996889	-3701	3701	-320
chr12	6536752	6539496	6537608	2744	6538124	-1372	1372	-516
chr12	120211582	120217953	120212294	6371	120214767	-3185	3186	-2473
chr12	122938159	122946081	122940077	7922	122942120	-3961	3961	-2043
chr12	6388560	6392626	6391128	4066	6390593	-2033	2033	535
chr12	49741094	49742694	49742016	1600	49741894	-800	800	122
chr12	56097722	56102514	56102295	4792	56100118	-2396	2396	2177
chr12	56126774	56129585	56128681	2811	56128179	-1405	1406	502
chr12	56179428	56183498	56181536	4070	56181463	-2035	2035	73
chr12	57624289	57626960	57625715	2671	57625624	-1335	1336	91
chr12	103977342	103981821	103980906	4479	103979581	-2239	2240	1325
chr12	120578605	120581408	120579134	2803	120580006	-1401	1402	-872
chr12	55723690	55726332	55725522	2642	55725011	-1321	1321	511
chr12	51357971	51360254	51359378	2283	51359112	-1141	1142	266
chr12	56116696	56117130	56116790	434	56116913	-217	217	-123
chr12	122579413	122584342	122582874	4929	122581877	-2464	2465	997
chr12	48856534	48860307	48858044	3773	48858420	-1886	1887	-376
chr12	49330806	49332085	49330869	1279	49331445	-639	640	-576
chr12	6316170	6319022	6318332	2852	6317596	-1426	1426	736
chr12	49035435	49038705	49037651	3270	49037070	-1635	1635	581
chr12	48856534	48860307	48857176	3773	48858420	-1886	1887	-1244
chr12	55821315	55824182	55822056	2867	55822748	-1433	1434	-692
chr12	56001962	56008616	56003869	6654	56005289	-3327	3327	-1420
chr12	56001962	56008616	56004739	6654	56005289	-3327	3327	-550
chr12	56342696	56346344	56346154	3648	56344520	-1824	1824	1634
chr12	56599343	56606181	56600388	6838	56602762	-3419	3419	-2374
chr12	113281527	113289453	113284615	7926	113285490	-3963	3963	-875
chr12	131914699	131921918	131920055	7219	131918308	-3609	3610	1747
chr12	69573423	69574586	69574090	1163	69574004	-581	582	86
chr12	12716324	12719045	12718824	2721	12717684	-1360	1361	1140
chr12	46370707	46374683	46371271	3976	46372695	-1988	1988	-1424
chr12	120094775	120096551	120096535	1776	120095663	-888	888	872
chr12	49562211	49568229	49563003	6018	49565220	-3009	3009	-2217
chr12	53290797	53294348	53292383	3551	53292572	-1775	1776	-189
chr12	53302292	53308629	53308507	6337	53305460	-3168	3169	3047
chr12	55821315	55824182	55822111	2867	55822748	-1433	1434	-637
chr12	46370707	46374683	46371339	3976	46372695	-1988	1988	-1356
chr12	132617879	132624092	132621606	6213	132620985	-3106	3107	621
chr12	57516638	57518417	57516892	1779	57517527	-889	890	-635
chr12	113152271	113159177	113158751	6906	113155724	-3453	3453	3027
chr12	120128212	120130975	120129306	2763	120129593	-1381	1382	-287
chr12	57731610	57736520	57731828	4910	57734065	-2455	2455	-2237
chr12	49001354	49003450	49002742	2096	49002402	-1048	1048	340
chr12	1784791	1786714	1786322	1923	1785752	-961	962	570
chr12	111443001	111449877	111448464	6876	111446439	-3438	3438	2025
chr12	6591339	6594266	6593472	2927	6592802	-1463	1464	670
chr12	100266150	100268029	100267073	1879	100267089	-939	940	-16
chr12	9422990	9429856	9425582	6866	9426423	-3433	3433	-841
chr12	2817632	2823210	2820180	5578	2820421	-2789	2789	-241
chr12	120152117	120158723	120155340	6606	120155420	-3303	3303	-80
chr12	130870304	130876197	130873084	5893	130873250	-2946	2947	-166
chr12	131710994	131712861	131711433	1867	131711927	-933	934	-494
chr12	6777036	6779561	6777285	2525	6778298	-1262	1263	-1013
chr12	31092596	31099534	31096348	6938	31096065	-3469	3469	283
chr12	132717478	132721286	132720708	3808	132719382	-1904	1904	1326
chr12	57527681	57530135	57528372	2454	57528908	-1227	1227	-536
chr12	6591339	6594266	6592041	2927	6592802	-1463	1464	-761
chr12	69261741	69262758	69262527	1017	69262249	-508	509	278
chr12	113159239	113162377	113161311	3138	113160808	-1569	1569	503
chr12	120099547	120106931	120103918	7384	120103239	-3692	3692	679
chr12	49030583	49035164	49033945	4581	49032873	-2290	2291	1072
chr12	124908910	124915502	124912411	6592	124912206	-3296	3296	205
chr12	53454646	53455693	53455490	1047	53455169	-523	524	321
chr12	6670572	6673593	6673416	3021	6672082	-1510	1511	1334
chr12	31103145	31108727	31103373	5582	31105936	-2791	2791	-2563
chr12	49016771	49019074	49018768	2303	49017922	-1151	1152	846
chr12	49045595	49048539	49046715	2944	49047067	-1472	1472	-352
chr12	109088078	109090075	109088414	1997	109089076	-998	999	-662
chr12	132617879	132624092	132621555	6213	132620985	-3106	3107	570
chr12	124908910	124915502	124913265	6592	124912206	-3296	3296	1059
chr12	52169964	52174040	52171486	4076	52172002	-2038	2038	-516
chr12	120563415	120566419	120563812	3004	120564917	-1502	1502	-1105
chr12	132673228	132676339	132675737	3111	132674783	-1555	1556	954
chr12	110373484	110374307	110374115	823	110373895	-411	412	220
chr12	118399516	118403985	118401805	4469	118401750	-2234	2235	55
chr12	123263359	123267825	123267204	4466	123265592	-2233	2233	1612
chr12	56227839	56232891	56231435	5052	56230365	-2526	2526	1070
chr12	122225007	122227498	122226015	2491	122226252	-1245	1246	-237
chr12	122056059	122059222	122059179	3163	122057640	-1581	1582	1539
chr12	12716324	12719045	12717919	2721	12717684	-1360	1361	235
chr12	6670572	6673593	6673252	3021	6672082	-1510	1511	1170
chr12	119712047	119714297	119712314	2250	119713172	-1125	1125	-858
chr12	49330806	49332085	49330981	1279	49331445	-639	640	-464
chr12	7017287	7019686	7018418	2399	7018486	-1199	1200	-68
chr12	7017287	7019686	7018420	2399	7018486	-1199	1200	-66
chr12	57527681	57530135	57527908	2454	57528908	-1227	1227	-1000
chr12	48856534	48860307	48858047	3773	48858420	-1886	1887	-373
chr12	6326872	6328797	6327883	1925	6327834	-962	963	49
chr12	3016698	3022962	3020654	6264	3019830	-3132	3132	824
chr12	56713295	56719033	56718952	5738	56716164	-2869	2869	2788
chr12	123465862	123466527	123465894	665	123466194	-332	333	-300
chr12	57744865	57750409	57746638	5544	57747637	-2772	2772	-999
chr12	57519555	57526255	57526088	6700	57522905	-3350	3350	3183
chr12	6975935	6978632	6976365	2697	6977283	-1348	1349	-918
chr12	48679854	48682486	48682012	2632	48681170	-1316	1316	842
chr12	56342696	56346344	56343418	3648	56344520	-1824	1824	-1102
chr12	104303836	104304780	104304260	944	104304308	-472	472	-48
chr12	118028681	118031471	118031193	2790	118030076	-1395	1395	1117
chr12	6563457	6568199	6563656	4742	6565828	-2371	2371	-2172
chr12	120097514	120099035	120098872	1521	120098274	-760	761	598
chr12	120461457	120465095	120462080	3638	120463276	-1819	1819	-1196
chr12	53290797	53294348	53293565	3551	53292572	-1775	1776	993
chr12	56342696	56346344	56343835	3648	56344520	-1824	1824	-685
chr12	109560130	109562274	109561093	2144	109561202	-1072	1072	-109
chr12	57515501	57516346	57515950	845	57515923	-422	423	27
chr12	46370707	46374683	46370827	3976	46372695	-1988	1988	-1868
chr12	49129252	49131928	49129664	2676	49130590	-1338	1338	-926
chr12	55821315	55824182	55823406	2867	55822748	-1433	1434	658
chr12	121747046	121752782	121748434	5736	121749914	-2868	2868	-1480
chr12	121759392	121764550	121761656	5158	121761971	-2579	2579	-315
chr12	48780796	48786264	48783358	5468	48783530	-2734	2734	-172
chr12	57519555	57526255	57525064	6700	57522905	-3350	3350	2159
chr12	112021998	112023375	112022230	1377	112022686	-688	689	-456
chr12	100163744	100167544	100166432	3800	100165644	-1900	1900	788
chr12	2800410	2804264	2800520	3854	2802337	-1927	1927	-1817
chr12	55989974	55993607	55992264	3633	55991790	-1816	1817	474
chr12	55723690	55726332	55725561	2642	55725011	-1321	1321	550
chr12	112148897	112152451	112151892	3554	112150674	-1777	1777	1218
chr12	49562211	49568229	49564779	6018	49565220	-3009	3009	-441
chr12	124908910	124915502	124913399	6592	124912206	-3296	3296	1193
chr12	57744865	57750409	57747525	5544	57747637	-2772	2772	-112
chr12	54278785	54284447	54281703	5662	54281616	-2831	2831	87
chr12	119712047	119714297	119712609	2250	119713172	-1125	1125	-563
chr12	6578454	6581171	6578894	2717	6579812	-1358	1359	-918
chr12	57527681	57530135	57528402	2454	57528908	-1227	1227	-506
chr12	74538397	74541071	74539447	2674	74539734	-1337	1337	-287
chr12	132617879	132624092	132620309	6213	132620985	-3106	3107	-676
chr12	57519555	57526255	57525523	6700	57522905	-3350	3350	2618
chr12	55989974	55993607	55992641	3633	55991790	-1816	1817	851
chr12	119178986	119182225	119179642	3239	119180605	-1619	1620	-963
chr12	124908910	124915502	124912639	6592	124912206	-3296	3296	433
chr12	71662787	71664453	71663227	1666	71663620	-833	833	-393
chr12	100158015	100160681	100159153	2666	100159348	-1333	1333	-195
chr12	49030583	49035164	49030733	4581	49032873	-2290	2291	-2140
chr12	56120388	56122689	56121311	2301	56121538	-1150	1151	-227
chr12	109913832	109917004	109914611	3172	109915418	-1586	1586	-807
chr12	48939868	48942244	48941084	2376	48941056	-1188	1188	28
chr12	132816587	132819835	132816672	3248	132818211	-1624	1624	-1539
chr12	6765916	6771853	6769945	5937	6768884	-2968	2969	1061
chr12	6765916	6771853	6770156	5937	6768884	-2968	2969	1272
chr12	56314440	56316472	56314920	2032	56315456	-1016	1016	-536
chr12	71753750	71756940	71755284	3190	71755345	-1595	1595	-61
chr12	55900722	55903559	55901699	2837	55902140	-1418	1419	-441
chr12	56317368	56321971	56319927	4603	56319669	-2301	2302	258
chr12	49030583	49035164	49034647	4581	49032873	-2290	2291	1774
chr12	132673228	132676339	132673664	3111	132674783	-1555	1556	-1119
chr12	6938733	6943679	6940944	4946	6941206	-2473	2473	-262
chr12	56609369	56610628	56610429	1259	56609998	-629	630	431
chr12	6554777	6557418	6556967	2641	6556097	-1320	1321	870
chr12	56097722	56102514	56098849	4792	56100118	-2396	2396	-1269
chr12	2798208	2800062	2799139	1854	2799135	-927	927	4
chr12	2817632	2823210	2818211	5578	2820421	-2789	2789	-2210
chr12	6933139	6938324	6936475	5185	6935731	-2592	2593	744
chr12	6938733	6943679	6940931	4946	6941206	-2473	2473	-275
chr12	6938733	6943679	6941383	4946	6941206	-2473	2473	177
chr12	6938733	6943679	6941750	4946	6941206	-2473	2473	544
chr12	49268792	49271971	49269681	3179	49270381	-1589	1590	-700
chr12	53191131	53194619	53193762	3488	53192875	-1744	1744	887
chr12	55723690	55726332	55724479	2642	55725011	-1321	1321	-532
chr12	55817617	55820905	55817683	3288	55819261	-1644	1644	-1578
chr12	56155108	56159297	56155696	4189	56157202	-2094	2095	-1506
chr12	57731610	57736520	57732935	4910	57734065	-2455	2455	-1130
chr12	120173724	120174497	120174088	773	120174110	-386	387	-22
chr12	130870304	130876197	130874601	5893	130873250	-2946	2947	1351
chr12	6943962	6944845	6944583	883	6944403	-441	442	180
chr12	51063498	51065439	51064017	1941	51064468	-970	971	-451
chr12	6578454	6581171	6581141	2717	6579812	-1358	1359	1329
chr12	56599343	56606181	56603677	6838	56602762	-3419	3419	915
chr12	120152117	120158723	120155343	6606	120155420	-3303	3303	-77
chr12	6850792	6855629	6855510	4837	6853210	-2418	2419	2300
chr12	12716324	12719045	12717835	2721	12717684	-1360	1361	151
chr12	12716324	12719045	12718152	2721	12717684	-1360	1361	468
chr12	14773939	14775891	14775263	1952	14774915	-976	976	348
chr12	50094725	50100085	50098783	5360	50097405	-2680	2680	1378
chr12	55726829	55729610	55727307	2781	55728219	-1390	1391	-912
chr12	56234018	56240085	56235240	6067	56237051	-3033	3034	-1811
chr12	62602375	62604394	62602917	2019	62603384	-1009	1010	-467
chr12	74538397	74541071	74538416	2674	74539734	-1337	1337	-1318
chr12	113386096	113392622	113387084	6526	113389359	-3263	3263	-2275
chr12	96908565	96910471	96909832	1906	96909518	-953	953	314
chr12	111884864	111886440	111885928	1576	111885652	-788	788	276
chr12	6554777	6557418	6555506	2641	6556097	-1320	1321	-591
chr12	49323871	49326498	49323892	2627	49325184	-1313	1314	-1292
chr12	54278785	54284447	54284269	5662	54281616	-2831	2831	2653
chr12	56097722	56102514	56101531	4792	56100118	-2396	2396	1413
chr12	113293596	113298505	113297178	4909	113296050	-2454	2455	1128
chr12	49272639	49274492	49272944	1853	49273565	-926	927	-621
chr12	109913832	109917004	109915435	3172	109915418	-1586	1586	17
chr12	6772728	6774755	6773022	2027	6773741	-1013	1014	-719
chr12	46196446	46198155	46197750	1709	46197300	-854	855	450
chr12	56155108	56159297	56158491	4189	56157202	-2094	2095	1289
chr12	56314440	56316472	56315142	2032	56315456	-1016	1016	-314
chr12	2800410	2804264	2801215	3854	2802337	-1927	1927	-1122
chr12	6933139	6938324	6937005	5185	6935731	-2592	2593	1274
chr12	68695425	68700868	68700737	5443	68698146	-2721	2722	2591
chr12	2937137	2938360	2937640	1223	2937748	-611	612	-108
chr12	6938733	6943679	6941407	4946	6941206	-2473	2473	201
chr12	31323435	31326127	31325417	2692	31324781	-1346	1346	636
chr12	48824586	48830766	48827043	6180	48827676	-3090	3090	-633
chr12	49030583	49035164	49034609	4581	49032873	-2290	2291	1736
chr12	56342696	56346344	56343454	3648	56344520	-1824	1824	-1066
chr12	107732760	107734411	107734307	1651	107733585	-825	826	722
chr12	6772728	6774755	6773302	2027	6773741	-1013	1014	-439
chr12	6591339	6594266	6592417	2927	6592802	-1463	1464	-385
chr12	49025975	49028516	49027833	2541	49027245	-1270	1271	588
chr12	49272639	49274492	49272990	1853	49273565	-926	927	-575
chr12	108522872	108525222	108524400	2350	108524047	-1175	1175	353
chr12	120133753	120137352	120137287	3599	120135552	-1799	1800	1735
chr12	121000610	121002694	121001247	2084	121001652	-1042	1042	-405
chr12	121217068	121219148	121217137	2080	121218108	-1040	1040	-971
chr12	132617879	132624092	132620264	6213	132620985	-3106	3107	-721
chr12	109951278	109953859	109953100	2581	109952568	-1290	1291	532
chr12	6860428	6862720	6862521	2292	6861574	-1146	1146	947
chr12	56227839	56232891	56231335	5052	56230365	-2526	2526	970
chr12	6230324	6234750	6233424	4426	6232537	-2213	2213	887
chr12	6777036	6779561	6778037	2525	6778298	-1262	1263	-261
chr12	120993188	121000590	120997762	7402	120996889	-3701	3701	873
chr12	48824586	48830766	48826383	6180	48827676	-3090	3090	-1293
chr12	69737882	69740243	69739800	2361	69739062	-1180	1181	738
chr12	49268792	49271971	49269643	3179	49270381	-1589	1590	-738
chr12	2800410	2804264	2801307	3854	2802337	-1927	1927	-1030
chr12	6844685	6849861	6849618	5176	6847273	-2588	2588	2345
chr12	51991229	51992891	51991908	1662	51992060	-831	831	-152
chr12	55723690	55726332	55724419	2642	55725011	-1321	1321	-592
chr12	57624289	57626960	57624950	2671	57625624	-1335	1336	-674
chr12	52169964	52174040	52171403	4076	52172002	-2038	2038	-599
chr12	112406397	112408452	112408309	2055	112407424	-1027	1028	885
chr12	6943962	6944845	6944760	883	6944403	-441	442	357
chr12	49030583	49035164	49033829	4581	49032873	-2290	2291	956
chr12	55817617	55820905	55820514	3288	55819261	-1644	1644	1253
chr12	49022355	49025404	49024634	3049	49023879	-1524	1525	755
chr12	51054302	51058055	51056452	3753	51056178	-1876	1877	274
chr12	68806919	68809853	68808481	2934	68808386	-1467	1467	95
chr12	121336118	121340384	121337373	4266	121338251	-2133	2133	-878
chr12	131714027	131715222	131714282	1195	131714624	-597	598	-342
chr12	120767862	120769774	120768490	1912	120768818	-956	956	-328
chr12	56001962	56008616	56004786	6654	56005289	-3327	3327	-503
chr12	57624289	57626960	57625135	2671	57625624	-1335	1336	-489
chr12	95051827	95054688	95051844	2861	95053257	-1430	1431	-1413
chr12	56097722	56102514	56098849	4792	56100118	-2396	2396	-1269
chr12	56174532	56179271	56179017	4739	56176901	-2369	2370	2116
chr12	113386096	113392622	113388533	6526	113389359	-3263	3263	-826
chr12	122579413	122584342	122584329	4929	122581877	-2464	2465	2452
chr12	49562211	49568229	49566474	6018	49565220	-3009	3009	1254
chr12	56120388	56122689	56120715	2301	56121538	-1150	1151	-823
chr12	56126774	56129585	56128608	2811	56128179	-1405	1406	429
chr12	56338591	56341911	56339763	3320	56340251	-1660	1660	-488
chr12	109913832	109917004	109914494	3172	109915418	-1586	1586	-924
chr12	56126774	56129585	56128460	2811	56128179	-1405	1406	281
chr12	112148897	112152451	112149751	3554	112150674	-1777	1777	-923
chr12	57254915	57256550	57255054	1635	57255732	-817	818	-678
chr12	108525372	108530488	108526255	5116	108527930	-2558	2558	-1675
chr12	122938159	122946081	122944549	7922	122942120	-3961	3961	2429
chr12	132783961	132791688	132784144	7727	132787824	-3863	3864	-3680
chr12	109566086	109571129	109568831	5043	109568607	-2521	2522	224
chr12	6933139	6938324	6934493	5185	6935731	-2592	2593	-1238
chr12	53460662	53463462	53461027	2800	53462062	-1400	1400	-1035
chr12	132617879	132624092	132619713	6213	132620985	-3106	3107	-1272
chr12	6536752	6539496	6537716	2744	6538124	-1372	1372	-408
chr12	124908910	124915502	124911923	6592	124912206	-3296	3296	-283
chr12	49129252	49131928	49129271	2676	49130590	-1338	1338	-1319
chr12	57243912	57245747	57244217	1835	57244829	-917	918	-612
chr12	132077125	132078768	132077664	1643	132077946	-821	822	-282
chr12	3016698	3022962	3021936	6264	3019830	-3132	3132	2106
chr12	48923434	48929497	48924080	6063	48926465	-3031	3032	-2385
chr12	57731610	57736520	57734670	4910	57734065	-2455	2455	605
chr12	56132433	56137618	56137552	5185	56135025	-2592	2593	2527
chr12	120152117	120158723	120153236	6606	120155420	-3303	3303	-2184
chr12	2864089	2868832	2868704	4743	2866460	-2371	2372	2244
chr12	49129252	49131928	49129280	2676	49130590	-1338	1338	-1310
chr12	56179428	56183498	56181521	4070	56181463	-2035	2035	58
chr12	109560130	109562274	109561824	2144	109561202	-1072	1072	622
chr12	56724272	56726888	56724458	2616	56725580	-1308	1308	-1122
chr12	1592135	1595391	1593714	3256	1593763	-1628	1628	-49
chr12	6569349	6570722	6570594	1373	6570035	-686	687	559
chr12	6938733	6943679	6939149	4946	6941206	-2473	2473	-2057
chr12	31103145	31108727	31104116	5582	31105936	-2791	2791	-1820
chr12	47795527	47800324	47797072	4797	47797925	-2398	2399	-853
chr12	48342561	48344318	48343273	1757	48343439	-878	879	-166
chr12	49187817	49189472	49189013	1655	49188644	-827	828	369
chr12	49272639	49274492	49273144	1853	49273565	-926	927	-421
chr12	49629689	49636488	49631859	6799	49633088	-3399	3400	-1229
chr12	49629689	49636488	49635414	6799	49633088	-3399	3400	2326
chr12	53460662	53463462	53461061	2800	53462062	-1400	1400	-1001
chr12	55723690	55726332	55726206	2642	55725011	-1321	1321	1195
chr12	55828249	55835198	55828397	6949	55831723	-3474	3475	-3326
chr12	56097722	56102514	56099979	4792	56100118	-2396	2396	-139
chr12	56103968	56105625	56104615	1657	56104796	-828	829	-181
chr12	56155108	56159297	56157858	4189	56157202	-2094	2095	656
chr12	56314440	56316472	56315142	2032	56315456	-1016	1016	-314
chr12	56338591	56341911	56339190	3320	56340251	-1660	1660	-1061
chr12	56599343	56606181	56600089	6838	56602762	-3419	3419	-2673
chr12	57731610	57736520	57732855	4910	57734065	-2455	2455	-1210
chr12	69592547	69595008	69593532	2461	69593777	-1230	1231	-245
chr12	110347512	110350104	110350006	2592	110348808	-1296	1296	1198
chr12	119712047	119714297	119713673	2250	119713172	-1125	1125	501
chr12	120133753	120137352	120136592	3599	120135552	-1799	1800	1040
chr12	120162785	120164055	120162918	1270	120163420	-635	635	-502
chr12	120458553	120461086	120459958	2533	120459819	-1266	1267	139
chr12	122516507	122517786	122517350	1279	122517146	-639	640	204
chr12	124908910	124915502	124912690	6592	124912206	-3296	3296	484
chr12	124964804	124969585	124968645	4781	124967194	-2390	2391	1451
chr12	132783961	132791688	132784121	7727	132787824	-3863	3864	-3703
chr12	132816587	132819835	132816780	3248	132818211	-1624	1624	-1431
chr12	55817617	55820905	55817728	3288	55819261	-1644	1644	-1533
chr12	49268792	49271971	49269553	3179	49270381	-1589	1590	-828
chr12	116276419	116279533	116277121	3114	116277976	-1557	1557	-855
chr12	57624289	57626960	57626906	2671	57625624	-1335	1336	1282
chr12	49041094	49042700	49042191	1606	49041897	-803	803	294
chr12	49045595	49048539	49046370	2944	49047067	-1472	1472	-697
chr12	132572137	132578588	132574426	6451	132575362	-3225	3226	-936
chr12	113159239	113162377	113161982	3138	113160808	-1569	1569	1174
chr12	56132433	56137618	56137581	5185	56135025	-2592	2593	2556
chr12	103943466	103946187	103943737	2721	103944826	-1360	1361	-1089
chr12	100266150	100268029	100267046	1879	100267089	-939	940	-43
chr12	100266150	100268029	100267047	1879	100267089	-939	940	-42
chr12	31103145	31108727	31103954	5582	31105936	-2791	2791	-1982
chr12	119712047	119714297	119713615	2250	119713172	-1125	1125	443
chr12	2817632	2823210	2820156	5578	2820421	-2789	2789	-265
chr12	2864089	2868832	2868668	4743	2866460	-2371	2372	2208
chr12	47779066	47783305	47779119	4239	47781185	-2119	2120	-2066
chr12	48824586	48830766	48830552	6180	48827676	-3090	3090	2876
chr12	49030583	49035164	49031295	4581	49032873	-2290	2291	-1578
chr12	50460379	50464227	50461230	3848	50462303	-1924	1924	-1073
chr12	50465771	50467213	50467041	1442	50466492	-721	721	549
chr12	55723690	55726332	55725829	2642	55725011	-1321	1321	818
chr12	56205091	56207385	56206668	2294	56206238	-1147	1147	430
chr12	56317368	56321971	56319111	4603	56319669	-2301	2302	-558
chr12	57532371	57535893	57533968	3522	57534132	-1761	1761	-164
chr12	69261741	69262758	69262554	1017	69262249	-508	509	305
chr12	101363975	101367423	101365603	3448	101365699	-1724	1724	-96
chr12	120563415	120566419	120565167	3004	120564917	-1502	1502	250
chr12	123465862	123466527	123466102	665	123466194	-332	333	-92
chr12	57519555	57526255	57525500	6700	57522905	-3350	3350	2595
chr12	122579413	122584342	122580608	4929	122581877	-2464	2465	-1269
chr12	6508939	6515026	6510334	6087	6511982	-3043	3044	-1648
chr12	113152271	113159177	113158760	6906	113155724	-3453	3453	3036
chr12	123252719	123256799	123253683	4080	123254759	-2040	2040	-1076
chr12	2864089	2868832	2868610	4743	2866460	-2371	2372	2150
chr12	57762373	57767444	57767005	5071	57764908	-2535	2536	2097
chr12	52169964	52174040	52172287	4076	52172002	-2038	2038	285
chr12	52895576	52900449	52898884	4873	52898012	-2436	2437	872
chr12	6591339	6594266	6593114	2927	6592802	-1463	1464	312
chr12	49016771	49019074	49018715	2303	49017922	-1151	1152	793
chr12	132617879	132624092	132621702	6213	132620985	-3106	3107	717
chr12	132783961	132791688	132784254	7727	132787824	-3863	3864	-3570
chr12	132673228	132676339	132673688	3111	132674783	-1555	1556	-1095
chr12	54180021	54185957	54182931	5936	54182989	-2968	2968	-58
chr12	56097722	56102514	56102145	4792	56100118	-2396	2396	2027
chr12	132617879	132624092	132621313	6213	132620985	-3106	3107	328
chr12	124908910	124915502	124912517	6592	124912206	-3296	3296	311
chr12	104303836	104304780	104303878	944	104304308	-472	472	-430
chr12	53464848	53468070	53467423	3222	53466459	-1611	1611	964
chr12	56001962	56008616	56004652	6654	56005289	-3327	3327	-637
chr12	49030583	49035164	49033411	4581	49032873	-2290	2291	538
chr12	3016698	3022962	3021911	6264	3019830	-3132	3132	2081
chr12	6969236	6974302	6971072	5066	6971769	-2533	2533	-697
chr12	51991229	51992891	51992111	1662	51992060	-831	831	51
chr12	53187066	53190701	53187748	3635	53188883	-1817	1818	-1135
chr12	53191131	53194619	53193333	3488	53192875	-1744	1744	458
chr12	53479728	53483476	53482004	3748	53481602	-1874	1874	402
chr12	54180021	54185957	54183395	5936	54182989	-2968	2968	406
chr12	57821598	57826707	57823614	5109	57824152	-2554	2555	-538
chr12	113281527	113289453	113285921	7926	113285490	-3963	3963	431
chr12	3039555	3043906	3040511	4351	3041730	-2175	2176	-1219
chr12	124348981	124350716	124350656	1735	124349848	-867	868	808
chr12	69573423	69574586	69574090	1163	69574004	-581	582	86
chr12	57519555	57526255	57524304	6700	57522905	-3350	3350	1399
chr12	124908910	124915502	124911850	6592	124912206	-3296	3296	-356
chr12	57762373	57767444	57765422	5071	57764908	-2535	2536	514
chr12	56428829	56431607	56429018	2778	56430218	-1389	1389	-1200
chr12	56132433	56137618	56134157	5185	56135025	-2592	2593	-868
chr12	56132433	56137618	56132495	5185	56135025	-2592	2593	-2530
chr12	56317368	56321971	56319374	4603	56319669	-2301	2302	-295
chr12	56001962	56008616	56005141	6654	56005289	-3327	3327	-148
chr12	124971354	124973452	124972569	2098	124972403	-1049	1049	166
chr12	49030583	49035164	49033174	4581	49032873	-2290	2291	301
chr12	54278785	54284447	54280768	5662	54281616	-2831	2831	-848
chr12	120133753	120137352	120137301	3599	120135552	-1799	1800	1749
chr12	121747046	121752782	121748443	5736	121749914	-2868	2868	-1471
chr12	123465862	123466527	123466065	665	123466194	-332	333	-129
chr12	56314440	56316472	56316088	2032	56315456	-1016	1016	632
chr12	56001962	56008616	56002248	6654	56005289	-3327	3327	-3041
chr12	56001962	56008616	56002250	6654	56005289	-3327	3327	-3039
chr12	112021998	112023375	112022406	1377	112022686	-688	689	-280
chr12	56097722	56102514	56101808	4792	56100118	-2396	2396	1690
chr12	113299248	113302023	113299922	2775	113300635	-1387	1388	-713
chr12	120578605	120581408	120581154	2803	120580006	-1401	1402	1148
chr12	54008956	54012581	54011399	3625	54010768	-1812	1813	631
chr12	124908910	124915502	124913404	6592	124912206	-3296	3296	1198
chr12	53454646	53455693	53454858	1047	53455169	-523	524	-311
chr12	57527681	57530135	57528676	2454	57528908	-1227	1227	-232
chr12	132617879	132624092	132621719	6213	132620985	-3106	3107	734
chr12	49741094	49742694	49742250	1600	49741894	-800	800	356
chr12	56338591	56341911	56340175	3320	56340251	-1660	1660	-76
chr12	49030583	49035164	49034636	4581	49032873	-2290	2291	1763
chr12	926614	928542	926868	1928	927578	-964	964	-710
chr12	53005020	53007090	53006402	2070	53006055	-1035	1035	347
chr12	56097722	56102514	56098849	4792	56100118	-2396	2396	-1269
chr12	69261741	69262758	69262381	1017	69262249	-508	509	132
chr12	111643297	111647483	111644090	4186	111645390	-2093	2093	-1300
chr12	121231358	121235306	121232448	3948	121233332	-1974	1974	-884
chr12	6591339	6594266	6591958	2927	6592802	-1463	1464	-844
chr12	54180021	54185957	54182320	5936	54182989	-2968	2968	-669
chr12	122516507	122517786	122517287	1279	122517146	-639	640	141
chr12	53479728	53483476	53483190	3748	53481602	-1874	1874	1588
chr12	6199467	6204063	6200505	4596	6201765	-2298	2298	-1260
chr12	52241092	52244113	52241515	3021	52242602	-1510	1511	-1087
chr12	57516638	57518417	57517024	1779	57517527	-889	890	-503
chr12	120152117	120158723	120153290	6606	120155420	-3303	3303	-2130
chr12	53053941	53055796	53054276	1855	53054868	-927	928	-592
chr12	49030583	49035164	49033961	4581	49032873	-2290	2291	1088
chr12	49323871	49326498	49324029	2627	49325184	-1313	1314	-1155
chr12	52241092	52244113	52243114	3021	52242602	-1510	1511	512
chr12	122524837	122526923	122526919	2086	122525880	-1043	1043	1039
chr12	56001962	56008616	56003766	6654	56005289	-3327	3327	-1523
chr12	108525372	108530488	108526355	5116	108527930	-2558	2558	-1575
chr12	56132433	56137618	56133856	5185	56135025	-2592	2593	-1169
chr12	6844685	6849861	6846796	5176	6847273	-2588	2588	-477
chr12	2817632	2823210	2822887	5578	2820421	-2789	2789	2466
chr12	54278785	54284447	54281666	5662	54281616	-2831	2831	50
chr12	6316170	6319022	6317341	2852	6317596	-1426	1426	-255
chr12	6326872	6328797	6327312	1925	6327834	-962	963	-522
chr12	6772728	6774755	6773283	2027	6773741	-1013	1014	-458
chr12	6844685	6849861	6849594	5176	6847273	-2588	2588	2321
chr12	6850792	6855629	6852282	4837	6853210	-2418	2419	-928
chr12	120563415	120566419	120565085	3004	120564917	-1502	1502	168
chr12	48824586	48830766	48826989	6180	48827676	-3090	3090	-687
chr12	57532371	57535893	57535489	3522	57534132	-1761	1761	1357
chr12	112165755	112169901	112169625	4146	112167828	-2073	2073	1797
chr12	6536752	6539496	6538176	2744	6538124	-1372	1372	52
chr12	53027779	53029810	53027876	2031	53028794	-1015	1016	-918
chr12	53027779	53029810	53028020	2031	53028794	-1015	1016	-774
chr12	53972367	53976330	53975278	3963	53974348	-1981	1982	930
chr12	56092847	56095181	56094516	2334	56094014	-1167	1167	502
chr12	118399516	118403985	118403457	4469	118401750	-2234	2235	1707
chr12	121225785	121229381	121229022	3596	121227583	-1798	1798	1439
chr12	132703125	132707151	132704884	4026	132705138	-2013	2013	-254
chr12	71662787	71664453	71663555	1666	71663620	-833	833	-65
chr12	130870304	130876197	130875933	5893	130873250	-2946	2947	2683
chr12	6765916	6771853	6770605	5937	6768884	-2968	2969	1721
chr12	1592135	1595391	1593719	3256	1593763	-1628	1628	-44
chr12	49030583	49035164	49034167	4581	49032873	-2290	2291	1294
chr12	49645416	49648897	49648246	3481	49647156	-1740	1741	1090
chr12	52895576	52900449	52898830	4873	52898012	-2436	2437	818
chr12	109556076	109559558	109559156	3482	109557817	-1741	1741	1339
chr12	111443001	111449877	111447407	6876	111446439	-3438	3438	968
chr12	120993188	121000590	120993646	7402	120996889	-3701	3701	-3243
chr12	49043708	49045580	49044444	1872	49044644	-936	936	-200
chr12	55749118	55752878	55749559	3760	55750998	-1880	1880	-1439
chr12	12716324	12719045	12717897	2721	12717684	-1360	1361	213
chr12	12716324	12719045	12718260	2721	12717684	-1360	1361	576
chr12	49030583	49035164	49031629	4581	49032873	-2290	2291	-1244
chr12	57731610	57736520	57735412	4910	57734065	-2455	2455	1347
chr12	122516507	122517786	122517334	1279	122517146	-639	640	188
chr12	54278785	54284447	54280788	5662	54281616	-2831	2831	-828
chr13	113649174	113651736	113649380	2562	113650455	-1281	1281	-1075
chr13	26213607	26215550	26214371	1943	26214578	-971	972	-207
chr13	113457762	113459241	113458084	1479	113458501	-739	740	-417
chr13	87676329	87678980	87676796	2651	87677654	-1325	1326	-858
chr13	29512534	29518585	29514478	6051	29515559	-3025	3026	-1081
chr13	33128766	33129739	33129549	973	33129252	-486	487	297
chr13	51451223	51455296	51452457	4073	51453259	-2036	2037	-802
chr13	51451223	51455296	51452003	4073	51453259	-2036	2037	-1256
chr13	98445230	98450904	98446141	5674	98448067	-2837	2837	-1926
chr13	19646416	19647802	19646791	1386	19647109	-693	693	-318
chr13	113324572	113328696	113326024	4124	113326634	-2062	2062	-610
chr13	43878087	43881335	43881311	3248	43879711	-1624	1624	1600
chr13	21045137	21047729	21046173	2592	21046433	-1296	1296	-260
chr13	51373269	51374890	51374253	1621	51374079	-810	811	174
chr13	46127345	46129732	46127644	2387	46128538	-1193	1194	-894
chr13	113194718	113196593	113195087	1875	113195655	-937	938	-568
chr13	25311302	25313246	25312887	1944	25312274	-972	972	613
chr13	19662685	19664787	19663080	2102	19663736	-1051	1051	-656
chr13	46127345	46129732	46127712	2387	46128538	-1193	1194	-826
chr13	98445230	98450904	98448493	5674	98448067	-2837	2837	426
chr13	21146752	21148289	21147405	1537	21147520	-768	769	-115
chr13	51771332	51773316	51771395	1984	51772324	-992	992	-929
chr13	52466474	52468494	52468314	2020	52467484	-1010	1010	830
chr13	36996802	37001223	37000686	4421	36999012	-2210	2211	1674
chr13	20066254	20067583	20067308	1329	20066918	-664	665	390
chr13	51373269	51374890	51374408	1621	51374079	-810	811	329
chr13	36996802	37001223	37000738	4421	36999012	-2210	2211	1726
chr13	52030593	52033024	52031007	2431	52031808	-1215	1216	-801
chr13	87676329	87678980	87678963	2651	87677654	-1325	1326	1309
chr13	110711040	110716889	110715581	5849	110713964	-2924	2925	1617
chr13	26213607	26215550	26214413	1943	26214578	-971	972	-165
chr13	27619883	27622605	27621920	2722	27621244	-1361	1361	676
chr13	29512534	29518585	29513813	6051	29515559	-3025	3026	-1746
chr13	44434137	44435047	44434184	910	44434592	-455	455	-408
chr13	110644918	110647902	110646075	2984	110646410	-1492	1492	-335
chr13	51451223	51455296	51452418	4073	51453259	-2036	2037	-841
chr13	26213607	26215550	26214052	1943	26214578	-971	972	-526
chr13	19861704	19865358	19864159	3654	19863531	-1827	1827	628
chr13	52030593	52033024	52032850	2431	52031808	-1215	1216	1042
chr13	98445230	98450904	98446808	5674	98448067	-2837	2837	-1259
chr13	110711040	110716889	110712890	5849	110713964	-2924	2925	-1074
chr13	110711040	110716889	110715418	5849	110713964	-2924	2925	1454
chr13	37004669	37007098	37006010	2429	37005883	-1214	1215	127
chr13	21045137	21047729	21045845	2592	21046433	-1296	1296	-588
chr13	113649174	113651736	113649466	2562	113650455	-1281	1281	-989
chr13	38880152	38880803	38880522	651	38880477	-325	326	45
chr13	51373269	51374890	51374409	1621	51374079	-810	811	330
chr13	45339960	45341935	45340003	1975	45340947	-987	988	-944
chr13	21376773	21381738	21381486	4965	21379255	-2482	2483	2231
chr13	87676329	87678980	87677390	2651	87677654	-1325	1326	-264
chr13	110711040	110716889	110715592	5849	110713964	-2924	2925	1628
chr13	113324572	113328696	113326000	4124	113326634	-2062	2062	-634
chr13	87676329	87678980	87676516	2651	87677654	-1325	1326	-1138
chr13	26213607	26215550	26213784	1943	26214578	-971	972	-794
chr13	110891662	110893268	110892818	1606	110892465	-803	803	353
chr13	33128766	33129739	33129565	973	33129252	-486	487	313
chr13	21153627	21155396	21154988	1769	21154511	-884	885	477
chr13	38880152	38880803	38880366	651	38880477	-325	326	-111
chr13	87676329	87678980	87676657	2651	87677654	-1325	1326	-997
chr13	87676329	87678980	87677170	2651	87677654	-1325	1326	-484
chr13	110891662	110893268	110893084	1606	110892465	-803	803	619
chr13	110891662	110893268	110893085	1606	110892465	-803	803	620
chr13	36996802	37001223	37000631	4421	36999012	-2210	2211	1619
chr13	45464725	45467246	45464960	2521	45465985	-1260	1261	-1025
chr13	27619883	27622605	27621907	2722	27621244	-1361	1361	663
chr13	110891662	110893268	110892978	1606	110892465	-803	803	513
chr13	110711040	110716889	110714207	5849	110713964	-2924	2925	243
chr13	110711040	110716889	110715833	5849	110713964	-2924	2925	1869
chr13	113649174	113651736	113649492	2562	113650455	-1281	1281	-963
chr13	26213607	26215550	26215074	1943	26214578	-971	972	496
chr13	21146752	21148289	21147607	1537	21147520	-768	769	87
chr13	52030593	52033024	52030806	2431	52031808	-1215	1216	-1002
chr13	87676329	87678980	87676871	2651	87677654	-1325	1326	-783
chr14	22771587	22775111	22774023	3524	22773349	-1762	1762	674
chr14	39029680	39032798	39032682	3118	39031239	-1559	1559	1443
chr14	24438840	24443282	24442069	4442	24441061	-2221	2221	1008
chr14	72938882	72942013	72941768	3131	72940447	-1565	1566	1321
chr14	102037817	102043650	102042725	5833	102040733	-2916	2917	1992
chr14	102047666	102050630	102049793	2964	102049148	-1482	1482	645
chr14	102334706	102338843	102335669	4137	102336774	-2068	2069	-1105
chr14	21392303	21394824	21393816	2521	21393563	-1260	1261	253
chr14	73259675	73264904	73262526	5229	73262289	-2614	2615	237
chr14	24438840	24443282	24442815	4442	24441061	-2221	2221	1754
chr14	52706609	52708972	52707202	2363	52707790	-1181	1182	-588
chr14	76154423	76155344	76154741	921	76154883	-460	461	-142
chr14	72938882	72942013	72941790	3131	72940447	-1565	1566	1343
chr14	72938882	72942013	72941792	3131	72940447	-1565	1566	1345
chr14	72970323	72972463	72971051	2140	72971393	-1070	1070	-342
chr14	73717092	73722089	73717580	4997	73719590	-2498	2499	-2010
chr14	24156801	24159918	24158139	3117	24158359	-1558	1559	-220
chr14	55349560	55352629	55350488	3069	55351094	-1534	1535	-606
chr14	93183208	93186174	93183317	2966	93184691	-1483	1483	-1374
chr14	74777639	74780350	74778497	2711	74778994	-1355	1356	-497
chr14	23526329	23531046	23526557	4717	23528687	-2358	2359	-2130
chr14	74777639	74780350	74778450	2711	74778994	-1355	1356	-544
chr14	102013657	102015601	102015312	1944	102014629	-972	972	683
chr14	49582888	49586923	49586024	4035	49584905	-2017	2018	1119
chr14	22870968	22878539	22875953	7571	22874753	-3785	3786	1200
chr14	102047666	102050630	102048613	2964	102049148	-1482	1482	-535
chr14	100326451	100334351	100327229	7900	100330401	-3950	3950	-3172
chr14	69778291	69779699	69778343	1408	69778995	-704	704	-652
chr14	21080703	21083981	21082842	3278	21082342	-1639	1639	500
chr14	74797511	74799602	74798612	2091	74798556	-1045	1046	56
chr14	100326451	100334351	100328925	7900	100330401	-3950	3950	-1476
chr14	102037817	102043650	102042101	5833	102040733	-2916	2917	1368
chr14	104712481	104716306	104714318	3825	104714393	-1912	1913	-75
chr14	55349560	55352629	55351825	3069	55351094	-1534	1535	731
chr14	20455593	20460019	20457511	4426	20457806	-2213	2213	-295
chr14	21085377	21087584	21087075	2207	21086480	-1103	1104	595
chr14	22923094	22925094	22924705	2000	22924094	-1000	1000	611
chr14	23358681	23361706	23360827	3025	23360193	-1512	1513	634
chr14	24100431	24104868	24102803	4437	24102649	-2218	2219	154
chr14	73489978	73494187	73492748	4209	73492082	-2104	2105	666
chr14	76772587	76778391	76776153	5804	76775489	-2902	2902	664
chr14	93183208	93186174	93183248	2966	93184691	-1483	1483	-1443
chr14	69769658	69771886	69771428	2228	69770772	-1114	1114	656
chr14	73103189	73105342	73103419	2153	73104265	-1076	1077	-846
chr14	21499280	21501805	21500622	2525	21500542	-1262	1263	80
chr14	39173632	39176689	39175374	3057	39175160	-1528	1529	214
chr14	49582888	49586923	49586331	4035	49584905	-2017	2018	1426
chr14	24100431	24104868	24102852	4437	24102649	-2218	2219	203
chr14	74288433	74291632	74290315	3199	74290032	-1599	1600	283
chr14	67650820	67651764	67651281	944	67651292	-472	472	-11
chr14	21090213	21095907	21091458	5694	21093060	-2847	2847	-1602
chr14	21210691	21212500	21211915	1809	21211595	-904	905	320
chr14	23554939	23558224	23556864	3285	23556581	-1642	1643	283
chr14	23554939	23558224	23557010	3285	23556581	-1642	1643	429
chr14	102031666	102035909	102034443	4243	102033787	-2121	2122	656
chr14	102964107	102970211	102968599	6104	102967159	-3052	3052	1440
chr14	104767164	104770642	104770340	3478	104768903	-1739	1739	1437
chr14	74797511	74799602	74797785	2091	74798556	-1045	1046	-771
chr14	21502342	21504253	21503079	1911	21503297	-955	956	-218
chr14	100147286	100151346	100149322	4060	100149316	-2030	2030	6
chr14	60720250	60724618	60723484	4368	60722434	-2184	2184	1050
chr14	68791266	68797194	68795280	5928	68794230	-2964	2964	1050
chr14	100326451	100334351	100327301	7900	100330401	-3950	3950	-3100
chr14	75134264	75135904	75134775	1640	75135084	-820	820	-309
chr14	39173632	39176689	39176075	3057	39175160	-1528	1529	915
chr14	24212069	24214183	24214134	2114	24213126	-1057	1057	1008
chr14	21392303	21394824	21393173	2521	21393563	-1260	1261	-390
chr14	94045476	94052228	94051051	6752	94048852	-3376	3376	2199
chr14	104708668	104710615	104709291	1947	104709641	-973	974	-350
chr14	61279399	61281740	61281699	2341	61280569	-1170	1171	1130
chr14	103503301	103511016	103503416	7715	103507158	-3857	3858	-3742
chr14	75134264	75135904	75134866	1640	75135084	-820	820	-218
chr14	73711891	73715294	73713038	3403	73713592	-1701	1702	-554
chr14	20455593	20460019	20455930	4426	20457806	-2213	2213	-1876
chr14	39177397	39183054	39179098	5657	39180225	-2828	2829	-1127
chr14	23526329	23531046	23526393	4717	23528687	-2358	2359	-2294
chr14	64945345	64949117	64947699	3772	64947231	-1886	1886	468
chr14	103560475	103563773	103562051	3298	103562124	-1649	1649	-73
chr14	21085377	21087584	21085797	2207	21086480	-1103	1104	-683
chr14	24430387	24433297	24431629	2910	24431842	-1455	1455	-213
chr14	21090213	21095907	21091449	5694	21093060	-2847	2847	-1611
chr14	65411591	65414608	65411943	3017	65413099	-1508	1509	-1156
chr14	92942084	92947660	92946454	5576	92944872	-2788	2788	1582
chr14	102047666	102050630	102048551	2964	102049148	-1482	1482	-597
chr14	22870968	22878539	22872270	7571	22874753	-3785	3786	-2483
chr14	75681214	75683193	75681574	1979	75682203	-989	990	-629
chr14	75276674	75281886	75278873	5212	75279280	-2606	2606	-407
chr14	104712481	104716306	104713233	3825	104714393	-1912	1913	-1160
chr14	92928900	92934198	92931254	5298	92931549	-2649	2649	-295
chr14	22928185	22930166	22929331	1981	22929175	-990	991	156
chr14	22775910	22778916	22778826	3006	22777413	-1503	1503	1413
chr14	52720852	52723150	52720981	2298	52722001	-1149	1149	-1020
chr14	60720250	60724618	60723367	4368	60722434	-2184	2184	933
chr14	90272281	90275481	90272526	3200	90273881	-1600	1600	-1355
chr14	101980856	101987374	101983193	6518	101984115	-3259	3259	-922
chr14	21392303	21394824	21394311	2521	21393563	-1260	1261	748
chr14	21392303	21394824	21394312	2521	21393563	-1260	1261	749
chr14	24100431	24104868	24103526	4437	24102649	-2218	2219	877
chr14	30621247	30622428	30622411	1181	30621837	-590	591	574
chr14	91312839	91317873	91314016	5034	91315356	-2517	2517	-1340
chr14	20455593	20460019	20457104	4426	20457806	-2213	2213	-702
chr14	21366239	21367438	21366494	1199	21366838	-599	600	-344
chr14	102081621	102084538	102082243	2917	102083079	-1458	1459	-836
chr14	92003618	92005476	92004386	1858	92004547	-929	929	-161
chr14	23476952	23477933	23477788	981	23477442	-490	491	346
chr14	74663130	74667767	74663995	4637	74665448	-2318	2319	-1453
chr14	74797511	74799602	74799385	2091	74798556	-1045	1046	829
chr14	90405678	90407600	90406167	1922	90406639	-961	961	-472
chr14	68791266	68797194	68793068	5928	68794230	-2964	2964	-1162
chr14	24438840	24443282	24440201	4442	24441061	-2221	2221	-860
chr14	102926806	102933566	102928853	6760	102930186	-3380	3380	-1333
chr14	99398372	99400340	99399087	1968	99399356	-984	984	-269
chr14	24214375	24216409	24215556	2034	24215392	-1017	1017	164
chr14	77340734	77343428	77341868	2694	77342081	-1347	1347	-213
chr14	75002191	75005988	75002976	3797	75004089	-1898	1899	-1113
chr14	60720250	60724618	60723639	4368	60722434	-2184	2184	1205
chr14	100147286	100151346	100149502	4060	100149316	-2030	2030	186
chr14	104708668	104710615	104710122	1947	104709641	-973	974	481
chr14	39177397	39183054	39179462	5657	39180225	-2828	2829	-763
chr14	24438840	24443282	24442207	4442	24441061	-2221	2221	1146
chr14	68881285	68886390	68882911	5105	68883837	-2552	2553	-926
chr14	90396332	90398457	90397173	2125	90397394	-1062	1063	-221
chr14	20455593	20460019	20455659	4426	20457806	-2213	2213	-2147
chr14	101980856	101987374	101985810	6518	101984115	-3259	3259	1695
chr14	24100431	24104868	24102788	4437	24102649	-2218	2219	139
chr14	24096815	24099371	24098436	2556	24098093	-1278	1278	343
chr14	103336379	103339025	103336760	2646	103337702	-1323	1323	-942
chr14	104172197	104179018	104173076	6821	104175607	-3410	3411	-2531
chr14	104172197	104179018	104173077	6821	104175607	-3410	3411	-2530
chr14	21090213	21095907	21092376	5694	21093060	-2847	2847	-684
chr14	67800108	67803226	67802263	3118	67801667	-1559	1559	596
chr14	77326283	77327634	77327484	1351	77326958	-675	676	526
chr14	60282588	60283892	60283152	1304	60283240	-652	652	-88
chr14	22928185	22930166	22928611	1981	22929175	-990	991	-564
chr14	22985691	22989317	22987301	3626	22987504	-1813	1813	-203
chr14	24188111	24191629	24189429	3518	24189870	-1759	1759	-441
chr14	75276674	75281886	75278993	5212	75279280	-2606	2606	-287
chr14	23358681	23361706	23360034	3025	23360193	-1512	1513	-159
chr14	64728233	64732534	64731576	4301	64730383	-2150	2151	1193
chr14	64728233	64732534	64731577	4301	64730383	-2150	2151	1194
chr14	69778291	69779699	69778479	1408	69778995	-704	704	-516
chr14	24438840	24443282	24439913	4442	24441061	-2221	2221	-1148
chr14	69765765	69769422	69769210	3657	69767593	-1828	1829	1617
chr14	21090213	21095907	21092389	5694	21093060	-2847	2847	-671
chr14	65101450	65105679	65102327	4229	65103564	-2114	2115	-1237
chr14	21392303	21394824	21393205	2521	21393563	-1260	1261	-358
chr14	24100431	24104868	24103910	4437	24102649	-2218	2219	1261
chr14	24204978	24207962	24206638	2984	24206470	-1492	1492	168
chr14	39177397	39183054	39177903	5657	39180225	-2828	2829	-2322
chr14	73489978	73494187	73491817	4209	73492082	-2104	2105	-265
chr14	90272281	90275481	90272600	3200	90273881	-1600	1600	-1281
chr14	91312839	91317873	91313727	5034	91315356	-2517	2517	-1629
chr14	94078726	94079814	94079131	1088	94079270	-544	544	-139
chr14	64448375	64454101	64449384	5726	64451238	-2863	2863	-1854
chr14	102413765	102417349	102414676	3584	102415557	-1792	1792	-881
chr14	49633140	49638710	49635078	5570	49635925	-2785	2785	-847
chr14	77340734	77343428	77341854	2694	77342081	-1347	1347	-227
chr14	58251149	58253982	58252192	2833	58252565	-1416	1417	-373
chr14	73489978	73494187	73492018	4209	73492082	-2104	2105	-64
chr14	94078726	94079814	94079474	1088	94079270	-544	544	204
chr14	96457995	96459480	96458119	1485	96458737	-742	743	-618
chr14	60282588	60283892	60283511	1304	60283240	-652	652	271
chr14	49620219	49622922	49622112	2703	49621570	-1351	1352	542
chr14	92007970	92011857	92010998	3887	92009913	-1943	1944	1085
chr14	93183208	93186174	93183843	2966	93184691	-1483	1483	-848
chr14	99507814	99511010	99510399	3196	99509412	-1598	1598	987
chr14	105411124	105414571	105411800	3447	105412847	-1723	1724	-1047
chr14	24140365	24143873	24140893	3508	24142119	-1754	1754	-1226
chr14	64751649	64756655	64753641	5006	64754152	-2503	2503	-511
chr14	35290705	35293188	35292372	2483	35291946	-1241	1242	426
chr14	102205371	102209790	102208757	4419	102207580	-2209	2210	1177
chr14	24136319	24139271	24139197	2952	24137795	-1476	1476	1402
chr14	24136319	24139271	24138769	2952	24137795	-1476	1476	974
chr14	24290517	24292787	24290916	2270	24291652	-1135	1135	-736
chr14	73116911	73120059	73119966	3148	73118485	-1574	1574	1481
chr14	92942084	92947660	92946356	5576	92944872	-2788	2788	1484
chr14	64751649	64756655	64753737	5006	64754152	-2503	2503	-415
chr14	74797511	74799602	74798496	2091	74798556	-1045	1046	-60
chr14	75134264	75135904	75134956	1640	75135084	-820	820	-128
chr14	24438840	24443282	24440523	4442	24441061	-2221	2221	-538
chr14	69778291	69779699	69778440	1408	69778995	-704	704	-555
chr14	68791266	68797194	68792905	5928	68794230	-2964	2964	-1325
chr14	22775910	22778916	22776273	3006	22777413	-1503	1503	-1140
chr14	23358681	23361706	23358878	3025	23360193	-1512	1513	-1315
chr14	91312839	91317873	91313304	5034	91315356	-2517	2517	-2052
chr14	24290517	24292787	24292646	2270	24291652	-1135	1135	994
chr14	91312839	91317873	91313632	5034	91315356	-2517	2517	-1724
chr14	102084728	102085129	102084834	401	102084928	-200	201	-94
chr14	102964107	102970211	102968617	6104	102967159	-3052	3052	1458
chr14	24188111	24191629	24190646	3518	24189870	-1759	1759	776
chr14	49784615	49786084	49784628	1469	49785349	-734	735	-721
chr14	103560475	103563773	103562076	3298	103562124	-1649	1649	-48
chr14	103336379	103339025	103337214	2646	103337702	-1323	1323	-488
chr14	74902024	74903236	74902770	1212	74902630	-606	606	140
chr14	91312839	91317873	91313199	5034	91315356	-2517	2517	-2157
chr14	52706609	52708972	52707179	2363	52707790	-1181	1182	-611
chr14	93183208	93186174	93184242	2966	93184691	-1483	1483	-449
chr14	20455593	20460019	20457416	4426	20457806	-2213	2213	-390
chr14	22832133	22835002	22834399	2869	22833567	-1434	1435	832
chr14	22928185	22930166	22929216	1981	22929175	-990	991	41
chr14	22985691	22989317	22987392	3626	22987504	-1813	1813	-112
chr14	23476952	23477933	23477563	981	23477442	-490	491	121
chr14	24140365	24143873	24141266	3508	24142119	-1754	1754	-853
chr14	24156801	24159918	24157553	3117	24158359	-1558	1559	-806
chr14	24214375	24216409	24215661	2034	24215392	-1017	1017	269
chr14	24236399	24239111	24238362	2712	24237755	-1356	1356	607
chr14	39173632	39176689	39176571	3057	39175160	-1528	1529	1411
chr14	49582888	49586923	49586288	4035	49584905	-2017	2018	1383
chr14	52009060	52011237	52010943	2177	52010148	-1088	1089	795
chr14	74777639	74780350	74778570	2711	74778994	-1355	1356	-424
chr14	74797511	74799602	74798019	2091	74798556	-1045	1046	-537
chr14	92003618	92005476	92005105	1858	92004547	-929	929	558
chr14	99398372	99400340	99398754	1968	99399356	-984	984	-602
chr14	103560475	103563773	103560939	3298	103562124	-1649	1649	-1185
chr14	105255586	105258874	105256415	3288	105257230	-1644	1644	-815
chr14	75002191	75005988	75003597	3797	75004089	-1898	1899	-492
chr14	24096815	24099371	24098212	2556	24098093	-1278	1278	119
chr14	55349560	55352629	55352591	3069	55351094	-1534	1535	1497
chr14	74797511	74799602	74798270	2091	74798556	-1045	1046	-286
chr14	68786165	68788502	68787676	2337	68787333	-1168	1169	343
chr14	75134264	75135904	75135862	1640	75135084	-820	820	778
chr14	93068873	93071565	93071113	2692	93070219	-1346	1346	894
chr14	104172197	104179018	104175066	6821	104175607	-3410	3411	-541
chr14	92922696	92926852	92926646	4156	92924774	-2078	2078	1872
chr14	23554939	23558224	23557274	3285	23556581	-1642	1643	693
chr14	65411591	65414608	65411902	3017	65413099	-1508	1509	-1197
chr14	21392303	21394824	21394033	2521	21393563	-1260	1261	470
chr14	22985691	22989317	22987919	3626	22987504	-1813	1813	415
chr14	56617151	56620688	56617192	3537	56618919	-1768	1769	-1727
chr14	73116911	73120059	73119874	3148	73118485	-1574	1574	1389
chr14	73489978	73494187	73493303	4209	73492082	-2104	2105	1221
chr14	75276674	75281886	75280594	5212	75279280	-2606	2606	1314
chr14	76772587	76778391	76776065	5804	76775489	-2902	2902	576
chr14	77340734	77343428	77341524	2694	77342081	-1347	1347	-557
chr14	90263485	90267321	90265141	3836	90265403	-1918	1918	-262
chr14	92922696	92926852	92924206	4156	92924774	-2078	2078	-568
chr14	99398372	99400340	99399098	1968	99399356	-984	984	-258
chr14	99502487	99504124	99502959	1637	99503305	-818	819	-346
chr14	102205371	102209790	102208680	4419	102207580	-2209	2210	1100
chr14	102951916	102956093	102952501	4177	102954004	-2088	2089	-1503
chr14	22985691	22989317	22987930	3626	22987504	-1813	1813	426
chr14	35312015	35313618	35312977	1603	35312816	-801	802	161
chr14	71012942	71015164	71013096	2222	71014053	-1111	1111	-957
chr14	24307134	24312575	24311608	5441	24309854	-2720	2721	1754
chr14	24191760	24193111	24191812	1351	24192435	-675	676	-623
chr14	75276674	75281886	75281622	5212	75279280	-2606	2606	2342
chr14	99398372	99400340	99398971	1968	99399356	-984	984	-385
chr14	24214375	24216409	24214558	2034	24215392	-1017	1017	-834
chr14	100326451	100334351	100333930	7900	100330401	-3950	3950	3529
chr14	93183208	93186174	93183708	2966	93184691	-1483	1483	-983
chr14	77340734	77343428	77343425	2694	77342081	-1347	1347	1344
chr14	73259675	73264904	73262409	5229	73262289	-2614	2615	120
chr14	73272219	73274038	73272914	1819	73273128	-909	910	-214
chr14	77340734	77343428	77341934	2694	77342081	-1347	1347	-147
chr14	57388722	57391864	57391559	3142	57390293	-1571	1571	1266
chr14	73259675	73264904	73261291	5229	73262289	-2614	2615	-998
chr14	102081621	102084538	102083292	2917	102083079	-1458	1459	213
chr14	102334706	102338843	102335642	4137	102336774	-2068	2069	-1132
chr14	102007343	102009302	102008249	1959	102008322	-979	980	-73
chr14	75002191	75005988	75004902	3797	75004089	-1898	1899	813
chr14	24236399	24239111	24237068	2712	24237755	-1356	1356	-687
chr14	75002191	75005988	75003567	3797	75004089	-1898	1899	-522
chr14	100326451	100334351	100327208	7900	100330401	-3950	3950	-3193
chr14	55349560	55352629	55352377	3069	55351094	-1534	1535	1283
chr14	21210691	21212500	21211342	1809	21211595	-904	905	-253
chr14	68791266	68797194	68792979	5928	68794230	-2964	2964	-1251
chr14	102205371	102209790	102209233	4419	102207580	-2209	2210	1653
chr14	73489978	73494187	73492158	4209	73492082	-2104	2105	76
chr14	90278108	90282657	90278383	4549	90280382	-2274	2275	-1999
chr14	60972199	60973142	60972270	943	60972670	-471	472	-400
chr14	21424868	21428451	21428196	3583	21426659	-1791	1792	1537
chr14	64232244	64233811	64232873	1567	64233027	-783	784	-154
chr14	92003618	92005476	92004681	1858	92004547	-929	929	134
chr14	75276674	75281886	75280062	5212	75279280	-2606	2606	782
chr14	93183208	93186174	93183837	2966	93184691	-1483	1483	-854
chr14	93183208	93186174	93184224	2966	93184691	-1483	1483	-467
chr14	68786165	68788502	68787876	2337	68787333	-1168	1169	543
chr14	35290705	35293188	35292403	2483	35291946	-1241	1242	457
chr14	75276674	75281886	75281370	5212	75279280	-2606	2606	2090
chr14	22832133	22835002	22833458	2869	22833567	-1434	1435	-109
chr14	24096815	24099371	24098470	2556	24098093	-1278	1278	377
chr14	24438840	24443282	24441019	4442	24441061	-2221	2221	-42
chr14	23554939	23558224	23557247	3285	23556581	-1642	1643	666
chr14	34514366	34520017	34516522	5651	34517191	-2825	2826	-669
chr14	67755786	67760436	67756073	4650	67758111	-2325	2325	-2038
chr14	64939070	64940503	64939818	1433	64939786	-716	717	32
chr14	22771587	22775111	22774389	3524	22773349	-1762	1762	1040
chr14	49620219	49622922	49621993	2703	49621570	-1351	1352	423
chr14	99502487	99504124	99502867	1637	99503305	-818	819	-438
chr14	102037817	102043650	102038718	5833	102040733	-2916	2917	-2015
chr14	102964107	102970211	102968299	6104	102967159	-3052	3052	1140
chr14	34783367	34785369	34783925	2002	34784368	-1001	1001	-443
chr14	74797511	74799602	74799291	2091	74798556	-1045	1046	735
chr14	102926806	102933566	102929505	6760	102930186	-3380	3380	-681
chr14	103560475	103563773	103560714	3298	103562124	-1649	1649	-1410
chr15	64702610	64705239	64703031	2629	64703924	-1314	1315	-893
chr15	42163962	42165688	42165167	1726	42164825	-863	863	342
chr15	74627412	74630799	74629776	3387	74629105	-1693	1694	671
chr15	75205017	75208416	75208115	3399	75206716	-1699	1700	1399
chr15	89332845	89335403	89333102	2558	89334124	-1279	1279	-1022
chr15	41455862	41458546	41457825	2684	41457204	-1342	1342	621
chr15	43527364	43533441	43527970	6077	43530402	-3038	3039	-2432
chr15	39579908	39582628	39582296	2720	39581268	-1360	1360	1028
chr15	43598094	43600714	43598910	2620	43599404	-1310	1310	-494
chr15	84797637	84803180	84802198	5543	84800408	-2771	2772	1790
chr15	43527364	43533441	43528177	6077	43530402	-3038	3039	-2225
chr15	64688457	64690264	64688540	1807	64689360	-903	904	-820
chr15	43788688	43796365	43793700	7677	43792526	-3838	3839	1174
chr15	41848210	41852899	41848575	4689	41850554	-2344	2345	-1979
chr15	75336467	75339381	75338999	2914	75337924	-1457	1457	1075
chr15	64074599	64076929	64075495	2330	64075764	-1165	1165	-269
chr15	75656685	75661843	75657049	5158	75659264	-2579	2579	-2215
chr15	43598094	43600714	43600082	2620	43599404	-1310	1310	678
chr15	89294842	89298345	89294987	3503	89296593	-1751	1752	-1606
chr15	41455862	41458546	41457876	2684	41457204	-1342	1342	672
chr15	75205017	75208416	75206273	3399	75206716	-1699	1700	-443
chr15	90951225	90954353	90952950	3128	90952789	-1564	1564	161
chr15	41836480	41843900	41842534	7420	41840190	-3710	3710	2344
chr15	74618754	74623819	74619216	5065	74621286	-2532	2533	-2070
chr15	75345680	75353480	75349219	7800	75349580	-3900	3900	-361
chr15	75205017	75208416	75208329	3399	75206716	-1699	1700	1613
chr15	51935833	51938713	51938198	2880	51937273	-1440	1440	925
chr15	72252475	72256132	72254504	3657	72254303	-1828	1829	201
chr15	43598094	43600714	43598316	2620	43599404	-1310	1310	-1088
chr15	84642909	84646430	84645393	3521	84644669	-1760	1761	724
chr15	41848210	41852899	41848611	4689	41850554	-2344	2345	-1943
chr15	74892307	74894485	74892775	2178	74893396	-1089	1089	-621
chr15	40414589	40419185	40418174	4596	40416887	-2298	2298	1287
chr15	74618754	74623819	74619287	5065	74621286	-2532	2533	-1999
chr15	42147667	42151667	42149841	4000	42149667	-2000	2000	174
chr15	70666506	70667967	70667530	1461	70667236	-730	731	294
chr15	72252475	72256132	72253478	3657	72254303	-1828	1829	-825
chr15	74031810	74034109	74032574	2299	74032959	-1149	1150	-385
chr15	75371185	75374734	75371878	3549	75372959	-1774	1775	-1081
chr15	84797637	84803180	84797952	5543	84800408	-2771	2772	-2456
chr15	41848210	41852899	41851121	4689	41850554	-2344	2345	567
chr15	40851014	40858545	40853210	7531	40854779	-3765	3766	-1569
chr15	40811149	40813726	40812832	2577	40812437	-1288	1289	395
chr15	41848210	41852899	41852723	4689	41850554	-2344	2345	2169
chr15	74632540	74634438	74632831	1898	74633489	-949	949	-658
chr15	74834548	74839136	74837201	4588	74836842	-2294	2294	359
chr15	40333280	40340843	40339957	7563	40337061	-3781	3782	2896
chr15	75353964	75358835	75356843	4871	75356399	-2435	2436	444
chr15	85740311	85742738	85741418	2427	85741524	-1213	1214	-106
chr15	90951225	90954353	90953239	3128	90952789	-1564	1564	450
chr15	89327998	89330483	89328953	2485	89329240	-1242	1243	-287
chr15	90972898	90975585	90974635	2687	90974241	-1343	1344	394
chr15	64818953	64825315	64822291	6362	64822134	-3181	3181	157
chr15	63046141	63050902	63048746	4761	63048521	-2380	2381	225
chr15	41566976	41572781	41572494	5805	41569878	-2902	2903	2616
chr15	66503113	66504166	66503435	1053	66503639	-526	527	-204
chr15	68779299	68780674	68779918	1375	68779986	-687	688	-68
chr15	72117370	72119321	72117765	1951	72118345	-975	976	-580
chr15	89319023	89325872	89325605	6849	89322447	-3424	3425	3158
chr15	74815831	74819460	74819149	3629	74817645	-1814	1815	1504
chr15	90911821	90914449	90912123	2628	90913135	-1314	1314	-1012
chr15	45148650	45156385	45155863	7735	45152517	-3867	3868	3346
chr15	72755500	72758642	72755606	3142	72757071	-1571	1571	-1465
chr15	52202062	52205788	52204899	3726	52203925	-1863	1863	974
chr15	39579908	39582628	39582236	2720	39581268	-1360	1360	968
chr15	84621472	84626271	84621817	4799	84623871	-2399	2400	-2054
chr15	89319023	89325872	89321174	6849	89322447	-3424	3425	-1273
chr15	32641415	32644394	32643815	2979	32642904	-1489	1490	911
chr15	43772596	43775492	43774677	2896	43774044	-1448	1448	633
chr15	43800496	43804639	43801809	4143	43802567	-2071	2072	-758
chr15	65650233	65655050	65653936	4817	65652641	-2408	2409	1295
chr15	74815831	74819460	74819437	3629	74817645	-1814	1815	1792
chr15	50457251	50459614	50459088	2363	50458432	-1181	1182	656
chr15	70666506	70667967	70667204	1461	70667236	-730	731	-32
chr15	66504518	66506468	66505500	1950	66505493	-975	975	7
chr15	75047723	75051748	75049160	4025	75049735	-2012	2013	-575
chr15	43788688	43796365	43792137	7677	43792526	-3838	3839	-389
chr15	43788688	43796365	43792205	7677	43792526	-3838	3839	-321
chr15	72473804	72475475	72474666	1671	72474639	-835	836	27
chr15	90227539	90231216	90228002	3677	90229377	-1838	1839	-1375
chr15	74815831	74819460	74816185	3629	74817645	-1814	1815	-1460
chr15	75360415	75364149	75361138	3734	75362282	-1867	1867	-1144
chr15	74892307	74894485	74892724	2178	74893396	-1089	1089	-672
chr15	40333280	40340843	40335139	7563	40337061	-3781	3782	-1922
chr15	41455862	41458546	41457815	2684	41457204	-1342	1342	611
chr15	41765548	41768947	41766705	3399	41767247	-1699	1700	-542
chr15	68779299	68780674	68780076	1375	68779986	-687	688	90
chr15	75360415	75364149	75361363	3734	75362282	-1867	1867	-919
chr15	66325990	66328611	66326254	2621	66327300	-1310	1311	-1046
chr15	65579325	65581756	65579468	2431	65580540	-1215	1216	-1072
chr15	77034696	77036226	77035823	1530	77035461	-765	765	362
chr15	65579325	65581756	65579462	2431	65580540	-1215	1216	-1078
chr15	81000190	81003342	81003239	3152	81001766	-1576	1576	1473
chr15	74834548	74839136	74838690	4588	74836842	-2294	2294	1848
chr15	75391586	75394173	75392640	2587	75392879	-1293	1294	-239
chr15	75336467	75339381	75338309	2914	75337924	-1457	1457	385
chr15	43788688	43796365	43794973	7677	43792526	-3838	3839	2447
chr15	39587421	39594466	39591255	7045	39590943	-3522	3523	312
chr15	42408729	42412566	42412220	3837	42410647	-1918	1919	1573
chr15	75842683	75844761	75844168	2078	75843722	-1039	1039	446
chr15	43788688	43796365	43795620	7677	43792526	-3838	3839	3094
chr15	70666506	70667967	70667949	1461	70667236	-730	731	713
chr15	70052806	70055779	70054461	2973	70054292	-1486	1487	169
chr15	43772596	43775492	43773075	2896	43774044	-1448	1448	-969
chr15	41531204	41536114	41534833	4910	41533659	-2455	2455	1174
chr15	89327998	89330483	89330200	2485	89329240	-1242	1243	960
chr15	74618754	74623819	74622496	5065	74621286	-2532	2533	1210
chr15	38493989	38495103	38494726	1114	38494546	-557	557	180
chr15	40452989	40460305	40458952	7316	40456647	-3658	3658	2305
chr15	41566976	41572781	41571087	5805	41569878	-2902	2903	1209
chr15	45068716	45072021	45069041	3305	45070368	-1652	1653	-1327
chr15	74815831	74819460	74819200	3629	74817645	-1814	1815	1555
chr15	90911821	90914449	90912936	2628	90913135	-1314	1314	-199
chr15	72473804	72475475	72474975	1671	72474639	-835	836	336
chr15	40736365	40739322	40736583	2957	40737843	-1478	1479	-1260
chr15	40452989	40460305	40458764	7316	40456647	-3658	3658	2117
chr15	40765226	40771496	40771419	6270	40768361	-3135	3135	3058
chr15	41026215	41030034	41027621	3819	41028124	-1909	1910	-503
chr15	41848210	41852899	41848575	4689	41850554	-2344	2345	-1979
chr15	44563912	44568270	44567557	4358	44566091	-2179	2179	1466
chr15	52263218	52268612	52264205	5394	52265915	-2697	2697	-1710
chr15	64170506	64172950	64171440	2444	64171728	-1222	1222	-288
chr15	40333280	40340843	40339935	7563	40337061	-3781	3782	2874
chr15	40743080	40749349	40745216	6269	40746214	-3134	3135	-998
chr15	39587421	39594466	39589905	7045	39590943	-3522	3523	-1038
chr15	40452989	40460305	40458783	7316	40456647	-3658	3658	2136
chr15	45148650	45156385	45151190	7735	45152517	-3867	3868	-1327
chr15	40743080	40749349	40745228	6269	40746214	-3134	3135	-986
chr15	41566976	41572781	41568269	5805	41569878	-2902	2903	-1609
chr15	52281907	52283519	52282800	1612	52282713	-806	806	87
chr15	64170506	64172950	64171822	2444	64171728	-1222	1222	94
chr15	75336467	75339381	75339025	2914	75337924	-1457	1457	1101
chr15	89314372	89317032	89316693	2660	89315702	-1330	1330	991
chr15	89625009	89626112	89625491	1103	89625560	-551	552	-69
chr15	40811149	40813726	40813370	2577	40812437	-1288	1289	933
chr15	41836480	41843900	41836936	7420	41840190	-3710	3710	-3254
chr15	58899432	58901322	58899591	1890	58900377	-945	945	-786
chr15	70096189	70098303	70096823	2114	70097246	-1057	1057	-423
chr15	92998137	93000821	93000594	2684	92999479	-1342	1342	1115
chr15	97960175	97961981	97960871	1806	97961078	-903	903	-207
chr15	64949607	64951180	64949897	1573	64950393	-786	787	-496
chr15	75209389	75215157	75211010	5768	75212273	-2884	2884	-1263
chr15	72755500	72758642	72756381	3142	72757071	-1571	1571	-690
chr15	41836480	41843900	41840199	7420	41840190	-3710	3710	9
chr15	66351954	66356851	66352162	4897	66354402	-2448	2449	-2240
chr15	40654176	40656948	40654931	2772	40655562	-1386	1386	-631
chr15	40765226	40771496	40768027	6270	40768361	-3135	3135	-334
chr15	75353964	75358835	75354803	4871	75356399	-2435	2436	-1596
chr15	52235751	52239784	52237541	4033	52237767	-2016	2017	-226
chr15	70052806	70055779	70055299	2973	70054292	-1486	1487	1007
chr15	40765226	40771496	40768036	6270	40768361	-3135	3135	-325
chr15	41765548	41768947	41767850	3399	41767247	-1699	1700	603
chr15	66325990	66328611	66326429	2621	66327300	-1310	1311	-871
chr15	75681501	75685815	75685657	4314	75683658	-2157	2157	1999
chr15	66325990	66328611	66325993	2621	66327300	-1310	1311	-1307
chr15	90911821	90914449	90913627	2628	90913135	-1314	1314	492
chr15	43399874	43403076	43401746	3202	43401475	-1601	1601	271
chr15	75353964	75358835	75356828	4871	75356399	-2435	2436	429
chr15	89639750	89642552	89642253	2802	89641151	-1401	1401	1102
chr15	66503113	66504166	66503258	1053	66503639	-526	527	-381
chr15	90270058	90271778	90271387	1720	90270918	-860	860	469
chr15	90641285	90643891	90642024	2606	90642588	-1303	1303	-564
chr15	40465508	40469738	40466021	4230	40467623	-2115	2115	-1602
chr15	41455862	41458546	41457732	2684	41457204	-1342	1342	528
chr15	42140193	42143679	42141891	3486	42141936	-1743	1743	-45
chr15	43527364	43533441	43529736	6077	43530402	-3038	3039	-666
chr15	43598094	43600714	43600670	2620	43599404	-1310	1310	1266
chr15	45148650	45156385	45152377	7735	45152517	-3867	3868	-140
chr15	52244710	52249665	52248780	4955	52247187	-2477	2478	1593
chr15	65650233	65655050	65650716	4817	65652641	-2408	2409	-1925
chr15	70052806	70055779	70053304	2973	70054292	-1486	1487	-988
chr15	74618754	74623819	74619268	5065	74621286	-2532	2533	-2018
chr15	74834548	74839136	74838718	4588	74836842	-2294	2294	1876
chr15	75353964	75358835	75358777	4871	75356399	-2435	2436	2378
chr15	89632643	89635177	89633856	2534	89633910	-1267	1267	-54
chr15	90083451	90085471	90084174	2020	90084461	-1010	1010	-287
chr15	98648041	98651751	98649636	3710	98649896	-1855	1855	-260
chr15	90958766	90962964	90961747	4198	90960865	-2099	2099	882
chr15	43788688	43796365	43795607	7677	43792526	-3838	3839	3081
chr15	89625009	89626112	89626011	1103	89625560	-551	552	451
chr15	70052806	70055779	70053290	2973	70054292	-1486	1487	-1002
chr15	65590282	65591907	65591717	1625	65591094	-812	813	623
chr15	40851014	40858545	40855959	7531	40854779	-3765	3766	1180
chr15	89632643	89635177	89633184	2534	89633910	-1267	1267	-726
chr15	41576154	41578761	41578041	2607	41577457	-1303	1304	584
chr15	39587421	39594466	39593525	7045	39590943	-3522	3523	2582
chr15	40379878	40383584	40382995	3706	40381731	-1853	1853	1264
chr15	40414589	40419185	40418175	4596	40416887	-2298	2298	1288
chr15	40851014	40858545	40853177	7531	40854779	-3765	3766	-1602
chr15	43527364	43533441	43528293	6077	43530402	-3038	3039	-2109
chr15	43598094	43600714	43599162	2620	43599404	-1310	1310	-242
chr15	43788688	43796365	43795441	7677	43792526	-3838	3839	2915
chr15	59136644	59138867	59137258	2223	59137755	-1111	1112	-497
chr15	68782137	68784724	68784526	2587	68783430	-1293	1294	1096
chr15	74815831	74819460	74819238	3629	74817645	-1814	1815	1593
chr15	75842683	75844761	75844344	2078	75843722	-1039	1039	622
chr15	73700489	73704750	73703712	4261	73702619	-2130	2131	1093
chr15	78292305	78294716	78292779	2411	78293510	-1205	1206	-731
chr15	64818953	64825315	64822491	6362	64822134	-3181	3181	357
chr15	70096189	70098303	70096702	2114	70097246	-1057	1057	-544
chr15	42408729	42412566	42411324	3837	42410647	-1918	1919	677
chr15	74815831	74819460	74819249	3629	74817645	-1814	1815	1604
chr15	40333280	40340843	40338977	7563	40337061	-3781	3782	1916
chr15	75842683	75844761	75843665	2078	75843722	-1039	1039	-57
chr15	41765548	41768947	41766015	3399	41767247	-1699	1700	-1232
chr15	39587421	39594466	39592726	7045	39590943	-3522	3523	1783
chr15	40379878	40383584	40382903	3706	40381731	-1853	1853	1172
chr15	90949326	90950796	90950504	1470	90950061	-735	735	443
chr15	39587421	39594466	39591567	7045	39590943	-3522	3523	624
chr15	75353964	75358835	75354979	4871	75356399	-2435	2436	-1420
chr15	84797637	84803180	84798442	5543	84800408	-2771	2772	-1966
chr15	43772596	43775492	43774246	2896	43774044	-1448	1448	202
chr15	40452989	40460305	40458567	7316	40456647	-3658	3658	1920
chr15	72249947	72252345	72250017	2398	72251146	-1199	1199	-1129
chr15	75336467	75339381	75338276	2914	75337924	-1457	1457	352
chr15	43800496	43804639	43801770	4143	43802567	-2071	2072	-797
chr15	45148650	45156385	45152332	7735	45152517	-3867	3868	-185
chr15	63587073	63589887	63588443	2814	63588480	-1407	1407	-37
chr15	84642909	84646430	84645452	3521	84644669	-1760	1761	783
chr15	70047849	70052287	70049928	4438	70050068	-2219	2219	-140
chr15	75205017	75208416	75206506	3399	75206716	-1699	1700	-210
chr15	74841742	74842714	74842211	972	74842228	-486	486	-17
chr15	58899432	58901322	58899675	1890	58900377	-945	945	-702
chr15	40333280	40340843	40335523	7563	40337061	-3781	3782	-1538
chr15	65650233	65655050	65650931	4817	65652641	-2408	2409	-1710
chr15	73700489	73704750	73703968	4261	73702619	-2130	2131	1349
chr15	52202062	52205788	52205733	3726	52203925	-1863	1863	1808
chr15	75345680	75353480	75349230	7800	75349580	-3900	3900	-350
chr15	74834548	74839136	74838336	4588	74836842	-2294	2294	1494
chr15	88629902	88631049	88630266	1147	88630475	-573	574	-209
chr15	90951225	90954353	90953170	3128	90952789	-1564	1564	381
chr15	44563912	44568270	44564683	4358	44566091	-2179	2179	-1408
chr15	39587421	39594466	39593172	7045	39590943	-3522	3523	2229
chr15	42717839	42720257	42718062	2418	42719048	-1209	1209	-986
chr15	75205017	75208416	75206574	3399	75206716	-1699	1700	-142
chr15	43527364	43533441	43531274	6077	43530402	-3038	3039	872
chr15	40851014	40858545	40857000	7531	40854779	-3765	3766	2221
chr15	40333280	40340843	40337751	7563	40337061	-3781	3782	690
chr15	43527364	43533441	43529308	6077	43530402	-3038	3039	-1094
chr15	72240482	72243452	72241333	2970	72241967	-1485	1485	-634
chr15	63594448	63598402	63597452	3954	63596425	-1977	1977	1027
chr15	41765548	41768947	41766349	3399	41767247	-1699	1700	-898
chr15	90917671	90920571	90918339	2900	90919121	-1450	1450	-782
chr15	75345680	75353480	75348987	7800	75349580	-3900	3900	-593
chr15	40465508	40469738	40466347	4230	40467623	-2115	2115	-1276
chr15	89319023	89325872	89323511	6849	89322447	-3424	3425	1064
chr15	75656685	75661843	75657206	5158	75659264	-2579	2579	-2058
chr15	64818953	64825315	64823837	6362	64822134	-3181	3181	1703
chr15	85740311	85742738	85741363	2427	85741524	-1213	1214	-161
chr15	41566976	41572781	41567472	5805	41569878	-2902	2903	-2406
chr15	50492838	50494441	50494233	1603	50493639	-801	802	594
chr15	70052806	70055779	70055115	2973	70054292	-1486	1487	823
chr15	39587421	39594466	39593630	7045	39590943	-3522	3523	2687
chr15	43527364	43533441	43528442	6077	43530402	-3038	3039	-1960
chr15	74834548	74839136	74838723	4588	74836842	-2294	2294	1881
chr15	50492838	50494441	50493874	1603	50493639	-801	802	235
chr15	45148650	45156385	45151915	7735	45152517	-3867	3868	-602
chr15	74834548	74839136	74838176	4588	74836842	-2294	2294	1334
chr16	28586169	28593471	28592369	7302	28589820	-3651	3651	2549
chr16	30061782	30066263	30065810	4481	30064022	-2240	2241	1788
chr16	85669771	85672580	85671085	2809	85671175	-1404	1405	-90
chr16	68813056	68815865	68815728	2809	68814460	-1404	1405	1268
chr16	88855998	88858993	88858790	2995	88857495	-1497	1498	1295
chr16	67611005	67613167	67612020	2162	67612086	-1081	1081	-66
chr16	3288292	3290038	3289713	1746	3289165	-873	873	548
chr16	4267571	4274244	4272763	6673	4270907	-3336	3337	1856
chr16	20843686	20845056	20844634	1370	20844371	-685	685	263
chr16	58498418	58505394	58503926	6976	58501906	-3488	3488	2020
chr16	72787162	72789386	72787252	2224	72788274	-1112	1112	-1022
chr16	58663623	58669481	58667286	5858	58666552	-2929	2929	734
chr16	30581880	30587051	30583007	5171	30584465	-2585	2586	-1458
chr16	66729236	66733182	66730181	3946	66731209	-1973	1973	-1028
chr16	69936157	69940225	69940170	4068	69938191	-2034	2034	1979
chr16	89289966	89294264	89290737	4298	89292115	-2149	2149	-1378
chr16	67611005	67613167	67611604	2162	67612086	-1081	1081	-482
chr16	68692259	68696902	68695286	4643	68694580	-2321	2322	706
chr16	70254291	70259651	70259149	5360	70256971	-2680	2680	2178
chr16	20735735	20737765	20736516	2030	20736750	-1015	1015	-234
chr16	3580119	3583695	3583369	3576	3581907	-1788	1788	1462
chr16	72098588	72105556	72099272	6968	72102072	-3484	3484	-2800
chr16	57990061	57997553	57997034	7492	57993807	-3746	3746	3227
chr16	85655107	85657930	85655835	2823	85656518	-1411	1412	-683
chr16	3380184	3383192	3383083	3008	3381688	-1504	1504	1395
chr16	70478421	70483634	70479756	5213	70481027	-2606	2607	-1271
chr16	30381003	30386326	30381464	5323	30383664	-2661	2662	-2200
chr16	67611005	67613167	67611515	2162	67612086	-1081	1081	-571
chr16	31487340	31491093	31488290	3753	31489216	-1876	1877	-926
chr16	30182803	30190232	30186437	7429	30186517	-3714	3715	-80
chr16	30200505	30207655	30204330	7150	30204080	-3575	3575	250
chr16	1697559	1699736	1699023	2177	1698647	-1088	1089	376
chr16	74471657	74473759	74472383	2102	74472708	-1051	1051	-325
chr16	28166150	28167579	28166572	1429	28166864	-714	715	-292
chr16	66565945	66568203	66566150	2258	66567074	-1129	1129	-924
chr16	30889949	30893482	30893252	3533	30891715	-1766	1767	1537
chr16	67542831	67549676	67546517	6845	67546253	-3422	3423	264
chr16	1361273	1365747	1362657	4474	1363510	-2237	2237	-853
chr16	89738113	89741017	89740290	2904	89739565	-1452	1452	725
chr16	4759564	4764820	4762752	5256	4762192	-2628	2628	560
chr16	18853555	18857326	18853754	3771	18855440	-1885	1886	-1686
chr16	31487340	31491093	31489217	3753	31489216	-1876	1877	1
chr16	19714030	19715936	19714229	1906	19714983	-953	953	-754
chr16	68353010	68360872	68358590	7862	68356941	-3931	3931	1649
chr16	85667886	85669630	85668229	1744	85668758	-872	872	-529
chr16	19113540	19116200	19115740	2660	19114870	-1330	1330	870
chr16	2055445	2059241	2058762	3796	2057343	-1898	1898	1419
chr16	30381003	30386326	30382296	5323	30383664	-2661	2662	-1368
chr16	31487340	31491093	31490803	3753	31489216	-1876	1877	1587
chr16	8734789	8740962	8735749	6173	8737875	-3086	3087	-2126
chr16	2282462	2289946	2284367	7484	2286204	-3742	3742	-1837
chr16	85667886	85669630	85668248	1744	85668758	-872	872	-510
chr16	67611005	67613167	67611195	2162	67612086	-1081	1081	-891
chr16	28984813	28992064	28985418	7251	28988438	-3625	3626	-3020
chr16	2282462	2289946	2289578	7484	2286204	-3742	3742	3374
chr16	14239490	14241347	14240482	1857	14240418	-928	929	64
chr16	15606768	15608941	15608485	2173	15607854	-1086	1087	631
chr16	24822664	24823982	24823887	1318	24823323	-659	659	564
chr16	30722456	30723500	30723071	1044	30722978	-522	522	93
chr16	646228	650683	647983	4455	648455	-2227	2228	-472
chr16	79004	83212	83088	4208	81108	-2104	2104	1980
chr16	284032	287503	285568	3471	285767	-1735	1736	-199
chr16	628162	632976	631257	4814	630569	-2407	2407	688
chr16	646228	650683	648297	4455	648455	-2227	2228	-158
chr16	3659642	3664971	3662869	5329	3662306	-2664	2665	563
chr16	31038993	31043319	31039808	4326	31041156	-2163	2163	-1348
chr16	31487340	31491093	31488855	3753	31489216	-1876	1877	-361
chr16	54927861	54934190	54932484	6329	54931025	-3164	3165	1459
chr16	57990061	57997553	57997019	7492	57993807	-3746	3746	3212
chr16	67878599	67882170	67879900	3571	67880384	-1785	1786	-484
chr16	69936157	69940225	69939114	4068	69938191	-2034	2034	923
chr16	70152761	70154593	70153393	1832	70153677	-916	916	-284
chr16	74997083	75000931	75000048	3848	74999007	-1924	1924	1041
chr16	75231844	75239844	75236934	8000	75235844	-4000	4000	1090
chr16	1442531	1449768	1443973	7237	1446149	-3618	3619	-2176
chr16	31491794	31498203	31493182	6409	31494998	-3204	3205	-1816
chr16	31122285	31129104	31127087	6819	31125694	-3409	3410	1393
chr16	67162542	67166189	67163040	3647	67164365	-1823	1824	-1325
chr16	173302	177107	173496	3805	175204	-1902	1903	-1708
chr16	1450183	1453232	1451627	3049	1451707	-1524	1525	-80
chr16	22282781	22284989	22283937	2208	22283885	-1104	1104	52
chr16	27496386	27502447	27501345	6061	27499416	-3030	3031	1929
chr16	30068401	30074981	30069641	6580	30071691	-3290	3290	-2050
chr16	30355160	30360133	30359619	4973	30357646	-2486	2487	1973
chr16	30987284	30989002	30988185	1718	30988143	-859	859	42
chr16	31465835	31468841	31466041	3006	31467338	-1503	1503	-1297
chr16	67675285	67676901	67675427	1616	67676093	-808	808	-666
chr16	67728283	67732358	67731172	4075	67730320	-2037	2038	852
chr16	70254291	70259651	70258127	5360	70256971	-2680	2680	1156
chr16	70684326	70688707	70688195	4381	70686516	-2190	2191	1679
chr16	72098588	72105556	72098759	6968	72102072	-3484	3484	-3313
chr16	75231844	75239844	75237268	8000	75235844	-4000	4000	1424
chr16	75565960	75567787	75566513	1827	75566873	-913	914	-360
chr16	84452383	84455674	84454842	3291	84454028	-1645	1646	814
chr16	84067122	84069658	84067796	2536	84068390	-1268	1268	-594
chr16	4259672	4266577	4262597	6905	4263124	-3452	3453	-527
chr16	67611005	67613167	67611405	2162	67612086	-1081	1081	-681
chr16	4889741	4897034	4892090	7293	4893387	-3646	3647	-1297
chr16	4354715	4358889	4354944	4174	4356802	-2087	2087	-1858
chr16	15040894	15043590	15041668	2696	15042242	-1348	1348	-574
chr16	28586169	28593471	28591627	7302	28589820	-3651	3651	1807
chr16	28980518	28983444	28981459	2926	28981981	-1463	1463	-522
chr16	89742758	89747340	89742935	4582	89745049	-2291	2291	-2114
chr16	2298993	2304427	2304097	5434	2301710	-2717	2717	2387
chr16	67542831	67549676	67545857	6845	67546253	-3422	3423	-396
chr16	28898026	28904080	28898273	6054	28901053	-3027	3027	-2780
chr16	58515032	58518254	58516653	3222	58516643	-1611	1611	10
chr16	31870744	31874827	31873838	4083	31872785	-2041	2042	1053
chr16	68556453	68560206	68558028	3753	68558329	-1876	1877	-301
chr16	8643392	8649003	8646337	5611	8646197	-2805	2806	140
chr16	28984813	28992064	28986164	7251	28988438	-3625	3626	-2274
chr16	30722456	30723500	30722639	1044	30722978	-522	522	-339
chr16	19714030	19715936	19714147	1906	19714983	-953	953	-836
chr16	70262116	70267190	70265558	5074	70264653	-2537	2537	905
chr16	284032	287503	286659	3471	285767	-1735	1736	892
chr16	15715475	15722661	15719664	7186	15719068	-3593	3593	596
chr16	31465835	31468841	31466607	3006	31467338	-1503	1503	-731
chr16	31487340	31491093	31487681	3753	31489216	-1876	1877	-1535
chr16	57651993	57655794	57655470	3801	57653893	-1900	1901	1577
chr16	29801872	29808524	29807666	6652	29805198	-3326	3326	2468
chr16	28898026	28904080	28898300	6054	28901053	-3027	3027	-2753
chr16	28838528	28846122	28844257	7594	28842325	-3797	3797	1932
chr16	2768472	2772733	2770354	4261	2770602	-2130	2131	-248
chr16	68813056	68815865	68815725	2809	68814460	-1404	1405	1265
chr16	30963146	30967856	30964243	4710	30965501	-2355	2355	-1258
chr16	67611005	67613167	67612016	2162	67612086	-1081	1081	-70
chr16	70478421	70483634	70482749	5213	70481027	-2606	2607	1722
chr16	30381003	30386326	30381118	5323	30383664	-2661	2662	-2546
chr16	67611005	67613167	67611615	2162	67612086	-1081	1081	-471
chr16	4688036	4694986	4689252	6950	4691511	-3475	3475	-2259
chr16	30381003	30386326	30381025	5323	30383664	-2661	2662	-2639
chr16	69130662	69133680	69132128	3018	69132171	-1509	1509	-43
chr16	30753550	30760117	30759682	6567	30756833	-3283	3284	2849
chr16	68813056	68815865	68813401	2809	68814460	-1404	1405	-1059
chr16	74912148	74913613	74912306	1465	74912880	-732	733	-574
chr16	793150	795905	794160	2755	794527	-1377	1378	-367
chr16	4858319	4860489	4858648	2170	4859404	-1085	1085	-756
chr16	25256527	25258525	25257065	1998	25257526	-999	999	-461
chr16	27226660	27232027	27226741	5367	27229343	-2683	2684	-2602
chr16	30355160	30360133	30358445	4973	30357646	-2486	2487	799
chr16	30963146	30967856	30964988	4710	30965501	-2355	2355	-513
chr16	87710401	87713883	87711406	3482	87712142	-1741	1741	-736
chr16	89738113	89741017	89739940	2904	89739565	-1452	1452	375
chr16	89738113	89741017	89740290	2904	89739565	-1452	1452	725
chr16	28904484	28907031	28905507	2547	28905757	-1273	1274	-250
chr16	31190636	31194669	31191099	4033	31192652	-2016	2017	-1553
chr16	2270436	2277308	2271798	6872	2273872	-3436	3436	-2074
chr16	67611005	67613167	67612019	2162	67612086	-1081	1081	-67
chr16	28912393	28917138	28914488	4745	28914765	-2372	2373	-277
chr16	30381003	30386326	30382151	5323	30383664	-2661	2662	-1513
chr16	8643392	8649003	8646324	5611	8646197	-2805	2806	127
chr16	3055091	3060102	3056011	5011	3057596	-2505	2506	-1585
chr16	30708751	30711193	30711032	2442	30709972	-1221	1221	1060
chr16	57990061	57997553	57997194	7492	57993807	-3746	3746	3387
chr16	67149143	67156537	67149740	7394	67152840	-3697	3697	-3100
chr16	3380184	3383192	3382925	3008	3381688	-1504	1504	1237
chr16	1450183	1453232	1450620	3049	1451707	-1524	1525	-1087
chr16	30708751	30711193	30709994	2442	30709972	-1221	1221	22
chr16	89738113	89741017	89739976	2904	89739565	-1452	1452	411
chr16	68813056	68815865	68813496	2809	68814460	-1404	1405	-964
chr16	345893	350303	346381	4410	348098	-2205	2205	-1717
chr16	31038993	31043319	31039644	4326	31041156	-2163	2163	-1512
chr16	2759719	2762104	2761895	2385	2760911	-1192	1193	984
chr16	87412777	87416606	87413116	3829	87414691	-1914	1915	-1575
chr16	345893	350303	346809	4410	348098	-2205	2205	-1289
chr16	31198837	31201918	31201740	3081	31200377	-1540	1541	1363
chr16	72787162	72789386	72787516	2224	72788274	-1112	1112	-758
chr16	19113540	19116200	19116066	2660	19114870	-1330	1330	1196
chr16	67633040	67638382	67637747	5342	67635711	-2671	2671	2036
chr16	69317979	69322237	69321139	4258	69320108	-2129	2129	1031
chr16	89870559	89874430	89873587	3871	89872494	-1935	1936	1093
chr16	1361273	1365747	1362631	4474	1363510	-2237	2237	-879
chr16	15032781	15036463	15036183	3682	15034622	-1841	1841	1561
chr16	4622923	4625896	4624987	2973	4624409	-1486	1487	578
chr16	4880200	4887501	4880219	7301	4883850	-3650	3651	-3631
chr16	70262116	70267190	70264991	5074	70264653	-2537	2537	338
chr16	15606768	15608941	15608512	2173	15607854	-1086	1087	658
chr16	15722733	15725029	15724579	2296	15723881	-1148	1148	698
chr16	29991887	29996915	29995441	5028	29994401	-2514	2514	1040
chr16	27507611	27509871	27508552	2260	27508741	-1130	1130	-189
chr16	30381003	30386326	30381067	5323	30383664	-2661	2662	-2597
chr16	88884981	88889223	88886019	4242	88887102	-2121	2121	-1083
chr16	30355160	30360133	30359071	4973	30357646	-2486	2487	1425
chr16	67720225	67726891	67726099	6666	67723558	-3333	3333	2541
chr16	71647474	71649760	71648922	2286	71648617	-1143	1143	305
chr16	30753550	30760117	30759044	6567	30756833	-3283	3284	2211
chr16	68299862	68301547	68301537	1685	68300704	-842	843	833
chr16	30068401	30074981	30069855	6580	30071691	-3290	3290	-1836
chr16	68299862	68301547	68301352	1685	68300704	-842	843	648
chr16	4901789	4905013	4904016	3224	4903401	-1612	1612	615
chr16	11833189	11839682	11837547	6493	11836435	-3246	3247	1112
chr16	23586870	23590246	23587202	3376	23588558	-1688	1688	-1356
chr16	30928180	30935330	30930268	7150	30931755	-3575	3575	-1487
chr16	1815369	1823145	1816965	7776	1819257	-3888	3888	-2292
chr16	70462064	70468050	70463695	5986	70465057	-2993	2993	-1362
chr16	1815369	1823145	1819957	7776	1819257	-3888	3888	700
chr16	4510154	4515089	4512820	4935	4512621	-2467	2468	199
chr16	30651075	30657065	30652987	5990	30654070	-2995	2995	-1083
chr16	1196625	1203045	1201677	6420	1199835	-3210	3210	1842
chr16	67611005	67613167	67612019	2162	67612086	-1081	1081	-67
chr16	29801872	29808524	29802822	6652	29805198	-3326	3326	-2376
chr16	69936157	69940225	69939886	4068	69938191	-2034	2034	1695
chr16	67611005	67613167	67611509	2162	67612086	-1081	1081	-577
chr16	8894337	8895561	8895059	1224	8894949	-612	612	110
chr16	15722733	15725029	15724665	2296	15723881	-1148	1148	784
chr16	3380184	3383192	3382953	3008	3381688	-1504	1504	1265
chr16	24569789	24572566	24571167	2777	24571177	-1388	1389	-10
chr16	68813056	68815865	68815760	2809	68814460	-1404	1405	1300
chr16	30753550	30760117	30757481	6567	30756833	-3283	3284	648
chr16	3055091	3060102	3057151	5011	3057596	-2505	2506	-445
chr16	8894337	8895561	8895129	1224	8894949	-612	612	180
chr16	1492737	1499307	1494311	6570	1496022	-3285	3285	-1711
chr16	2711770	2717435	2712621	5665	2714602	-2832	2833	-1981
chr16	2711770	2717435	2712725	5665	2714602	-2832	2833	-1877
chr16	30068401	30074981	30070083	6580	30071691	-3290	3290	-1608
chr16	30392670	30399331	30398054	6661	30396000	-3330	3331	2054
chr16	30764376	30767232	30766777	2856	30765804	-1428	1428	973
chr16	67190909	67196477	67194743	5568	67193693	-2784	2784	1050
chr16	70262116	70267190	70265083	5074	70264653	-2537	2537	430
chr16	70365375	70366543	70366161	1168	70365959	-584	584	202
chr16	74660668	74661574	74661206	906	74661121	-453	453	85
chr16	85679419	85684037	85681671	4618	85681728	-2309	2309	-57
chr16	30657312	30663362	30662576	6050	30660337	-3025	3025	2239
chr16	67277551	67283110	67280724	5559	67280330	-2779	2780	394
chr16	3380184	3383192	3382988	3008	3381688	-1504	1504	1300
chr16	69327055	69332382	69328926	5327	69329718	-2663	2664	-792
chr16	85659302	85665896	85662888	6594	85662599	-3297	3297	289
chr16	30392670	30399331	30398054	6661	30396000	-3330	3331	2054
chr16	70534131	70535584	70535320	1453	70534857	-726	727	463
chr16	88731457	88739128	88737806	7671	88735292	-3835	3836	2514
chr16	4880200	4887501	4883761	7301	4883850	-3650	3651	-89
chr16	284032	287503	285197	3471	285767	-1735	1736	-570
chr16	23586870	23590246	23587257	3376	23588558	-1688	1688	-1301
chr16	27470700	27472771	27471850	2071	27471735	-1035	1036	115
chr16	68292977	68298169	68296651	5192	68295573	-2596	2596	1078
chr16	30424755	30429041	30428931	4286	30426898	-2143	2143	2033
chr16	3380184	3383192	3383091	3008	3381688	-1504	1504	1403
chr16	2070465	2076837	2076576	6372	2073651	-3186	3186	2925
chr16	67149143	67156537	67149496	7394	67152840	-3697	3697	-3344
chr16	2070465	2076837	2072249	6372	2073651	-3186	3186	-1402
chr16	28838528	28846122	28842979	7594	28842325	-3797	3797	654
chr16	4688036	4694986	4693810	6950	4691511	-3475	3475	2299
chr16	67743519	67745655	67744409	2136	67744587	-1068	1068	-178
chr16	70659414	70661509	70661486	2095	70660461	-1047	1048	1025
chr16	2261938	2266817	2262305	4879	2264377	-2439	2440	-2072
chr16	29991887	29996915	29994586	5028	29994401	-2514	2514	185
chr16	3580119	3583695	3582421	3576	3581907	-1788	1788	514
chr16	58507462	58513079	58509310	5617	58510270	-2808	2809	-960
chr16	20805632	20807697	20807083	2065	20806664	-1032	1033	419
chr16	67664315	67668740	67668069	4425	67666527	-2212	2213	1542
chr16	2039835	2045019	2040175	5184	2042427	-2592	2592	-2252
chr16	70260196	70261653	70261109	1457	70260924	-728	729	185
chr16	3659642	3664971	3664412	5329	3662306	-2664	2665	2106
chr16	4880200	4887501	4885678	7301	4883850	-3650	3651	1828
chr16	75635399	75639282	75635975	3883	75637340	-1941	1942	-1365
chr16	30602880	30605973	30604985	3093	30604426	-1546	1547	559
chr16	30602880	30605973	30604616	3093	30604426	-1546	1547	190
chr16	4510154	4515089	4513800	4935	4512621	-2467	2468	1179
chr16	75109357	75116065	75112648	6708	75112711	-3354	3354	-63
chr16	89738113	89741017	89738816	2904	89739565	-1452	1452	-749
chr16	2282462	2289946	2284816	7484	2286204	-3742	3742	-1388
chr16	24789977	24792081	24791138	2104	24791029	-1052	1052	109
chr16	70676427	70682201	70679834	5774	70679314	-2887	2887	520
chr16	23586870	23590246	23587294	3376	23588558	-1688	1688	-1264
chr16	70262116	70267190	70262471	5074	70264653	-2537	2537	-2182
chr16	28586169	28593471	28591993	7302	28589820	-3651	3651	2173
chr16	58498418	58505394	58504610	6976	58501906	-3488	3488	2704
chr16	30392670	30399331	30399126	6661	30396000	-3330	3331	3126
chr16	646228	650683	648415	4455	648455	-2227	2228	-40
chr16	30068401	30074981	30070275	6580	30071691	-3290	3290	-1416
chr16	2039835	2045019	2043637	5184	2042427	-2592	2592	1210
chr16	30651075	30657065	30654869	5990	30654070	-2995	2995	799
chr16	58498418	58505394	58503862	6976	58501906	-3488	3488	1956
chr16	89870559	89874430	89873810	3871	89872494	-1935	1936	1316
chr16	79004	83212	79525	4208	81108	-2104	2104	-1583
chr16	2711770	2717435	2713622	5665	2714602	-2832	2833	-980
chr16	84479557	84482663	84480629	3106	84481110	-1553	1553	-481
chr16	3288292	3290038	3289518	1746	3289165	-873	873	353
chr16	30963146	30967856	30965831	4710	30965501	-2355	2355	330
chr16	74997083	75000931	75000088	3848	74999007	-1924	1924	1081
chr16	67269788	67271831	67270746	2043	67270809	-1021	1022	-63
chr16	67878599	67882170	67879109	3571	67880384	-1785	1786	-1275
chr16	345893	350303	346580	4410	348098	-2205	2205	-1518
chr16	11913819	11916936	11915547	3117	11915377	-1558	1559	170
chr16	30061782	30066263	30065810	4481	30064022	-2240	2241	1788
chr16	87866791	87870288	87868952	3497	87868539	-1748	1749	413
chr16	68813056	68815865	68815725	2809	68814460	-1404	1405	1265
chr16	29991887	29996915	29994556	5028	29994401	-2514	2514	155
chr16	30068401	30074981	30068838	6580	30071691	-3290	3290	-2853
chr16	30663823	30667335	30664722	3512	30665579	-1756	1756	-857
chr16	30978687	30981767	30980094	3080	30980227	-1540	1540	-133
chr16	628162	632976	630025	4814	630569	-2407	2407	-544
chr16	628162	632976	630232	4814	630569	-2407	2407	-337
chr16	4267571	4274244	4272753	6673	4270907	-3336	3337	1846
chr16	28175136	28177240	28175928	2104	28176188	-1052	1052	-260
chr16	89901041	89906062	89904269	5021	89903551	-2510	2511	718
chr16	30068401	30074981	30068649	6580	30071691	-3290	3290	-3042
chr16	31112887	31120243	31117662	7356	31116565	-3678	3678	1097
chr16	84067122	84069658	84068385	2536	84068390	-1268	1268	-5
chr16	84452383	84455674	84454946	3291	84454028	-1645	1646	918
chr16	30978687	30981767	30981139	3080	30980227	-1540	1540	912
chr16	77190314	77195460	77193546	5146	77192887	-2573	2573	659
chr16	8853396	8856447	8854972	3051	8854921	-1525	1526	51
chr16	19066724	19069103	19068687	2379	19067913	-1189	1190	774
chr16	30581880	30587051	30583301	5171	30584465	-2585	2586	-1164
chr16	30707115	30708701	30707574	1586	30707908	-793	793	-334
chr16	4880200	4887501	4887210	7301	4883850	-3650	3651	3360
chr16	31190636	31194669	31190776	4033	31192652	-2016	2017	-1876
chr16	87694763	87697779	87696597	3016	87696271	-1508	1508	326
chr16	67149143	67156537	67149830	7394	67152840	-3697	3697	-3010
chr16	29991887	29996915	29993707	5028	29994401	-2514	2514	-694
chr16	31038993	31043319	31039755	4326	31041156	-2163	2163	-1401
chr16	30392670	30399331	30397950	6661	30396000	-3330	3331	1950
chr16	85659302	85665896	85662920	6594	85662599	-3297	3297	321
chr16	18792989	18794914	18793359	1925	18793951	-962	963	-592
chr16	28912393	28917138	28914487	4745	28914765	-2372	2373	-278
chr16	28923583	28925837	28924414	2254	28924710	-1127	1127	-296
chr16	85659302	85665896	85663493	6594	85662599	-3297	3297	894
chr16	69936157	69940225	69937567	4068	69938191	-2034	2034	-624
chr16	29991887	29996915	29993707	5028	29994401	-2514	2514	-694
chr16	646228	650683	648368	4455	648455	-2227	2228	-87
chr16	793150	795905	795741	2755	794527	-1377	1378	1214
chr16	1196625	1203045	1198724	6420	1199835	-3210	3210	-1111
chr16	2692330	2698024	2697942	5694	2695177	-2847	2847	2765
chr16	4831855	4834001	4832059	2146	4832928	-1073	1073	-869
chr16	4880200	4887501	4881820	7301	4883850	-3650	3651	-2030
chr16	4880200	4887501	4884663	7301	4883850	-3650	3651	813
chr16	11674976	11677664	11677355	2688	11676320	-1344	1344	1035
chr16	14664812	14669103	14667720	4291	14666957	-2145	2146	763
chr16	30061782	30066263	30065810	4481	30064022	-2240	2241	1788
chr16	30651075	30657065	30651837	5990	30654070	-2995	2995	-2233
chr16	67264153	67266391	67264391	2238	67265272	-1119	1119	-881
chr16	89870559	89874430	89873641	3871	89872494	-1935	1936	1147
chr16	89901041	89906062	89904883	5021	89903551	-2510	2511	1332
chr16	68813056	68815865	68813379	2809	68814460	-1404	1405	-1081
chr16	15722733	15725029	15724866	2296	15723881	-1148	1148	985
chr16	363010	370814	370169	7804	366912	-3902	3902	3257
chr16	77190314	77195460	77194883	5146	77192887	-2573	2573	1996
chr16	8643392	8649003	8644719	5611	8646197	-2805	2806	-1478
chr16	5095072	5096913	5095495	1841	5095992	-920	921	-497
chr16	15722733	15725029	15724656	2296	15723881	-1148	1148	775
chr16	27459712	27466096	27465385	6384	27462904	-3192	3192	2481
chr16	57454940	57457060	57456507	2120	57456000	-1060	1060	507
chr16	30984658	30987058	30985565	2400	30985858	-1200	1200	-293
chr16	67542831	67549676	67544977	6845	67546253	-3422	3423	-1276
chr16	628162	632976	630205	4814	630569	-2407	2407	-364
chr16	633191	638855	634903	5664	636023	-2832	2832	-1120
chr16	8853396	8856447	8854937	3051	8854921	-1525	1526	16
chr16	8853396	8856447	8855127	3051	8854921	-1525	1526	206
chr16	8853396	8856447	8855292	3051	8854921	-1525	1526	371
chr16	13919696	13923003	13920187	3307	13921349	-1653	1654	-1162
chr16	23474182	23479013	23478469	4831	23476597	-2415	2416	1872
chr16	27487168	27488399	27488373	1231	27487783	-615	616	590
chr16	30708751	30711193	30709945	2442	30709972	-1221	1221	-27
chr16	68270619	68275074	68274900	4455	68272846	-2227	2228	2054
chr16	70253200	70254161	70253752	961	70253680	-480	481	72
chr16	4695796	4701454	4699361	5658	4698625	-2829	2829	736
chr16	22312062	22316057	22315183	3995	22314059	-1997	1998	1124
chr16	89148956	89155817	89154104	6861	89152386	-3430	3431	1718
chr16	8643392	8649003	8646269	5611	8646197	-2805	2806	72
chr16	67863571	67868718	67868538	5147	67866144	-2573	2574	2394
chr16	1665505	1669312	1668049	3807	1667408	-1903	1904	641
chr16	4259672	4266577	4261919	6905	4263124	-3452	3453	-1205
chr16	1361273	1365747	1362249	4474	1363510	-2237	2237	-1261
chr16	67925197	67932425	67930999	7228	67928811	-3614	3614	2188
chr16	24789977	24792081	24790496	2104	24791029	-1052	1052	-533
chr16	68299862	68301547	68301280	1685	68300704	-842	843	576
chr16	30978687	30981767	30980085	3080	30980227	-1540	1540	-142
chr16	4809547	4813648	4811728	4101	4811597	-2050	2051	131
chr16	89159009	89163550	89160402	4541	89161279	-2270	2271	-877
chr16	19541301	19542071	19541945	770	19541686	-385	385	259
chr16	15032781	15036463	15036303	3682	15034622	-1841	1841	1681
chr16	30764376	30767232	30766856	2856	30765804	-1428	1428	1052
chr16	30602880	30605973	30604258	3093	30604426	-1546	1547	-168
chr16	89710957	89712742	89711971	1785	89711849	-892	893	122
chr16	89710957	89712742	89711972	1785	89711849	-892	893	123
chr16	31112887	31120243	31120228	7356	31116565	-3678	3678	3663
chr16	71847661	71854149	71850422	6488	71850905	-3244	3244	-483
chr16	28907460	28909049	28908673	1589	28908254	-794	795	419
chr16	30651075	30657065	30656280	5990	30654070	-2995	2995	2210
chr16	29801872	29808524	29804027	6652	29805198	-3326	3326	-1171
chr16	75231844	75239844	75233905	8000	75235844	-4000	4000	-1939
chr16	1196625	1203045	1198638	6420	1199835	-3210	3210	-1197
chr16	30602880	30605973	30604854	3093	30604426	-1546	1547	428
chr16	68813056	68815865	68815760	2809	68814460	-1404	1405	1300
chr16	1665505	1669312	1669081	3807	1667408	-1903	1904	1673
chr16	173302	177107	173550	3805	175204	-1902	1903	-1654
chr16	8894337	8895561	8894614	1224	8894949	-612	612	-335
chr16	69363801	69367284	69367142	3483	69365542	-1741	1742	1600
chr16	30957778	30959774	30958800	1996	30958776	-998	998	24
chr16	72106873	72109112	72107510	2239	72107992	-1119	1120	-482
chr16	67244874	67250719	67249202	5845	67247796	-2922	2923	1406
chr16	11674976	11677664	11676185	2688	11676320	-1344	1344	-135
chr16	3591048	3597698	3591096	6650	3594373	-3325	3325	-3277
chr16	69314873	69317369	69316038	2496	69316121	-1248	1248	-83
chr16	75231844	75239844	75236484	8000	75235844	-4000	4000	640
chr16	30708751	30711193	30710802	2442	30709972	-1221	1221	830
chr16	345893	350303	346354	4410	348098	-2205	2205	-1744
chr16	67728283	67732358	67731285	4075	67730320	-2037	2038	965
chr16	633191	638855	635285	5664	636023	-2832	2832	-738
chr16	67434381	67440550	67438864	6169	67437465	-3084	3085	1399
chr16	2242306	2249429	2246900	7123	2245867	-3561	3562	1033
chr16	68813056	68815865	68815674	2809	68814460	-1404	1405	1214
chr16	70380551	70385411	70381552	4860	70382981	-2430	2430	-1429
chr16	2261938	2266817	2264175	4879	2264377	-2439	2440	-202
chr16	88731457	88739128	88736192	7671	88735292	-3835	3836	900
chr16	1703559	1709854	1706525	6295	1706706	-3147	3148	-181
chr16	79004	83212	83186	4208	81108	-2104	2104	2078
chr16	287980	295646	293607	7666	291813	-3833	3833	1794
chr16	1492737	1499307	1497068	6570	1496022	-3285	3285	1046
chr16	1503827	1511378	1507646	7551	1507602	-3775	3776	44
chr16	1651879	1653529	1652562	1650	1652704	-825	825	-142
chr16	1651879	1653529	1653055	1650	1652704	-825	825	351
chr16	2282462	2289946	2285470	7484	2286204	-3742	3742	-734
chr16	2282462	2289946	2286767	7484	2286204	-3742	3742	563
chr16	2298993	2304427	2303992	5434	2301710	-2717	2717	2282
chr16	2518655	2519775	2519733	1120	2519215	-560	560	518
chr16	3055091	3060102	3058208	5011	3057596	-2505	2506	612
chr16	3288292	3290038	3289442	1746	3289165	-873	873	277
chr16	3580119	3583695	3582492	3576	3581907	-1788	1788	585
chr16	4823497	4826667	4823823	3170	4825082	-1585	1585	-1259
chr16	10760540	10767729	10761524	7189	10764134	-3594	3595	-2610
chr16	28838528	28846122	28843085	7594	28842325	-3797	3797	760
chr16	28838528	28846122	28845916	7594	28842325	-3797	3797	3591
chr16	28923583	28925837	28924520	2254	28924710	-1127	1127	-190
chr16	30581880	30587051	30583151	5171	30584465	-2585	2586	-1314
chr16	67162542	67166189	67163006	3647	67164365	-1823	1824	-1359
chr16	67633040	67638382	67637959	5342	67635711	-2671	2671	2248
chr16	67664315	67668740	67667875	4425	67666527	-2212	2213	1348
chr16	69936157	69940225	69937226	4068	69938191	-2034	2034	-965
chr16	70260196	70261653	70261158	1457	70260924	-728	729	234
chr16	70547443	70548873	70548376	1430	70548158	-715	715	218
chr16	70659414	70661509	70660101	2095	70660461	-1047	1048	-360
chr16	70684326	70688707	70688228	4381	70686516	-2190	2191	1712
chr16	72098588	72105556	72098961	6968	72102072	-3484	3484	-3111
chr16	72787162	72789386	72787644	2224	72788274	-1112	1112	-630
chr16	88731457	88739128	88738878	7671	88735292	-3835	3836	3586
chr16	88740696	88746844	88742385	6148	88743770	-3074	3074	-1385
chr16	89289966	89294264	89290765	4298	89292115	-2149	2149	-1350
chr16	89738113	89741017	89738841	2904	89739565	-1452	1452	-724
chr16	30381003	30386326	30381791	5323	30383664	-2661	2662	-1873
chr16	89992361	89999442	89992785	7081	89995901	-3540	3541	-3116
chr16	79004	83212	83094	4208	81108	-2104	2104	1986
chr16	3439702	3442213	3440894	2511	3440957	-1255	1256	-63
chr16	4688036	4694986	4694362	6950	4691511	-3475	3475	2851
chr16	30392670	30399331	30398411	6661	30396000	-3330	3331	2411
chr16	88621803	88625422	88622294	3619	88623612	-1809	1810	-1318
chr16	87866791	87870288	87869141	3497	87868539	-1748	1749	602
chr16	28144838	28147167	28146148	2329	28146002	-1164	1165	146
chr16	30651075	30657065	30656391	5990	30654070	-2995	2995	2321
chr16	31487340	31491093	31487460	3753	31489216	-1876	1877	-1756
chr16	15032781	15036463	15033396	3682	15034622	-1841	1841	-1226
chr16	27226660	27232027	27226818	5367	27229343	-2683	2684	-2525
chr16	24789977	24792081	24790173	2104	24791029	-1052	1052	-856
chr16	56355352	56358224	56356502	2872	56356788	-1436	1436	-286
chr16	67244874	67250719	67247395	5845	67247796	-2922	2923	-401
chr16	1317422	1323517	1320585	6095	1320469	-3047	3048	116
chr16	1503827	1511378	1507315	7551	1507602	-3775	3776	-287
chr16	3288292	3290038	3289699	1746	3289165	-873	873	534
chr16	3739138	3741352	3739683	2214	3740245	-1107	1107	-562
chr16	11833189	11839682	11837854	6493	11836435	-3246	3247	1419
chr16	15671197	15678353	15677876	7156	15674775	-3578	3578	3101
chr16	18853555	18857326	18853737	3771	18855440	-1885	1886	-1703
chr16	24789977	24792081	24791452	2104	24791029	-1052	1052	423
chr16	27459712	27466096	27462315	6384	27462904	-3192	3192	-589
chr16	28838528	28846122	28844093	7594	28842325	-3797	3797	1768
chr16	28980518	28983444	28982010	2926	28981981	-1463	1463	29
chr16	29798806	29801692	29799114	2886	29800249	-1443	1443	-1135
chr16	29898762	29901811	29901643	3049	29900286	-1524	1525	1357
chr16	30720435	30722097	30721467	1662	30721266	-831	831	201
chr16	57511744	57517791	57512866	6047	57514767	-3023	3024	-1901
chr16	58498418	58505394	58503865	6976	58501906	-3488	3488	1959
chr16	66565945	66568203	66565982	2258	66567074	-1129	1129	-1092
chr16	77197872	77200842	77198122	2970	77199357	-1485	1485	-1235
chr16	1361273	1365747	1362860	4474	1363510	-2237	2237	-650
chr16	30068401	30074981	30069529	6580	30071691	-3290	3290	-2162
chr16	30355160	30360133	30358121	4973	30357646	-2486	2487	475
chr16	67675285	67676901	67675868	1616	67676093	-808	808	-225
chr16	30392670	30399331	30397634	6661	30396000	-3330	3331	1634
chr16	29801872	29808524	29805162	6652	29805198	-3326	3326	-36
chr16	30392670	30399331	30397798	6661	30396000	-3330	3331	1798
chr16	793150	795905	795711	2755	794527	-1377	1378	1184
chr16	15606768	15608941	15608360	2173	15607854	-1086	1087	506
chr16	70462064	70468050	70463706	5986	70465057	-2993	2993	-1351
chr16	363010	370814	368609	7804	366912	-3902	3902	1697
chr16	628162	632976	632837	4814	630569	-2407	2407	2268
chr16	70254291	70259651	70254626	5360	70256971	-2680	2680	-2345
chr16	67534500	67538800	67537482	4300	67536650	-2150	2150	832
chr16	24569789	24572566	24569925	2777	24571177	-1388	1389	-1252
chr16	2699609	2705811	2702467	6202	2702710	-3101	3101	-243
chr16	24569789	24572566	24571562	2777	24571177	-1388	1389	385
chr16	30392670	30399331	30398731	6661	30396000	-3330	3331	2731
chr16	30651075	30657065	30656276	5990	30654070	-2995	2995	2206
chr16	67611005	67613167	67612031	2162	67612086	-1081	1081	-55
chr16	11674976	11677664	11676080	2688	11676320	-1344	1344	-240
chr16	30581880	30587051	30585171	5171	30584465	-2585	2586	706
chr16	67542831	67549676	67546177	6845	67546253	-3422	3423	-76
chr16	30350971	30354406	30353225	3435	30352688	-1717	1718	537
chr16	67863571	67868718	67868348	5147	67866144	-2573	2574	2204
chr16	89738113	89741017	89739800	2904	89739565	-1452	1452	235
chr16	1442531	1449768	1447551	7237	1446149	-3618	3619	1402
chr16	88575644	88580831	88577411	5187	88578237	-2593	2594	-826
chr16	18798406	18802975	18798834	4569	18800690	-2284	2285	-1856
chr16	88731457	88739128	88733413	7671	88735292	-3835	3836	-1879
chr16	68813056	68815865	68815701	2809	68814460	-1404	1405	1241
chr16	72106873	72109112	72107454	2239	72107992	-1119	1120	-538
chr16	30707115	30708701	30707644	1586	30707908	-793	793	-264
chr16	68353010	68360872	68355802	7862	68356941	-3931	3931	-1139
chr16	30720435	30722097	30721452	1662	30721266	-831	831	186
chr16	1589645	1594404	1589760	4759	1592024	-2379	2380	-2264
chr16	30602880	30605973	30604110	3093	30604426	-1546	1547	-316
chr16	2261938	2266817	2264297	4879	2264377	-2439	2440	-80
chr16	29991887	29996915	29994383	5028	29994401	-2514	2514	-18
chr16	30182803	30190232	30186831	7429	30186517	-3714	3715	314
chr16	4688036	4694986	4694070	6950	4691511	-3475	3475	2559
chr16	1196625	1203045	1198689	6420	1199835	-3210	3210	-1146
chr16	3656196	3659529	3658068	3333	3657862	-1666	1667	206
chr16	4809547	4813648	4811198	4101	4811597	-2050	2051	-399
chr16	30602880	30605973	30604817	3093	30604426	-1546	1547	391
chr16	30602880	30605973	30604915	3093	30604426	-1546	1547	489
chr16	30963146	30967856	30964996	4710	30965501	-2355	2355	-505
chr16	70155729	70159104	70156535	3375	70157416	-1687	1688	-881
chr16	77197872	77200842	77198217	2970	77199357	-1485	1485	-1140
chr16	88833106	88837021	88836234	3915	88835063	-1957	1958	1171
chr16	21518639	21521272	21519973	2633	21519955	-1316	1317	18
chr16	4354715	4358889	4358083	4174	4356802	-2087	2087	1281
chr16	28175136	28177240	28175991	2104	28176188	-1052	1052	-197
chr16	30182803	30190232	30188111	7429	30186517	-3714	3715	1594
chr16	67149143	67156537	67149602	7394	67152840	-3697	3697	-3238
chr16	31182708	31187477	31183926	4769	31185092	-2384	2385	-1166
chr16	67244874	67250719	67249141	5845	67247796	-2922	2923	1345
chr16	4267571	4274244	4272743	6673	4270907	-3336	3337	1836
chr16	29801872	29808524	29807849	6652	29805198	-3326	3326	2651
chr16	30602880	30605973	30604526	3093	30604426	-1546	1547	100
chr16	1567265	1569314	1568214	2049	1568289	-1024	1025	-75
chr16	14239490	14241347	14240351	1857	14240418	-928	929	-67
chr16	67542831	67549676	67543229	6845	67546253	-3422	3423	-3024
chr16	67542831	67549676	67544330	6845	67546253	-3422	3423	-1923
chr16	72098588	72105556	72104113	6968	72102072	-3484	3484	2041
chr16	4880200	4887501	4885559	7301	4883850	-3650	3651	1709
chr16	1196625	1203045	1201909	6420	1199835	-3210	3210	2074
chr16	30602880	30605973	30604702	3093	30604426	-1546	1547	276
chr16	85673909	85676113	85675985	2204	85675011	-1102	1102	974
chr16	30581880	30587051	30583379	5171	30584465	-2585	2586	-1086
chr16	85669771	85672580	85672541	2809	85671175	-1404	1405	1366
chr16	66939468	66940850	66940330	1382	66940159	-691	691	171
chr16	28898026	28904080	28902021	6054	28901053	-3027	3027	968
chr16	2055445	2059241	2055459	3796	2057343	-1898	1898	-1884
chr16	30068401	30074981	30068917	6580	30071691	-3290	3290	-2774
chr16	85665949	85666871	85666159	922	85666410	-461	461	-251
chr16	2261938	2266817	2263110	4879	2264377	-2439	2440	-1267
chr16	4259672	4266577	4260233	6905	4263124	-3452	3453	-2891
chr16	68078458	68082634	68079210	4176	68080546	-2088	2088	-1336
chr16	30581880	30587051	30582674	5171	30584465	-2585	2586	-1791
chr16	88731457	88739128	88738699	7671	88735292	-3835	3836	3407
chr16	28838528	28846122	28844425	7594	28842325	-3797	3797	2100
chr16	4889741	4897034	4894580	7293	4893387	-3646	3647	1193
chr16	85647754	85654167	85648624	6413	85650960	-3206	3207	-2336
chr16	28923583	28925837	28924461	2254	28924710	-1127	1127	-249
chr16	25110726	25112562	25111741	1836	25111644	-918	918	97
chr16	29991887	29996915	29995543	5028	29994401	-2514	2514	1142
chr16	30061782	30066263	30065810	4481	30064022	-2240	2241	1788
chr16	75242073	75249856	75242656	7783	75245964	-3891	3892	-3308
chr16	2298993	2304427	2299495	5434	2301710	-2717	2717	-2215
chr16	88731457	88739128	88734428	7671	88735292	-3835	3836	-864
chr16	30657312	30663362	30662464	6050	30660337	-3025	3025	2127
chr16	30722456	30723500	30722652	1044	30722978	-522	522	-326
chr16	70254291	70259651	70259108	5360	70256971	-2680	2680	2137
chr16	77197872	77200842	77198228	2970	77199357	-1485	1485	-1129
chr16	11833189	11839682	11837829	6493	11836435	-3246	3247	1394
chr16	31130049	31132230	31130468	2181	31131139	-1090	1091	-671
chr16	89099490	89101792	89101015	2302	89100641	-1151	1151	374
chr16	85655107	85657930	85656583	2823	85656518	-1411	1412	65
chr16	4880200	4887501	4881982	7301	4883850	-3650	3651	-1868
chr16	29966850	29971531	29968131	4681	29969190	-2340	2341	-1059
chr16	29966850	29971531	29968132	4681	29969190	-2340	2341	-1058
chr16	84847713	84850805	84850660	3092	84849259	-1546	1546	1401
chr16	29991887	29996915	29996819	5028	29994401	-2514	2514	2418
chr16	67925197	67932425	67930044	7228	67928811	-3614	3614	1233
chr16	30602880	30605973	30605123	3093	30604426	-1546	1547	697
chr16	29801872	29808524	29808242	6652	29805198	-3326	3326	3044
chr16	30651075	30657065	30656246	5990	30654070	-2995	2995	2176
chr16	4880200	4887501	4884650	7301	4883850	-3650	3651	800
chr16	28904484	28907031	28905743	2547	28905757	-1273	1274	-14
chr16	67190909	67196477	67193058	5568	67193693	-2784	2784	-635
chr16	15606768	15608941	15608301	2173	15607854	-1086	1087	447
chr16	30200505	30207655	30205958	7150	30204080	-3575	3575	1878
chr16	66729236	66733182	66732417	3946	66731209	-1973	1973	1208
chr16	88705275	88707482	88707210	2207	88706378	-1103	1104	832
chr16	2282462	2289946	2286929	7484	2286204	-3742	3742	725
chr16	19698549	19700596	19700436	2047	19699572	-1023	1024	864
chr16	8894337	8895561	8894592	1224	8894949	-612	612	-357
chr16	75231844	75239844	75233884	8000	75235844	-4000	4000	-1960
chr16	89148956	89155817	89154247	6861	89152386	-3430	3431	1861
chr16	75624733	75628847	75627975	4114	75626790	-2057	2057	1185
chr16	88482813	88489371	88489057	6558	88486092	-3279	3279	2965
chr16	345893	350303	346427	4410	348098	-2205	2205	-1671
chr16	345893	350303	346170	4410	348098	-2205	2205	-1928
chr16	3055091	3060102	3057377	5011	3057596	-2505	2506	-219
chr16	15722733	15725029	15724123	2296	15723881	-1148	1148	242
chr16	19698549	19700596	19699505	2047	19699572	-1023	1024	-67
chr16	30066510	30068011	30067284	1501	30067260	-750	751	24
chr16	89917661	89920700	89920216	3039	89919180	-1519	1520	1036
chr16	67169194	67171238	67169778	2044	67170216	-1022	1022	-438
chr16	396796	401800	399629	5004	399298	-2502	2502	331
chr16	3483708	3489004	3485782	5296	3486356	-2648	2648	-574
chr16	4267571	4274244	4272735	6673	4270907	-3336	3337	1828
chr16	15032781	15036463	15033355	3682	15034622	-1841	1841	-1267
chr16	71647474	71649760	71648385	2286	71648617	-1143	1143	-232
chr16	74304144	74306008	74304366	1864	74305076	-932	932	-710
chr17	7942116	7944663	7944205	2547	7943389	-1273	1274	816
chr17	4794340	4798799	4796780	4459	4796569	-2229	2230	211
chr17	17878041	17884081	17882783	6040	17881061	-3020	3020	1722
chr17	28714883	28719425	28715077	4542	28717154	-2271	2271	-2077
chr17	43810747	43813963	43811196	3216	43812355	-1608	1608	-1159
chr17	7848349	7851767	7848888	3418	7850058	-1709	1709	-1170
chr17	7462460	7465813	7463304	3353	7464136	-1676	1677	-832
chr17	7564972	7566334	7565569	1362	7565653	-681	681	-84
chr17	7903761	7906780	7905649	3019	7905270	-1509	1510	379
chr17	7903761	7906780	7906620	3019	7905270	-1509	1510	1350
chr17	8253351	8257835	8255100	4484	8255593	-2242	2242	-493
chr17	30785060	30786687	30785955	1627	30785873	-813	814	82
chr17	39728765	39731741	39729470	2976	39730253	-1488	1488	-783
chr17	42569699	42571790	42570116	2091	42570744	-1045	1046	-628
chr17	44396683	44402454	44399831	5771	44399568	-2885	2886	263
chr17	63706267	63708558	63707324	2291	63707412	-1145	1146	-88
chr17	75920201	75925984	75922037	5783	75923092	-2891	2892	-1055
chr17	76727430	76729889	76729699	2459	76728659	-1229	1230	1040
chr17	74950779	74953776	74952334	2997	74952277	-1498	1499	57
chr17	82434526	82438829	82435845	4303	82436677	-2151	2152	-832
chr17	4794340	4798799	4798024	4459	4796569	-2229	2230	1455
chr17	28534353	28536898	28535038	2545	28535625	-1272	1273	-587
chr17	63431929	63435741	63434530	3812	63433835	-1906	1906	695
chr17	1006382	1009300	1007173	2918	1007841	-1459	1459	-668
chr17	4673567	4675452	4675139	1885	4674509	-942	943	630
chr17	19907723	19909443	19909234	1720	19908583	-860	860	651
chr17	34960667	34962395	34961261	1728	34961531	-864	864	-270
chr17	42113414	42118920	42113767	5506	42116167	-2753	2753	-2400
chr17	48053400	48060866	48056399	7466	48057133	-3733	3733	-734
chr17	73207835	73209073	73208345	1238	73208454	-619	619	-109
chr17	74769145	74775822	74771818	6677	74772483	-3338	3339	-665
chr17	75753414	75760022	75758052	6608	75756718	-3304	3304	1334
chr17	78436694	78439297	78439085	2603	78437995	-1301	1302	1090
chr17	82440634	82447029	82445929	6395	82443831	-3197	3198	2098
chr17	42689449	42696237	42695859	6788	42692843	-3394	3394	3016
chr17	7702055	7707000	7702754	4945	7704527	-2472	2473	-1773
chr17	56891277	56895579	56891509	4302	56893428	-2151	2151	-1919
chr17	29284207	29290356	29287123	6149	29287281	-3074	3075	-158
chr17	74203109	74204696	74204219	1587	74203902	-793	794	317
chr17	7947368	7950198	7948575	2830	7948783	-1415	1415	-208
chr17	49316515	49317430	49317398	915	49316972	-457	458	426
chr17	1937443	1940277	1937570	2834	1938860	-1417	1417	-1290
chr17	58507671	58512659	58511310	4988	58510165	-2494	2494	1145
chr17	59861421	59863850	59863693	2429	59862635	-1214	1215	1058
chr17	7592390	7597141	7592763	4751	7594765	-2375	2376	-2002
chr17	42689449	42696237	42696065	6788	42692843	-3394	3394	3222
chr17	39407156	39409403	39408271	2247	39408279	-1123	1124	-8
chr17	7675819	7677367	7675994	1548	7676593	-774	774	-599
chr17	8159173	8167141	8161516	7968	8163157	-3984	3984	-1641
chr17	40452787	40454932	40453949	2145	40453859	-1072	1073	90
chr17	992445	999751	997260	7306	996098	-3653	3653	1162
chr17	68432794	68434997	68434596	2203	68433895	-1101	1102	701
chr17	78800440	78805282	78802382	4842	78802861	-2421	2421	-479
chr17	74950779	74953776	74952035	2997	74952277	-1498	1499	-242
chr17	6893154	6895171	6893871	2017	6894162	-1008	1009	-291
chr17	39721711	39726043	39725797	4332	39723877	-2166	2166	1920
chr17	40341039	40343890	40342745	2851	40342464	-1425	1426	281
chr17	78425315	78428478	78425367	3163	78426896	-1581	1582	-1529
chr17	82154958	82158707	82157422	3749	82156832	-1874	1875	590
chr17	31851246	31857302	31852114	6056	31854274	-3028	3028	-2160
chr17	3549254	3555030	3554785	5776	3552142	-2888	2888	2643
chr17	38325381	38326504	38326089	1123	38325942	-561	562	147
chr17	43810747	43813963	43810912	3216	43812355	-1608	1608	-1443
chr17	44678314	44679295	44678669	981	44678804	-490	491	-135
chr17	51119138	51121363	51120455	2225	51120250	-1112	1113	205
chr17	62625481	62629716	62627874	4235	62627598	-2117	2118	276
chr17	75519992	75527354	75522251	7362	75523673	-3681	3681	-1422
chr17	43011924	43015085	43013601	3161	43013504	-1580	1581	97
chr17	80210167	80215516	80213903	5349	80212841	-2674	2675	1062
chr17	80210167	80215516	80214625	5349	80212841	-2674	2675	1784
chr17	8169536	8174503	8173586	4967	8172019	-2483	2484	1567
chr17	18250938	18253415	18251726	2477	18252176	-1238	1239	-450
chr17	76389946	76392448	76392019	2502	76391197	-1251	1251	822
chr17	76389946	76392448	76392020	2502	76391197	-1251	1251	823
chr17	4930324	4936631	4934468	6307	4933477	-3153	3154	991
chr17	18316997	18318133	18318010	1136	18317565	-568	568	445
chr17	41871285	41873204	41871828	1919	41872244	-959	960	-416
chr17	4680704	4684924	4682507	4220	4682814	-2110	2110	-307
chr17	7675819	7677367	7675993	1548	7676593	-774	774	-600
chr17	80997286	80998456	80997313	1170	80997871	-585	585	-558
chr17	18316997	18318133	18317258	1136	18317565	-568	568	-307
chr17	5485394	5489865	5489707	4471	5487629	-2235	2236	2078
chr17	6995403	6998696	6996894	3293	6997049	-1646	1647	-155
chr17	7592390	7597141	7595868	4751	7594765	-2375	2376	1103
chr17	7254469	7260166	7254682	5697	7257317	-2848	2849	-2635
chr17	74742513	74746097	74743141	3584	74744305	-1792	1792	-1164
chr17	47943481	47946418	47946380	2937	47944949	-1468	1469	1431
chr17	82201262	82203315	82201691	2053	82202288	-1026	1027	-597
chr17	42794505	42796182	42795801	1677	42795343	-838	839	458
chr17	82440634	82447029	82444738	6395	82443831	-3197	3198	907
chr17	38729063	38734813	38731363	5750	38731938	-2875	2875	-575
chr17	50190941	50196814	50194409	5873	50193877	-2936	2937	532
chr17	1048158	1053955	1050143	5797	1051056	-2898	2899	-913
chr17	28694425	28697623	28695356	3198	28696024	-1599	1599	-668
chr17	2332172	2334126	2332248	1954	2333149	-977	977	-901
chr17	64149432	64151101	64150839	1669	64150266	-834	835	573
chr17	5183814	5186956	5184006	3142	5185385	-1571	1571	-1379
chr17	7675819	7677367	7676203	1548	7676593	-774	774	-390
chr17	41688102	41693855	41690945	5753	41690978	-2876	2877	-33
chr17	43011924	43015085	43013343	3161	43013504	-1580	1581	-161
chr17	44396683	44402454	44398827	5771	44399568	-2885	2886	-741
chr17	37540046	37543090	37541794	3044	37541568	-1522	1522	226
chr17	75846036	75851256	75848635	5220	75848646	-2610	2610	-11
chr17	75625058	75632291	75628751	7233	75628674	-3616	3617	77
chr17	7848349	7851767	7851667	3418	7850058	-1709	1709	1609
chr17	80138031	80141366	80138174	3335	80139698	-1667	1668	-1524
chr17	39721711	39726043	39724747	4332	39723877	-2166	2166	870
chr17	65055443	65058855	65056574	3412	65057149	-1706	1706	-575
chr17	1673481	1680156	1677578	6675	1676818	-3337	3338	760
chr17	7439163	7443547	7442672	4384	7441355	-2192	2192	1317
chr17	7439163	7443547	7443053	4384	7441355	-2192	2192	1698
chr17	7507823	7510944	7508953	3121	7509383	-1560	1561	-430
chr17	18322556	18325030	18322679	2474	18323793	-1237	1237	-1114
chr17	37540046	37543090	37542534	3044	37541568	-1522	1522	966
chr17	39721711	39726043	39724808	4332	39723877	-2166	2166	931
chr17	42673357	42679541	42674376	6184	42676449	-3092	3092	-2073
chr17	45240535	45244357	45241134	3822	45242446	-1911	1911	-1312
chr17	74850123	74853015	74851617	2892	74851569	-1446	1446	48
chr17	75807955	75814336	75812147	6381	75811145	-3190	3191	1002
chr17	78428817	78436507	78429188	7690	78432662	-3845	3845	-3474
chr17	80109833	80114525	80109995	4692	80112179	-2346	2346	-2184
chr17	81671316	81675163	81672618	3847	81673239	-1923	1924	-621
chr17	39407156	39409403	39407571	2247	39408279	-1123	1124	-708
chr17	50190941	50196814	50193990	5873	50193877	-2936	2937	113
chr17	1894561	1897653	1897135	3092	1896107	-1546	1546	1028
chr17	45103839	45105988	45105634	2149	45104913	-1074	1075	721
chr17	39721711	39726043	39723967	4332	39723877	-2166	2166	90
chr17	75635900	75641390	75640196	5490	75638645	-2745	2745	1551
chr17	1673481	1680156	1676606	6675	1676818	-3337	3338	-212
chr17	4958119	4962597	4959531	4478	4960358	-2239	2239	-827
chr17	7937487	7940000	7939663	2513	7938743	-1256	1257	920
chr17	28895284	28902159	28901049	6875	28898721	-3437	3438	2328
chr17	42113414	42118920	42117982	5506	42116167	-2753	2753	1815
chr17	42507853	42515053	42514382	7200	42511453	-3600	3600	2929
chr17	45096206	45101241	45098400	5035	45098723	-2517	2518	-323
chr17	58206590	58210610	58207105	4020	58208600	-2010	2010	-1495
chr17	60180755	60181842	60181362	1087	60181298	-543	544	64
chr17	78800440	78805282	78802446	4842	78802861	-2421	2421	-415
chr17	79780804	79787906	79785064	7102	79784355	-3551	3551	709
chr17	80106410	80109693	80107690	3283	80108051	-1641	1642	-361
chr17	80109833	80114525	80110772	4692	80112179	-2346	2346	-1407
chr17	80210167	80215516	80215117	5349	80212841	-2674	2675	2276
chr17	80347807	80352211	80347994	4404	80350009	-2202	2202	-2015
chr17	80357577	80361154	80358403	3577	80359365	-1788	1789	-962
chr17	44347639	44353095	44351759	5456	44350367	-2728	2728	1392
chr17	74776206	74777426	74777354	1220	74776816	-610	610	538
chr17	39721711	39726043	39723967	4332	39723877	-2166	2166	90
chr17	67365274	67367261	67366442	1987	67366267	-993	994	175
chr17	1681035	1685175	1681614	4140	1683105	-2070	2070	-1491
chr17	64502734	64508251	64504760	5517	64505492	-2758	2759	-732
chr17	785932	792241	792098	6309	789086	-3154	3155	3012
chr17	7315683	7321959	7317814	6276	7318821	-3138	3138	-1007
chr17	42689449	42696237	42691152	6788	42692843	-3394	3394	-1691
chr17	59704790	59708662	59707447	3872	59706726	-1936	1936	721
chr17	7675819	7677367	7676096	1548	7676593	-774	774	-497
chr17	28331454	28335234	28331912	3780	28333344	-1890	1890	-1432
chr17	63587570	63592972	63589230	5402	63590271	-2701	2701	-1041
chr17	45393965	45397468	45396013	3503	45395716	-1751	1752	297
chr17	35131498	35138141	35136211	6643	35134819	-3321	3322	1392
chr17	4930324	4936631	4934356	6307	4933477	-3153	3154	879
chr17	7675819	7677367	7676500	1548	7676593	-774	774	-93
chr17	12991593	12994199	12993738	2606	12992896	-1303	1303	842
chr17	7930578	7933313	7931536	2735	7931945	-1367	1368	-409
chr17	42507853	42515053	42514430	7200	42511453	-3600	3600	2977
chr17	43207791	43210535	43210073	2744	43209163	-1372	1372	910
chr17	47912627	47917583	47916266	4956	47915105	-2478	2478	1161
chr17	74769145	74775822	74771749	6677	74772483	-3338	3339	-734
chr17	1651291	1656542	1651547	5251	1653916	-2625	2626	-2369
chr17	4147103	4150116	4149913	3013	4148609	-1506	1507	1304
chr17	7235511	7240997	7237387	5486	7238254	-2743	2743	-867
chr17	42985377	42990151	42987376	4774	42987764	-2387	2387	-388
chr17	74203109	74204696	74203999	1587	74203902	-793	794	97
chr17	75519992	75527354	75521490	7362	75523673	-3681	3681	-2183
chr17	75635900	75641390	75640960	5490	75638645	-2745	2745	2315
chr17	75920201	75925984	75921480	5783	75923092	-2891	2892	-1612
chr17	45148439	45150638	45148504	2199	45149538	-1099	1100	-1034
chr17	75732450	75738142	75737644	5692	75735296	-2846	2846	2348
chr17	7381896	7386027	7383315	4131	7383961	-2065	2066	-646
chr17	28641206	28647285	28643233	6079	28644245	-3039	3040	-1012
chr17	39721711	39726043	39725079	4332	39723877	-2166	2166	1202
chr17	40094377	40098613	40097303	4236	40096495	-2118	2118	808
chr17	4942299	4946191	4945195	3892	4944245	-1946	1946	950
chr17	58002210	58009560	58005926	7350	58005885	-3675	3675	41
chr17	74203109	74204696	74204306	1587	74203902	-793	794	404
chr17	4813957	4820797	4818283	6840	4817377	-3420	3420	906
chr17	42999609	43004306	43002771	4697	43001957	-2348	2349	814
chr17	45148439	45150638	45149667	2199	45149538	-1099	1100	129
chr17	78800440	78805282	78803467	4842	78802861	-2421	2421	606
chr17	63587570	63592972	63590461	5402	63590271	-2701	2701	190
chr17	7930578	7933313	7930658	2735	7931945	-1367	1368	-1287
chr17	18328342	18329673	18328725	1331	18329007	-665	666	-282
chr17	42985377	42990151	42987413	4774	42987764	-2387	2387	-351
chr17	74776206	74777426	74777327	1220	74776816	-610	610	511
chr17	80835778	80838956	80837986	3178	80837367	-1589	1589	619
chr17	44347639	44353095	44350307	5456	44350367	-2728	2728	-60
chr17	42794505	42796182	42795982	1677	42795343	-838	839	639
chr17	8480983	8483105	8481383	2122	8482044	-1061	1061	-661
chr17	19381012	19388099	19386393	7087	19384555	-3543	3544	1838
chr17	74839910	74844526	74844472	4616	74842218	-2308	2308	2254
chr17	17197199	17203607	17202819	6408	17200403	-3204	3204	2416
chr17	28917291	28922419	28917369	5128	28919855	-2564	2564	-2486
chr17	42701839	42703985	42703624	2146	42702912	-1073	1073	712
chr17	44150926	44157249	44154890	6323	44154087	-3161	3162	803
chr17	40088532	40091551	40089230	3019	40090041	-1509	1510	-811
chr17	1767736	1772395	1771883	4659	1770065	-2329	2330	1818
chr17	7675819	7677367	7676399	1548	7676593	-774	774	-194
chr17	8159173	8167141	8160829	7968	8163157	-3984	3984	-2328
chr17	43026176	43029970	43028641	3794	43028073	-1897	1897	568
chr17	76735848	76738374	76738366	2526	76737111	-1263	1263	1255
chr17	18346594	18347633	18347589	1039	18347113	-519	520	476
chr17	44396683	44402454	44400427	5771	44399568	-2885	2886	859
chr17	16026363	16027030	16026880	667	16026696	-333	334	184
chr17	18316997	18318133	18317265	1136	18317565	-568	568	-300
chr17	28572138	28574226	28573347	2088	28573182	-1044	1044	165
chr17	78826815	78828995	78828943	2180	78827905	-1090	1090	1038
chr17	45453774	45455532	45453921	1758	45454653	-879	879	-732
chr17	7410123	7415590	7415555	5467	7412856	-2733	2734	2699
chr17	7675819	7677367	7676031	1548	7676593	-774	774	-562
chr17	44771879	44776480	44773382	4601	44774179	-2300	2301	-797
chr17	18096317	18101574	18100386	5257	18098945	-2628	2629	1441
chr17	75777828	75780226	75778764	2398	75779027	-1199	1199	-263
chr17	45401708	45406228	45404082	4520	45403968	-2260	2260	114
chr17	81118192	81121593	81120715	3401	81119892	-1700	1701	823
chr17	57105898	57108512	57106316	2614	57107205	-1307	1307	-889
chr17	78806560	78808474	78807506	1914	78807517	-957	957	-11
chr17	42556892	42564020	42563156	7128	42560456	-3564	3564	2700
chr17	16026363	16027030	16026796	667	16026696	-333	334	100
chr17	44161336	44165320	44161931	3984	44163328	-1992	1992	-1397
chr17	58206590	58210610	58208142	4020	58208600	-2010	2010	-458
chr17	45436763	45438246	45437788	1483	45437504	-741	742	284
chr17	4163770	4166110	4165026	2340	4164940	-1170	1170	86
chr17	7345264	7349743	7348354	4479	7347503	-2239	2240	851
chr17	13000924	13003186	13002342	2262	13002055	-1131	1131	287
chr17	28395733	28400118	28399790	4385	28397925	-2192	2193	1865
chr17	29284207	29290356	29286724	6149	29287281	-3074	3075	-557
chr17	29570697	29573508	29572224	2811	29572102	-1405	1406	122
chr17	30185156	30186805	30185669	1649	30185980	-824	825	-311
chr17	36598665	36602832	36602087	4167	36600748	-2083	2084	1339
chr17	37085325	37087489	37086939	2164	37086407	-1082	1082	532
chr17	39195743	39200912	39197427	5169	39198327	-2584	2585	-900
chr17	40017316	40019221	40017351	1905	40018268	-952	953	-917
chr17	50190941	50196814	50194372	5873	50193877	-2936	2937	495
chr17	59105567	59106824	59106681	1257	59106195	-628	629	486
chr17	64502734	64508251	64506149	5517	64505492	-2758	2759	657
chr17	74854523	74857226	74854561	2703	74855874	-1351	1352	-1313
chr17	1773106	1777461	1776603	4355	1775283	-2177	2178	1320
chr17	5453012	5455411	5455269	2399	5454211	-1199	1200	1058
chr17	2034151	2038424	2036009	4273	2036287	-2136	2137	-278
chr17	7279714	7286981	7284294	7267	7283347	-3633	3634	947
chr17	41688102	41693855	41688925	5753	41690978	-2876	2877	-2053
chr17	4984809	4988627	4988469	3818	4986718	-1909	1909	1751
chr17	39721711	39726043	39724747	4332	39723877	-2166	2166	870
chr17	39721711	39726043	39724008	4332	39723877	-2166	2166	131
chr17	50190941	50196814	50195961	5873	50193877	-2936	2937	2084
chr17	28331454	28335234	28331887	3780	28333344	-1890	1890	-1457
chr17	78179209	78185351	78185067	6142	78182280	-3071	3071	2787
chr17	48053400	48060866	48058824	7466	48057133	-3733	3733	1691
chr17	78492256	78494991	78494703	2735	78493623	-1367	1368	1080
chr17	18244843	18247818	18245993	2975	18246330	-1487	1488	-337
chr17	38321523	38322646	38322553	1123	38322084	-561	562	469
chr17	38768388	38772271	38769607	3883	38770329	-1941	1942	-722
chr17	50482968	50485529	50483407	2561	50484248	-1280	1281	-841
chr17	18333375	18334936	18333389	1561	18334155	-780	781	-766
chr17	35131498	35138141	35136407	6643	35134819	-3321	3322	1588
chr17	44396683	44402454	44401181	5771	44399568	-2885	2886	1613
chr17	41970375	41977419	41971949	7044	41973897	-3522	3522	-1948
chr17	40351066	40354608	40354351	3542	40352837	-1771	1771	1514
chr17	44396683	44402454	44400186	5771	44399568	-2885	2886	618
chr17	80336515	80343412	80340052	6897	80339963	-3448	3449	89
chr17	2332172	2334126	2333694	1954	2333149	-977	977	545
chr17	7675819	7677367	7676037	1548	7676593	-774	774	-556
chr17	38321523	38322646	38322546	1123	38322084	-561	562	462
chr17	78111073	78113386	78113172	2313	78112229	-1156	1157	943
chr17	42689449	42696237	42695543	6788	42692843	-3394	3394	2700
chr17	1673481	1680156	1677672	6675	1676818	-3337	3338	854
chr17	7279714	7286981	7283245	7267	7283347	-3633	3634	-102
chr17	47834867	47837843	47835018	2976	47836355	-1488	1488	-1337
chr17	80347807	80352211	80348047	4404	80350009	-2202	2202	-1962
chr17	7854768	7859350	7858719	4582	7857059	-2291	2291	1660
chr17	18261858	18266307	18264626	4449	18264082	-2224	2225	544
chr17	17197199	17203607	17202944	6408	17200403	-3204	3204	2541
chr17	41978232	41982288	41982281	4056	41980260	-2028	2028	2021
chr17	4090489	4091872	4090814	1383	4091180	-691	692	-366
chr17	39721711	39726043	39723967	4332	39723877	-2166	2166	90
chr17	6995403	6998696	6996999	3293	6997049	-1646	1647	-50
chr17	38916970	38922118	38918642	5148	38919544	-2574	2574	-902
chr17	79780804	79787906	79784382	7102	79784355	-3551	3551	27
chr17	78118186	78122512	78121018	4326	78120349	-2163	2163	669
chr17	8480983	8483105	8481328	2122	8482044	-1061	1061	-716
chr17	50190941	50196814	50192651	5873	50193877	-2936	2937	-1226
chr17	39721711	39726043	39723405	4332	39723877	-2166	2166	-472
chr17	39721711	39726043	39723966	4332	39723877	-2166	2166	89
chr17	39721711	39726043	39723967	4332	39723877	-2166	2166	90
chr17	5444326	5446681	5444381	2355	5445503	-1177	1178	-1122
chr17	39721711	39726043	39723967	4332	39723877	-2166	2166	90
chr17	2040640	2045366	2042541	4726	2043003	-2363	2363	-462
chr17	2376479	2380200	2376981	3721	2378339	-1860	1861	-1358
chr17	8480983	8483105	8481359	2122	8482044	-1061	1061	-685
chr17	41800717	41803434	41803422	2717	41802075	-1358	1359	1347
chr17	41968416	41970105	41968658	1689	41969260	-844	845	-602
chr17	43502778	43505591	43504645	2813	43504184	-1406	1407	461
chr17	44004112	44010689	44008557	6577	44007400	-3288	3289	1157
chr17	50750314	50751101	50750748	787	50750707	-393	394	41
chr17	67905208	67912787	67909677	7579	67908997	-3789	3790	680
chr17	73284381	73289143	73285218	4762	73286762	-2381	2381	-1544
chr17	80420318	80427446	80423570	7128	80423882	-3564	3564	-312
chr17	40094377	40098613	40095639	4236	40096495	-2118	2118	-856
chr17	50553010	50557224	50555535	4214	50555117	-2107	2107	418
chr17	39721711	39726043	39724747	4332	39723877	-2166	2166	870
chr17	76467793	76470909	76469969	3116	76469351	-1558	1558	618
chr17	75519992	75527354	75524436	7362	75523673	-3681	3681	763
chr17	7315683	7321959	7319145	6276	7318821	-3138	3138	324
chr17	7455407	7458192	7455836	2785	7456799	-1392	1393	-963
chr17	36502481	36508211	36507905	5730	36505346	-2865	2865	2559
chr17	2376479	2380200	2379072	3721	2378339	-1860	1861	733
chr17	7254469	7260166	7258703	5697	7257317	-2848	2849	1386
chr17	18328342	18329673	18329354	1331	18329007	-665	666	347
chr17	28395733	28400118	28396176	4385	28397925	-2192	2193	-1749
chr17	76735848	76738374	76735904	2526	76737111	-1263	1263	-1207
chr17	50379757	50383740	50381393	3983	50381748	-1991	1992	-355
chr17	34960667	34962395	34961586	1728	34961531	-864	864	55
chr17	44396683	44402454	44397463	5771	44399568	-2885	2886	-2105
chr17	38321523	38322646	38322155	1123	38322084	-561	562	71
chr17	58351659	58354351	58351849	2692	58353005	-1346	1346	-1156
chr17	42113414	42118920	42114602	5506	42116167	-2753	2753	-1565
chr17	7852212	7853906	7853001	1694	7853059	-847	847	-58
chr17	7903761	7906780	7904248	3019	7905270	-1509	1510	-1022
chr17	44852512	44857230	44854627	4718	44854871	-2359	2359	-244
chr17	50087229	50090409	50089245	3180	50088819	-1590	1590	426
chr17	7315683	7321959	7321750	6276	7318821	-3138	3138	2929
chr17	7254469	7260166	7254723	5697	7257317	-2848	2849	-2594
chr17	40133773	40136017	40133846	2244	40134895	-1122	1122	-1049
chr17	42556892	42564020	42563173	7128	42560456	-3564	3564	2717
chr17	42556892	42564020	42563261	7128	42560456	-3564	3564	2805
chr17	42574049	42578307	42574193	4258	42576178	-2129	2129	-1985
chr17	78356468	78362526	78358883	6058	78359497	-3029	3029	-614
chr17	17218250	17220839	17219083	2589	17219544	-1294	1295	-461
chr17	28673553	28675466	28674566	1913	28674509	-956	957	57
chr17	2034151	2038424	2035975	4273	2036287	-2136	2137	-312
chr17	31529185	31533912	31532360	4727	31531548	-2363	2364	812
chr17	44778486	44781757	44780949	3271	44780121	-1635	1636	828
chr17	79780804	79787906	79782179	7102	79784355	-3551	3551	-2176
chr17	1727906	1733140	1732408	5234	1730523	-2617	2617	1885
chr17	7832069	7836219	7833124	4150	7834144	-2075	2075	-1020
chr17	7832069	7836219	7833591	4150	7834144	-2075	2075	-553
chr17	28585569	28588679	28585924	3110	28587124	-1555	1555	-1200
chr17	45135353	45138364	45136583	3011	45136858	-1505	1506	-275
chr17	7675819	7677367	7676218	1548	7676593	-774	774	-375
chr17	28907168	28909913	28908818	2745	28908540	-1372	1373	278
chr17	39407156	39409403	39408853	2247	39408279	-1123	1124	574
chr17	7907414	7911392	7910901	3978	7909403	-1989	1989	1498
chr17	68040560	68043334	68040699	2774	68041947	-1387	1387	-1248
chr17	18969812	18975379	18971213	5567	18972595	-2783	2784	-1382
chr17	37540046	37543090	37542519	3044	37541568	-1522	1522	951
chr17	45138640	45145902	45143509	7262	45142271	-3631	3631	1238
chr17	75519992	75527354	75523747	7362	75523673	-3681	3681	74
chr17	7903761	7906780	7904404	3019	7905270	-1509	1510	-866
chr17	7576250	7583423	7580774	7173	7579836	-3586	3587	938
chr17	1673481	1680156	1679093	6675	1676818	-3337	3338	2275
chr17	7564972	7566334	7565588	1362	7565653	-681	681	-65
chr17	13003336	13004701	13003968	1365	13004018	-682	683	-50
chr17	28879659	28885696	28884264	6037	28882677	-3018	3019	1587
chr17	45240535	45244357	45243952	3822	45242446	-1911	1911	1506
chr17	56891277	56895579	56891989	4302	56893428	-2151	2151	-1439
chr17	7675819	7677367	7676037	1548	7676593	-774	774	-556
chr17	44175959	44179447	44177710	3488	44177703	-1744	1744	7
chr17	2676784	2681893	2680223	5109	2679338	-2554	2555	885
chr17	29264948	29268974	29267531	4026	29266961	-2013	2013	570
chr17	17197199	17203607	17202871	6408	17200403	-3204	3204	2468
chr17	12997939	13000244	12998454	2305	12999091	-1152	1153	-637
chr17	46008004	46013704	46010396	5700	46010854	-2850	2850	-458
chr17	44778486	44781757	44779236	3271	44780121	-1635	1636	-885
chr17	1003045	1005808	1003740	2763	1004426	-1381	1382	-686
chr17	1057034	1059417	1058838	2383	1058225	-1191	1192	613
chr17	40094377	40098613	40095848	4236	40096495	-2118	2118	-647
chr17	7349946	7353527	7352680	3581	7351736	-1790	1791	944
chr17	43011924	43015085	43012278	3161	43013504	-1580	1581	-1226
chr17	7675819	7677367	7676097	1548	7676593	-774	774	-496
chr17	1009445	1012541	1010754	3096	1010993	-1548	1548	-239
chr17	7848349	7851767	7849482	3418	7850058	-1709	1709	-576
chr17	8474881	8477170	8475772	2289	8476025	-1144	1145	-253
chr17	15999307	16000639	15999723	1332	15999973	-666	666	-250
chr17	42689449	42696237	42692673	6788	42692843	-3394	3394	-170
chr17	44347639	44353095	44349742	5456	44350367	-2728	2728	-625
chr17	75689924	75691807	75690692	1883	75690865	-941	942	-173
chr17	76735848	76738374	76737005	2526	76737111	-1263	1263	-106
chr17	77481994	77489914	77482260	7920	77485954	-3960	3960	-3694
chr17	17878041	17884081	17882858	6040	17881061	-3020	3020	1797
chr17	42556892	42564020	42563151	7128	42560456	-3564	3564	2695
chr17	42701839	42703985	42702486	2146	42702912	-1073	1073	-426
chr17	7675819	7677367	7676031	1548	7676593	-774	774	-562
chr17	1937443	1940277	1937498	2834	1938860	-1417	1417	-1362
chr17	7462460	7465813	7463124	3353	7464136	-1676	1677	-1012
chr17	75625058	75632291	75629728	7233	75628674	-3616	3617	1054
chr17	16040012	16043873	16040486	3861	16041942	-1930	1931	-1456
chr17	44396683	44402454	44400138	5771	44399568	-2885	2886	570
chr17	42948513	42953428	42950656	4915	42950970	-2457	2458	-314
chr17	59698609	59700969	59699727	2360	59699789	-1180	1180	-62
chr17	7570289	7574403	7572822	4114	7572346	-2057	2057	476
chr17	44730717	44732573	44732282	1856	44731645	-928	928	637
chr17	40351066	40354608	40352474	3542	40352837	-1771	1771	-363
chr17	39407156	39409403	39408694	2247	39408279	-1123	1124	415
chr17	75519992	75527354	75524389	7362	75523673	-3681	3681	716
chr17	18969812	18975379	18971644	5567	18972595	-2783	2784	-951
chr17	21001198	21006116	21004935	4918	21003657	-2459	2459	1278
chr17	48907836	48911306	48910872	3470	48909571	-1735	1735	1301
chr17	64502734	64508251	64503220	5517	64505492	-2758	2759	-2272
chr17	1465735	1471920	1471293	6185	1468827	-3092	3093	2466
chr17	39721711	39726043	39723967	4332	39723877	-2166	2166	90
chr17	4813957	4820797	4818784	6840	4817377	-3420	3420	1407
chr17	1727906	1733140	1730889	5234	1730523	-2617	2617	366
chr17	1773106	1777461	1776578	4355	1775283	-2177	2178	1295
chr17	7041585	7043203	7041736	1618	7042394	-809	809	-658
chr17	7345264	7349743	7349003	4479	7347503	-2239	2240	1500
chr17	7557803	7561047	7558948	3244	7559425	-1622	1622	-477
chr17	7702055	7707000	7703081	4945	7704527	-2472	2473	-1446
chr17	18250938	18253415	18251785	2477	18252176	-1238	1239	-391
chr17	18928240	18929396	18928826	1156	18928818	-578	578	8
chr17	28382028	28385585	28384566	3557	28383806	-1778	1779	760
chr17	42020038	42026083	42021618	6045	42023060	-3022	3023	-1442
chr17	42574049	42578307	42577098	4258	42576178	-2129	2129	920
chr17	42844599	42848432	42844902	3833	42846515	-1916	1917	-1613
chr17	43502778	43505591	43504710	2813	43504184	-1406	1407	526
chr17	47834867	47837843	47837084	2976	47836355	-1488	1488	729
chr17	48053400	48060866	48058702	7466	48057133	-3733	3733	1569
chr17	65014253	65016194	65014557	1941	65015223	-970	971	-666
chr17	75223249	75225903	75225436	2654	75224576	-1327	1327	860
chr17	79780804	79787906	79784305	7102	79784355	-3551	3551	-50
chr17	44396683	44402454	44399968	5771	44399568	-2885	2886	400
chr17	78436694	78439297	78437772	2603	78437995	-1301	1302	-223
chr17	39520339	39525481	39524858	5142	39522910	-2571	2571	1948
chr17	81920227	81924019	81922884	3792	81922123	-1896	1896	761
chr17	4668536	4673419	4673252	4883	4670977	-2441	2442	2275
chr17	4942299	4946191	4944879	3892	4944245	-1946	1946	634
chr17	37085325	37087489	37087143	2164	37086407	-1082	1082	736
chr17	42556892	42564020	42562733	7128	42560456	-3564	3564	2277
chr17	42673357	42679541	42674385	6184	42676449	-3092	3092	-2064
chr17	48053400	48060866	48058534	7466	48057133	-3733	3733	1401
chr17	61408575	61409182	61409020	607	61408878	-303	304	142
chr17	81917089	81918340	81917562	1251	81917714	-625	626	-152
chr17	18241317	18244822	18241982	3505	18243069	-1752	1753	-1087
chr17	80379387	80382210	80381959	2823	80380798	-1411	1412	1161
chr17	4978860	4982393	4980456	3533	4980626	-1766	1767	-170
chr17	27293289	27295033	27294366	1744	27294161	-872	872	205
chr17	67905208	67912787	67912105	7579	67908997	-3789	3790	3108
chr17	78356468	78362526	78358390	6058	78359497	-3029	3029	-1107
chr17	7410123	7415590	7414668	5467	7412856	-2733	2734	1812
chr17	18316997	18318133	18317336	1136	18317565	-568	568	-229
chr17	42541346	42543511	42543226	2165	42542428	-1082	1083	798
chr17	42794505	42796182	42795874	1677	42795343	-838	839	531
chr17	43026176	43029970	43028584	3794	43028073	-1897	1897	511
chr17	3663706	3665691	3664273	1985	3664698	-992	993	-425
chr17	28907168	28909913	28907592	2745	28908540	-1372	1373	-948
chr17	38735074	38736928	38735387	1854	38736001	-927	927	-614
chr17	42971416	42975474	42971642	4058	42973445	-2029	2029	-1803
chr17	44353457	44358364	44355133	4907	44355910	-2453	2454	-777
chr17	44396683	44402454	44400984	5771	44399568	-2885	2886	1416
chr17	47926633	47928712	47927828	2079	47927672	-1039	1040	156
chr17	67905208	67912787	67912326	7579	67908997	-3789	3790	3329
chr17	39721711	39726043	39724008	4332	39723877	-2166	2166	131
chr17	4968225	4973236	4968807	5011	4970730	-2505	2506	-1923
chr17	16378948	16381785	16381057	2837	16380366	-1418	1419	691
chr17	38798206	38801517	38799332	3311	38799861	-1655	1656	-529
chr17	75912683	75916745	75914809	4062	75914714	-2031	2031	95
chr17	76013049	76020659	76017856	7610	76016854	-3805	3805	1002
chr17	1513934	1519554	1518009	5620	1516744	-2810	2810	1265
chr17	2335876	2339742	2336518	3866	2337809	-1933	1933	-1291
chr17	2380222	2383876	2380230	3654	2382049	-1827	1827	-1819
chr17	4163770	4166110	4164876	2340	4164940	-1170	1170	-64
chr17	4794340	4798799	4797558	4459	4796569	-2229	2230	989
chr17	5021919	5026851	5022395	4932	5024385	-2466	2466	-1990
chr17	7576250	7583423	7578165	7173	7579836	-3586	3587	-1671
chr17	17167033	17169991	17167631	2958	17168512	-1479	1479	-881
chr17	37085325	37087489	37087054	2164	37086407	-1082	1082	647
chr17	40628016	40631912	40628976	3896	40629964	-1948	1948	-988
chr17	43011924	43015085	43014197	3161	43013504	-1580	1581	693
chr17	43011924	43015085	43014869	3161	43013504	-1580	1581	1365
chr17	44175959	44179447	44176609	3488	44177703	-1744	1744	-1094
chr17	44175959	44179447	44178466	3488	44177703	-1744	1744	763
chr17	74958025	74962513	74958432	4488	74960269	-2244	2244	-1837
chr17	80336515	80343412	80340067	6897	80339963	-3448	3449	104
chr17	81111167	81117493	81116034	6326	81114330	-3163	3163	1704
chr17	7675819	7677367	7676037	1548	7676593	-774	774	-556
chr17	7576250	7583423	7577482	7173	7579836	-3586	3587	-2354
chr17	8203199	8208878	8205335	5679	8206038	-2839	2840	-703
chr17	42844599	42848432	42845687	3833	42846515	-1916	1917	-828
chr17	44347639	44353095	44352127	5456	44350367	-2728	2728	1760
chr17	45114792	45115864	45115197	1072	45115328	-536	536	-131
chr17	64535488	64537014	64536664	1526	64536251	-763	763	413
chr17	78436694	78439297	78439217	2603	78437995	-1301	1302	1222
chr17	79795859	79799114	79796283	3255	79797486	-1627	1628	-1203
chr17	28585569	28588679	28585580	3110	28587124	-1555	1555	-1544
chr17	42556892	42564020	42562953	7128	42560456	-3564	3564	2497
chr17	42689449	42696237	42695780	6788	42692843	-3394	3394	2937
chr17	42689449	42696237	42695781	6788	42692843	-3394	3394	2938
chr17	4930324	4936631	4932981	6307	4933477	-3153	3154	-496
chr17	38321523	38322646	38322300	1123	38322084	-561	562	216
chr17	75846036	75851256	75847819	5220	75848646	-2610	2610	-827
chr17	2040640	2045366	2043052	4726	2043003	-2363	2363	49
chr17	38325381	38326504	38326500	1123	38325942	-561	562	558
chr17	38325381	38326504	38326501	1123	38325942	-561	562	559
chr17	78425315	78428478	78427009	3163	78426896	-1581	1582	113
chr17	44195188	44201905	44197256	6717	44198546	-3358	3359	-1290
chr17	78798122	78799682	78798458	1560	78798902	-780	780	-444
chr17	58002210	58009560	58006964	7350	58005885	-3675	3675	1079
chr17	74742513	74746097	74743324	3584	74744305	-1792	1792	-981
chr17	2366067	2370719	2367394	4652	2368393	-2326	2326	-999
chr17	80997286	80998456	80997341	1170	80997871	-585	585	-530
chr17	31529185	31533912	31531664	4727	31531548	-2363	2364	116
chr17	50107293	50114832	50114203	7539	50111062	-3769	3770	3141
chr17	1673481	1680156	1675195	6675	1676818	-3337	3338	-1623
chr17	4668536	4673419	4672986	4883	4670977	-2441	2442	2009
chr17	43011924	43015085	43014332	3161	43013504	-1580	1581	828
chr17	78118186	78122512	78120844	4326	78120349	-2163	2163	495
chr17	7675819	7677367	7675997	1548	7676593	-774	774	-596
chr17	4155123	4157487	4156867	2364	4156305	-1182	1182	562
chr17	42844599	42848432	42845982	3833	42846515	-1916	1917	-533
chr17	44396683	44402454	44398892	5771	44399568	-2885	2886	-676
chr17	28401996	28404378	28402290	2382	28403187	-1191	1191	-897
chr17	39461301	39463284	39462809	1983	39462292	-991	992	517
chr17	50190941	50196814	50196327	5873	50193877	-2936	2937	2450
chr17	7848349	7851767	7849597	3418	7850058	-1709	1709	-461
chr17	50750314	50751101	50751025	787	50750707	-393	394	318
chr17	28400277	28401072	28400551	795	28400674	-397	398	-123
chr17	7592390	7597141	7593926	4751	7594765	-2375	2376	-839
chr17	8474881	8477170	8475686	2289	8476025	-1144	1145	-339
chr17	40628016	40631912	40628897	3896	40629964	-1948	1948	-1067
chr17	74850123	74853015	74852505	2892	74851569	-1446	1446	936
chr17	75920201	75925984	75923436	5783	75923092	-2891	2892	344
chr17	44931072	44935321	44931690	4249	44933196	-2124	2125	-1506
chr17	28351505	28354792	28353305	3287	28353148	-1643	1644	157
chr17	42680860	42683741	42682894	2881	42682300	-1440	1441	594
chr17	4731475	4736238	4735161	4763	4733856	-2381	2382	1305
chr17	5485394	5489865	5489258	4471	5487629	-2235	2236	1629
chr17	76735848	76738374	76736420	2526	76737111	-1263	1263	-691
chr17	50107293	50114832	50114264	7539	50111062	-3769	3770	3202
chr17	28572138	28574226	28574147	2088	28573182	-1044	1044	965
chr17	39170747	39176655	39175566	5908	39173701	-2954	2954	1865
chr17	58206590	58210610	58208543	4020	58208600	-2010	2010	-57
chr17	41884763	41887706	41886111	2943	41886234	-1471	1472	-123
chr17	74742513	74746097	74744386	3584	74744305	-1792	1792	81
chr17	42569699	42571790	42570046	2091	42570744	-1045	1046	-698
chr17	64502734	64508251	64504315	5517	64505492	-2758	2759	-1177
chr17	7235511	7240997	7235576	5486	7238254	-2743	2743	-2678
chr17	7511468	7513866	7513084	2398	7512667	-1199	1199	417
chr17	28673553	28675466	28675012	1913	28674509	-956	957	503
chr17	28879659	28885696	28881281	6037	28882677	-3018	3019	-1396
chr17	38729063	38734813	38730791	5750	38731938	-2875	2875	-1147
chr17	64499688	64502068	64500602	2380	64500878	-1190	1190	-276
chr17	79780804	79787906	79786646	7102	79784355	-3551	3551	2291
chr17	45116255	45119015	45118361	2760	45117635	-1380	1380	726
chr17	50369682	50373895	50370510	4213	50371788	-2106	2107	-1278
chr17	4968225	4973236	4973219	5011	4970730	-2505	2506	2489
chr17	64502734	64508251	64503190	5517	64505492	-2758	2759	-2302
chr17	41970375	41977419	41973612	7044	41973897	-3522	3522	-285
chr17	48927815	48932284	48931688	4469	48930049	-2234	2235	1639
chr17	1472527	1476082	1474946	3555	1474304	-1777	1778	642
chr17	7675819	7677367	7676215	1548	7676593	-774	774	-378
chr17	28341422	28343791	28342385	2369	28342606	-1184	1185	-221
chr17	39721711	39726043	39724004	4332	39723877	-2166	2166	127
chr17	1673481	1680156	1678843	6675	1676818	-3337	3338	2025
chr17	42794505	42796182	42795008	1677	42795343	-838	839	-335
chr17	7015512	7016844	7015822	1332	7016178	-666	666	-356
chr17	75317768	75320769	75320378	3001	75319268	-1500	1501	1110
chr17	29291693	29295031	29294053	3338	29293362	-1669	1669	691
chr17	58002210	58009560	58005742	7350	58005885	-3675	3675	-143
chr17	68539566	68543194	68542795	3628	68541380	-1814	1814	1415
chr17	61409253	61413712	61412289	4459	61411482	-2229	2230	807
chr17	28895284	28902159	28898492	6875	28898721	-3437	3438	-229
chr17	7279714	7286981	7285708	7267	7283347	-3633	3634	2361
chr17	58206590	58210610	58208515	4020	58208600	-2010	2010	-85
chr17	18316997	18318133	18317323	1136	18317565	-568	568	-242
chr17	7564972	7566334	7565143	1362	7565653	-681	681	-510
chr17	7564972	7566334	7565349	1362	7565653	-681	681	-304
chr17	45393965	45397468	45395174	3503	45395716	-1751	1752	-542
chr17	7507823	7510944	7509142	3121	7509383	-1560	1561	-241
chr17	50745539	50747081	50745807	1542	50746310	-771	771	-503
chr17	44771879	44776480	44773382	4601	44774179	-2300	2301	-797
chr17	74839910	74844526	74844468	4616	74842218	-2308	2308	2250
chr17	82485599	82488598	82487977	2999	82487098	-1499	1500	879
chr17	28879659	28885696	28880842	6037	28882677	-3018	3019	-1835
chr17	48053400	48060866	48058954	7466	48057133	-3733	3733	1821
chr17	28673553	28675466	28675012	1913	28674509	-956	957	503
chr17	1465735	1471920	1467904	6185	1468827	-3092	3093	-923
chr17	2323898	2326194	2324241	2296	2325046	-1148	1148	-805
chr17	2332172	2334126	2333014	1954	2333149	-977	977	-135
chr17	3677926	3684771	3681893	6845	3681348	-3422	3423	545
chr17	3818405	3819899	3818407	1494	3819152	-747	747	-745
chr17	4731475	4736238	4733217	4763	4733856	-2381	2382	-639
chr17	4958119	4962597	4959554	4478	4960358	-2239	2239	-804
chr17	5485394	5489865	5489153	4471	5487629	-2235	2236	1524
chr17	7439163	7443547	7441532	4384	7441355	-2192	2192	177
chr17	7576250	7583423	7579836	7173	7579836	-3586	3587	0
chr17	7854768	7859350	7858053	4582	7857059	-2291	2291	994
chr17	7854768	7859350	7858204	4582	7857059	-2291	2291	1145
chr17	7947368	7950198	7947943	2830	7948783	-1415	1415	-840
chr17	17495189	17499336	17495496	4147	17497262	-2073	2074	-1766
chr17	18244843	18247818	18245602	2975	18246330	-1487	1488	-728
chr17	18244843	18247818	18246397	2975	18246330	-1487	1488	67
chr17	18928240	18929396	18928937	1156	18928818	-578	578	119
chr17	19381012	19388099	19384405	7087	19384555	-3543	3544	-150
chr17	21312574	21316045	21314278	3471	21314309	-1735	1736	-31
chr17	28395733	28400118	28399689	4385	28397925	-2192	2193	1764
chr17	28395733	28400118	28399853	4385	28397925	-2192	2193	1928
chr17	28694425	28697623	28695394	3198	28696024	-1599	1599	-630
chr17	35118419	35120928	35119157	2509	35119673	-1254	1255	-516
chr17	36495755	36498836	36498252	3081	36497295	-1540	1541	957
chr17	38714074	38717216	38715669	3142	38715645	-1571	1571	24
chr17	39529786	39533409	39530979	3623	39531597	-1811	1812	-618
chr17	40133773	40136017	40134394	2244	40134895	-1122	1122	-501
chr17	41970375	41977419	41977392	7044	41973897	-3522	3522	3495
chr17	41978232	41982288	41981855	4056	41980260	-2028	2028	1595
chr17	44730717	44732573	44732334	1856	44731645	-928	928	689
chr17	44852512	44857230	44854947	4718	44854871	-2359	2359	76
chr17	50379757	50383740	50381050	3983	50381748	-1991	1992	-698
chr17	50391412	50393819	50392425	2407	50392615	-1203	1204	-190
chr17	50750314	50751101	50750540	787	50750707	-393	394	-167
chr17	51168080	51170506	51169998	2426	51169293	-1213	1213	705
chr17	56948761	56950860	56950467	2099	56949810	-1049	1050	657
chr17	58002210	58009560	58005382	7350	58005885	-3675	3675	-503
chr17	59840691	59844894	59841293	4203	59842792	-2101	2102	-1499
chr17	60043925	60046983	60044060	3058	60045454	-1529	1529	-1394
chr17	60390461	60392855	60391900	2394	60391658	-1197	1197	242
chr17	61979899	61984634	61982246	4735	61982266	-2367	2368	-20
chr17	64502734	64508251	64506202	5517	64505492	-2758	2759	710
chr17	73207835	73209073	73208298	1238	73208454	-619	619	-156
chr17	74769145	74775822	74775690	6677	74772483	-3338	3339	3207
chr17	75625058	75632291	75627647	7233	75628674	-3616	3617	-1027
chr17	75625058	75632291	75628254	7233	75628674	-3616	3617	-420
chr17	75846036	75851256	75848601	5220	75848646	-2610	2610	-45
chr17	75920201	75925984	75923313	5783	75923092	-2891	2892	221
chr17	76001480	76003071	76002055	1591	76002275	-795	796	-220
chr17	76001480	76003071	76002402	1591	76002275	-795	796	127
chr17	76013049	76020659	76015017	7610	76016854	-3805	3805	-1837
chr17	76013049	76020659	76015335	7610	76016854	-3805	3805	-1519
chr17	76735848	76738374	76736996	2526	76737111	-1263	1263	-115
chr17	78123992	78128530	78126594	4538	78126261	-2269	2269	333
chr17	78425315	78428478	78426534	3163	78426896	-1581	1582	-362
chr17	80835778	80838956	80837944	3178	80837367	-1589	1589	577
chr17	8203199	8208878	8207191	5679	8206038	-2839	2840	1153
chr17	7576250	7583423	7577972	7173	7579836	-3586	3587	-1864
chr17	4668536	4673419	4672305	4883	4670977	-2441	2442	1328
chr17	51119138	51121363	51120530	2225	51120250	-1112	1113	280
chr17	78118186	78122512	78120697	4326	78120349	-2163	2163	348
chr17	45284286	45289060	45284879	4774	45286673	-2387	2387	-1794
chr17	42663303	42666830	42665544	3527	42665066	-1763	1764	478
chr17	42673357	42679541	42674411	6184	42676449	-3092	3092	-2038
chr17	48053400	48060866	48059003	7466	48057133	-3733	3733	1870
chr17	1057034	1059417	1057074	2383	1058225	-1191	1192	-1151
chr17	39721711	39726043	39723328	4332	39723877	-2166	2166	-549
chr17	75245842	75247052	75246571	1210	75246447	-605	605	124
chr17	28746148	28749261	28749016	3113	28747704	-1556	1557	1312
chr17	42667513	42672925	42669578	5412	42670219	-2706	2706	-641
chr17	74769145	74775822	74773638	6677	74772483	-3338	3339	1155
chr17	1640823	1648233	1645614	7410	1644528	-3705	3705	1086
chr17	7576250	7583423	7578876	7173	7579836	-3586	3587	-960
chr17	992445	999751	998927	7306	996098	-3653	3653	2829
chr17	1767736	1772395	1771041	4659	1770065	-2329	2330	976
chr17	2332172	2334126	2332982	1954	2333149	-977	977	-167
chr17	2419178	2423660	2420851	4482	2421419	-2241	2241	-568
chr17	4930324	4936631	4932700	6307	4933477	-3153	3154	-777
chr17	4930324	4936631	4934126	6307	4933477	-3153	3154	649
chr17	7235511	7240997	7236391	5486	7238254	-2743	2743	-1863
chr17	7557803	7561047	7560824	3244	7559425	-1622	1622	1399
chr17	7675819	7677367	7676564	1548	7676593	-774	774	-29
chr17	28534353	28536898	28534390	2545	28535625	-1272	1273	-1235
chr17	28626760	28633745	28628417	6985	28630252	-3492	3493	-1835
chr17	38738769	38739897	38739093	1128	38739333	-564	564	-240
chr17	42701839	42703985	42703782	2146	42702912	-1073	1073	870
chr17	42844599	42848432	42845999	3833	42846515	-1916	1917	-516
chr17	44730717	44732573	44732108	1856	44731645	-928	928	463
chr17	45078530	45084046	45081689	5516	45081288	-2758	2758	401
chr17	47123802	47126789	47123915	2987	47125295	-1493	1494	-1380
chr17	62064175	62065914	62065155	1739	62065044	-869	870	111
chr17	65014253	65016194	65014769	1941	65015223	-970	971	-454
chr17	68539566	68543194	68542107	3628	68541380	-1814	1814	727
chr17	75519992	75527354	75523696	7362	75523673	-3681	3681	23
chr17	76001480	76003071	76002370	1591	76002275	-795	796	95
chr17	37540046	37543090	37542342	3044	37541568	-1522	1522	774
chr17	39721711	39726043	39724004	4332	39723877	-2166	2166	127
chr17	40344961	40349821	40349810	4860	40347391	-2430	2430	2419
chr17	58507671	58512659	58511276	4988	58510165	-2494	2494	1111
chr17	65014253	65016194	65014706	1941	65015223	-970	971	-517
chr17	73284381	73289143	73286038	4762	73286762	-2381	2381	-724
chr17	8169536	8174503	8174187	4967	8172019	-2483	2484	2168
chr17	7832069	7836219	7833666	4150	7834144	-2075	2075	-478
chr17	74769145	74775822	74771997	6677	74772483	-3338	3339	-486
chr17	80210167	80215516	80212094	5349	80212841	-2674	2675	-747
chr17	1651291	1656542	1653996	5251	1653916	-2625	2626	80
chr17	7381896	7386027	7383275	4131	7383961	-2065	2066	-686
chr17	35014653	35017637	35017531	2984	35016145	-1492	1492	1386
chr17	74854523	74857226	74854722	2703	74855874	-1351	1352	-1152
chr17	7345264	7349743	7347988	4479	7347503	-2239	2240	485
chr17	64502734	64508251	64506219	5517	64505492	-2758	2759	727
chr17	59695010	59697951	59697316	2941	59696480	-1470	1471	836
chr17	59695010	59697951	59697387	2941	59696480	-1470	1471	907
chr17	63836235	63843277	63837195	7042	63839756	-3521	3521	-2561
chr17	7592390	7597141	7593099	4751	7594765	-2375	2376	-1666
chr17	7675819	7677367	7676273	1548	7676593	-774	774	-320
chr17	7702055	7707000	7703123	4945	7704527	-2472	2473	-1404
chr17	28534353	28536898	28534783	2545	28535625	-1272	1273	-842
chr17	16040012	16043873	16040469	3861	16041942	-1930	1931	-1473
chr17	57254967	57260045	57257094	5078	57257506	-2539	2539	-412
chr17	64499688	64502068	64500611	2380	64500878	-1190	1190	-267
chr17	8486863	8489056	8487552	2193	8487959	-1096	1097	-407
chr17	81118192	81121593	81118385	3401	81119892	-1700	1701	-1507
chr17	39721711	39726043	39724008	4332	39723877	-2166	2166	131
chr17	45436763	45438246	45437088	1483	45437504	-741	742	-416
chr17	60180755	60181842	60181446	1087	60181298	-543	544	148
chr17	28641206	28647285	28642908	6079	28644245	-3039	3040	-1337
chr17	74850123	74853015	74850711	2892	74851569	-1446	1446	-858
chr17	28917291	28922419	28919154	5128	28919855	-2564	2564	-701
chr17	47681025	47683871	47682698	2846	47682448	-1423	1423	250
chr17	5381487	5383358	5383212	1871	5382422	-935	936	790
chr17	40354803	40358747	40355336	3944	40356775	-1972	1972	-1439
chr17	7315683	7321959	7321684	6276	7318821	-3138	3138	2863
chr17	12997939	13000244	13000179	2305	12999091	-1152	1153	1088
chr17	74854523	74857226	74854772	2703	74855874	-1351	1352	-1102
chr17	47943481	47946418	47944640	2937	47944949	-1468	1469	-309
chr17	5183814	5186956	5183852	3142	5185385	-1571	1571	-1533
chr17	7410123	7415590	7412174	5467	7412856	-2733	2734	-682
chr17	7439163	7443547	7443044	4384	7441355	-2192	2192	1689
chr17	7462460	7465813	7462738	3353	7464136	-1676	1677	-1398
chr17	7557803	7561047	7560081	3244	7559425	-1622	1622	656
chr17	18096317	18101574	18100350	5257	18098945	-2628	2629	1405
chr17	18244843	18247818	18245779	2975	18246330	-1487	1488	-551
chr17	18244843	18247818	18246010	2975	18246330	-1487	1488	-320
chr17	28626760	28633745	28633072	6985	28630252	-3492	3493	2820
chr17	28879659	28885696	28884296	6037	28882677	-3018	3019	1619
chr17	31851246	31857302	31852110	6056	31854274	-3028	3028	-2164
chr17	38710638	38713175	38713082	2537	38711906	-1268	1269	1176
chr17	42778403	42782773	42779054	4370	42780588	-2185	2185	-1534
chr17	45240535	45244357	45241427	3822	45242446	-1911	1911	-1019
chr17	48053400	48060866	48059178	7466	48057133	-3733	3733	2045
chr17	5485394	5489865	5489554	4471	5487629	-2235	2236	1925
chr17	4978860	4982393	4979721	3533	4980626	-1766	1767	-905
chr17	61409253	61413712	61412105	4459	61411482	-2229	2230	623
chr17	80109833	80114525	80113304	4692	80112179	-2346	2346	1125
chr17	42027209	42029185	42028133	1976	42028197	-988	988	-64
chr17	1048158	1053955	1050546	5797	1051056	-2898	2899	-510
chr17	28347203	28350625	28348014	3422	28348914	-1711	1711	-900
chr17	28895284	28902159	28900999	6875	28898721	-3437	3438	2278
chr17	44396683	44402454	44399077	5771	44399568	-2885	2886	-491
chr17	42113414	42118920	42117985	5506	42116167	-2753	2753	1818
chr17	4930324	4936631	4934406	6307	4933477	-3153	3154	929
chr17	82440634	82447029	82444088	6395	82443831	-3197	3198	257
chr17	42844599	42848432	42844736	3833	42846515	-1916	1917	-1779
chr17	44747910	44750340	44748573	2430	44749125	-1215	1215	-552
chr17	50087229	50090409	50089159	3180	50088819	-1590	1590	340
chr17	74850123	74853015	74850230	2892	74851569	-1446	1446	-1339
chr17	1660359	1661803	1661630	1444	1661081	-722	722	549
chr17	7592390	7597141	7592578	4751	7594765	-2375	2376	-2187
chr17	12991593	12994199	12993744	2606	12992896	-1303	1303	848
chr17	38729063	38734813	38731353	5750	38731938	-2875	2875	-585
chr17	68539566	68543194	68542716	3628	68541380	-1814	1814	1336
chr17	28910215	28912278	28911136	2063	28911246	-1031	1032	-110
chr17	7675819	7677367	7676028	1548	7676593	-774	774	-565
chr17	79780804	79787906	79785063	7102	79784355	-3551	3551	708
chr17	1089503	1094948	1091826	5445	1092225	-2722	2723	-399
chr17	36598665	36602832	36599754	4167	36600748	-2083	2084	-994
chr17	39461301	39463284	39462381	1983	39462292	-991	992	89
chr17	58507671	58512659	58511353	4988	58510165	-2494	2494	1188
chr17	78428817	78436507	78429154	7690	78432662	-3845	3845	-3508
chr17	38672210	38674394	38673391	2184	38673302	-1092	1092	89
chr17	7507823	7510944	7509031	3121	7509383	-1560	1561	-352
chr17	57105898	57108512	57106425	2614	57107205	-1307	1307	-780
chr17	68539566	68543194	68542707	3628	68541380	-1814	1814	1327
chr17	18244843	18247818	18246456	2975	18246330	-1487	1488	126
chr17	40094377	40098613	40096081	4236	40096495	-2118	2118	-414
chr17	42556892	42564020	42563410	7128	42560456	-3564	3564	2954
chr17	18241317	18244822	18242627	3505	18243069	-1752	1753	-442
chr17	57105898	57108512	57106254	2614	57107205	-1307	1307	-951
chr17	7439163	7443547	7442742	4384	7441355	-2192	2192	1387
chr17	1057034	1059417	1058790	2383	1058225	-1191	1192	565
chr17	42667513	42672925	42668031	5412	42670219	-2706	2706	-2188
chr17	80204918	80206102	80205103	1184	80205510	-592	592	-407
chr17	79780804	79787906	79782135	7102	79784355	-3551	3551	-2220
chr17	12991593	12994199	12993746	2606	12992896	-1303	1303	850
chr17	67824477	67827199	67826311	2722	67825838	-1361	1361	473
chr17	44150926	44157249	44152636	6323	44154087	-3161	3162	-1451
chr17	48053400	48060866	48059115	7466	48057133	-3733	3733	1982
chr17	48053400	48060866	48059467	7466	48057133	-3733	3733	2334
chr17	76307047	76311771	76307477	4724	76309409	-2362	2362	-1932
chr17	28944811	28951700	28950069	6889	28948255	-3444	3445	1814
chr17	28944811	28951700	28950071	6889	28948255	-3444	3445	1816
chr17	39461301	39463284	39462327	1983	39462292	-991	992	35
chr17	44396683	44402454	44397443	5771	44399568	-2885	2886	-2125
chr17	81665743	81670843	81667780	5100	81668293	-2550	2550	-513
chr17	30800157	30804435	30803944	4278	30802296	-2139	2139	1648
chr17	57254967	57260045	57257490	5078	57257506	-2539	2539	-16
chr17	28673553	28675466	28674563	1913	28674509	-956	957	54
chr17	76467793	76470909	76468858	3116	76469351	-1558	1558	-493
chr17	28913546	28914934	28914012	1388	28914240	-694	694	-228
chr17	7832069	7836219	7832887	4150	7834144	-2075	2075	-1257
chr17	39721711	39726043	39724747	4332	39723877	-2166	2166	870
chr17	44353457	44358364	44356262	4907	44355910	-2453	2454	352
chr17	78806560	78808474	78807511	1914	78807517	-957	957	-6
chr17	77471400	77478188	77475764	6788	77474794	-3394	3394	970
chr17	1660359	1661803	1661038	1444	1661081	-722	722	-43
chr17	81111167	81117493	81115832	6326	81114330	-3163	3163	1502
chr17	29570697	29573508	29572447	2811	29572102	-1405	1406	345
chr17	40021911	40025073	40023135	3162	40023492	-1581	1581	-357
chr17	43134190	43139040	43138796	4850	43136615	-2425	2425	2181
chr17	80106410	80109693	80107617	3283	80108051	-1641	1642	-434
chr17	7903761	7906780	7904329	3019	7905270	-1509	1510	-941
chr17	19381012	19388099	19384393	7087	19384555	-3543	3544	-162
chr17	80429303	80431407	80429868	2104	80430355	-1052	1052	-487
chr17	7013679	7015432	7014222	1753	7014555	-876	877	-333
chr17	7576250	7583423	7577425	7173	7579836	-3586	3587	-2411
chr17	75667151	75669929	75667179	2778	75668540	-1389	1389	-1361
chr17	42990574	42993243	42991031	2669	42991908	-1334	1335	-877
chr17	44931072	44935321	44934012	4249	44933196	-2124	2125	816
chr17	28698829	28700847	28700173	2018	28699838	-1009	1009	335
chr17	39726614	39728501	39727755	1887	39727557	-943	944	198
chr17	48920117	48924921	48922857	4804	48922519	-2402	2402	338
chr17	7557803	7561047	7560907	3244	7559425	-1622	1622	1482
chr17	42663303	42666830	42663403	3527	42665066	-1763	1764	-1663
chr17	64502734	64508251	64504281	5517	64505492	-2758	2759	-1211
chr17	7852212	7853906	7852251	1694	7853059	-847	847	-808
chr17	80138031	80141366	80140040	3335	80139698	-1667	1668	342
chr17	4668536	4673419	4673284	4883	4670977	-2441	2442	2307
chr17	7254469	7260166	7254709	5697	7257317	-2848	2849	-2608
chr17	42971416	42975474	42971683	4058	42973445	-2029	2029	-1762
chr17	28324447	28327846	28326619	3399	28326146	-1699	1700	473
chr17	4968225	4973236	4969693	5011	4970730	-2505	2506	-1037
chr17	7279714	7286981	7284531	7267	7283347	-3633	3634	1184
chr17	75667151	75669929	75668539	2778	75668540	-1389	1389	-1
chr17	44396683	44402454	44401441	5771	44399568	-2885	2886	1873
chr17	76001480	76003071	76001934	1591	76002275	-795	796	-341
chr17	28907168	28909913	28907639	2745	28908540	-1372	1373	-901
chr17	41970375	41977419	41976652	7044	41973897	-3522	3522	2755
chr17	64502734	64508251	64504690	5517	64505492	-2758	2759	-802
chr17	4942299	4946191	4943458	3892	4944245	-1946	1946	-787
chr17	4942299	4946191	4944641	3892	4944245	-1946	1946	396
chr17	7848349	7851767	7848443	3418	7850058	-1709	1709	-1615
chr17	42794505	42796182	42795424	1677	42795343	-838	839	81
chr17	75519992	75527354	75521862	7362	75523673	-3681	3681	-1811
chr17	76389946	76392448	76391001	2502	76391197	-1251	1251	-196
chr17	82440634	82447029	82441823	6395	82443831	-3197	3198	-2008
chr17	28895284	28902159	28901555	6875	28898721	-3437	3438	2834
chr17	1673481	1680156	1675274	6675	1676818	-3337	3338	-1544
chr17	7433856	7438927	7436666	5071	7436391	-2535	2536	275
chr17	29284207	29290356	29286226	6149	29287281	-3074	3075	-1055
chr17	39170747	39176655	39175370	5908	39173701	-2954	2954	1669
chr17	39461301	39463284	39462193	1983	39462292	-991	992	-99
chr17	42020038	42026083	42024016	6045	42023060	-3022	3023	956
chr17	42507853	42515053	42508583	7200	42511453	-3600	3600	-2870
chr17	48053400	48060866	48059443	7466	48057133	-3733	3733	2310
chr17	56948761	56950860	56950261	2099	56949810	-1049	1050	451
chr17	61979899	61984634	61982551	4735	61982266	-2367	2368	285
chr17	67030849	67035124	67031180	4275	67032986	-2137	2138	-1806
chr17	75667151	75669929	75667370	2778	75668540	-1389	1389	-1170
chr17	79780804	79787906	79785012	7102	79784355	-3551	3551	657
chr17	5021919	5026851	5023961	4932	5024385	-2466	2466	-424
chr17	29291693	29295031	29294077	3338	29293362	-1669	1669	715
chr17	7675819	7677367	7676050	1548	7676593	-774	774	-543
chr17	50087229	50090409	50088302	3180	50088819	-1590	1590	-517
chr17	5453012	5455411	5453587	2399	5454211	-1199	1200	-624
chr17	28895284	28902159	28898584	6875	28898721	-3437	3438	-137
chr17	4930324	4936631	4934586	6307	4933477	-3153	3154	1109
chr17	7576250	7583423	7579890	7173	7579836	-3586	3587	54
chr17	42120998	42125598	42123294	4600	42123298	-2300	2300	-4
chr17	76307047	76311771	76307482	4724	76309409	-2362	2362	-1927
chr17	77471400	77478188	77475856	6788	77474794	-3394	3394	1062
chr17	42020038	42026083	42021542	6045	42023060	-3022	3023	-1518
chr17	785932	792241	791626	6309	789086	-3154	3155	2540
chr17	7903761	7906780	7903893	3019	7905270	-1509	1510	-1377
chr17	75519992	75527354	75524494	7362	75523673	-3681	3681	821
chr17	78179209	78185351	78185155	6142	78182280	-3071	3071	2875
chr17	79780804	79787906	79784542	7102	79784355	-3551	3551	187
chr18	24163463	24165496	24165067	2033	24164479	-1016	1017	588
chr18	63316647	63320820	63318380	4173	63318733	-2086	2087	-353
chr18	63316647	63320820	63318836	4173	63318733	-2086	2087	103
chr18	12970881	12972443	12971158	1562	12971662	-781	781	-504
chr18	3595782	3602098	3597180	6316	3598940	-3158	3158	-1760
chr18	21517230	21520257	21518065	3027	21518743	-1513	1514	-678
chr18	12324792	12327094	12325961	2302	12325943	-1151	1151	18
chr18	2600223	2601636	2601426	1413	2600929	-706	707	497
chr18	48948979	48951031	48949941	2052	48950005	-1026	1026	-64
chr18	35242203	35244370	35242485	2167	35243286	-1083	1084	-801
chr18	79967528	79969509	79968123	1981	79968518	-990	991	-395
chr18	50273097	50277850	50275858	4753	50275473	-2376	2377	385
chr18	23235036	23238849	23235992	3813	23236942	-1906	1907	-950
chr18	24163463	24165496	24165079	2033	24164479	-1016	1017	600
chr18	3255826	3259727	3255913	3901	3257776	-1950	1951	-1863
chr18	669960	672085	670739	2125	671022	-1062	1063	-283
chr18	50273097	50277850	50274261	4753	50275473	-2376	2377	-1212
chr18	12324792	12327094	12326153	2302	12325943	-1151	1151	210
chr18	79377146	79381225	79377328	4079	79379185	-2039	2040	-1857
chr18	3447992	3452859	3450422	4867	3450425	-2433	2434	-3
chr18	12970881	12972443	12971225	1562	12971662	-781	781	-437
chr18	49490785	49493831	49491545	3046	49492308	-1523	1523	-763
chr18	50273097	50277850	50274246	4753	50275473	-2376	2377	-1227
chr18	23235036	23238849	23237232	3813	23236942	-1906	1907	290
chr18	62715363	62718723	62717252	3360	62717043	-1680	1680	209
chr18	693493	695024	694282	1531	694258	-765	766	24
chr18	79897350	79905145	79899086	7795	79901247	-3897	3898	-2161
chr18	46087575	46090286	46088196	2711	46088930	-1355	1356	-734
chr18	50273097	50277850	50276682	4753	50275473	-2376	2377	1209
chr18	13097564	13101441	13099582	3877	13099502	-1938	1939	80
chr18	50273097	50277850	50274245	4753	50275473	-2376	2377	-1228
chr18	57660319	57662984	57661297	2665	57661651	-1332	1333	-354
chr18	62715363	62718723	62717229	3360	62717043	-1680	1680	186
chr18	49490785	49493831	49490853	3046	49492308	-1523	1523	-1455
chr19	19532553	19539739	19535082	7186	19536146	-3593	3593	-1064
chr19	17494675	17498944	17497399	4269	17496809	-2134	2135	590
chr19	39472284	39476831	39474894	4547	39474557	-2273	2274	337
chr19	57392683	57396875	57394185	4192	57394779	-2096	2096	-594
chr19	2431074	2435595	2434064	4521	2433334	-2260	2261	730
chr19	3782459	3786760	3785130	4301	3784609	-2150	2151	521
chr19	5039278	5041345	5039890	2067	5040311	-1033	1034	-421
chr19	7617554	7622592	7618252	5038	7620073	-2519	2519	-1821
chr19	16400653	16406523	16402132	5870	16403588	-2935	2935	-1456
chr19	19103317	19107167	19105635	3850	19105242	-1925	1925	393
chr19	35544801	35548370	35546707	3569	35546585	-1784	1785	122
chr19	45686083	45692076	45687489	5993	45689079	-2996	2997	-1590
chr19	4429341	4432346	4429542	3005	4430843	-1502	1503	-1301
chr19	3775612	3779148	3779041	3536	3777380	-1768	1768	1661
chr19	12916407	12919779	12919268	3372	12918093	-1686	1686	1175
chr19	48463395	48465025	48464336	1630	48464210	-815	815	126
chr19	57873270	57875750	57874842	2480	57874510	-1240	1240	332
chr19	10134253	10141167	10137989	6914	10137710	-3457	3457	279
chr19	43606633	43612795	43612461	6162	43609714	-3081	3081	2747
chr19	1583822	1586418	1584613	2596	1585120	-1298	1298	-507
chr19	2714614	2719840	2717408	5226	2717227	-2613	2613	181
chr19	5913735	5915043	5914685	1308	5914389	-654	654	296
chr19	12656551	12659276	12658313	2725	12657913	-1362	1363	400
chr19	16566522	16569480	16568165	2958	16568001	-1479	1479	164
chr19	18570424	18576330	18574947	5906	18573377	-2953	2953	1570
chr19	39419128	39424796	39424785	5668	39421962	-2834	2834	2823
chr19	39468353	39471640	39468862	3287	39469996	-1643	1644	-1134
chr19	40588478	40592729	40589177	4251	40590603	-2125	2126	-1426
chr19	47147072	47151034	47150367	3962	47149053	-1981	1981	1314
chr19	49138497	49141672	49141465	3175	49140084	-1587	1588	1381
chr19	46845726	46848507	46846067	2781	46847116	-1390	1391	-1049
chr19	52922509	52930124	52928332	7615	52926316	-3807	3808	2016
chr19	35058636	35061653	35060785	3017	35060144	-1508	1509	641
chr19	39979850	39981574	39981435	1724	39980712	-862	862	723
chr19	44176470	44177703	44177656	1233	44177086	-616	617	570
chr19	44176470	44177703	44177658	1233	44177086	-616	617	572
chr19	8467672	8469618	8468777	1946	8468645	-973	973	132
chr19	11053751	11060071	11059819	6320	11056911	-3160	3160	2908
chr19	17775943	17783122	17778144	7179	17779532	-3589	3590	-1388
chr19	19021686	19026132	19026130	4446	19023909	-2223	2223	2221
chr19	19201426	19205888	19202230	4462	19203657	-2231	2231	-1427
chr19	19636969	19641556	19640153	4587	19639262	-2293	2294	891
chr19	38738165	38740936	38738645	2771	38739550	-1385	1386	-905
chr19	41438867	41440516	41439535	1649	41439691	-824	825	-156
chr19	48635470	48640265	48640097	4795	48637867	-2397	2398	2230
chr19	17499440	17503337	17500514	3897	17501388	-1948	1949	-874
chr19	50381641	50388603	50381987	6962	50385122	-3481	3481	-3135
chr19	35616966	35620889	35619752	3923	35618927	-1961	1962	825
chr19	55089389	55095990	55092538	6601	55092689	-3300	3301	-151
chr19	13815912	13820547	13819463	4635	13818229	-2317	2318	1234
chr19	32973391	32976178	32973503	2787	32974784	-1393	1394	-1281
chr19	13965178	13970347	13965517	5169	13967762	-2584	2585	-2245
chr19	18856539	18863898	18860078	7359	18860218	-3679	3680	-140
chr19	45692409	45693684	45693556	1275	45693046	-637	638	510
chr19	48340086	48346315	48345243	6229	48343200	-3114	3115	2043
chr19	49657409	49660289	49659823	2880	49658849	-1440	1440	974
chr19	39196798	39200241	39199257	3443	39198519	-1721	1722	738
chr19	40777730	40782088	40780086	4358	40779909	-2179	2179	177
chr19	40585023	40587911	40586850	2888	40586467	-1444	1444	383
chr19	15394829	15401119	15397561	6290	15397974	-3145	3145	-413
chr19	4326638	4332694	4326993	6056	4329666	-3028	3028	-2673
chr19	4320626	4325247	4324468	4621	4322936	-2310	2311	1532
chr19	15225066	15228429	15228095	3363	15226747	-1681	1682	1348
chr19	48463395	48465025	48464264	1630	48464210	-815	815	54
chr19	49551791	49558652	49556407	6861	49555221	-3430	3431	1186
chr19	55449256	55454237	55453198	4981	55451746	-2490	2491	1452
chr19	15376680	15381665	15380524	4985	15379172	-2492	2493	1352
chr19	45469520	45474285	45472977	4765	45471902	-2382	2383	1075
chr19	49905219	49911811	49909077	6592	49908515	-3296	3296	562
chr19	49551791	49558652	49557209	6861	49555221	-3430	3431	1988
chr19	1583822	1586418	1585127	2596	1585120	-1298	1298	7
chr19	1966226	1971511	1969590	5285	1968868	-2642	2643	722
chr19	38929925	38932796	38932380	2871	38931360	-1435	1436	1020
chr19	5208663	5213174	5212134	4511	5210918	-2255	2256	1216
chr19	5915235	5919250	5917804	4015	5917242	-2007	2008	562
chr19	19201426	19205888	19201969	4462	19203657	-2231	2231	-1688
chr19	45692409	45693684	45693548	1275	45693046	-637	638	502
chr19	3477995	3482561	3478911	4566	3480278	-2283	2283	-1367
chr19	11722699	11727130	11723256	4431	11724914	-2215	2216	-1658
chr19	6730133	6734723	6731082	4590	6732428	-2295	2295	-1346
chr19	42405170	42411347	42407294	6177	42408258	-3088	3089	-964
chr19	48624089	48631459	48626010	7370	48627774	-3685	3685	-1764
chr19	52187909	52191430	52190102	3521	52189669	-1760	1761	433
chr19	48624089	48631459	48628183	7370	48627774	-3685	3685	409
chr19	49445065	49451112	49449505	6047	49448088	-3023	3024	1417
chr19	10551020	10555289	10552300	4269	10553154	-2134	2135	-854
chr19	35275842	35280215	35278783	4373	35278028	-2186	2187	755
chr19	10134253	10141167	10138470	6914	10137710	-3457	3457	760
chr19	10134253	10141167	10140108	6914	10137710	-3457	3457	2398
chr19	12923517	12926735	12924721	3218	12925126	-1609	1609	-405
chr19	3615800	3622862	3620800	7062	3619331	-3531	3531	1469
chr19	35616966	35620889	35618645	3923	35618927	-1961	1962	-282
chr19	41293196	41295340	41294423	2144	41294268	-1072	1072	155
chr19	10827416	10833436	10831057	6020	10830426	-3010	3010	631
chr19	2431074	2435595	2431813	4521	2433334	-2260	2261	-1521
chr19	41586096	41587469	41586513	1373	41586782	-686	687	-269
chr19	49670119	49673361	49670382	3242	49671740	-1621	1621	-1358
chr19	49584646	49592221	49588500	7575	49588433	-3787	3788	67
chr19	10388670	10392152	10391661	3482	10390411	-1741	1741	1250
chr19	7517979	7523710	7520653	5731	7520844	-2865	2866	-191
chr19	7612048	7617257	7612238	5209	7614652	-2604	2605	-2414
chr19	13965178	13970347	13970151	5169	13967762	-2584	2585	2389
chr19	35008000	35013976	35010089	5976	35010988	-2988	2988	-899
chr19	35496315	35502821	35499996	6506	35499568	-3253	3253	428
chr19	39385700	39390487	39385932	4787	39388093	-2393	2394	-2161
chr19	45068231	45074388	45069116	6157	45071309	-3078	3079	-2193
chr19	48624089	48631459	48629081	7370	48627774	-3685	3685	1307
chr19	49459448	49463835	49462658	4387	49461641	-2193	2194	1017
chr19	11377286	11379250	11378013	1964	11378268	-982	982	-255
chr19	3615800	3622862	3619106	7062	3619331	-3531	3531	-225
chr19	3775612	3779148	3778302	3536	3777380	-1768	1768	922
chr19	4815945	4818196	4816943	2251	4817070	-1125	1126	-127
chr19	8506504	8512089	8510733	5585	8509296	-2792	2793	1437
chr19	10351670	10354714	10353071	3044	10353192	-1522	1522	-121
chr19	10678941	10684376	10684057	5435	10681658	-2717	2718	2399
chr19	11021859	11024709	11023558	2850	11023284	-1425	1425	274
chr19	11360447	11362924	11361331	2477	11361685	-1238	1239	-354
chr19	11576125	11580366	11576976	4241	11578245	-2120	2121	-1269
chr19	14408173	14410057	14409037	1884	14409115	-942	942	-78
chr19	16109019	16112812	16111797	3793	16110915	-1896	1897	882
chr19	17243939	17247375	17245123	3436	17245657	-1718	1718	-534
chr19	19052684	19056127	19055360	3443	19054405	-1721	1722	955
chr19	38738165	38740936	38738311	2771	38739550	-1385	1386	-1239
chr19	39385700	39390487	39386719	4787	39388093	-2393	2394	-1374
chr19	39419128	39424796	39424037	5668	39421962	-2834	2834	2075
chr19	39478800	39483840	39480712	5040	39481320	-2520	2520	-608
chr19	43534040	43536379	43535537	2339	43535209	-1169	1170	328
chr19	45384870	45386240	45385861	1370	45385555	-685	685	306
chr19	45523576	45524892	45524601	1316	45524234	-658	658	367
chr19	45686083	45692076	45688395	5993	45689079	-2996	2997	-684
chr19	49635102	49642696	49636676	7594	49638899	-3797	3797	-2223
chr19	50246852	50250183	50249120	3331	50248517	-1665	1666	603
chr19	52187909	52191430	52190114	3521	52189669	-1760	1761	445
chr19	55096316	55101340	55099032	5024	55098828	-2512	2512	204
chr19	58510229	58517412	58511725	7183	58513820	-3591	3592	-2095
chr19	40200587	40206619	40205144	6032	40203603	-3016	3016	1541
chr19	35729599	35737394	35730092	7795	35733496	-3897	3898	-3404
chr19	48279079	48284734	48282461	5655	48281906	-2827	2828	555
chr19	45404808	45406859	45406572	2051	45405833	-1025	1026	739
chr19	19193256	19198520	19193986	5264	19195888	-2632	2632	-1902
chr19	35008000	35013976	35013338	5976	35010988	-2988	2988	2350
chr19	47082486	47085801	47085118	3315	47084143	-1657	1658	975
chr19	50246852	50250183	50249749	3331	50248517	-1665	1666	1232
chr19	1121199	1126034	1123592	4835	1123616	-2417	2418	-24
chr19	7892718	7896424	7895617	3706	7894571	-1853	1853	1046
chr19	8322515	8323247	8322872	732	8322881	-366	366	-9
chr19	8498868	8501639	8498931	2771	8500253	-1385	1386	-1322
chr19	10148176	10152959	10149638	4783	10150567	-2391	2392	-929
chr19	12656551	12659276	12656949	2725	12657913	-1362	1363	-964
chr19	12656551	12659276	12657497	2725	12657913	-1362	1363	-416
chr19	13822409	13828088	13825648	5679	13825248	-2839	2840	400
chr19	19193256	19198520	19197522	5264	19195888	-2632	2632	1634
chr19	29610095	29611959	29610564	1864	29611027	-932	932	-463
chr19	33203365	33207801	33204750	4436	33205583	-2218	2218	-833
chr19	35611438	35615482	35615327	4044	35613460	-2022	2022	1867
chr19	35633470	35635869	35634358	2399	35634669	-1199	1200	-311
chr19	46694777	46699455	46697193	4678	46697116	-2339	2339	77
chr19	46772683	46780504	46777273	7821	46776593	-3910	3911	680
chr19	47340678	47344010	47341051	3332	47342344	-1666	1666	-1293
chr19	49660466	49665411	49660768	4945	49662938	-2472	2473	-2170
chr19	52212059	52213951	52212729	1892	52213005	-946	946	-276
chr19	54123633	54126179	54124606	2546	54124906	-1273	1273	-300
chr19	55089389	55095990	55091383	6601	55092689	-3300	3301	-1306
chr19	55399755	55405060	55404408	5305	55402407	-2652	2653	2001
chr19	5586763	5591265	5590377	4502	5589014	-2251	2251	1363
chr19	17775943	17783122	17776259	7179	17779532	-3589	3590	-3273
chr19	18564234	18568789	18568584	4555	18566511	-2277	2278	2073
chr19	4320626	4325247	4325223	4621	4322936	-2310	2311	2287
chr19	12928245	12932866	12930338	4621	12930555	-2310	2311	-217
chr19	38299626	38307035	38304278	7409	38303330	-3704	3705	948
chr19	39487230	39493007	39489940	5777	39490118	-2888	2889	-178
chr19	46694777	46699455	46697746	4678	46697116	-2339	2339	630
chr19	48136803	48140971	48140059	4168	48138887	-2084	2084	1172
chr19	35887389	35891006	35888489	3617	35889197	-1808	1809	-708
chr19	38384722	38391354	38385992	6632	38388038	-3316	3316	-2046
chr19	10148176	10152959	10149868	4783	10150567	-2391	2392	-699
chr19	12755633	12762195	12757944	6562	12758914	-3281	3281	-970
chr19	48624089	48631459	48628172	7370	48627774	-3685	3685	398
chr19	36012426	36019826	36019004	7400	36016126	-3700	3700	2878
chr19	7897337	7899282	7898685	1945	7898309	-972	973	376
chr19	11240540	11248413	11241722	7873	11244476	-3936	3937	-2754
chr19	11377286	11379250	11378726	1964	11378268	-982	982	458
chr19	14515542	14517933	14516744	2391	14516737	-1195	1196	7
chr19	18780155	18786763	18786595	6608	18783459	-3304	3304	3136
chr19	47340678	47344010	47341832	3332	47342344	-1666	1666	-512
chr19	39979850	39981574	39981202	1724	39980712	-862	862	490
chr19	49353756	49356190	49355351	2434	49354973	-1217	1217	378
chr19	41381120	41383983	41382798	2863	41382551	-1431	1432	247
chr19	4320626	4325247	4323755	4621	4322936	-2310	2311	819
chr19	7961217	7963412	7963146	2195	7962314	-1097	1098	832
chr19	35058636	35061653	35059793	3017	35060144	-1508	1509	-351
chr19	38299626	38307035	38304473	7409	38303330	-3704	3705	1143
chr19	38698727	38703860	38700667	5133	38701293	-2566	2567	-626
chr19	55077143	55083096	55080189	5953	55080119	-2976	2977	70
chr19	7617554	7622592	7621220	5038	7620073	-2519	2519	1147
chr19	14169115	14171219	14170797	2104	14170167	-1052	1052	630
chr19	19201426	19205888	19203112	4462	19203657	-2231	2231	-545
chr19	19278205	19283215	19280265	5010	19280710	-2505	2505	-445
chr19	10148176	10152959	10149486	4783	10150567	-2391	2392	-1081
chr19	40717506	40718782	40717881	1276	40718144	-638	638	-263
chr19	10392394	10397062	10395473	4668	10394728	-2334	2334	745
chr19	17731663	17737777	17733352	6114	17734720	-3057	3057	-1368
chr19	36021646	36026033	36024453	4387	36023839	-2193	2194	614
chr19	37361518	37362476	37362120	958	37361997	-479	479	123
chr19	39419128	39424796	39423008	5668	39421962	-2834	2834	1046
chr19	40230147	40236711	40234909	6564	40233429	-3282	3282	1480
chr19	43503491	43508174	43506848	4683	43505832	-2341	2342	1016
chr19	46688314	46690414	46689566	2100	46689364	-1050	1050	202
chr19	48741980	48746493	48745850	4513	48744236	-2256	2257	1614
chr19	54159301	54161018	54159640	1717	54160159	-858	859	-519
chr19	54174005	54178274	54174276	4269	54176139	-2134	2135	-1863
chr19	1583822	1586418	1585065	2596	1585120	-1298	1298	-55
chr19	50246852	50250183	50247053	3331	50248517	-1665	1666	-1464
chr19	39412499	39418242	39417663	5743	39415370	-2871	2872	2293
chr19	4847753	4853847	4852070	6094	4850800	-3047	3047	1270
chr19	50373022	50380197	50379050	7175	50376609	-3587	3588	2441
chr19	8498868	8501639	8499320	2771	8500253	-1385	1386	-933
chr19	32353322	32357281	32354484	3959	32355301	-1979	1980	-817
chr19	35058636	35061653	35060376	3017	35060144	-1508	1509	232
chr19	13916585	13924029	13920911	7444	13920307	-3722	3722	604
chr19	14048628	14054008	14053652	5380	14051318	-2690	2690	2334
chr19	11354764	11358402	11357682	3638	11356583	-1819	1819	1099
chr19	42288275	42294784	42290512	6509	42291529	-3254	3255	-1017
chr19	19677153	19680094	19680089	2941	19678623	-1470	1471	1466
chr19	39419128	39424796	39424038	5668	39421962	-2834	2834	2076
chr19	39385700	39390487	39390160	4787	39388093	-2393	2394	2067
chr19	46704016	46706420	46704314	2404	46705218	-1202	1202	-904
chr19	54171562	54173591	54173077	2029	54172576	-1014	1015	501
chr19	51415642	51418083	51416895	2441	51416862	-1220	1221	33
chr19	15225066	15228429	15227844	3363	15226747	-1681	1682	1097
chr19	48153554	48155820	48153970	2266	48154687	-1133	1133	-717
chr19	4320626	4325247	4323010	4621	4322936	-2310	2311	74
chr19	615804	622495	620447	6691	619149	-3345	3346	1298
chr19	1919367	1927356	1924319	7989	1923361	-3994	3995	958
chr19	7617554	7622592	7621160	5038	7620073	-2519	2519	1087
chr19	9808893	9814868	9811155	5975	9811880	-2987	2988	-725
chr19	36008531	36012328	36008650	3797	36010429	-1898	1899	-1779
chr19	52275523	52282144	52277507	6621	52278833	-3310	3311	-1326
chr19	35633470	35635869	35634369	2399	35634669	-1199	1200	-300
chr19	32973391	32976178	32973563	2787	32974784	-1393	1394	-1221
chr19	49985481	49990972	49988404	5491	49988226	-2745	2746	178
chr19	49992539	49998176	49992897	5637	49995357	-2818	2819	-2460
chr19	11354764	11358402	11356871	3638	11356583	-1819	1819	288
chr19	13916585	13924029	13918957	7444	13920307	-3722	3722	-1350
chr19	13916585	13924029	13919937	7444	13920307	-3722	3722	-370
chr19	35255862	35260006	35259058	4144	35257934	-2072	2072	1124
chr19	11359192	11360310	11359603	1118	11359751	-559	559	-148
chr19	49014198	49019399	49015857	5201	49016798	-2600	2601	-941
chr19	11232820	11239795	11236494	6975	11236307	-3487	3488	187
chr19	16088589	16094228	16093749	5639	16091408	-2819	2820	2341
chr19	55595392	55599857	55597796	4465	55597624	-2232	2233	172
chr19	51415642	51418083	51416267	2441	51416862	-1220	1221	-595
chr19	4320626	4325247	4324545	4621	4322936	-2310	2311	1609
chr19	19496717	19504383	19498655	7666	19500550	-3833	3833	-1895
chr19	19002034	19004855	19004616	2821	19003444	-1410	1411	1172
chr19	14465242	14472718	14472617	7476	14468980	-3738	3738	3637
chr19	19107734	19114283	19107942	6549	19111008	-3274	3275	-3066
chr19	19002034	19004855	19004441	2821	19003444	-1410	1411	997
chr19	42078637	42081372	42081016	2735	42080004	-1367	1368	1012
chr19	49584646	49592221	49590575	7575	49588433	-3787	3788	2142
chr19	46987834	46991233	46989640	3399	46989533	-1699	1700	107
chr19	41355923	41362626	41357909	6703	41359274	-3351	3352	-1365
chr19	11448941	11451902	11449427	2961	11450421	-1480	1481	-994
chr19	41312736	41318891	41316757	6155	41315813	-3077	3078	944
chr19	49344265	49349095	49347252	4830	49346680	-2415	2415	572
chr19	46996729	47004488	47000392	7759	47000608	-3879	3880	-216
chr19	40762384	40765521	40765201	3137	40763952	-1568	1569	1249
chr19	2409770	2417145	2416581	7375	2413457	-3687	3688	3124
chr19	17721388	17729011	17726314	7623	17725199	-3811	3812	1115
chr19	41891599	41898271	41895420	6672	41894935	-3336	3336	485
chr19	10982667	10987057	10985297	4390	10984862	-2195	2195	435
chr19	18849240	18856146	18854899	6906	18852693	-3453	3453	2206
chr19	19532553	19539739	19535082	7186	19536146	-3593	3593	-1064
chr19	46987834	46991233	46989641	3399	46989533	-1699	1700	108
chr19	19115600	19121855	19121643	6255	19118727	-3127	3128	2916
chr19	40605187	40608925	40607418	3738	40607056	-1869	1869	362
chr19	8314342	8317896	8316520	3554	8316119	-1777	1777	401
chr19	16184954	16191399	16191028	6445	16188176	-3222	3223	2852
chr19	17072774	17076821	17075448	4047	17074797	-2023	2024	651
chr19	17721388	17729011	17725046	7623	17725199	-3811	3812	-153
chr19	40200587	40206619	40206028	6032	40203603	-3016	3016	2425
chr19	54183209	54187528	54187278	4319	54185368	-2159	2160	1910
chr19	40702072	40705374	40703545	3302	40703723	-1651	1651	-178
chr19	40717506	40718782	40717724	1276	40718144	-638	638	-420
chr19	45549210	45554664	45550787	5454	45551937	-2727	2727	-1150
chr19	39973131	39976730	39974801	3599	39974930	-1799	1800	-129
chr19	13830005	13832341	13830971	2336	13831173	-1168	1168	-202
chr19	57873270	57875750	57873887	2480	57874510	-1240	1240	-623
chr19	8498868	8501639	8499022	2771	8500253	-1385	1386	-1231
chr19	11116856	11124743	11120148	7887	11120799	-3943	3944	-651
chr19	11445545	11448599	11447770	3054	11447072	-1527	1527	698
chr19	18164585	18171838	18169673	7253	18168211	-3626	3627	1462
chr19	18164585	18171838	18169674	7253	18168211	-3626	3627	1463
chr19	35019188	35023198	35021507	4010	35021193	-2005	2005	314
chr19	35739309	35741282	35741238	1973	35740295	-986	987	943
chr19	36087947	36094961	36089060	7014	36091454	-3507	3507	-2394
chr19	48463395	48465025	48464493	1630	48464210	-815	815	283
chr19	49144314	49151028	49151007	6714	49147671	-3357	3357	3336
chr19	55084315	55089089	55085877	4774	55086702	-2387	2387	-825
chr19	10982667	10987057	10986371	4390	10984862	-2195	2195	1509
chr19	11924281	11926152	11925119	1871	11925216	-935	936	-97
chr19	40777730	40782088	40780458	4358	40779909	-2179	2179	549
chr19	1966226	1971511	1969586	5285	1968868	-2642	2643	718
chr19	45468260	45469092	45468475	832	45468676	-416	416	-201
chr19	11924281	11926152	11925217	1871	11925216	-935	936	1
chr19	19201426	19205888	19203129	4462	19203657	-2231	2231	-528
chr19	51415642	51418083	51416797	2441	51416862	-1220	1221	-65
chr19	50320294	50326837	50323684	6543	50323565	-3271	3272	119
chr19	11506108	11513933	11513094	7825	11510020	-3912	3913	3074
chr19	13965178	13970347	13965730	5169	13967762	-2584	2585	-2032
chr19	32353322	32357281	32354959	3959	32355301	-1979	1980	-342
chr19	39419128	39424796	39424565	5668	39421962	-2834	2834	2603
chr19	11380537	11387243	11383203	6706	11383890	-3353	3353	-687
chr19	49660466	49665411	49661806	4945	49662938	-2472	2473	-1132
chr19	41381120	41383983	41383838	2863	41382551	-1431	1432	1287
chr19	55084315	55089089	55087613	4774	55086702	-2387	2387	911
chr19	16873672	16879204	16878524	5532	16876438	-2766	2766	2086
chr19	37361518	37362476	37362108	958	37361997	-479	479	111
chr19	10678941	10684376	10684162	5435	10681658	-2717	2718	2504
chr19	40436373	40442438	40441584	6065	40439405	-3032	3033	2179
chr19	1416525	1420746	1418355	4221	1418635	-2110	2111	-280
chr19	15550677	15553520	15551430	2843	15552098	-1421	1422	-668
chr19	14465242	14472718	14470636	7476	14468980	-3738	3738	1656
chr19	16848277	16854895	16854197	6618	16851586	-3309	3309	2611
chr19	13830005	13832341	13830866	2336	13831173	-1168	1168	-307
chr19	45068231	45074388	45071720	6157	45071309	-3078	3079	411
chr19	18535861	18540930	18537618	5069	18538395	-2534	2535	-777
chr19	40610434	40614979	40611248	4545	40612706	-2272	2273	-1458
chr19	48635470	48640265	48639388	4795	48637867	-2397	2398	1521
chr19	49931112	49936594	49933048	5482	49933853	-2741	2741	-805
chr19	3381027	3383966	3381784	2939	3382496	-1469	1470	-712
chr19	48956555	48964353	48960839	7798	48960454	-3899	3899	385
chr19	19496717	19504383	19501254	7666	19500550	-3833	3833	704
chr19	10392394	10397062	10395097	4668	10394728	-2334	2334	369
chr19	38384722	38391354	38386164	6632	38388038	-3316	3316	-1874
chr19	35008000	35013976	35013357	5976	35010988	-2988	2988	2369
chr19	35544801	35548370	35544977	3569	35546585	-1784	1785	-1608
chr19	37362618	37365254	37362909	2636	37363936	-1318	1318	-1027
chr19	37362618	37365254	37363684	2636	37363936	-1318	1318	-252
chr19	2043697	2047784	2046676	4087	2045740	-2043	2044	936
chr19	13109149	13116163	13112743	7014	13112656	-3507	3507	87
chr19	45625109	45630255	45626819	5146	45627682	-2573	2573	-863
chr19	45468260	45469092	45468627	832	45468676	-416	416	-49
chr19	19352182	19357760	19357407	5578	19354971	-2789	2789	2436
chr19	35741394	35745382	35744291	3988	35743388	-1994	1994	903
chr19	40605187	40608925	40608357	3738	40607056	-1869	1869	1301
chr19	7517979	7523710	7519462	5731	7520844	-2865	2866	-1382
chr19	48285292	48286310	48286054	1018	48285801	-509	509	253
chr19	49660466	49665411	49660807	4945	49662938	-2472	2473	-2131
chr19	6730133	6734723	6731892	4590	6732428	-2295	2295	-536
chr19	11101440	11104839	11102764	3399	11103139	-1699	1700	-375
chr19	38918273	38919774	38918789	1501	38919023	-750	751	-234
chr19	49594175	49599158	49594896	4983	49596666	-2491	2492	-1770
chr19	35550858	35556059	35555096	5201	35553458	-2600	2601	1638
chr19	18780155	18786763	18782926	6608	18783459	-3304	3304	-533
chr19	54174005	54178274	54174176	4269	54176139	-2134	2135	-1963
chr19	17731663	17737777	17734321	6114	17734720	-3057	3057	-399
chr19	10551020	10555289	10552999	4269	10553154	-2134	2135	-155
chr19	35737544	35738779	35737664	1235	35738161	-617	618	-497
chr19	45498437	45502365	45499226	3928	45500401	-1964	1964	-1175
chr19	48466534	48471738	48470443	5204	48469136	-2602	2602	1307
chr19	7617554	7622592	7617809	5038	7620073	-2519	2519	-2264
chr19	17785534	17788938	17786574	3404	17787236	-1702	1702	-662
chr19	11354764	11358402	11354909	3638	11356583	-1819	1819	-1674
chr19	11360447	11362924	11362557	2477	11361685	-1238	1239	872
chr19	11377286	11379250	11378102	1964	11378268	-982	982	-166
chr19	39837326	39840825	39837740	3499	39839075	-1749	1750	-1335
chr19	40610434	40614979	40611191	4545	40612706	-2272	2273	-1515
chr19	41431666	41438240	41438226	6574	41434953	-3287	3287	3273
chr19	37361518	37362476	37362157	958	37361997	-479	479	160
chr19	41305325	41307306	41305758	1981	41306315	-990	991	-557
chr19	45829574	45832530	45831470	2956	45831052	-1478	1478	418
chr19	1977478	1981248	1979953	3770	1979363	-1885	1885	590
chr19	4955317	4961654	4956751	6337	4958485	-3168	3169	-1734
chr19	39979850	39981574	39981359	1724	39980712	-862	862	647
chr19	1416525	1420746	1418342	4221	1418635	-2110	2111	-293
chr19	6730133	6734723	6731270	4590	6732428	-2295	2295	-1158
chr19	11053751	11060071	11059852	6320	11056911	-3160	3160	2941
chr19	19677153	19680094	19679465	2941	19678623	-1470	1471	842
chr19	3743871	3750257	3743987	6386	3747064	-3193	3193	-3077
chr19	4701317	4706069	4702031	4752	4703693	-2376	2376	-1662
chr19	10551020	10555289	10555094	4269	10553154	-2134	2135	1940
chr19	11214348	11217832	11216940	3484	11216090	-1742	1742	850
chr19	12755633	12762195	12756206	6562	12758914	-3281	3281	-2708
chr19	38128496	38131425	38130672	2929	38129960	-1464	1465	712
chr19	41586096	41587469	41586548	1373	41586782	-686	687	-234
chr19	45469520	45474285	45472873	4765	45471902	-2382	2383	971
chr19	51415642	51418083	51416149	2441	51416862	-1220	1221	-713
chr19	38929925	38932796	38931310	2871	38931360	-1435	1436	-50
chr19	47034591	47041215	47040449	6624	47037903	-3312	3312	2546
chr19	48799386	48800516	48799714	1130	48799951	-565	565	-237
chr19	45711134	45714520	45712124	3386	45712827	-1693	1693	-703
chr19	13104148	13107203	13105445	3055	13105675	-1527	1528	-230
chr19	44174310	44176208	44175471	1898	44175259	-949	949	212
chr19	43534040	43536379	43534487	2339	43535209	-1169	1170	-722
chr19	13830005	13832341	13830583	2336	13831173	-1168	1168	-590
chr19	6737052	6741393	6739777	4341	6739222	-2170	2171	555
chr19	10134253	10141167	10137186	6914	10137710	-3457	3457	-524
chr19	11324723	11327009	11325310	2286	11325866	-1143	1143	-556
chr19	18564234	18568789	18564941	4555	18566511	-2277	2278	-1570
chr19	44176470	44177703	44176782	1233	44177086	-616	617	-304
chr19	44176470	44177703	44177416	1233	44177086	-616	617	330
chr19	51364795	51371944	51371656	7149	51368369	-3574	3575	3287
chr19	57703618	57705803	57704964	2185	57704710	-1092	1093	254
chr19	5660505	5665130	5664416	4625	5662817	-2312	2313	1599
chr19	11001931	11003261	11003076	1330	11002596	-665	665	480
chr19	18564234	18568789	18564882	4555	18566511	-2277	2278	-1629
chr19	19201426	19205888	19202216	4462	19203657	-2231	2231	-1441
chr19	19201426	19205888	19202402	4462	19203657	-2231	2231	-1255
chr19	19336725	19343548	19341273	6823	19340136	-3411	3412	1137
chr19	13965178	13970347	13968583	5169	13967762	-2584	2585	821
chr19	54159301	54161018	54160281	1717	54160159	-858	859	122
chr19	19201426	19205888	19201718	4462	19203657	-2231	2231	-1939
chr19	48920414	48925085	48921192	4671	48922749	-2335	2336	-1557
chr19	49657409	49660289	49657880	2880	49658849	-1440	1440	-969
chr19	18134033	18138296	18134827	4263	18136164	-2131	2132	-1337
chr19	16415509	16419955	16417626	4446	16417732	-2223	2223	-106
chr19	16566522	16569480	16568135	2958	16568001	-1479	1479	134
chr19	11506108	11513933	11508011	7825	11510020	-3912	3913	-2009
chr19	42405170	42411347	42407373	6177	42408258	-3088	3089	-885
chr19	48964804	48966628	48966589	1824	48965716	-912	912	873
chr19	18461870	18468889	18465538	7019	18465379	-3509	3510	159
chr19	7532874	7534340	7533763	1466	7533607	-733	733	156
chr19	35737544	35738779	35738327	1235	35738161	-617	618	166
chr19	45883913	45887300	45885128	3387	45885606	-1693	1694	-478
chr19	7632022	7633600	7633527	1578	7632811	-789	789	716
chr19	41300848	41303249	41302572	2401	41302048	-1200	1201	524
chr19	41300848	41303249	41302573	2401	41302048	-1200	1201	525
chr19	49931112	49936594	49933081	5482	49933853	-2741	2741	-772
chr19	50320294	50326837	50323936	6543	50323565	-3271	3272	371
chr19	19272315	19277209	19276580	4894	19274762	-2447	2447	1818
chr19	35633470	35635869	35634353	2399	35634669	-1199	1200	-316
chr19	54156260	54158793	54158395	2533	54157526	-1266	1267	869
chr19	1438052	1442971	1440093	4919	1440511	-2459	2460	-418
chr19	49660466	49665411	49663428	4945	49662938	-2472	2473	490
chr19	17499440	17503337	17500385	3897	17501388	-1948	1949	-1003
chr19	7632022	7633600	7633539	1578	7632811	-789	789	728
chr19	48471884	48475678	48474925	3794	48473781	-1897	1897	1144
chr19	7617554	7622592	7617578	5038	7620073	-2519	2519	-2495
chr19	14465242	14472718	14467875	7476	14468980	-3738	3738	-1105
chr19	48279079	48284734	48282461	5655	48281906	-2827	2828	555
chr19	12705397	12712071	12705534	6674	12708734	-3337	3337	-3200
chr19	55084315	55089089	55086470	4774	55086702	-2387	2387	-232
chr19	45358028	45361457	45358693	3429	45359742	-1714	1715	-1049
chr19	45498437	45502365	45499661	3928	45500401	-1964	1964	-740
chr19	54123633	54126179	54124586	2546	54124906	-1273	1273	-320
chr19	8548477	8556204	8551938	7727	8552340	-3863	3864	-402
chr19	48869169	48876602	48874105	7433	48872885	-3716	3717	1220
chr19	42288275	42294784	42289048	6509	42291529	-3254	3255	-2481
chr19	45068231	45074388	45071609	6157	45071309	-3078	3079	300
chr19	35122049	35123546	35123456	1497	35122797	-748	749	659
chr19	39472284	39476831	39473239	4547	39474557	-2273	2274	-1318
chr19	41891599	41898271	41892052	6672	41894935	-3336	3336	-2883
chr19	54156260	54158793	54156811	2533	54157526	-1266	1267	-715
chr19	8498868	8501639	8499181	2771	8500253	-1385	1386	-1072
chr19	39385700	39390487	39385977	4787	39388093	-2393	2394	-2116
chr19	35122049	35123546	35122899	1497	35122797	-748	749	102
chr19	47082486	47085801	47085160	3315	47084143	-1657	1658	1017
chr19	11214348	11217832	11216990	3484	11216090	-1742	1742	900
chr19	35248183	35255398	35250485	7215	35251790	-3607	3608	-1305
chr19	48968399	48973137	48969412	4738	48970768	-2369	2369	-1356
chr19	19056965	19064869	19057509	7904	19060917	-3952	3952	-3408
chr19	6751414	6755318	6754636	3904	6753366	-1952	1952	1270
chr19	7628501	7631491	7629824	2990	7629996	-1495	1495	-172
chr19	11344733	11347200	11346515	2467	11345966	-1233	1234	549
chr19	12034726	12037151	12035651	2425	12035938	-1212	1213	-287
chr19	16322959	16327392	16327072	4433	16325175	-2216	2217	1897
chr19	40211515	40218653	40217314	7138	40215084	-3569	3569	2230
chr19	45711134	45714520	45711756	3386	45712827	-1693	1693	-1071
chr19	45711134	45714520	45712707	3386	45712827	-1693	1693	-120
chr19	50327065	50333750	50328578	6685	50330407	-3342	3343	-1829
chr19	19107734	19114283	19107990	6549	19111008	-3274	3275	-3018
chr19	42288275	42294784	42290310	6509	42291529	-3254	3255	-1219
chr19	4938501	4943625	4941604	5124	4941063	-2562	2562	541
chr19	16415509	16419955	16417988	4446	16417732	-2223	2223	256
chr19	16566522	16569480	16566550	2958	16568001	-1479	1479	-1451
chr19	39973131	39976730	39974354	3599	39974930	-1799	1800	-576
chr19	35616966	35620889	35618606	3923	35618927	-1961	1962	-321
chr19	17721388	17729011	17726080	7623	17725199	-3811	3812	881
chr19	40375328	40378483	40376743	3155	40376905	-1577	1578	-162
chr19	42078637	42081372	42079332	2735	42080004	-1367	1368	-672
chr19	17838483	17842926	17841755	4443	17840704	-2221	2222	1051
chr19	39468353	39471640	39469313	3287	39469996	-1643	1644	-683
chr19	15229066	15234917	15231781	5851	15231991	-2925	2926	-210
chr19	51687417	51693680	51693330	6263	51690548	-3131	3132	2782
chr19	5261094	5265657	5265022	4563	5263375	-2281	2282	1647
chr19	16566522	16569480	16568143	2958	16568001	-1479	1479	142
chr19	1977478	1981248	1978328	3770	1979363	-1885	1885	-1035
chr19	11418738	11424161	11421760	5423	11421449	-2711	2712	311
chr19	16415509	16419955	16418017	4446	16417732	-2223	2223	285
chr19	17499440	17503337	17500495	3897	17501388	-1948	1949	-893
chr19	35281311	35283188	35282534	1877	35282249	-938	939	285
chr19	36085078	36086929	36086805	1851	36086003	-925	926	802
chr19	36096831	36102633	36099556	5802	36099732	-2901	2901	-176
chr19	41275057	41278774	41276184	3717	41276915	-1858	1859	-731
chr19	45469520	45474285	45470835	4765	45471902	-2382	2383	-1067
chr19	45686083	45692076	45687706	5993	45689079	-2996	2997	-1373
chr19	54159301	54161018	54160188	1717	54160159	-858	859	29
chr19	55136004	55138860	55138056	2856	55137432	-1428	1428	624
chr19	5913735	5915043	5914617	1308	5914389	-654	654	228
chr19	16415509	16419955	16417596	4446	16417732	-2223	2223	-136
chr19	7897337	7899282	7899210	1945	7898309	-972	973	901
chr19	48799386	48800516	48799754	1130	48799951	-565	565	-197
chr19	2431074	2435595	2434444	4521	2433334	-2260	2261	1110
chr19	7623093	7628030	7627806	4937	7625561	-2468	2469	2245
chr19	7683195	7691129	7690534	7934	7687162	-3967	3967	3372
chr19	7871816	7878749	7872321	6933	7875282	-3466	3467	-2961
chr19	7871816	7878749	7873281	6933	7875282	-3466	3467	-2001
chr19	8506504	8512089	8510725	5585	8509296	-2792	2793	1429
chr19	14465242	14472718	14472471	7476	14468980	-3738	3738	3491
chr19	16184954	16191399	16190887	6445	16188176	-3222	3223	2711
chr19	19344453	19351465	19345006	7012	19347959	-3506	3506	-2953
chr19	38341558	38344163	38344105	2605	38342860	-1302	1303	1245
chr19	39405842	39408540	39408253	2698	39407191	-1349	1349	1062
chr19	44176470	44177703	44176574	1233	44177086	-616	617	-512
chr19	46373472	46378295	46375675	4823	46375883	-2411	2412	-208
chr19	48136803	48140971	48137724	4168	48138887	-2084	2084	-1163
chr19	49144314	49151028	49149564	6714	49147671	-3357	3357	1893
chr19	49445065	49451112	49449501	6047	49448088	-3023	3024	1413
chr19	55345366	55352009	55346297	6643	55348687	-3321	3322	-2390
chr19	57848940	57851378	57850374	2438	57850159	-1219	1219	215
chr19	41305325	41307306	41305710	1981	41306315	-990	991	-605
chr19	10827416	10833436	10831640	6020	10830426	-3010	3010	1214
chr19	36119985	36125422	36120712	5437	36122703	-2718	2719	-1991
chr19	38384722	38391354	38387249	6632	38388038	-3316	3316	-789
chr19	1878166	1885763	1881268	7597	1881964	-3798	3799	-696
chr19	3763706	3771580	3771576	7874	3767643	-3937	3937	3933
chr19	45304350	45308682	45307488	4332	45306516	-2166	2166	972
chr19	33399379	33404868	33401803	5489	33402123	-2744	2745	-320
chr19	35255862	35260006	35259032	4144	35257934	-2072	2072	1098
chr19	40436373	40442438	40441744	6065	40439405	-3032	3033	2339
chr19	40777730	40782088	40780382	4358	40779909	-2179	2179	473
chr19	17838483	17842926	17840245	4443	17840704	-2221	2222	-459
chr19	17838483	17842926	17840246	4443	17840704	-2221	2222	-458
chr19	33800103	33801300	33800437	1197	33800701	-598	599	-264
chr19	42405170	42411347	42407373	6177	42408258	-3088	3089	-885
chr19	41586096	41587469	41586620	1373	41586782	-686	687	-162
chr19	45829574	45832530	45830159	2956	45831052	-1478	1478	-893
chr19	6751414	6755318	6755266	3904	6753366	-1952	1952	1900
chr19	3743871	3750257	3744013	6386	3747064	-3193	3193	-3051
chr19	17072774	17076821	17075403	4047	17074797	-2023	2024	606
chr19	4405828	4410216	4409321	4388	4408022	-2194	2194	1299
chr19	7623093	7628030	7627353	4937	7625561	-2468	2469	1792
chr19	10678941	10684376	10681313	5435	10681658	-2717	2718	-345
chr19	19051022	19052386	19051684	1364	19051704	-682	682	-20
chr19	43542524	43546896	43543500	4372	43544710	-2186	2186	-1210
chr19	48635470	48640265	48639338	4795	48637867	-2397	2398	1471
chr19	48635470	48640265	48640207	4795	48637867	-2397	2398	2340
chr19	1366246	1369629	1367173	3383	1367937	-1691	1692	-764
chr19	3743871	3750257	3747919	6386	3747064	-3193	3193	855
chr19	10833475	10836396	10835253	2921	10834935	-1460	1461	318
chr19	16575480	16578656	16576236	3176	16577068	-1588	1588	-832
chr19	54174005	54178274	54174158	4269	54176139	-2134	2135	-1981
chr19	3571396	3579085	3576926	7689	3575240	-3844	3845	1686
chr19	7517979	7523710	7520079	5731	7520844	-2865	2866	-765
chr19	7612048	7617257	7612302	5209	7614652	-2604	2605	-2350
chr19	7921420	7922948	7921702	1528	7922184	-764	764	-482
chr19	12656551	12659276	12658242	2725	12657913	-1362	1363	329
chr19	13929531	13934946	13930732	5415	13932238	-2707	2708	-1506
chr19	16109019	16112812	16112000	3793	16110915	-1896	1897	1085
chr19	34427265	34429876	34428523	2611	34428570	-1305	1306	-47
chr19	39472284	39476831	39474529	4547	39474557	-2273	2274	-28
chr19	45063419	45067140	45064375	3721	45065279	-1860	1861	-904
chr19	45261310	45265389	45264883	4079	45263349	-2039	2040	1534
chr19	48382817	48386775	48383249	3958	48384796	-1979	1979	-1547
chr19	49657409	49660289	49658619	2880	49658849	-1440	1440	-230
chr19	49660466	49665411	49664818	4945	49662938	-2472	2473	1880
chr19	55345366	55352009	55347886	6643	55348687	-3321	3322	-801
chr19	58391089	58397802	58393442	6713	58394445	-3356	3357	-1003
chr19	19002034	19004855	19004342	2821	19003444	-1410	1411	898
chr19	12763486	12765075	12763752	1589	12764280	-794	795	-528
chr19	12921084	12923182	12922588	2098	12922133	-1049	1049	455
chr19	18160538	18164165	18163068	3627	18162351	-1813	1814	717
chr19	19272315	19277209	19276609	4894	19274762	-2447	2447	1847
chr19	39472284	39476831	39473211	4547	39474557	-2273	2274	-1346
chr19	41431666	41438240	41432326	6574	41434953	-3287	3287	-2627
chr19	41891599	41898271	41892794	6672	41894935	-3336	3336	-2141
chr19	45686083	45692076	45687567	5993	45689079	-2996	2997	-1512
chr19	45711134	45714520	45713424	3386	45712827	-1693	1693	597
chr19	48635470	48640265	48638982	4795	48637867	-2397	2398	1115
chr19	48741980	48746493	48743452	4513	48744236	-2256	2257	-784
chr19	4265009	4269029	4268645	4020	4267019	-2010	2010	1626
chr19	7628501	7631491	7629554	2990	7629996	-1495	1495	-442
chr19	7628501	7631491	7629826	2990	7629996	-1495	1495	-170
chr19	40806161	40810116	40808700	3955	40808138	-1977	1978	562
chr19	18591247	18597211	18593572	5964	18594229	-2982	2982	-657
chr19	55084315	55089089	55087613	4774	55086702	-2387	2387	911
chr19	40200587	40206619	40204543	6032	40203603	-3016	3016	940
chr19	7623093	7628030	7623863	4937	7625561	-2468	2469	-1698
chr19	7551062	7555917	7554624	4855	7553489	-2427	2428	1135
chr19	37362618	37365254	37363533	2636	37363936	-1318	1318	-403
chr19	11344733	11347200	11346604	2467	11345966	-1233	1234	638
chr19	48624089	48631459	48628018	7370	48627774	-3685	3685	244
chr19	19303420	19307450	19303744	4030	19305435	-2015	2015	-1691
chr19	12812032	12815519	12813181	3487	12813775	-1743	1744	-594
chr19	10141435	10143016	10142057	1581	10142225	-790	791	-168
chr19	10824203	10826586	10825055	2383	10825394	-1191	1192	-339
chr19	42295742	42302769	42302418	7027	42299255	-3513	3514	3163
chr19	49931112	49936594	49933023	5482	49933853	-2741	2741	-830
chr19	14098106	14103356	14102840	5250	14100731	-2625	2625	2109
chr19	38378205	38384622	38383420	6417	38381413	-3208	3209	2007
chr19	51343807	51346388	51345252	2581	51345097	-1290	1291	155
chr19	19278205	19283215	19279340	5010	19280710	-2505	2505	-1370
chr19	40605187	40608925	40608496	3738	40607056	-1869	1869	1440
chr19	18447713	18453778	18450759	6065	18450745	-3032	3033	14
chr19	54171562	54173591	54173248	2029	54172576	-1014	1015	672
chr19	54189943	54193442	54191944	3499	54191692	-1749	1750	252
chr19	48624089	48631459	48630437	7370	48627774	-3685	3685	2663
chr19	5070097	5072863	5070962	2766	5071480	-1383	1383	-518
chr19	50373022	50380197	50378343	7175	50376609	-3587	3588	1734
chr19	18849240	18856146	18854997	6906	18852693	-3453	3453	2304
chr19	38299626	38307035	38304469	7409	38303330	-3704	3705	1139
chr19	12940264	12946701	12940413	6437	12943482	-3218	3219	-3069
chr19	35739309	35741282	35739408	1973	35740295	-986	987	-887
chr19	17775943	17783122	17778643	7179	17779532	-3589	3590	-889
chr19	40436373	40442438	40441591	6065	40439405	-3032	3033	2186
chr19	49459448	49463835	49461986	4387	49461641	-2193	2194	345
chr19	19677153	19680094	19677958	2941	19678623	-1470	1471	-665
chr19	12619405	12624598	12623706	5193	12622001	-2596	2597	1705
chr19	18564234	18568789	18564909	4555	18566511	-2277	2278	-1602
chr19	39837326	39840825	39837756	3499	39839075	-1749	1750	-1319
chr19	45068231	45074388	45071811	6157	45071309	-3078	3079	502
chr19	2409770	2417145	2410374	7375	2413457	-3687	3688	-3083
chr19	54163939	54170823	54168186	6884	54167381	-3442	3442	805
chr19	45469520	45474285	45470965	4765	45471902	-2382	2383	-937
chr19	5915235	5919250	5918612	4015	5917242	-2007	2008	1370
chr19	18849240	18856146	18853087	6906	18852693	-3453	3453	394
chr19	50041294	50045094	50045015	3800	50043194	-1900	1900	1821
chr19	52922509	52930124	52929319	7615	52926316	-3807	3808	3003
chr19	3571396	3579085	3576914	7689	3575240	-3844	3845	1674
chr19	47147072	47151034	47150256	3962	47149053	-1981	1981	1203
chr19	49144314	49151028	49148688	6714	49147671	-3357	3357	1017
chr19	18570424	18576330	18575073	5906	18573377	-2953	2953	1696
chr19	2409770	2417145	2415772	7375	2413457	-3687	3688	2315
chr19	17731663	17737777	17733297	6114	17734720	-3057	3057	-1423
chr19	19491055	19492909	19492599	1854	19491982	-927	927	617
chr19	40806161	40810116	40807894	3955	40808138	-1977	1978	-244
chr19	45407641	45408805	45408745	1164	45408223	-582	582	522
chr19	13109149	13116163	13112724	7014	13112656	-3507	3507	68
chr19	35611438	35615482	35615259	4044	35613460	-2022	2022	1799
chr19	43534040	43536379	43534433	2339	43535209	-1169	1170	-776
chr19	45469520	45474285	45473540	4765	45471902	-2382	2383	1638
chr19	55650836	55652099	55651383	1263	55651467	-631	632	-84
chr19	3615800	3622862	3620767	7062	3619331	-3531	3531	1436
chr19	48635470	48640265	48638954	4795	48637867	-2397	2398	1087
chr19	16575480	16578656	16576521	3176	16577068	-1588	1588	-547
chr19	4036917	4039326	4037697	2409	4038121	-1204	1205	-424
chr19	19193256	19198520	19194043	5264	19195888	-2632	2632	-1845
chr19	55602034	55606387	55602499	4353	55604210	-2176	2177	-1711
chr19	55084315	55089089	55087581	4774	55086702	-2387	2387	879
chr19	53065563	53068245	53068171	2682	53066904	-1341	1341	1267
chr19	17206080	17212168	17206102	6088	17209124	-3044	3044	-3022
chr19	20195563	20197279	20197097	1716	20196421	-858	858	676
chr19	49459448	49463835	49459681	4387	49461641	-2193	2194	-1960
chr19	45549210	45554664	45553547	5454	45551937	-2727	2727	1610
chr19	57873270	57875750	57874753	2480	57874510	-1240	1240	243
chr19	5141768	5145199	5144256	3431	5143483	-1715	1716	773
chr19	5586763	5591265	5587281	4502	5589014	-2251	2251	-1733
chr19	11348124	11354131	11353619	6007	11351127	-3003	3004	2492
chr19	46752836	46758461	46758163	5625	46755648	-2812	2813	2515
chr19	48635470	48640265	48639402	4795	48637867	-2397	2398	1535
chr19	13109149	13116163	13112815	7014	13112656	-3507	3507	159
chr19	18160538	18164165	18160548	3627	18162351	-1813	1814	-1803
chr19	44174310	44176208	44174785	1898	44175259	-949	949	-474
chr19	45696057	45703976	45703289	7919	45700016	-3959	3960	3273
chr19	52269329	52271603	52269598	2274	52270466	-1137	1137	-868
chr19	35783461	35788326	35785477	4865	35785893	-2432	2433	-416
chr19	38350545	38354828	38354727	4283	38352686	-2141	2142	2041
chr19	45068231	45074388	45070814	6157	45071309	-3078	3079	-495
chr19	55229062	55232046	55231804	2984	55230554	-1492	1492	1250
chr19	10982667	10987057	10985304	4390	10984862	-2195	2195	442
chr19	14098106	14103356	14100863	5250	14100731	-2625	2625	132
chr19	40230147	40236711	40236066	6564	40233429	-3282	3282	2637
chr19	49584646	49592221	49591663	7575	49588433	-3787	3788	3230
chr19	3615800	3622862	3619191	7062	3619331	-3531	3531	-140
chr19	36065236	36069464	36067342	4228	36067350	-2114	2114	-8
chr19	41312736	41318891	41316575	6155	41315813	-3077	3078	762
chr19	41431666	41438240	41433319	6574	41434953	-3287	3287	-1634
chr19	54199799	54202867	54201241	3068	54201333	-1534	1534	-92
chr19	54204678	54211684	54207423	7006	54208181	-3503	3503	-758
chr19	39405842	39408540	39406865	2698	39407191	-1349	1349	-326
chr19	39412499	39418242	39415066	5743	39415370	-2871	2872	-304
chr19	40436373	40442438	40441954	6065	40439405	-3032	3033	2549
chr19	45696057	45703976	45702962	7919	45700016	-3959	3960	2946
chr19	3571396	3579085	3574550	7689	3575240	-3844	3845	-690
chr19	14098106	14103356	14100869	5250	14100731	-2625	2625	138
chr19	36087947	36094961	36094083	7014	36091454	-3507	3507	2629
chr19	45407641	45408805	45408159	1164	45408223	-582	582	-64
chr19	48136803	48140971	48137534	4168	48138887	-2084	2084	-1353
chr19	39472284	39476831	39473442	4547	39474557	-2273	2274	-1115
chr19	55089389	55095990	55092263	6601	55092689	-3300	3301	-426
chr19	11348124	11354131	11353863	6007	11351127	-3003	3004	2736
chr19	57873270	57875750	57873888	2480	57874510	-1240	1240	-622
chr19	615804	622495	618747	6691	619149	-3345	3346	-402
chr19	963365	967621	964348	4256	965493	-2128	2128	-1145
chr19	2431074	2435595	2434315	4521	2433334	-2260	2261	981
chr19	2799341	2800492	2799709	1151	2799916	-575	576	-207
chr19	3571396	3579085	3575620	7689	3575240	-3844	3845	380
chr19	4036917	4039326	4037622	2409	4038121	-1204	1205	-499
chr19	4180603	4185406	4182583	4803	4183004	-2401	2402	-421
chr19	4712158	4714326	4714275	2168	4713242	-1084	1084	1033
chr19	4955317	4961654	4956720	6337	4958485	-3168	3169	-1765
chr19	5913735	5915043	5914680	1308	5914389	-654	654	291
chr19	6751414	6755318	6754067	3904	6753366	-1952	1952	701
chr19	8548477	8556204	8550614	7727	8552340	-3863	3864	-1726
chr19	10351670	10354714	10352969	3044	10353192	-1522	1522	-223
chr19	10392394	10397062	10395056	4668	10394728	-2334	2334	328
chr19	10809395	10815485	10812299	6090	10812440	-3045	3045	-141
chr19	11252859	11256162	11253713	3303	11254510	-1651	1652	-797
chr19	11344733	11347200	11346545	2467	11345966	-1233	1234	579
chr19	11380537	11387243	11383022	6706	11383890	-3353	3353	-868
chr19	11722699	11727130	11723183	4431	11724914	-2215	2216	-1731
chr19	12629162	12630805	12629174	1643	12629983	-821	822	-809
chr19	12700715	12704436	12703509	3721	12702575	-1860	1861	934
chr19	12705397	12712071	12706250	6674	12708734	-3337	3337	-2484
chr19	12812032	12815519	12813135	3487	12813775	-1743	1744	-640
chr19	12812032	12815519	12813417	3487	12813775	-1743	1744	-358
chr19	12928245	12932866	12930692	4621	12930555	-2310	2311	137
chr19	16184954	16191399	16185745	6445	16188176	-3222	3223	-2431
chr19	16400653	16406523	16402428	5870	16403588	-2935	2935	-1160
chr19	17838483	17842926	17840326	4443	17840704	-2221	2222	-378
chr19	18134033	18138296	18134873	4263	18136164	-2131	2132	-1291
chr19	18141266	18147990	18146988	6724	18144628	-3362	3362	2360
chr19	18149297	18151910	18149656	2613	18150603	-1306	1307	-947
chr19	18535861	18540930	18538241	5069	18538395	-2534	2535	-154
chr19	18849240	18856146	18850147	6906	18852693	-3453	3453	-2546
chr19	19115600	19121855	19120058	6255	19118727	-3127	3128	1331
chr19	19636969	19641556	19637926	4587	19639262	-2293	2294	-1336
chr19	19636969	19641556	19640549	4587	19639262	-2293	2294	1287
chr19	34389546	34394700	34393345	5154	34392123	-2577	2577	1222
chr19	34389546	34394700	34393457	5154	34392123	-2577	2577	1334
chr19	34389546	34394700	34393553	5154	34392123	-2577	2577	1430
chr19	35550858	35556059	35551011	5201	35553458	-2600	2601	-2447
chr19	35616966	35620889	35619421	3923	35618927	-1961	1962	494
chr19	36065236	36069464	36067975	4228	36067350	-2114	2114	625
chr19	36112314	36116525	36115916	4211	36114419	-2105	2106	1497
chr19	38299626	38307035	38304407	7409	38303330	-3704	3705	1077
chr19	38920214	38926156	38921557	5942	38923185	-2971	2971	-1628
chr19	39412499	39418242	39414148	5743	39415370	-2871	2872	-1222
chr19	39419128	39424796	39424677	5668	39421962	-2834	2834	2715
chr19	39472284	39476831	39473310	4547	39474557	-2273	2274	-1247
chr19	39487230	39493007	39488068	5777	39490118	-2888	2889	-2050
chr19	39973131	39976730	39974535	3599	39974930	-1799	1800	-395
chr19	42236899	42240524	42240008	3625	42238711	-1812	1813	1297
chr19	42288275	42294784	42293249	6509	42291529	-3254	3255	1720
chr19	43542524	43546896	43543424	4372	43544710	-2186	2186	-1286
chr19	44174310	44176208	44176112	1898	44175259	-949	949	853
chr19	45381378	45383611	45382638	2233	45382494	-1116	1117	144
chr19	45469520	45474285	45471118	4765	45471902	-2382	2383	-784
chr19	45469520	45474285	45472587	4765	45471902	-2382	2383	685
chr19	45525012	45530422	45526198	5410	45527717	-2705	2705	-1519
chr19	45620384	45624644	45621536	4260	45622514	-2130	2130	-978
chr19	45829574	45832530	45831515	2956	45831052	-1478	1478	463
chr19	46678937	46683415	46681716	4478	46681176	-2239	2239	540
chr19	48279079	48284734	48282400	5655	48281906	-2827	2828	494
chr19	48463395	48465025	48464471	1630	48464210	-815	815	261
chr19	48463395	48465025	48464744	1630	48464210	-815	815	534
chr19	48631878	48634366	48633710	2488	48633122	-1244	1244	588
chr19	48920414	48925085	48921902	4671	48922749	-2335	2336	-847
chr19	48956555	48964353	48960831	7798	48960454	-3899	3899	377
chr19	48956555	48964353	48961635	7798	48960454	-3899	3899	1181
chr19	49660466	49665411	49661980	4945	49662938	-2472	2473	-958
chr19	51364795	51371944	51368536	7149	51368369	-3574	3575	167
chr19	52275523	52282144	52281878	6621	52278833	-3310	3311	3045
chr19	54199799	54202867	54201277	3068	54201333	-1534	1534	-56
chr19	58260934	58261548	58261507	614	58261241	-307	307	266
chr19	58510229	58517412	58517346	7183	58513820	-3591	3592	3526
chr19	10148176	10152959	10148981	4783	10150567	-2391	2392	-1586
chr19	19272315	19277209	19276662	4894	19274762	-2447	2447	1900
chr19	3446740	3450742	3449069	4002	3448741	-2001	2001	328
chr19	4667663	4670694	4668602	3031	4669178	-1515	1516	-576
chr19	18591247	18597211	18594338	5964	18594229	-2982	2982	109
chr19	14164962	14169003	14167020	4041	14166982	-2020	2021	38
chr19	42078637	42081372	42079725	2735	42080004	-1367	1368	-279
chr19	52922509	52930124	52929209	7615	52926316	-3807	3808	2893
chr19	5920533	5924357	5921276	3824	5922445	-1912	1912	-1169
chr19	39979850	39981574	39980337	1724	39980712	-862	862	-375
chr19	47034591	47041215	47041019	6624	47037903	-3312	3312	3116
chr19	48136803	48140971	48137666	4168	48138887	-2084	2084	-1221
chr19	18535861	18540930	18539559	5069	18538395	-2534	2535	1164
chr19	39412499	39418242	39415252	5743	39415370	-2871	2872	-118
chr19	3117142	3119670	3118921	2528	3118406	-1264	1264	515
chr19	40610434	40614979	40614235	4545	40612706	-2272	2273	1529
chr19	49594175	49599158	49594951	4983	49596666	-2491	2492	-1715
chr19	10577410	10580029	10579713	2619	10578719	-1309	1310	994
chr19	12647794	12651403	12649929	3609	12649598	-1804	1805	331
chr19	19677153	19680094	19679542	2941	19678623	-1470	1471	919
chr19	40230147	40236711	40236350	6564	40233429	-3282	3282	2921
chr19	52218935	52220661	52220204	1726	52219798	-863	863	406
chr19	18535861	18540930	18537616	5069	18538395	-2534	2535	-779
chr19	35539318	35544352	35542914	5034	35541835	-2517	2517	1079
chr19	35539318	35544352	35543355	5034	35541835	-2517	2517	1520
chr19	36112314	36116525	36113785	4211	36114419	-2105	2106	-634
chr19	45298706	45303206	45302404	4500	45300956	-2250	2250	1448
chr19	54171562	54173591	54173248	2029	54172576	-1014	1015	672
chr19	7961217	7963412	7962810	2195	7962314	-1097	1098	496
chr19	19201426	19205888	19203085	4462	19203657	-2231	2231	-572
chr19	14465242	14472718	14469785	7476	14468980	-3738	3738	805
chr19	12656551	12659276	12658064	2725	12657913	-1362	1363	151
chr19	11576125	11580366	11576769	4241	11578245	-2120	2121	-1476
chr19	3117142	3119670	3119350	2528	3118406	-1264	1264	944
chr19	5039278	5041345	5041174	2067	5040311	-1033	1034	863
chr19	7617554	7622592	7617582	5038	7620073	-2519	2519	-2491
chr19	8323785	8327107	8324734	3322	8325446	-1661	1661	-712
chr19	10496962	10499620	10499541	2658	10498291	-1329	1329	1250
chr19	10678941	10684376	10682620	5435	10681658	-2717	2718	962
chr19	11041084	11044007	11041316	2923	11042545	-1461	1462	-1229
chr19	11240540	11248413	11245821	7873	11244476	-3936	3937	1345
chr19	11324723	11327009	11325530	2286	11325866	-1143	1143	-336
chr19	11348124	11354131	11349165	6007	11351127	-3003	3004	-1962
chr19	11418738	11424161	11420813	5423	11421449	-2711	2712	-636
chr19	11722699	11727130	11723264	4431	11724914	-2215	2216	-1650
chr19	12652002	12653349	12652246	1347	12652675	-673	674	-429
chr19	14048628	14054008	14050832	5380	14051318	-2690	2690	-486
chr19	14515542	14517933	14515881	2391	14516737	-1195	1196	-856
chr19	17838483	17842926	17839584	4443	17840704	-2221	2222	-1120
chr19	18877777	18881443	18878867	3666	18879610	-1833	1833	-743
chr19	19636969	19641556	19636991	4587	19639262	-2293	2294	-2271
chr19	19677153	19680094	19680014	2941	19678623	-1470	1471	1391
chr19	32353322	32357281	32354301	3959	32355301	-1979	1980	-1000
chr19	34438704	34440463	34438711	1759	34439583	-879	880	-872
chr19	36087947	36094961	36094092	7014	36091454	-3507	3507	2638
chr19	37361518	37362476	37362327	958	37361997	-479	479	330
chr19	38378205	38384622	38380973	6417	38381413	-3208	3209	-440
chr19	39405842	39408540	39408371	2698	39407191	-1349	1349	1180
chr19	39419128	39424796	39422126	5668	39421962	-2834	2834	164
chr19	39973131	39976730	39974619	3599	39974930	-1799	1800	-311
chr19	40362848	40367200	40366951	4352	40365024	-2176	2176	1927
chr19	41381120	41383983	41383627	2863	41382551	-1431	1432	1076
chr19	41421092	41425115	41424599	4023	41423103	-2011	2012	1496
chr19	41431666	41438240	41433415	6574	41434953	-3287	3287	-1538
chr19	43591524	43595544	43592950	4020	43593534	-2010	2010	-584
chr19	45469520	45474285	45471409	4765	45471902	-2382	2383	-493
chr19	48340086	48346315	48342922	6229	48343200	-3114	3115	-278
chr19	49135496	49138101	49137030	2605	49136798	-1302	1303	232
chr19	50320294	50326837	50320598	6543	50323565	-3271	3272	-2967
chr19	50373022	50380197	50378692	7175	50376609	-3587	3588	2083
chr19	3743871	3750257	3744007	6386	3747064	-3193	3193	-3057
chr19	10918066	10925371	10921072	7305	10921718	-3652	3653	-646
chr19	13104148	13107203	13105553	3055	13105675	-1527	1528	-122
chr19	15159700	15161810	15160569	2110	15160755	-1055	1055	-186
chr19	17838483	17842926	17839532	4443	17840704	-2221	2222	-1172
chr19	20195563	20197279	20197148	1716	20196421	-858	858	727
chr19	39385700	39390487	39390264	4787	39388093	-2393	2394	2171
chr19	40588478	40592729	40590832	4251	40590603	-2125	2126	229
chr19	45692409	45693684	45692769	1275	45693046	-637	638	-277
chr19	49138497	49141672	49139997	3175	49140084	-1587	1588	-87
chr19	54159301	54161018	54160279	1717	54160159	-858	859	120
chr19	11445545	11448599	11447156	3054	11447072	-1527	1527	84
chr19	49594175	49599158	49596406	4983	49596666	-2491	2492	-260
chr19	3763706	3771580	3765206	7874	3767643	-3937	3937	-2437
chr19	48340086	48346315	48342706	6229	48343200	-3114	3115	-494
chr19	11053751	11060071	11058329	6320	11056911	-3160	3160	1418
chr19	49584646	49592221	49590547	7575	49588433	-3787	3788	2114
chr19	10577410	10580029	10578949	2619	10578719	-1309	1310	230
chr19	19344453	19351465	19348875	7012	19347959	-3506	3506	916
chr19	45293605	45298662	45298218	5057	45296133	-2528	2529	2085
chr19	54159301	54161018	54159676	1717	54160159	-858	859	-483
chr19	17243939	17247375	17245032	3436	17245657	-1718	1718	-625
chr19	46987834	46991233	46989560	3399	46989533	-1699	1700	27
chr19	49665741	49669871	49665881	4130	49667806	-2065	2065	-1925
chr19	8548477	8556204	8550157	7727	8552340	-3863	3864	-2183
chr19	11576125	11580366	11576459	4241	11578245	-2120	2121	-1786
chr19	45525012	45530422	45529367	5410	45527717	-2705	2705	1650
chr19	19677153	19680094	19679572	2941	19678623	-1470	1471	949
chr19	18591247	18597211	18596942	5964	18594229	-2982	2982	2713
chr19	19051022	19052386	19052042	1364	19051704	-682	682	338
chr19	13916585	13924029	13923453	7444	13920307	-3722	3722	3146
chr19	19491055	19492909	19492390	1854	19491982	-927	927	408
chr19	41305325	41307306	41306820	1981	41306315	-990	991	505
chr19	41381120	41383983	41383663	2863	41382551	-1431	1432	1112
chr19	15468004	15472736	15472074	4732	15470370	-2366	2366	1704
chr19	35616966	35620889	35619490	3923	35618927	-1961	1962	563
chr19	45068231	45074388	45068467	6157	45071309	-3078	3079	-2842
chr19	11924281	11926152	11925155	1871	11925216	-935	936	-61
chr19	40317698	40321758	40321189	4060	40319728	-2030	2030	1461
chr19	17206080	17212168	17209665	6088	17209124	-3044	3044	541
chr19	48635470	48640265	48639787	4795	48637867	-2397	2398	1920
chr19	12647794	12651403	12649986	3609	12649598	-1804	1805	388
chr19	16848277	16854895	16854185	6618	16851586	-3309	3309	2599
chr19	36085078	36086929	36086722	1851	36086003	-925	926	719
chr19	8314342	8317896	8316624	3554	8316119	-1777	1777	505
chr19	13104148	13107203	13105521	3055	13105675	-1527	1528	-154
chr19	18141266	18147990	18145085	6724	18144628	-3362	3362	457
chr19	55077143	55083096	55080422	5953	55080119	-2976	2977	303
chr19	35783461	35788326	35785321	4865	35785893	-2432	2433	-572
chr19	3615800	3622862	3619157	7062	3619331	-3531	3531	-174
chr19	44176470	44177703	44176654	1233	44177086	-616	617	-432
chr19	12928245	12932866	12930672	4621	12930555	-2310	2311	117
chr19	40211515	40218653	40215117	7138	40215084	-3569	3569	33
chr19	41891599	41898271	41892122	6672	41894935	-3336	3336	-2813
chr19	49594175	49599158	49596336	4983	49596666	-2491	2492	-330
chr19	10827416	10833436	10833007	6020	10830426	-3010	3010	2581
chr19	18591247	18597211	18593442	5964	18594229	-2982	2982	-787
chr19	49905219	49911811	49909528	6592	49908515	-3296	3296	1013
chr19	58391089	58397802	58393159	6713	58394445	-3356	3357	-1286
chr19	54156260	54158793	54156984	2533	54157526	-1266	1267	-542
chr19	35741394	35745382	35742584	3988	35743388	-1994	1994	-804
chr19	34389546	34394700	34393810	5154	34392123	-2577	2577	1687
chr19	35616966	35620889	35618678	3923	35618927	-1961	1962	-249
chr19	35539318	35544352	35543752	5034	35541835	-2517	2517	1917
chr19	39478800	39483840	39482916	5040	39481320	-2520	2520	1596
chr19	46350405	46354893	46353745	4488	46352649	-2244	2244	1096
chr19	35058636	35061653	35060340	3017	35060144	-1508	1509	196
chr19	11506108	11513933	11508001	7825	11510020	-3912	3913	-2019
chr19	37362618	37365254	37363318	2636	37363936	-1318	1318	-618
chr19	7532874	7534340	7533855	1466	7533607	-733	733	248
chr19	2043697	2047784	2046206	4087	2045740	-2043	2044	466
chr19	4326638	4332694	4327144	6056	4329666	-3028	3028	-2522
chr19	10918066	10925371	10924154	7305	10921718	-3652	3653	2436
chr19	11344733	11347200	11345521	2467	11345966	-1233	1234	-445
chr19	13830005	13832341	13830390	2336	13831173	-1168	1168	-783
chr19	17206080	17212168	17206687	6088	17209124	-3044	3044	-2437
chr19	18164585	18171838	18166271	7253	18168211	-3626	3627	-1940
chr19	18877777	18881443	18878880	3666	18879610	-1833	1833	-730
chr19	18994391	19000544	18995063	6153	18997467	-3076	3077	-2404
chr19	39419128	39424796	39422989	5668	39421962	-2834	2834	1027
chr19	40230147	40236711	40235988	6564	40233429	-3282	3282	2559
chr19	40754459	40761786	40757404	7327	40758122	-3663	3664	-718
chr19	41431666	41438240	41432502	6574	41434953	-3287	3287	-2451
chr19	45620384	45624644	45621576	4260	45622514	-2130	2130	-938
chr19	49657409	49660289	49659618	2880	49658849	-1440	1440	769
chr19	53065563	53068245	53067872	2682	53066904	-1341	1341	968
chr19	48869169	48876602	48874009	7433	48872885	-3716	3717	1124
chr19	49905219	49911811	49908178	6592	49908515	-3296	3296	-337
chr19	14098106	14103356	14102904	5250	14100731	-2625	2625	2173
chr19	615804	622495	618718	6691	619149	-3345	3346	-431
chr19	10551020	10555289	10553952	4269	10553154	-2134	2135	798
chr19	10918066	10925371	10920924	7305	10921718	-3652	3653	-794
chr19	38929925	38932796	38932551	2871	38931360	-1435	1436	1191
chr19	43606633	43612795	43612694	6162	43609714	-3081	3081	2980
chr19	48869169	48876602	48873915	7433	48872885	-3716	3717	1030
chr19	5208663	5213174	5212044	4511	5210918	-2255	2256	1126
chr19	7628501	7631491	7629498	2990	7629996	-1495	1495	-498
chr19	48180679	48184271	48182626	3592	48182475	-1796	1796	151
chr19	7617554	7622592	7617924	5038	7620073	-2519	2519	-2149
chr19	49138497	49141672	49140053	3175	49140084	-1587	1588	-31
chr19	10918066	10925371	10922150	7305	10921718	-3652	3653	432
chr19	35048852	35051711	35049443	2859	35050281	-1429	1430	-838
chr19	899622	905875	900098	6253	902748	-3126	3127	-2650
chr19	4938501	4943625	4941532	5124	4941063	-2562	2562	469
chr19	5913735	5915043	5914415	1308	5914389	-654	654	26
chr19	18447713	18453778	18451562	6065	18450745	-3032	3033	817
chr19	40230147	40236711	40235999	6564	40233429	-3282	3282	2570
chr19	40717506	40718782	40718234	1276	40718144	-638	638	90
chr19	48635470	48640265	48639797	4795	48637867	-2397	2398	1930
chr19	14465242	14472718	14469391	7476	14468980	-3738	3738	411
chr19	48616809	48620173	48617398	3364	48618491	-1682	1682	-1093
chr19	6751414	6755318	6754144	3904	6753366	-1952	1952	778
chr19	50327065	50333750	50328531	6685	50330407	-3342	3343	-1876
chr19	16400653	16406523	16403751	5870	16403588	-2935	2935	163
chr19	8498868	8501639	8499649	2771	8500253	-1385	1386	-604
chr19	10310548	10315662	10310857	5114	10313105	-2557	2557	-2248
chr19	899622	905875	900926	6253	902748	-3126	3127	-1822
chr19	58391089	58397802	58393416	6713	58394445	-3356	3357	-1029
chr19	7617554	7622592	7620319	5038	7620073	-2519	2519	246
chr19	39164983	39170224	39169588	5241	39167603	-2620	2621	1985
chr19	52198684	52203358	52201998	4674	52201021	-2337	2337	977
chr19	5915235	5919250	5917921	4015	5917242	-2007	2008	679
chr19	6751414	6755318	6754077	3904	6753366	-1952	1952	711
chr19	14465242	14472718	14472638	7476	14468980	-3738	3738	3658
chr19	18461870	18468889	18465913	7019	18465379	-3509	3510	534
chr19	35633470	35635869	35633690	2399	35634669	-1199	1200	-979
chr19	35739309	35741282	35739733	1973	35740295	-986	987	-562
chr19	7623093	7628030	7626170	4937	7625561	-2468	2469	609
chr19	49905219	49911811	49909805	6592	49908515	-3296	3296	1290
chr19	36087947	36094961	36094081	7014	36091454	-3507	3507	2627
chr19	38620056	38622830	38620347	2774	38621443	-1387	1387	-1096
chr19	49584646	49592221	49590684	7575	49588433	-3787	3788	2251
chr19	58510229	58517412	58512024	7183	58513820	-3591	3592	-1796
chr19	4815945	4818196	4816997	2251	4817070	-1125	1126	-73
chr19	16685641	16691025	16688291	5384	16688333	-2692	2692	-42
chr19	35019188	35023198	35021560	4010	35021193	-2005	2005	367
chr19	41421092	41425115	41422267	4023	41423103	-2011	2012	-836
chr19	47340678	47344010	47341799	3332	47342344	-1666	1666	-545
chr19	15225066	15228429	15227566	3363	15226747	-1681	1682	819
chr19	38920214	38926156	38922227	5942	38923185	-2971	2971	-958
chr19	43598391	43599909	43598925	1518	43599150	-759	759	-225
chr19	35611438	35615482	35613880	4044	35613460	-2022	2022	420
chr19	39419128	39424796	39423484	5668	39421962	-2834	2834	1522
chr19	54156260	54158793	54156808	2533	54157526	-1266	1267	-718
chr19	49594175	49599158	49596180	4983	49596666	-2491	2492	-486
chr19	51415642	51418083	51416223	2441	51416862	-1220	1221	-639
chr19	55620999	55622720	55621179	1721	55621859	-860	861	-680
chr19	57873270	57875750	57873519	2480	57874510	-1240	1240	-991
chr19	51335445	51341479	51338020	6034	51338462	-3017	3017	-442
chr19	17297697	17303800	17301310	6103	17300748	-3051	3052	562
chr19	47029923	47033753	47032280	3830	47031838	-1915	1915	442
chr19	49445065	49451112	49448044	6047	49448088	-3023	3024	-44
chr19	7517979	7523710	7519625	5731	7520844	-2865	2866	-1219
chr19	39837326	39840825	39840483	3499	39839075	-1749	1750	1408
chr19	42236899	42240524	42239996	3625	42238711	-1812	1813	1285
chr19	40777730	40782088	40780446	4358	40779909	-2179	2179	537
chr19	15403152	15405578	15403550	2426	15404365	-1213	1213	-815
chr19	2827698	2832927	2832429	5229	2830312	-2614	2615	2117
chr19	7617554	7622592	7622398	5038	7620073	-2519	2519	2325
chr19	13916585	13924029	13918974	7444	13920307	-3722	3722	-1333
chr19	13916585	13924029	13920045	7444	13920307	-3722	3722	-262
chr19	18570424	18576330	18575293	5906	18573377	-2953	2953	1916
chr19	39478800	39483840	39480728	5040	39481320	-2520	2520	-592
chr19	40436373	40442438	40441397	6065	40439405	-3032	3033	1992
chr19	45883913	45887300	45884997	3387	45885606	-1693	1694	-609
chr19	18535861	18540930	18539562	5069	18538395	-2534	2535	1167
chr19	35122049	35123546	35122788	1497	35122797	-748	749	-9
chr19	14048628	14054008	14050874	5380	14051318	-2690	2690	-444
chr19	51335445	51341479	51337352	6034	51338462	-3017	3017	-1110
chr19	18780155	18786763	18786554	6608	18783459	-3304	3304	3095
chr19	40238536	40240662	40240010	2126	40239599	-1063	1063	411
chr19	9161005	9162162	9161412	1157	9161583	-578	579	-171
chr19	35550858	35556059	35555676	5201	35553458	-2600	2601	2218
chr19	42295742	42302769	42300008	7027	42299255	-3513	3514	753
chr19	16415509	16419955	16417975	4446	16417732	-2223	2223	243
chr19	36002034	36005196	36003404	3162	36003615	-1581	1581	-211
chr19	10784374	10790177	10786587	5803	10787275	-2901	2902	-688
chr19	40667279	40670977	40669970	3698	40669128	-1849	1849	842
chr19	10134253	10141167	10139784	6914	10137710	-3457	3457	2074
chr19	19021686	19026132	19025781	4446	19023909	-2223	2223	1872
chr19	7150069	7154199	7152885	4130	7152134	-2065	2065	751
chr19	45523576	45524892	45523860	1316	45524234	-658	658	-374
chr19	49353756	49356190	49355329	2434	49354973	-1217	1217	356
chr19	1431053	1435086	1432663	4033	1433069	-2016	2017	-406
chr19	4320626	4325247	4323052	4621	4322936	-2310	2311	116
chr19	13822409	13828088	13823359	5679	13825248	-2839	2840	-1889
chr19	3782459	3786760	3785065	4301	3784609	-2150	2151	456
chr19	4326638	4332694	4327203	6056	4329666	-3028	3028	-2463
chr19	4534259	4538328	4538276	4069	4536293	-2034	2035	1983
chr19	5654894	5660227	5657310	5333	5657560	-2666	2667	-250
chr19	12700715	12704436	12703753	3721	12702575	-1860	1861	1178
chr19	13087312	13092490	13090307	5178	13089901	-2589	2589	406
chr19	14465242	14472718	14467708	7476	14468980	-3738	3738	-1272
chr19	19344453	19351465	19349168	7012	19347959	-3506	3506	1209
chr19	19496717	19504383	19502490	7666	19500550	-3833	3833	1940
chr19	19512235	19515169	19514831	2934	19513702	-1467	1467	1129
chr19	34389546	34394700	34393838	5154	34392123	-2577	2577	1715
chr19	35248183	35255398	35248881	7215	35251790	-3607	3608	-2909
chr19	35544801	35548370	35547162	3569	35546585	-1784	1785	577
chr19	35729599	35737394	35733828	7795	35733496	-3897	3898	332
chr19	39468353	39471640	39470194	3287	39469996	-1643	1644	198
chr19	45696057	45703976	45701889	7919	45700016	-3959	3960	1873
chr19	49009699	49012392	49010037	2693	49011045	-1346	1347	-1008
chr19	49905219	49911811	49908610	6592	49908515	-3296	3296	95
chr19	54189943	54193442	54191750	3499	54191692	-1749	1750	58
chr19	54189943	54193442	54192182	3499	54191692	-1749	1750	490
chr19	57873270	57875750	57873579	2480	57874510	-1240	1240	-931
chr19	8323785	8327107	8324712	3322	8325446	-1661	1661	-734
chr19	19505531	19508450	19506163	2919	19506990	-1459	1460	-827
chr19	7481420	7483880	7482183	2460	7482650	-1230	1230	-467
chr19	15229066	15234917	15231281	5851	15231991	-2925	2926	-710
chr19	6730133	6734723	6732532	4590	6732428	-2295	2295	104
chr19	7612048	7617257	7616599	5209	7614652	-2604	2605	1947
chr19	13830005	13832341	13831164	2336	13831173	-1168	1168	-9
chr19	36021646	36026033	36024566	4387	36023839	-2193	2194	727
chr19	39164983	39170224	39169628	5241	39167603	-2620	2621	2025
chr19	40421477	40424380	40422975	2903	40422928	-1451	1452	47
chr19	49826648	49832566	49832151	5918	49829607	-2959	2959	2544
chr19	54204678	54211684	54206515	7006	54208181	-3503	3503	-1666
chr19	55387460	55391772	55387907	4312	55389616	-2156	2156	-1709
chr20	34740085	34741970	34741586	1885	34741027	-942	943	559
chr20	45889535	45892396	45892270	2861	45890965	-1430	1431	1305
chr20	2656802	2661952	2660721	5150	2659377	-2575	2575	1344
chr20	31947528	31951750	31950375	4222	31949639	-2111	2111	736
chr20	44942607	44944167	44943456	1560	44943387	-780	780	69
chr20	1177792	1183765	1181150	5973	1180778	-2986	2987	372
chr20	49279991	49281669	49280504	1678	49280830	-839	839	-326
chr20	45889535	45892396	45890496	2861	45890965	-1430	1431	-469
chr20	50593881	50601543	50597670	7662	50597712	-3831	3831	-42
chr20	62910434	62911859	62911484	1425	62911146	-712	713	338
chr20	25494557	25498834	25496688	4277	25496695	-2138	2139	-7
chr20	36523651	36527134	36526987	3483	36525392	-1741	1742	1595
chr20	62879132	62881829	62881351	2697	62880480	-1348	1349	871
chr20	36610303	36616802	36612124	6499	36613552	-3249	3250	-1428
chr20	3800364	3804344	3803143	3980	3802354	-1990	1990	789
chr20	2653059	2656391	2654838	3332	2654725	-1666	1666	113
chr20	45839998	45842888	45842030	2890	45841443	-1445	1445	587
chr20	63486787	63492274	63490591	5487	63489530	-2743	2744	1061
chr20	37300571	37302556	37301330	1985	37301563	-992	993	-233
chr20	63528768	63536688	63532602	7920	63532728	-3960	3960	-126
chr20	31947528	31951750	31948814	4222	31949639	-2111	2111	-825
chr20	25273717	25281651	25280402	7934	25277684	-3967	3967	2718
chr20	47644514	47647511	47647093	2997	47646012	-1498	1499	1081
chr20	41351742	41357495	41352116	5753	41354618	-2876	2877	-2502
chr20	2461707	2462832	2462577	1125	2462269	-562	563	308
chr20	2469931	2471220	2470697	1289	2470575	-644	645	122
chr20	17942235	17944880	17942323	2645	17943557	-1322	1323	-1234
chr20	62879132	62881829	62879328	2697	62880480	-1348	1349	-1152
chr20	34983018	34988562	34987807	5544	34985790	-2772	2772	2017
chr20	58987879	58991728	58989884	3849	58989803	-1924	1925	81
chr20	58987879	58991728	58988980	3849	58989803	-1924	1925	-823
chr20	62879132	62881829	62879609	2697	62880480	-1348	1349	-871
chr20	36610303	36616802	36613797	6499	36613552	-3249	3250	245
chr20	3226653	3233563	3233544	6910	3230108	-3455	3455	3436
chr20	62910434	62911859	62911210	1425	62911146	-712	713	64
chr20	3800364	3804344	3802057	3980	3802354	-1990	1990	-297
chr20	25295390	25300271	25296633	4881	25297830	-2440	2441	-1197
chr20	45334849	45337964	45335875	3115	45336406	-1557	1558	-531
chr20	45889535	45892396	45890324	2861	45890965	-1430	1431	-641
chr20	50083768	50089672	50084185	5904	50086720	-2952	2952	-2535
chr20	35500748	35507093	35503388	6345	35503920	-3172	3173	-532
chr20	62135262	62140518	62139832	5256	62137890	-2628	2628	1942
chr20	3034627	3038180	3038101	3553	3036403	-1776	1777	1698
chr20	36785922	36786977	36786528	1055	36786449	-527	528	79
chr20	33678611	33680991	33679824	2380	33679801	-1190	1190	23
chr20	64022198	64026851	64024602	4653	64024524	-2326	2327	78
chr20	34740085	34741970	34740664	1885	34741027	-942	943	-363
chr20	41174403	41177269	41174661	2866	41175836	-1433	1433	-1175
chr20	3226653	3233563	3230253	6910	3230108	-3455	3455	145
chr20	2656802	2661952	2659762	5150	2659377	-2575	2575	385
chr20	35500748	35507093	35503358	6345	35503920	-3172	3173	-562
chr20	37395498	37398279	37397801	2781	37396888	-1390	1391	913
chr20	41404374	41406172	41404715	1798	41405273	-899	899	-558
chr20	32433717	32435562	32434780	1845	32434639	-922	923	141
chr20	32433717	32435562	32435299	1845	32434639	-922	923	660
chr20	62135262	62140518	62139832	5256	62137890	-2628	2628	1942
chr20	49257005	49259811	49257606	2806	49258408	-1403	1403	-802
chr20	33378881	33379863	33379538	982	33379372	-491	491	166
chr20	3794152	3798121	3797696	3969	3796136	-1984	1985	1560
chr20	35500748	35507093	35504848	6345	35503920	-3172	3173	928
chr20	43712299	43717200	43715156	4901	43714749	-2450	2451	407
chr20	62129385	62134009	62130681	4624	62131697	-2312	2312	-1016
chr20	44947983	44949649	44948768	1666	44948816	-833	833	-48
chr20	34994793	35001652	34998512	6859	34998222	-3429	3430	290
chr20	23363218	23366357	23365113	3139	23364787	-1569	1570	326
chr20	62910434	62911859	62911536	1425	62911146	-712	713	390
chr20	44749601	44753635	44750207	4034	44751618	-2017	2017	-1411
chr20	36576427	36580515	36578796	4088	36578471	-2044	2044	325
chr20	45967661	45972592	45972173	4931	45970126	-2465	2466	2047
chr20	32433717	32435562	32433809	1845	32434639	-922	923	-830
chr20	62879132	62881829	62881536	2697	62880480	-1348	1349	1056
chr20	21333364	21335599	21333703	2235	21334481	-1117	1118	-778
chr20	33386804	33389707	33387458	2903	33388255	-1451	1452	-797
chr20	2653059	2656391	2655428	3332	2654725	-1666	1666	703
chr20	33678611	33680991	33680351	2380	33679801	-1190	1190	550
chr20	41164256	41171008	41167850	6752	41167632	-3376	3376	218
chr20	34095799	34097513	34097479	1714	34096656	-857	857	823
chr20	1177792	1183765	1180980	5973	1180778	-2986	2987	202
chr20	41164256	41171008	41165295	6752	41167632	-3376	3376	-2337
chr20	2656802	2661952	2656949	5150	2659377	-2575	2575	-2428
chr20	33378881	33379863	33379599	982	33379372	-491	491	227
chr20	34740085	34741970	34741322	1885	34741027	-942	943	295
chr20	35500748	35507093	35504846	6345	35503920	-3172	3173	926
chr20	63528768	63536688	63530803	7920	63532728	-3960	3960	-1925
chr20	56625887	56633678	56629314	7791	56629782	-3895	3896	-468
chr20	25221567	25224660	25224121	3093	25223113	-1546	1547	1008
chr20	3868546	3873751	3871334	5205	3871148	-2602	2603	186
chr20	34279578	34282472	34281053	2894	34281025	-1447	1447	28
chr20	36785922	36786977	36786633	1055	36786449	-527	528	184
chr20	62910434	62911859	62910916	1425	62911146	-712	713	-230
chr20	62910434	62911859	62911130	1425	62911146	-712	713	-16
chr20	41404374	41406172	41404730	1798	41405273	-899	899	-543
chr20	3800364	3804344	3801370	3980	3802354	-1990	1990	-984
chr20	2461707	2462832	2461875	1125	2462269	-562	563	-394
chr20	17942235	17944880	17943366	2645	17943557	-1322	1323	-191
chr20	23631163	23635137	23633941	3974	23633150	-1987	1987	791
chr20	2656802	2661952	2659706	5150	2659377	-2575	2575	329
chr20	48689823	48693265	48692678	3442	48691544	-1721	1721	1134
chr20	35500748	35507093	35504546	6345	35503920	-3172	3173	626
chr20	32433717	32435562	32434736	1845	32434639	-922	923	97
chr20	34928650	34929919	34929563	1269	34929284	-634	635	279
chr20	34989282	34991375	34989774	2093	34990328	-1046	1047	-554
chr20	3226653	3233563	3229345	6910	3230108	-3455	3455	-763
chr20	63888199	63889758	63889200	1559	63888978	-779	780	222
chr20	36523651	36527134	36526015	3483	36525392	-1741	1742	623
chr20	62129385	62134009	62131362	4624	62131697	-2312	2312	-335
chr20	62879132	62881829	62881384	2697	62880480	-1348	1349	904
chr20	62879132	62881829	62881440	2697	62880480	-1348	1349	960
chr20	62201132	62202998	62201132	1866	62202065	-933	933	-933
chr20	63699077	63702589	63701263	3512	63700833	-1756	1756	430
chr20	3868546	3873751	3871202	5205	3871148	-2602	2603	54
chr20	44909638	44912125	44910291	2487	44910881	-1243	1244	-590
chr20	62135262	62140518	62139097	5256	62137890	-2628	2628	1207
chr20	3226653	3233563	3228289	6910	3230108	-3455	3455	-1819
chr20	34075347	34076378	34075902	1031	34075862	-515	516	40
chr20	58987879	58991728	58989495	3849	58989803	-1924	1925	-308
chr20	41414131	41416300	41415312	2169	41415215	-1084	1085	97
chr20	3804517	3808255	3804852	3738	3806386	-1869	1869	-1534
chr20	2656802	2661952	2657673	5150	2659377	-2575	2575	-1704
chr20	31553475	31561251	31554829	7776	31557363	-3888	3888	-2534
chr20	34740085	34741970	34740872	1885	34741027	-942	943	-155
chr20	44749601	44753635	44750316	4034	44751618	-2017	2017	-1302
chr20	46062420	46063917	46062681	1497	46063168	-748	749	-487
chr20	45967661	45972592	45968349	4931	45970126	-2465	2466	-1777
chr20	58709689	58716657	58713399	6968	58713173	-3484	3484	226
chr20	58709689	58716657	58713401	6968	58713173	-3484	3484	228
chr20	58709689	58716657	58715093	6968	58713173	-3484	3484	1920
chr20	58709689	58716657	58715422	6968	58713173	-3484	3484	2249
chr20	37401185	37408788	37403753	7603	37404986	-3801	3802	-1233
chr20	49245718	49248306	49246386	2588	49247012	-1294	1294	-626
chr20	33678611	33680991	33679834	2380	33679801	-1190	1190	33
chr20	37401185	37408788	37402438	7603	37404986	-3801	3802	-2548
chr20	49003792	49008181	49005145	4389	49005986	-2194	2195	-841
chr20	58996020	59003350	58996709	7330	58999685	-3665	3665	-2976
chr20	36793491	36797792	36793838	4301	36795641	-2150	2151	-1803
chr20	49245718	49248306	49246386	2588	49247012	-1294	1294	-626
chr20	62754400	62757009	62754696	2609	62755704	-1304	1305	-1008
chr20	62844049	62849411	62845983	5362	62846730	-2681	2681	-747
chr20	25273717	25281651	25276759	7934	25277684	-3967	3967	-925
chr20	36801246	36807633	36803042	6387	36804439	-3193	3194	-1397
chr20	49112832	49115688	49114785	2856	49114260	-1428	1428	525
chr20	58700757	58702169	58701145	1412	58701463	-706	706	-318
chr20	3747965	3755152	3752766	7187	3751558	-3593	3594	1208
chr20	36523651	36527134	36524255	3483	36525392	-1741	1742	-1137
chr20	41164256	41171008	41165039	6752	41167632	-3376	3376	-2593
chr20	62129385	62134009	62133379	4624	62131697	-2312	2312	1682
chr20	34989282	34991375	34989921	2093	34990328	-1046	1047	-407
chr20	62285600	62289358	62289306	3758	62287479	-1879	1879	1827
chr20	35302747	35304316	35303993	1569	35303531	-784	785	462
chr20	45799117	45802702	45801131	3585	45800909	-1792	1793	222
chr20	45839998	45842888	45841874	2890	45841443	-1445	1445	431
chr20	32433717	32435562	32433732	1845	32434639	-922	923	-907
chr20	49236934	49239883	49239252	2949	49238408	-1474	1475	844
chr20	56625887	56633678	56633420	7791	56629782	-3895	3896	3638
chr20	3226653	3233563	3231513	6910	3230108	-3455	3455	1405
chr20	57361633	57368366	57365437	6733	57364999	-3366	3367	438
chr20	53570560	53573523	53571720	2963	53572041	-1481	1482	-321
chr20	32139860	32143911	32141871	4051	32141885	-2025	2026	-14
chr20	35004299	35005994	35005746	1695	35005146	-847	848	600
chr20	50564917	50570846	50565069	5929	50567881	-2964	2965	-2812
chr20	62796206	62799344	62798644	3138	62797775	-1569	1569	869
chr20	24953478	24959328	24957316	5850	24956403	-2925	2925	913
chr20	44754068	44757822	44757724	3754	44755945	-1877	1877	1779
chr20	34983018	34988562	34987878	5544	34985790	-2772	2772	2088
chr20	45839998	45842888	45840380	2890	45841443	-1445	1445	-1063
chr20	3226653	3233563	3230961	6910	3230108	-3455	3455	853
chr20	62879132	62881829	62880547	2697	62880480	-1348	1349	67
chr20	58709689	58716657	58713884	6968	58713173	-3484	3484	711
chr20	33640801	33645733	33645075	4932	33643267	-2466	2466	1808
chr20	49860781	49863290	49863041	2509	49862035	-1254	1255	1006
chr20	32802798	32807274	32805346	4476	32805036	-2238	2238	310
chr20	32365169	32368220	32366450	3051	32366694	-1525	1526	-244
chr20	32433717	32435562	32435421	1845	32434639	-922	923	782
chr20	2656802	2661952	2656874	5150	2659377	-2575	2575	-2503
chr20	62153907	62160556	62158695	6649	62157231	-3324	3325	1464
chr20	436328	438298	436848	1970	437313	-985	985	-465
chr20	1177792	1183765	1181422	5973	1180778	-2986	2987	644
chr20	2656802	2661952	2657204	5150	2659377	-2575	2575	-2173
chr20	3034627	3038180	3035807	3553	3036403	-1776	1777	-596
chr20	3747965	3755152	3750874	7187	3751558	-3593	3594	-684
chr20	4698859	4700616	4699925	1757	4699737	-878	879	188
chr20	18162703	18164925	18162730	2222	18163814	-1111	1111	-1084
chr20	34740085	34741970	34740833	1885	34741027	-942	943	-194
chr20	34994793	35001652	34996724	6859	34998222	-3429	3430	-1498
chr20	34994793	35001652	34999387	6859	34998222	-3429	3430	1165
chr20	35500748	35507093	35502672	6345	35503920	-3172	3173	-1248
chr20	35617855	35621541	35618922	3686	35619698	-1843	1843	-776
chr20	35617855	35621541	35619709	3686	35619698	-1843	1843	11
chr20	36523651	36527134	36525884	3483	36525392	-1741	1742	492
chr20	36793491	36797792	36793885	4301	36795641	-2150	2151	-1756
chr20	37395498	37398279	37396259	2781	37396888	-1390	1391	-629
chr20	41164256	41171008	41170169	6752	41167632	-3376	3376	2537
chr20	41171094	41174074	41172243	2980	41172584	-1490	1490	-341
chr20	45799117	45802702	45802005	3585	45800909	-1792	1793	1096
chr20	45799117	45802702	45802006	3585	45800909	-1792	1793	1097
chr20	45889535	45892396	45890700	2861	45890965	-1430	1431	-265
chr20	47644514	47647511	47647230	2997	47646012	-1498	1499	1218
chr20	56388088	56389568	56388187	1480	56388828	-740	740	-641
chr20	58709689	58716657	58714776	6968	58713173	-3484	3484	1603
chr20	62754400	62757009	62754814	2609	62755704	-1304	1305	-890
chr20	62910434	62911859	62910829	1425	62911146	-712	713	-317
chr20	63556636	63561704	63561651	5068	63559170	-2534	2534	2481
chr20	35712927	35716403	35714286	3476	35714665	-1738	1738	-379
chr20	41174403	41177269	41174519	2866	41175836	-1433	1433	-1317
chr20	41404374	41406172	41405181	1798	41405273	-899	899	-92
chr20	45811476	45813729	45813357	2253	45812602	-1126	1127	755
chr20	386397	390411	388106	4014	388404	-2007	2007	-298
chr20	63556636	63561704	63560920	5068	63559170	-2534	2534	1750
chr20	41164256	41171008	41166784	6752	41167632	-3376	3376	-848
chr20	59022448	59023383	59022919	935	59022915	-467	468	4
chr20	1451364	1453583	1453089	2219	1452473	-1109	1110	616
chr20	2656802	2661952	2658518	5150	2659377	-2575	2575	-859
chr20	3199322	3204132	3200021	4810	3201727	-2405	2405	-1706
chr20	33640801	33645733	33644605	4932	33643267	-2466	2466	1338
chr20	36523651	36527134	36525869	3483	36525392	-1741	1742	477
chr20	36523651	36527134	36527049	3483	36525392	-1741	1742	1657
chr20	36610303	36616802	36612122	6499	36613552	-3249	3250	-1430
chr20	36610303	36616802	36615269	6499	36613552	-3249	3250	1717
chr20	36793491	36797792	36794300	4301	36795641	-2150	2151	-1341
chr20	43686591	43688793	43686936	2202	43687692	-1101	1101	-756
chr20	44749601	44753635	44750316	4034	44751618	-2017	2017	-1302
chr20	57373108	57374242	57373695	1134	57373675	-567	567	20
chr20	21333364	21335599	21333781	2235	21334481	-1117	1118	-700
chr20	34740085	34741970	34741196	1885	34741027	-942	943	169
chr20	35617855	35621541	35620708	3686	35619698	-1843	1843	1010
chr20	63556636	63561704	63560476	5068	63559170	-2534	2534	1306
chr20	17656996	17660035	17660005	3039	17658515	-1519	1520	1490
chr20	41414131	41416300	41415306	2169	41415215	-1084	1085	91
chr20	5944833	5947332	5944858	2499	5946082	-1249	1250	-1224
chr20	62910434	62911859	62911198	1425	62911146	-712	713	52
chr20	62285600	62289358	62286692	3758	62287479	-1879	1879	-787
chr20	32445561	32451724	32447506	6163	32448642	-3081	3082	-1136
chr20	34740085	34741970	34740888	1885	34741027	-942	943	-139
chr20	436328	438298	437704	1970	437313	-985	985	391
chr20	63528768	63536688	63532616	7920	63532728	-3960	3960	-112
chr20	35500748	35507093	35503634	6345	35503920	-3172	3173	-286
chr20	36801246	36807633	36803001	6387	36804439	-3193	3194	-1438
chr20	34983018	34988562	34987635	5544	34985790	-2772	2772	1845
chr20	43462996	43464608	43463598	1612	43463802	-806	806	-204
chr20	46062420	46063917	46063475	1497	46063168	-748	749	307
chr20	41171094	41174074	41173498	2980	41172584	-1490	1490	914
chr20	44749601	44753635	44750579	4034	44751618	-2017	2017	-1039
chr20	34994793	35001652	34998351	6859	34998222	-3429	3430	129
chr20	25221567	25224660	25222772	3093	25223113	-1546	1547	-341
chr20	45334849	45337964	45335800	3115	45336406	-1557	1558	-606
chr20	62390745	62394708	62394163	3963	62392726	-1981	1982	1437
chr20	35500748	35507093	35504818	6345	35503920	-3172	3173	898
chr20	2653059	2656391	2655478	3332	2654725	-1666	1666	753
chr20	3034627	3038180	3035803	3553	3036403	-1776	1777	-600
chr20	56625887	56633678	56631313	7791	56629782	-3895	3896	1531
chr20	49245718	49248306	49247321	2588	49247012	-1294	1294	309
chr20	34740085	34741970	34740732	1885	34741027	-942	943	-295
chr20	41164256	41171008	41169524	6752	41167632	-3376	3376	1892
chr20	49245718	49248306	49247576	2588	49247012	-1294	1294	564
chr20	34994793	35001652	34996416	6859	34998222	-3429	3430	-1806
chr20	5944833	5947332	5944868	2499	5946082	-1249	1250	-1214
chr20	62910434	62911859	62911248	1425	62911146	-712	713	102
chr20	41164256	41171008	41170235	6752	41167632	-3376	3376	2603
chr20	41359978	41362061	41360560	2083	41361019	-1041	1042	-459
chr20	32433717	32435562	32434850	1845	32434639	-922	923	211
chr20	58709689	58716657	58713805	6968	58713173	-3484	3484	632
chr20	32433717	32435562	32434887	1845	32434639	-922	923	248
chr20	34983018	34988562	34987808	5544	34985790	-2772	2772	2018
chr20	6040279	6043804	6041018	3525	6042041	-1762	1763	-1023
chr20	34282747	34285796	34285439	3049	34284271	-1524	1525	1168
chr20	1177792	1183765	1181190	5973	1180778	-2986	2987	412
chr20	41404374	41406172	41405154	1798	41405273	-899	899	-119
chr20	2653059	2656391	2655415	3332	2654725	-1666	1666	690
chr20	34928650	34929919	34928809	1269	34929284	-634	635	-475
chr20	49881620	49886484	49883960	4864	49884052	-2432	2432	-92
chr20	34994793	35001652	34998804	6859	34998222	-3429	3430	582
chr20	45799117	45802702	45801138	3585	45800909	-1792	1793	229
chr20	48689823	48693265	48692699	3442	48691544	-1721	1721	1155
chr20	5944833	5947332	5946474	2499	5946082	-1249	1250	392
chr20	38941925	38944247	38942035	2322	38943086	-1161	1161	-1051
chr21	33549515	33554404	33549984	4889	33551959	-2444	2445	-1975
chr21	46363557	46369104	46366825	5547	46366330	-2773	2774	495
chr21	25734448	25736244	25734946	1796	25735346	-898	898	-400
chr21	42858137	42863474	42859686	5337	42860805	-2668	2669	-1119
chr21	46363557	46369104	46363727	5547	46366330	-2773	2774	-2603
chr21	42878267	42879785	42879550	1518	42879026	-759	759	524
chr21	9068604	9076535	9069350	7931	9072569	-3965	3966	-3219
chr21	36936031	36937778	36936742	1747	36936904	-873	874	-162
chr21	39348054	39351227	39348316	3173	39349640	-1586	1587	-1324
chr21	36132795	36139296	36132907	6501	36136045	-3250	3251	-3138
chr21	36936031	36937778	36936610	1747	36936904	-873	874	-294
chr21	9068604	9076535	9068835	7931	9072569	-3965	3966	-3734
chr21	46248026	46250684	46249974	2658	46249355	-1329	1329	619
chr21	44335253	44340430	44335709	5177	44337841	-2588	2589	-2132
chr21	33549515	33554404	33550239	4889	33551959	-2444	2445	-1720
chr21	9068604	9076535	9069461	7931	9072569	-3965	3966	-3108
chr21	44061679	44064551	44063762	2872	44063115	-1436	1436	647
chr21	33549515	33554404	33550400	4889	33551959	-2444	2445	-1559
chr21	46243958	46247902	46245085	3944	46245930	-1972	1972	-845
chr21	37223515	37228600	37227671	5085	37226057	-2542	2543	1614
chr21	46313850	46318829	46318235	4979	46316339	-2489	2490	1896
chr21	33549515	33554404	33553124	4889	33551959	-2444	2445	1165
chr21	32353459	32357451	32353955	3992	32355455	-1996	1996	-1500
chr21	36034874	36036603	36035829	1729	36035738	-864	865	91
chr21	44086672	44090349	44089900	3677	44088510	-1838	1839	1390
chr21	42858137	42863474	42862344	5337	42860805	-2668	2669	1539
chr21	39348054	39351227	39348565	3173	39349640	-1586	1587	-1075
chr21	42907809	42911881	42908996	4072	42909845	-2036	2036	-849
chr21	33549515	33554404	33554358	4889	33551959	-2444	2445	2399
chr21	44955234	44960932	44960119	5698	44958083	-2849	2849	2036
chr21	42850006	42853700	42850109	3694	42851853	-1847	1847	-1744
chr21	44083969	44086404	44084130	2435	44085186	-1217	1218	-1056
chr21	37223515	37228600	37227744	5085	37226057	-2542	2543	1687
chr21	31671339	31673651	31671678	2312	31672495	-1156	1156	-817
chr21	46363557	46369104	46363804	5547	46366330	-2773	2774	-2526
chr21	33549515	33554404	33551414	4889	33551959	-2444	2445	-545
chr21	37237614	37240211	37238601	2597	37238912	-1298	1299	-311
chr21	42907809	42911881	42909048	4072	42909845	-2036	2036	-797
chr21	46215720	46219321	46215746	3601	46217520	-1800	1801	-1774
chr21	46243958	46247902	46245054	3944	46245930	-1972	1972	-876
chr21	46313850	46318829	46315532	4979	46316339	-2489	2490	-807
chr21	44104748	44109553	44109004	4805	44107150	-2402	2403	1854
chr21	43975513	43982304	43980990	6791	43978908	-3395	3396	2082
chr21	32323559	32325960	32324565	2401	32324759	-1200	1201	-194
chr21	46363557	46369104	46367078	5547	46366330	-2773	2774	748
chr21	25734448	25736244	25734946	1796	25735346	-898	898	-400
chr21	45071315	45075785	45072116	4470	45073550	-2235	2235	-1434
chr21	46313850	46318829	46318065	4979	46316339	-2489	2490	1726
chr21	44058069	44060358	44059187	2289	44059213	-1144	1145	-26
chr21	46235079	46236112	46235257	1033	46235595	-516	517	-338
chr21	43735445	43740320	43737259	4875	43737882	-2437	2438	-623
chr21	28931683	28935068	28932497	3385	28933375	-1692	1693	-878
chr21	41817876	41822569	41819605	4693	41820222	-2346	2347	-617
chr21	33549515	33554404	33551499	4889	33551959	-2444	2445	-460
chr21	36750974	36754873	36754297	3899	36752923	-1949	1950	1374
chr21	33549515	33554404	33553356	4889	33551959	-2444	2445	1397
chr21	32378335	32380051	32378516	1716	32379193	-858	858	-677
chr21	43975513	43982304	43981109	6791	43978908	-3395	3396	2201
chr21	33549515	33554404	33549727	4889	33551959	-2444	2445	-2232
chr21	33549515	33554404	33552685	4889	33551959	-2444	2445	726
chr22	29788196	29794590	29793419	6394	29791393	-3197	3197	2026
chr22	41677114	41680629	41680343	3515	41678871	-1757	1758	1472
chr22	24570695	24573395	24572025	2700	24572045	-1350	1350	-20
chr22	30367211	30374831	30372220	7620	30371021	-3810	3810	1199
chr22	42126524	42131497	42130876	4973	42129010	-2486	2487	1866
chr22	46350043	46354381	46350367	4338	46352212	-2169	2169	-1845
chr22	20700715	20704780	20701648	4065	20702747	-2032	2033	-1099
chr22	20992893	20999723	20994270	6830	20996308	-3415	3415	-2038
chr22	20992893	20999723	20997014	6830	20996308	-3415	3415	706
chr22	36298615	36301199	36298930	2584	36299907	-1292	1292	-977
chr22	23970927	23972350	23971416	1423	23971638	-711	712	-222
chr22	30017688	30020727	30019733	3039	30019207	-1519	1520	526
chr22	30340098	30343959	30340342	3861	30342028	-1930	1931	-1686
chr22	30379231	30380691	30379725	1460	30379961	-730	730	-236
chr22	31096421	31100962	31097287	4541	31098691	-2270	2271	-1404
chr22	38297157	38300368	38298876	3211	38298762	-1605	1606	114
chr22	46360566	46368275	46367007	7709	46364420	-3854	3855	2587
chr22	20444246	20447450	20446455	3204	20445848	-1602	1602	607
chr22	28795417	28801882	28796204	6465	28798649	-3232	3233	-2445
chr22	30017688	30020727	30019829	3039	30019207	-1519	1520	622
chr22	49883756	49886773	49885832	3017	49885264	-1508	1509	568
chr22	37567178	37570836	37568199	3658	37569007	-1829	1829	-808
chr22	38505281	38506467	38506316	1186	38505874	-593	593	442
chr22	49883756	49886773	49884939	3017	49885264	-1508	1509	-325
chr22	19846599	19851512	19851385	4913	19849055	-2456	2457	2330
chr22	38482931	38488428	38488198	5497	38485679	-2748	2749	2519
chr22	19439508	19445096	19441679	5588	19442302	-2794	2794	-623
chr22	38864208	38866296	38864430	2088	38865252	-1044	1044	-822
chr22	39512871	39516212	39514093	3341	39514541	-1670	1671	-448
chr22	26491124	26496444	26494871	5320	26493784	-2660	2660	1087
chr22	29788196	29794590	29788897	6394	29791393	-3197	3197	-2496
chr22	46288794	46291080	46289832	2286	46289937	-1143	1143	-105
chr22	20110954	20116675	20112743	5721	20113814	-2860	2861	-1071
chr22	41179642	41181558	41180060	1916	41180600	-958	958	-540
chr22	31343776	31345752	31344719	1976	31344764	-988	988	-45
chr22	46387347	46389711	46389293	2364	46388529	-1182	1182	764
chr22	19175211	19179498	19176616	4287	19177354	-2143	2144	-738
chr22	19175211	19179498	19177169	4287	19177354	-2143	2144	-185
chr22	31710388	31713889	31713114	3501	31712138	-1750	1751	976
chr22	41170356	41172307	41170471	1951	41171331	-975	976	-860
chr22	46360566	46368275	46365375	7709	46364420	-3854	3855	955
chr22	19969017	19974376	19973263	5359	19971696	-2679	2680	1567
chr22	29544211	29546097	29544577	1886	29545154	-943	943	-577
chr22	29728965	29733752	29729166	4787	29731358	-2393	2394	-2192
chr22	37564540	37567023	37566737	2483	37565781	-1241	1242	956
chr22	37828977	37833385	37833165	4408	37831181	-2204	2204	1984
chr22	38479626	38481075	38479749	1449	38480350	-724	725	-601
chr22	30335908	30339256	30337845	3348	30337582	-1674	1674	263
chr22	31102839	31106231	31104444	3392	31104535	-1696	1696	-91
chr22	41172967	41178821	41177565	5854	41175894	-2927	2927	1671
chr22	41356989	41358624	41357315	1635	41357806	-817	818	-491
chr22	50273833	50279279	50277944	5446	50276556	-2723	2723	1388
chr22	31260646	31267834	31262208	7188	31264240	-3594	3594	-2032
chr22	37181980	37185787	37182026	3807	37183883	-1903	1904	-1857
chr22	31086588	31088896	31088734	2308	31087742	-1154	1154	992
chr22	37771165	37773861	37773811	2696	37772513	-1348	1348	1298
chr22	42126524	42131497	42130872	4973	42129010	-2486	2487	1862
chr22	19513576	19519370	19518888	5794	19516473	-2897	2897	2415
chr22	40414832	40419691	40418947	4859	40417261	-2429	2430	1686
chr22	19513576	19519370	19516884	5794	19516473	-2897	2897	411
chr22	30572854	30580639	30579205	7785	30576746	-3892	3893	2459
chr22	42212066	42215405	42214875	3339	42213735	-1669	1670	1140
chr22	45181939	45185259	45183562	3320	45183599	-1660	1660	-37
chr22	30572854	30580639	30579895	7785	30576746	-3892	3893	3149
chr22	23257194	23263512	23260947	6318	23260353	-3159	3159	594
chr22	40403496	40410187	40404413	6691	40406841	-3345	3346	-2428
chr22	28795417	28801882	28796984	6465	28798649	-3232	3233	-1665
chr22	29047827	29052014	29049684	4187	29049920	-2093	2094	-236
chr22	40403496	40410187	40406531	6691	40406841	-3345	3346	-310
chr22	30335908	30339256	30337787	3348	30337582	-1674	1674	205
chr22	42688983	42696216	42693310	7233	42692599	-3616	3617	711
chr22	44493100	44499045	44497283	5945	44496072	-2972	2973	1211
chr22	50273833	50279279	50278937	5446	50276556	-2723	2723	2381
chr22	19064577	19069079	19064888	4502	19066828	-2251	2251	-1940
chr22	23636930	23641610	23638801	4680	23639270	-2340	2340	-469
chr22	30367211	30374831	30370719	7620	30371021	-3810	3810	-302
chr22	36310825	36313698	36312212	2873	36312261	-1436	1437	-49
chr22	31682082	31685720	31685618	3638	31683901	-1819	1819	1717
chr22	38730955	38734351	38732361	3396	38732653	-1698	1698	-292
chr22	41662188	41664824	41663700	2636	41663506	-1318	1318	194
chr22	31714649	31716397	31715748	1748	31715523	-874	874	225
chr22	17589640	17592496	17590159	2856	17591068	-1428	1428	-909
chr22	36348107	36352241	36348963	4134	36350174	-2067	2067	-1211
chr22	29546134	29550558	29549123	4424	29548346	-2212	2212	777
chr22	49797539	49801470	49799000	3931	49799504	-1965	1966	-504
chr22	42126524	42131497	42130617	4973	42129010	-2486	2487	1607
chr22	19455012	19456948	19456584	1936	19455980	-968	968	604
chr22	20954096	20959285	20957451	5189	20956690	-2594	2595	761
chr22	41209482	41214997	41209689	5515	41212239	-2757	2758	-2550
chr22	17589640	17592496	17590214	2856	17591068	-1428	1428	-854
chr22	36298615	36301199	36298988	2584	36299907	-1292	1292	-919
chr22	43132229	43133366	43133351	1137	43132797	-568	569	554
chr22	20700715	20704780	20702243	4065	20702747	-2032	2033	-504
chr22	21697557	21699969	21699739	2412	21698763	-1206	1206	976
chr22	26491124	26496444	26496101	5320	26493784	-2660	2660	2317
chr22	15827023	15828804	15827052	1781	15827913	-890	891	-861
chr22	41172967	41178821	41177239	5854	41175894	-2927	2927	1345
chr22	38240517	38246908	38246084	6391	38243712	-3195	3196	2372
chr22	17817129	17821993	17817775	4864	17819561	-2432	2432	-1786
chr22	29788196	29794590	29793381	6394	29791393	-3197	3197	1988
chr22	23881272	23886100	23884346	4828	23883686	-2414	2414	660
chr22	50273833	50279279	50278967	5446	50276556	-2723	2723	2411
chr22	31469413	31473475	31471888	4062	31471444	-2031	2031	444
chr22	38297157	38300368	38298850	3211	38298762	-1605	1606	88
chr22	30924269	30929059	30926742	4790	30926664	-2395	2395	78
chr22	37636094	37642545	37641418	6451	37639319	-3225	3226	2099
chr22	31441262	31444646	31443061	3384	31442954	-1692	1692	107
chr22	37733736	37741299	37735368	7563	37737517	-3781	3782	-2149
chr22	49924097	49926346	49925512	2249	49925221	-1124	1125	291
chr22	19969017	19974376	19973007	5359	19971696	-2679	2680	1311
chr22	41329257	41333093	41330061	3836	41331175	-1918	1918	-1114
chr22	41892178	41897025	41894839	4847	41894601	-2423	2424	238
chr22	19818374	19825986	19821371	7612	19822180	-3806	3806	-809
chr22	41433623	41436190	41435759	2567	41434906	-1283	1284	853
chr22	42126524	42131497	42128248	4973	42129010	-2486	2487	-762
chr22	49883756	49886773	49885575	3017	49885264	-1508	1509	311
chr22	29527856	29528928	29528423	1072	29528392	-536	536	31
chr22	20103351	20110656	20110177	7305	20107003	-3652	3653	3174
chr22	41571580	41576073	41571916	4493	41573826	-2246	2247	-1910
chr22	43132229	43133366	43133277	1137	43132797	-568	569	480
chr22	50192943	50200183	50194432	7240	50196563	-3620	3620	-2131
chr22	43165775	43168410	43168152	2635	43167092	-1317	1318	1060
chr22	45325380	45329235	45328077	3855	45327307	-1927	1928	770
chr22	23831640	23837325	23836882	5685	23834482	-2842	2843	2400
chr22	42612418	42618818	42614826	6400	42615618	-3200	3200	-792
chr22	21919338	21925272	21923433	5934	21922305	-2967	2967	1128
chr22	38714740	38717581	38716967	2841	38716160	-1420	1421	807
chr22	49883756	49886773	49885438	3017	49885264	-1508	1509	174
chr22	42212066	42215405	42212675	3339	42213735	-1669	1670	-1060
chr22	22322622	22323994	22322901	1372	22323308	-686	686	-407
chr22	29816953	29822670	29822384	5717	29819811	-2858	2859	2573
chr22	30367211	30374831	30371696	7620	30371021	-3810	3810	675
chr22	37805555	37807009	37806560	1454	37806282	-727	727	278
chr22	44493100	44499045	44497013	5945	44496072	-2972	2973	941
chr22	37567178	37570836	37570358	3658	37569007	-1829	1829	1351
chr22	46323218	46327768	46323253	4550	46325493	-2275	2275	-2240
chr22	31714649	31716397	31715834	1748	31715523	-874	874	311
chr22	50192943	50200183	50194420	7240	50196563	-3620	3620	-2143
chr22	17817129	17821993	17818905	4864	17819561	-2432	2432	-656
chr22	21663311	21670175	21666079	6864	21666743	-3432	3432	-664
chr22	45181939	45185259	45183486	3320	45183599	-1660	1660	-113
chr22	42212066	42215405	42213204	3339	42213735	-1669	1670	-531
chr22	36298615	36301199	36300860	2584	36299907	-1292	1292	953
chr22	50205280	50211365	50208520	6085	50208322	-3042	3043	198
chr22	20992893	20999723	20993967	6830	20996308	-3415	3415	-2341
chr22	37564540	37567023	37566789	2483	37565781	-1241	1242	1008
chr22	38240517	38246908	38246035	6391	38243712	-3195	3196	2323
chr22	19504691	19508011	19507501	3320	19506351	-1660	1660	1150
chr22	41172967	41178821	41178812	5854	41175894	-2927	2927	2918
chr22	42126524	42131497	42129160	4973	42129010	-2486	2487	150
chr22	36310825	36313698	36312059	2873	36312261	-1436	1437	-202
chr22	17142879	17149005	17143106	6126	17145942	-3063	3063	-2836
chr22	31324160	31331026	31327054	6866	31327593	-3433	3433	-539
chr22	38482931	38488428	38485957	5497	38485679	-2748	2749	278
chr22	38687010	38693119	38689000	6109	38690064	-3054	3055	-1064
chr22	20999779	21004157	21000143	4378	21001968	-2189	2189	-1825
chr22	17817129	17821993	17818990	4864	17819561	-2432	2432	-571
chr22	25038059	25040280	25040108	2221	25039169	-1110	1111	939
chr22	29262656	29270060	29265476	7404	29266358	-3702	3702	-882
chr22	46337972	46344622	46343347	6650	46341297	-3325	3325	2050
chr22	46350043	46354381	46350304	4338	46352212	-2169	2169	-1908
chr22	46360566	46368275	46362618	7709	46364420	-3854	3855	-1802
chr22	46360566	46368275	46363036	7709	46364420	-3854	3855	-1384
chr22	46360566	46368275	46364671	7709	46364420	-3854	3855	251
chr22	41170356	41172307	41170503	1951	41171331	-975	976	-828
chr22	29801788	29809167	29802157	7379	29805477	-3689	3690	-3320
chr22	37733736	37741299	37734734	7563	37737517	-3781	3782	-2783
chr22	39519109	39522635	39521505	3526	39520872	-1763	1763	633
chr22	29047827	29052014	29049651	4187	29049920	-2093	2094	-269
chr22	42212066	42215405	42213190	3339	42213735	-1669	1670	-545
chr22	50205280	50211365	50210776	6085	50208322	-3042	3043	2454
chr22	21960669	21965527	21965313	4858	21963098	-2429	2429	2215
chr22	36310825	36313698	36312189	2873	36312261	-1436	1437	-72
chr22	38482931	38488428	38486168	5497	38485679	-2748	2749	489
chr22	44493100	44499045	44497014	5945	44496072	-2972	2973	942
chr22	17107419	17115172	17109857	7753	17111295	-3876	3877	-1438
chr22	20999779	21004157	21000418	4378	21001968	-2189	2189	-1550
chr22	31096421	31100962	31098766	4541	31098691	-2270	2271	75
chr22	41693528	41697532	41696772	4004	41695530	-2002	2002	1242
chr22	49883756	49886773	49883906	3017	49885264	-1508	1509	-1358
chr22	49883756	49886773	49884007	3017	49885264	-1508	1509	-1257
chr22	49905266	49912389	49910514	7123	49908827	-3561	3562	1687
chr22	42168199	42170157	42168670	1958	42169178	-979	979	-508
chr22	25038059	25040280	25039248	2221	25039169	-1110	1111	79
chr22	46360566	46368275	46363148	7709	46364420	-3854	3855	-1272
chr22	49905266	49912389	49907932	7123	49908827	-3561	3562	-895
chr22	29047827	29052014	29050615	4187	29049920	-2093	2094	695
chr22	50192943	50200183	50197324	7240	50196563	-3620	3620	761
chr22	17789448	17791865	17791406	2417	17790656	-1208	1209	750
chr22	20999779	21004157	20999978	4378	21001968	-2189	2189	-1990
chr22	36298615	36301199	36300953	2584	36299907	-1292	1292	1046
chr22	46244622	46246109	46244971	1487	46245365	-743	744	-394
chr22	38714740	38717581	38715926	2841	38716160	-1420	1421	-234
chr22	30379231	30380691	30379562	1460	30379961	-730	730	-399
chr22	24298872	24302787	24302340	3915	24300829	-1957	1958	1511
chr22	42212066	42215405	42213480	3339	42213735	-1669	1670	-255
chr22	29296658	29298966	29298802	2308	29297812	-1154	1154	990
chr22	41209482	41214997	41209846	5515	41212239	-2757	2758	-2393
chr22	21702996	21707109	21703970	4113	21705052	-2056	2057	-1082
chr22	46244622	46246109	46245096	1487	46245365	-743	744	-269
chr22	21960669	21965527	21963929	4858	21963098	-2429	2429	831
chr22	31441262	31444646	31444642	3384	31442954	-1692	1692	1688
chr22	42593122	42596345	42596315	3223	42594733	-1611	1612	1582
chr22	38069770	38071908	38071723	2138	38070839	-1069	1069	884
chr22	19876955	19878993	19878391	2038	19877974	-1019	1019	417
chr22	21685669	21689610	21687667	3941	21687639	-1970	1971	28
chr22	20110954	20116675	20114621	5721	20113814	-2860	2861	807
chr22	17817129	17821993	17818757	4864	17819561	-2432	2432	-804
chr22	42126524	42131497	42127568	4973	42129010	-2486	2487	-1442
chr22	19132341	19134142	19132460	1801	19133241	-900	901	-781
chr22	19132341	19134142	19132349	1801	19133241	-900	901	-892
chr22	38505281	38506467	38506322	1186	38505874	-593	593	448
chr22	50528900	50532352	50529524	3452	50530626	-1726	1726	-1102
chr22	19175211	19179498	19175953	4287	19177354	-2143	2144	-1401
chr22	19818374	19825986	19821294	7612	19822180	-3806	3806	-886
chr22	19969017	19974376	19974234	5359	19971696	-2679	2680	2538
chr22	20110954	20116675	20116126	5721	20113814	-2860	2861	2312
chr22	20992893	20999723	20994946	6830	20996308	-3415	3415	-1362
chr22	23155332	23159451	23158949	4119	23157391	-2059	2060	1558
chr22	26491124	26496444	26494829	5320	26493784	-2660	2660	1045
chr22	28741262	28742455	28742180	1193	28741858	-596	597	322
chr22	28795417	28801882	28797167	6465	28798649	-3232	3233	-1482
chr22	28795417	28801882	28799112	6465	28798649	-3232	3233	463
chr22	31260646	31267834	31266079	7188	31264240	-3594	3594	1839
chr22	31441262	31444646	31442977	3384	31442954	-1692	1692	23
chr22	31710388	31713889	31712541	3501	31712138	-1750	1751	403
chr22	37851102	37853042	37851333	1940	37852072	-970	970	-739
chr22	38064280	38069532	38065053	5252	38066906	-2626	2626	-1853
chr22	40403496	40410187	40405711	6691	40406841	-3345	3346	-1130
chr22	40403496	40410187	40406608	6691	40406841	-3345	3346	-233
chr22	41209482	41214997	41213866	5515	41212239	-2757	2758	1627
chr22	42126524	42131497	42127968	4973	42129010	-2486	2487	-1042
chr22	46288794	46291080	46289513	2286	46289937	-1143	1143	-424
chr22	49883756	49886773	49884145	3017	49885264	-1508	1509	-1119
chr22	49883756	49886773	49884259	3017	49885264	-1508	1509	-1005
chr22	49883756	49886773	49884402	3017	49885264	-1508	1509	-862
chr22	31714649	31716397	31714759	1748	31715523	-874	874	-764
chr22	36348107	36352241	36348957	4134	36350174	-2067	2067	-1217
chr22	20548811	20551903	20551450	3092	20550357	-1546	1546	1093
chr22	21690177	21697064	21693819	6887	21693620	-3443	3444	199
chr22	20110954	20116675	20116242	5721	20113814	-2860	2861	2428
chr22	40403496	40410187	40406543	6691	40406841	-3345	3346	-298
chr22	20124107	20131448	20126349	7341	20127777	-3670	3671	-1428
chr22	21589016	21593314	21592899	4298	21591165	-2149	2149	1734
chr22	25352757	25355903	25354792	3146	25354330	-1573	1573	462
chr22	29352328	29356125	29354751	3797	29354226	-1898	1899	525
chr22	31710388	31713889	31713755	3501	31712138	-1750	1751	1617
chr22	37181980	37185787	37182239	3807	37183883	-1903	1904	-1644
chr22	39512871	39516212	39514010	3341	39514541	-1670	1671	-531
chr22	42126524	42131497	42128865	4973	42129010	-2486	2487	-145
chr22	43165775	43168410	43167964	2635	43167092	-1317	1318	872
chr22	49883756	49886773	49885345	3017	49885264	-1508	1509	81
chr22	38672964	38675655	38673204	2691	38674309	-1345	1346	-1105
chr22	39519109	39522635	39522336	3526	39520872	-1763	1763	1464
chr22	19977347	19981853	19978939	4506	19979600	-2253	2253	-661
chr22	43134076	43137257	43137191	3181	43135666	-1590	1591	1525
chr22	19064577	19069079	19064886	4502	19066828	-2251	2251	-1942
chr22	20700715	20704780	20701611	4065	20702747	-2032	2033	-1136
chr22	40410835	40412072	40411867	1237	40411453	-618	619	414
chr22	37756479	37759847	37759561	3368	37758163	-1684	1684	1398
chr22	43165775	43168410	43167323	2635	43167092	-1317	1318	231
chr22	31737279	31739339	31738596	2060	31738309	-1030	1030	287
chr22	40403496	40410187	40409220	6691	40406841	-3345	3346	2379
chr22	41571580	41576073	41575103	4493	41573826	-2246	2247	1277
chr22	42564987	42569648	42566324	4661	42567317	-2330	2331	-993
chr22	46360566	46368275	46367852	7709	46364420	-3854	3855	3432
chr22	19175211	19179498	19176631	4287	19177354	-2143	2144	-723
chr22	19969017	19974376	19973003	5359	19971696	-2679	2680	1307
chr22	20700715	20704780	20701208	4065	20702747	-2032	2033	-1539
chr22	37933747	37940130	37937079	6383	37936938	-3191	3192	141
chr22	38700055	38703502	38700182	3447	38701778	-1723	1724	-1596
chr22	17589640	17592496	17592441	2856	17591068	-1428	1428	1373
chr22	21919338	21925272	21923402	5934	21922305	-2967	2967	1097
chr22	23881272	23886100	23884790	4828	23883686	-2414	2414	1104
chr22	29047827	29052014	29050513	4187	29049920	-2093	2094	593
chr22	37564540	37567023	37566749	2483	37565781	-1241	1242	968
chr22	40403496	40410187	40409713	6691	40406841	-3345	3346	2872
chr22	46323218	46327768	46326527	4550	46325493	-2275	2275	1034
chr22	49883756	49886773	49886109	3017	49885264	-1508	1509	845
chr22	23750422	23755239	23754401	4817	23752830	-2408	2409	1571
chr22	21960669	21965527	21964200	4858	21963098	-2429	2429	1102
chr22	41356989	41358624	41357369	1635	41357806	-817	818	-437
chr22	38482931	38488428	38485755	5497	38485679	-2748	2749	76
chr22	29047827	29052014	29049247	4187	29049920	-2093	2094	-673
chr22	46396257	46401371	46399716	5114	46398814	-2557	2557	902
chr22	39519109	39522635	39521832	3526	39520872	-1763	1763	960
chr22	20110954	20116675	20114682	5721	20113814	-2860	2861	868
chr22	31260646	31267834	31262689	7188	31264240	-3594	3594	-1551
chr22	37181980	37185787	37182478	3807	37183883	-1903	1904	-1405
chr22	50205280	50211365	50206498	6085	50208322	-3042	3043	-1824
chr22	21919338	21925272	21923190	5934	21922305	-2967	2967	885
chr22	37847988	37849946	37849483	1958	37848967	-979	979	516
chr22	46360566	46368275	46366417	7709	46364420	-3854	3855	1997
chr22	42612418	42618818	42614810	6400	42615618	-3200	3200	-808
chr22	20110954	20116675	20114682	5721	20113814	-2860	2861	868
chr22	36298615	36301199	36298933	2584	36299907	-1292	1292	-974
chr22	29296658	29298966	29297923	2308	29297812	-1154	1154	111
chr22	35326290	35333749	35333475	7459	35330019	-3729	3730	3456
chr22	20124107	20131448	20127098	7341	20127777	-3670	3671	-679
chr22	19782352	19786404	19782915	4052	19784378	-2026	2026	-1463
chr22	21960669	21965527	21963998	4858	21963098	-2429	2429	900
chr22	38312937	38314440	38314129	1503	38313688	-751	752	441
chr22	19175211	19179498	19176471	4287	19177354	-2143	2144	-883
chr22	40403496	40410187	40408994	6691	40406841	-3345	3346	2153
chr22	20992893	20999723	20996936	6830	20996308	-3415	3415	628
chr22	42086100	42089641	42087078	3541	42087870	-1770	1771	-792
chr22	19969017	19974376	19971972	5359	19971696	-2679	2680	276
chr22	41172967	41178821	41177734	5854	41175894	-2927	2927	1840
chr22	30379231	30380691	30379755	1460	30379961	-730	730	-206
chr22	23873879	23878878	23875122	4999	23876378	-2499	2500	-1256
chr22	17107419	17115172	17109819	7753	17111295	-3876	3877	-1476
chr22	36310825	36313698	36312189	2873	36312261	-1436	1437	-72
chr22	49883756	49886773	49885222	3017	49885264	-1508	1509	-42
chr22	39512871	39516212	39514040	3341	39514541	-1670	1671	-501
chr22	23750422	23755239	23754327	4817	23752830	-2408	2409	1497
chr22	31086588	31088896	31088071	2308	31087742	-1154	1154	329
chr22	42086100	42089641	42087137	3541	42087870	-1770	1771	-733
chr22	49797539	49801470	49798656	3931	49799504	-1965	1966	-848
chr22	37828977	37833385	37831985	4408	37831181	-2204	2204	804
chr22	23693630	23697291	23695045	3661	23695460	-1830	1831	-415
chr22	23881272	23886100	23883881	4828	23883686	-2414	2414	195
chr22	29286891	29289564	29288774	2673	29288227	-1336	1337	547
chr22	30421006	30425566	30422401	4560	30423286	-2280	2280	-885
chr22	37877513	37879802	37877862	2289	37878657	-1144	1145	-795
chr22	38687010	38693119	38689340	6109	38690064	-3054	3055	-724
chr22	41253115	41255479	41254386	2364	41254297	-1182	1182	89
chr22	38479626	38481075	38479695	1449	38480350	-724	725	-655
chr22	24117706	24121271	24119434	3565	24119488	-1782	1783	-54
chr22	17107419	17115172	17109803	7753	17111295	-3876	3877	-1492
chr22	19504691	19508011	19507481	3320	19506351	-1660	1660	1130
chr22	29352328	29356125	29354815	3797	29354226	-1898	1899	589
chr22	40403496	40410187	40406660	6691	40406841	-3345	3346	-181
chrX	48903812	48905925	48904652	2113	48904868	-1056	1057	-216
chrX	71614958	71618404	71616393	3446	71616681	-1723	1723	-288
chrX	101620277	101626356	101625822	6079	101623316	-3039	3040	2506
chrX	47568246	47573308	47572892	5062	47570777	-2531	2531	2115
chrX	47635213	47640085	47636836	4872	47637649	-2436	2436	-813
chrX	48803193	48806972	48806837	3779	48805082	-1889	1890	1755
chrX	152911583	152918397	152914777	6814	152914990	-3407	3407	-213
chrX	153456149	153460067	153456599	3918	153458108	-1959	1959	-1509
chrX	123627576	123629567	123627882	1991	123628571	-995	996	-689
chrX	154397318	154403250	154400167	5932	154400284	-2966	2966	-117
chrX	48980376	48985897	48985339	5521	48983136	-2760	2761	2203
chrX	64188959	64192325	64190290	3366	64190642	-1683	1683	-352
chrX	136510936	136512273	136511027	1337	136511604	-668	669	-577
chrX	64188959	64192325	64189850	3366	64190642	-1683	1683	-792
chrX	48903812	48905925	48905094	2113	48904868	-1056	1057	226
chrX	71614958	71618404	71616996	3446	71616681	-1723	1723	315
chrX	47236518	47243756	47239434	7238	47240137	-3619	3619	-703
chrX	154397318	154403250	154398587	5932	154400284	-2966	2966	-1697
chrX	49031401	49034065	49031447	2664	49032733	-1332	1332	-1286
chrX	150988554	150989715	150988771	1161	150989134	-580	581	-363
chrX	76171794	76175636	76173126	3842	76173715	-1921	1921	-589
chrX	48820513	48824988	48824294	4475	48822750	-2237	2238	1544
chrX	54445151	54451177	54445896	6026	54448164	-3013	3013	-2268
chrX	48596356	48602699	48597873	6343	48599527	-3171	3172	-1654
chrX	47568246	47573308	47571372	5062	47570777	-2531	2531	595
chrX	154397318	154403250	154399820	5932	154400284	-2966	2966	-464
chrX	47222878	47229976	47227417	7098	47226427	-3549	3549	990
chrX	47236518	47243756	47242299	7238	47240137	-3619	3619	2162
chrX	135020669	135023563	135021867	2894	135022116	-1447	1447	-249
chrX	48820513	48824988	48822917	4475	48822750	-2237	2238	167
chrX	47177929	47182814	47182246	4885	47180371	-2442	2443	1875
chrX	47222878	47229976	47226638	7098	47226427	-3549	3549	211
chrX	47565796	47567854	47566644	2058	47566825	-1029	1029	-181
chrX	47568246	47573308	47571458	5062	47570777	-2531	2531	681
chrX	64188959	64192325	64190283	3366	64190642	-1683	1683	-359
chrX	101390026	101391668	101390985	1642	101390847	-821	821	138
chrX	48897694	48903087	48902679	5393	48900390	-2696	2697	2289
chrX	55005073	55009259	55007016	4186	55007166	-2093	2093	-150
chrX	64188959	64192325	64190169	3366	64190642	-1683	1683	-473
chrX	101405438	101410052	101407788	4614	101407745	-2307	2307	43
chrX	154012960	154018926	154017014	5966	154015943	-2983	2983	1071
chrX	48980376	48985897	48985377	5521	48983136	-2760	2761	2241
chrX	49171933	49174569	49173450	2636	49173251	-1318	1318	199
chrX	53084297	53087235	53084832	2938	53085766	-1469	1469	-934
chrX	53192392	53194993	53194294	2601	53193692	-1300	1301	602
chrX	53192392	53194993	53194296	2601	53193692	-1300	1301	604
chrX	54445151	54451177	54446399	6026	54448164	-3013	3013	-1765
chrX	135020669	135023563	135021925	2894	135022116	-1447	1447	-191
chrX	154397318	154403250	154398429	5932	154400284	-2966	2966	-1855
chrX	154469164	154472459	154471257	3295	154470811	-1647	1648	446
chrX	154397318	154403250	154400578	5932	154400284	-2966	2966	294
chrX	48903812	48905925	48904579	2113	48904868	-1056	1057	-289
chrX	101411210	101412861	101412424	1651	101412035	-825	826	389
chrX	153588415	153594991	153588440	6576	153591703	-3288	3288	-3263
chrX	153588415	153594991	153594631	6576	153591703	-3288	3288	2928
chrX	47177929	47182814	47181263	4885	47180371	-2442	2443	892
chrX	64188959	64192325	64191878	3366	64190642	-1683	1683	1236
chrX	48596356	48602699	48601914	6343	48599527	-3171	3172	2387
chrX	103585203	103587267	103585608	2064	103586235	-1032	1032	-627
chrX	136874790	136882347	136879014	7557	136878568	-3778	3779	446
chrX	48897694	48903087	48902014	5393	48900390	-2696	2697	1624
chrX	47222878	47229976	47226141	7098	47226427	-3549	3549	-286
chrX	48897694	48903087	48902787	5393	48900390	-2696	2697	2397
chrX	49248131	49253758	49251385	5627	49250944	-2813	2814	441
chrX	72272623	72274224	72273277	1601	72273423	-800	801	-146
chrX	48897694	48903087	48902787	5393	48900390	-2696	2697	2397
chrX	48820513	48824988	48824629	4475	48822750	-2237	2238	1879
chrX	49066757	49069772	49068692	3015	49068264	-1507	1508	428
chrX	136873140	136874531	136874194	1391	136873835	-695	696	359
chrX	47568246	47573308	47569960	5062	47570777	-2531	2531	-817
chrX	135020669	135023563	135022413	2894	135022116	-1447	1447	297
chrX	153588415	153594991	153592665	6576	153591703	-3288	3288	962
chrX	48897694	48903087	48898360	5393	48900390	-2696	2697	-2030
chrX	154397318	154403250	154398278	5932	154400284	-2966	2966	-2006
chrX	48525740	48529741	48526986	4001	48527740	-2000	2001	-754
chrX	53084297	53087235	53086184	2938	53085766	-1469	1469	418
chrX	48820513	48824988	48823376	4475	48822750	-2237	2238	626
chrX	53084297	53087235	53085761	2938	53085766	-1469	1469	-5
chrX	49071473	49076049	49075222	4576	49073761	-2288	2288	1461
chrX	49031401	49034065	49033534	2664	49032733	-1332	1332	801
chrX	54181632	54183876	54182599	2244	54182754	-1122	1122	-155
chrX	48980376	48985897	48983399	5521	48983136	-2760	2761	263
chrX	38803071	38805209	38805036	2138	38804140	-1069	1069	896
chrX	53192392	53194993	53194357	2601	53193692	-1300	1301	665
chrX	47568246	47573308	47572952	5062	47570777	-2531	2531	2175
chrX	48596356	48602699	48600336	6343	48599527	-3171	3172	809
chrX	53084297	53087235	53084992	2938	53085766	-1469	1469	-774
chrX	154357941	154359762	154359117	1821	154358851	-910	911	266
chrX	64188959	64192325	64192026	3366	64190642	-1683	1683	1384
chrX	103674426	103677068	103676194	2642	103675747	-1321	1321	447
chrX	48897694	48903087	48898260	5393	48900390	-2696	2697	-2130
chrX	49285674	49288036	49287200	2362	49286855	-1181	1181	345
chrX	53550865	53556455	53550921	5590	53553660	-2795	2795	-2739
chrX	107713364	107715178	107714729	1814	107714271	-907	907	458
chrX	47568246	47573308	47568877	5062	47570777	-2531	2531	-1900
chrX	47568246	47573308	47571437	5062	47570777	-2531	2531	660
chrX	71614958	71618404	71616925	3446	71616681	-1723	1723	244
chrX	48596356	48602699	48600513	6343	48599527	-3171	3172	986
chrX	49248131	49253758	49251318	5627	49250944	-2813	2814	374
chrX	154019078	154023143	154019234	4065	154021110	-2032	2033	-1876
chrX	53532459	53535413	53533374	2954	53533936	-1477	1477	-562
chrX	103585203	103587267	103587237	2064	103586235	-1032	1032	1002
chrX	48803193	48806972	48805505	3779	48805082	-1889	1890	423
chrX	47222878	47229976	47226699	7098	47226427	-3549	3549	272
chrX	103606983	103609571	103609122	2588	103608277	-1294	1294	845
chrX	47177929	47182814	47181324	4885	47180371	-2442	2443	953
chrX	47214476	47216346	47214584	1870	47215411	-935	935	-827
chrX	48820513	48824988	48823580	4475	48822750	-2237	2238	830
chrX	154407142	154413808	154412152	6666	154410475	-3333	3333	1677
chrX	71140300	71143843	71142312	3543	71142071	-1771	1772	241
chrX	153693882	153695694	153694261	1812	153694788	-906	906	-527
chrX	48897694	48903087	48902355	5393	48900390	-2696	2697	1965
chrX	47214476	47216346	47214809	1870	47215411	-935	935	-602
chrX	49248131	49253758	49249668	5627	49250944	-2813	2814	-1276
chrX	147910012	147912933	147912141	2921	147911472	-1460	1461	669
chrX	53084297	53087235	53084792	2938	53085766	-1469	1469	-974
chrX	64188959	64192325	64191147	3366	64190642	-1683	1683	505
chrX	41347119	41348579	41347449	1460	41347849	-730	730	-400
chrX	47635213	47640085	47638968	4872	47637649	-2436	2436	1319
chrX	135020669	135023563	135021834	2894	135022116	-1447	1447	-282
chrX	135972633	135975212	135973710	2579	135973922	-1289	1290	-212
chrX	135020669	135023563	135022007	2894	135022116	-1447	1447	-109
chrX	76171794	76175636	76173163	3842	76173715	-1921	1921	-552
chrX	49029039	49030702	49030363	1663	49029870	-831	832	493
chrX	48525740	48529741	48527017	4001	48527740	-2000	2001	-723
chrX	49029039	49030702	49029998	1663	49029870	-831	832	128
chrX	48596356	48602699	48599649	6343	48599527	-3171	3172	122
chrX	55005073	55009259	55006740	4186	55007166	-2093	2093	-426
chrX	48820513	48824988	48823936	4475	48822750	-2237	2238	1186
chrX	49066757	49069772	49068104	3015	49068264	-1507	1508	-160
chrX	154397318	154403250	154399903	5932	154400284	-2966	2966	-381
chrX	64188959	64192325	64190508	3366	64190642	-1683	1683	-134
chrX	154357941	154359762	154358533	1821	154358851	-910	911	-318
chrX	54445151	54451177	54449675	6026	54448164	-3013	3013	1511
chrX	103377697	103381538	103377713	3841	103379617	-1920	1921	-1904
chrX	48604310	48606609	48604957	2299	48605459	-1149	1150	-502
chrX	136874790	136882347	136879053	7557	136878568	-3778	3779	485
chrX	153456149	153460067	153456636	3918	153458108	-1959	1959	-1472
chrX	53084297	53087235	53086106	2938	53085766	-1469	1469	340
chrX	153588415	153594991	153594546	6576	153591703	-3288	3288	2843
chrX	48972287	48976151	48975176	3864	48974219	-1932	1932	957
chrX	48980376	48985897	48981257	5521	48983136	-2760	2761	-1879
chrX	120467985	120470020	120469243	2035	120469002	-1017	1018	241
chrX	154477863	154480212	154477867	2349	154479037	-1174	1175	-1170
chrX	100832560	100833773	100832886	1213	100833166	-606	607	-280
chrX	48921922	48925582	48923718	3660	48923752	-1830	1830	-34
chrX	152957831	152961623	152959761	3792	152959727	-1896	1896	34
chrX	53084297	53087235	53086091	2938	53085766	-1469	1469	325
chrX	154397318	154403250	154402960	5932	154400284	-2966	2966	2676
chrX	49285674	49288036	49286410	2362	49286855	-1181	1181	-445
chrX	72272623	72274224	72273252	1601	72273423	-800	801	-171
chrX	47184234	47189109	47186573	4875	47186671	-2437	2438	-98
chrX	49031401	49034065	49031432	2664	49032733	-1332	1332	-1301
chrX	154397318	154403250	154400604	5932	154400284	-2966	2966	320
chrX	53532459	53535413	53534049	2954	53533936	-1477	1477	113
chrX	130077628	130085093	130081438	7465	130081360	-3732	3733	78
chrX	47222878	47229976	47223706	7098	47226427	-3549	3549	-2721
chrX	153943808	153947620	153943968	3812	153945714	-1906	1906	-1746
chrX	136510936	136512273	136511327	1337	136511604	-668	669	-277
chrX	54445151	54451177	54445505	6026	54448164	-3013	3013	-2659
chrX	16719163	16721844	16719742	2681	16720503	-1340	1341	-761
chrX	47222878	47229976	47228731	7098	47226427	-3549	3549	2304
chrX	136510936	136512273	136511100	1337	136511604	-668	669	-504
chrX	47222878	47229976	47228731	7098	47226427	-3549	3549	2304
chrX	38803071	38805209	38804882	2138	38804140	-1069	1069	742
chrX	48706519	48708416	48707555	1897	48707467	-948	949	88
chrX	107648164	107652498	107650011	4334	107650331	-2167	2167	-320
chrX	153900726	153906626	153905951	5900	153903676	-2950	2950	2275
chrX	47650969	47653922	47651813	2953	47652445	-1476	1477	-632
chrX	49071473	49076049	49074669	4576	49073761	-2288	2288	908
chrX	136873140	136874531	136874384	1391	136873835	-695	696	549
chrX	48596356	48602699	48600632	6343	48599527	-3171	3172	1105
chrX	49285674	49288036	49287328	2362	49286855	-1181	1181	473
chrX	53084297	53087235	53085322	2938	53085766	-1469	1469	-444
chrX	49285674	49288036	49287048	2362	49286855	-1181	1181	193
chrX	71614958	71618404	71617390	3446	71616681	-1723	1723	709
chrX	64188959	64192325	64190245	3366	64190642	-1683	1683	-397
chrX	101398259	101401419	101400671	3160	101399839	-1580	1580	832
chrX	154477863	154480212	154477955	2349	154479037	-1174	1175	-1082
chrX	47568246	47573308	47568721	5062	47570777	-2531	2531	-2056
chrX	48903812	48905925	48905248	2113	48904868	-1056	1057	380
chrX	76171794	76175636	76173648	3842	76173715	-1921	1921	-67
chrX	103685875	103687666	103686650	1791	103686770	-895	896	-120
chrX	47214476	47216346	47214548	1870	47215411	-935	935	-863
chrX	53532459	53535413	53534637	2954	53533936	-1477	1477	701
chrX	136510936	136512273	136511200	1337	136511604	-668	669	-404
chrX	71140300	71143843	71141346	3543	71142071	-1771	1772	-725
chrX	48980376	48985897	48981831	5521	48983136	-2760	2761	-1305
chrX	54809728	54811714	54810839	1986	54810721	-993	993	118
chrX	47635213	47640085	47637914	4872	47637649	-2436	2436	265
chrX	53550865	53556455	53554714	5590	53553660	-2795	2795	1054
chrX	16840474	16842132	16841616	1658	16841303	-829	829	313
chrX	48911025	48914560	48914152	3535	48912792	-1767	1768	1360
chrX	64188959	64192325	64190056	3366	64190642	-1683	1683	-586
chrX	48706519	48708416	48706563	1897	48707467	-948	949	-904
chrX	101411210	101412861	101412046	1651	101412035	-825	826	11
chrX	47222878	47229976	47227447	7098	47226427	-3549	3549	1020
chrX	136510936	136512273	136511147	1337	136511604	-668	669	-457
chrX	153444029	153447332	153445425	3303	153445680	-1651	1652	-255
chrX	47236518	47243756	47242114	7238	47240137	-3619	3619	1977
chrX	136510936	136512273	136511747	1337	136511604	-668	669	143
chrX	47236518	47243756	47242714	7238	47240137	-3619	3619	2577
chrX	101620277	101626356	101625831	6079	101623316	-3039	3040	2515
chrX	129919983	129922640	129921417	2657	129921311	-1328	1329	106
chrX	41347119	41348579	41347415	1460	41347849	-730	730	-434
chrX	71614958	71618404	71616598	3446	71616681	-1723	1723	-83
chrX	103674426	103677068	103676348	2642	103675747	-1321	1321	601
chrX	153970656	153973088	153970684	2432	153971872	-1216	1216	-1188
chrX	71140300	71143843	71141950	3543	71142071	-1771	1772	-121
chrX	101398259	101401419	101398790	3160	101399839	-1580	1580	-1049
chrX	136874790	136882347	136875106	7557	136878568	-3778	3779	-3462
chrX	152911583	152918397	152914740	6814	152914990	-3407	3407	-250
chrX	154397318	154403250	154399498	5932	154400284	-2966	2966	-786
chrX	153693882	153695694	153694552	1812	153694788	-906	906	-236
chrX	154357941	154359762	154359576	1821	154358851	-910	911	725
chrX	154407142	154413808	154413527	6666	154410475	-3333	3333	3052
chrX	53550865	53556455	53554785	5590	53553660	-2795	2795	1125
chrX	70134630	70137421	70134698	2791	70136025	-1395	1396	-1327
chrX	48897694	48903087	48902804	5393	48900390	-2696	2697	2414
chrX	48897694	48903087	48902232	5393	48900390	-2696	2697	1842
chrX	49248131	49253758	49251430	5627	49250944	-2813	2814	486
chrX	49077484	49079266	49077534	1782	49078375	-891	891	-841
chrX	48525740	48529741	48528614	4001	48527740	-2000	2001	874
chrX	48972287	48976151	48974057	3864	48974219	-1932	1932	-162
chrX	48570379	48576416	48575642	6037	48573397	-3018	3019	2245
chrX	47635213	47640085	47639119	4872	47637649	-2436	2436	1470
chrX	135020669	135023563	135022086	2894	135022116	-1447	1447	-30
chrX	153728023	153730098	153729282	2075	153729060	-1037	1038	222
chrX	47635213	47640085	47639289	4872	47637649	-2436	2436	1640
chrX	47236518	47243756	47241315	7238	47240137	-3619	3619	1178
chrX	48820513	48824988	48823000	4475	48822750	-2237	2238	250
chrX	49066757	49069772	49068665	3015	49068264	-1507	1508	401
chrX	49077484	49079266	49077880	1782	49078375	-891	891	-495
chrX	49248131	49253758	49250275	5627	49250944	-2813	2814	-669
chrX	53550865	53556455	53551175	5590	53553660	-2795	2795	-2485
chrX	54809728	54811714	54811082	1986	54810721	-993	993	361
chrX	55005073	55009259	55006756	4186	55007166	-2093	2093	-410
chrX	76171794	76175636	76174893	3842	76173715	-1921	1921	1178
chrX	101411210	101412861	101412419	1651	101412035	-825	826	384
chrX	103606983	103609571	103609515	2588	103608277	-1294	1294	1238
chrX	153693882	153695694	153695131	1812	153694788	-906	906	343
chrX	154357941	154359762	154358243	1821	154358851	-910	911	-608
chrX	154397318	154403250	154398610	5932	154400284	-2966	2966	-1674
chrX	136874790	136882347	136875483	7557	136878568	-3778	3779	-3085
chrX	53084297	53087235	53085361	2938	53085766	-1469	1469	-405
chrX	154469164	154472459	154470006	3295	154470811	-1647	1648	-805
chrX	16868747	16871846	16869149	3099	16870296	-1549	1550	-1147
chrX	47222878	47229976	47226489	7098	47226427	-3549	3549	62
chrX	47568246	47573308	47568845	5062	47570777	-2531	2531	-1932
chrX	47568246	47573308	47569573	5062	47570777	-2531	2531	-1204
chrX	48820513	48824988	48823008	4475	48822750	-2237	2238	258
chrX	48897694	48903087	48903041	5393	48900390	-2696	2697	2651
chrX	48980376	48985897	48981805	5521	48983136	-2760	2761	-1331
chrX	49171933	49174569	49174395	2636	49173251	-1318	1318	1144
chrX	49248131	49253758	49251760	5627	49250944	-2813	2814	816
chrX	49285674	49288036	49286774	2362	49286855	-1181	1181	-81
chrX	53532459	53535413	53533333	2954	53533936	-1477	1477	-603
chrX	53550865	53556455	53550928	5590	53553660	-2795	2795	-2732
chrX	54445151	54451177	54446376	6026	54448164	-3013	3013	-1788
chrX	76171794	76175636	76175587	3842	76173715	-1921	1921	1872
chrX	101620277	101626356	101625583	6079	101623316	-3039	3040	2267
chrX	119451179	119453331	119452017	2152	119452255	-1076	1076	-238
chrX	135020669	135023563	135021984	2894	135022116	-1447	1447	-132
chrX	136510936	136512273	136511836	1337	136511604	-668	669	232
chrX	136874790	136882347	136875522	7557	136878568	-3778	3779	-3046
chrX	136874790	136882347	136879257	7557	136878568	-3778	3779	689
chrX	154469164	154472459	154471156	3295	154470811	-1647	1648	345
chrX	48897694	48903087	48898505	5393	48900390	-2696	2697	-1885
chrX	153943808	153947620	153944624	3812	153945714	-1906	1906	-1090
chrX	49171933	49174569	49172024	2636	49173251	-1318	1318	-1227
chrX	154469164	154472459	154471576	3295	154470811	-1647	1648	765
chrX	55005073	55009259	55006689	4186	55007166	-2093	2093	-477
chrX	107713364	107715178	107714723	1814	107714271	-907	907	452
chrX	48911025	48914560	48914106	3535	48912792	-1767	1768	1314
chrX	48596356	48602699	48598822	6343	48599527	-3171	3172	-705
chrX	54445151	54451177	54446169	6026	54448164	-3013	3013	-1995
chrX	49285674	49288036	49287258	2362	49286855	-1181	1181	403
chrX	48596356	48602699	48599698	6343	48599527	-3171	3172	171
chrX	154397318	154403250	154400574	5932	154400284	-2966	2966	290
chrX	47184234	47189109	47186696	4875	47186671	-2437	2438	25
chrX	47635213	47640085	47638084	4872	47637649	-2436	2436	435
chrX	49029039	49030702	49029831	1663	49029870	-831	832	-39
chrX	49029039	49030702	49030091	1663	49029870	-831	832	221
chrX	71614958	71618404	71616890	3446	71616681	-1723	1723	209
chrX	101398259	101401419	101398855	3160	101399839	-1580	1580	-984
chrX	103377697	103381538	103377762	3841	103379617	-1920	1921	-1855
chrX	136510936	136512273	136511552	1337	136511604	-668	669	-52
chrX	71140300	71143843	71141964	3543	71142071	-1771	1772	-107
chrX	64188959	64192325	64192298	3366	64190642	-1683	1683	1656
chrX	101620277	101626356	101626204	6079	101623316	-3039	3040	2888
chrX	119451179	119453331	119452901	2152	119452255	-1076	1076	646
chrX	154012960	154018926	154016071	5966	154015943	-2983	2983	128
chrX	49071473	49076049	49074867	4576	49073761	-2288	2288	1106
chrX	103606983	103609571	103609308	2588	103608277	-1294	1294	1031
chrX	53550865	53556455	53556319	5590	53553660	-2795	2795	2659
chrX	64188959	64192325	64190508	3366	64190642	-1683	1683	-134
chrX	136510936	136512273	136511983	1337	136511604	-668	669	379
chrX	54809728	54811714	54809751	1986	54810721	-993	993	-970
chrX	71614958	71618404	71617152	3446	71616681	-1723	1723	471
chrX	49248131	49253758	49251381	5627	49250944	-2813	2814	437
chrX	64188959	64192325	64192169	3366	64190642	-1683	1683	1527
chrX	48596356	48602699	48600428	6343	48599527	-3171	3172	901
chrX	48903812	48905925	48904700	2113	48904868	-1056	1057	-168
chrX	135020669	135023563	135022235	2894	135022116	-1447	1447	119
chrX	71614958	71618404	71617365	3446	71616681	-1723	1723	684
chrX	64188959	64192325	64191398	3366	64190642	-1683	1683	756
chrX	49066757	49069772	49068156	3015	49068264	-1507	1508	-108
chrX	54555423	54559883	54558584	4460	54557653	-2230	2230	931
chrX	153900726	153906626	153906622	5900	153903676	-2950	2950	2946
chrX	49029039	49030702	49030335	1663	49029870	-831	832	465
chrX	130077628	130085093	130081422	7465	130081360	-3732	3733	62
chrX	47222878	47229976	47226809	7098	47226427	-3549	3549	382
chrX	47635213	47640085	47639042	4872	47637649	-2436	2436	1393
chrX	47222878	47229976	47229664	7098	47226427	-3549	3549	3237
chrX	154775870	154777320	154776837	1450	154776595	-725	725	242
chrX	48803193	48806972	48806626	3779	48805082	-1889	1890	1544
chrX	53211333	53212689	53211521	1356	53212011	-678	678	-490
chrX	10123174	10127753	10124311	4579	10125463	-2289	2290	-1152
chrX	64188959	64192325	64190794	3366	64190642	-1683	1683	152
chrX	48897694	48903087	48902739	5393	48900390	-2696	2697	2349
chrX	53192392	53194993	53192676	2601	53193692	-1300	1301	-1016
chrX	154503026	154507959	154506764	4933	154505492	-2466	2467	1272
chrX	101411210	101412861	101412123	1651	101412035	-825	826	88
chrX	103674426	103677068	103676439	2642	103675747	-1321	1321	692
chrX	154012960	154018926	154013225	5966	154015943	-2983	2983	-2718
chrX	48820513	48824988	48822935	4475	48822750	-2237	2238	185
chrX	154477863	154480212	154477906	2349	154479037	-1174	1175	-1131
chrX	71614958	71618404	71617575	3446	71616681	-1723	1723	894
chrX	48903812	48905925	48904841	2113	48904868	-1056	1057	-27
chrX	48706519	48708416	48707584	1897	48707467	-948	949	117
chrX	48706519	48708416	48707846	1897	48707467	-948	949	379
chrX	53379170	53381789	53380646	2619	53380479	-1309	1310	167
chrX	71614958	71618404	71617390	3446	71616681	-1723	1723	709
chrX	64188959	64192325	64190891	3366	64190642	-1683	1683	249
chrX	101620277	101626356	101625908	6079	101623316	-3039	3040	2592
