Chr	Start	End	Mutation	Size	Middle	Start_C	End_C	Mutations_C
chr1	181088390	181090557	181088914	2167	181089473	-1083	1084	-559
chr1	11053700	11060620	11056717	6920	11057160	-3460	3460	-443
chr1	153618818	153620573	153618854	1755	153619695	-877	878	-841
chr1	32202502	32207732	32207474	5230	32205117	-2615	2615	2357
chr1	156589690	156592871	156592448	3181	156591280	-1590	1591	1168
chr1	154550069	154556304	154555955	6235	154553186	-3117	3118	2769
chr1	6208240	6214118	6212390	5878	6211179	-2939	2939	1211
chr1	150625649	150629945	150629506	4296	150627797	-2148	2148	1709
chr1	155311963	155313341	155312373	1378	155312652	-689	689	-279
chr1	161155682	161161485	161158123	5803	161158583	-2901	2902	-460
chr1	6208240	6214118	6211894	5878	6211179	-2939	2939	715
chr1	202009453	202015827	202011158	6374	202012640	-3187	3187	-1482
chr1	145923787	145930160	145924521	6373	145926973	-3186	3187	-2452
chr1	150625649	150629945	150629466	4296	150627797	-2148	2148	1669
chr1	54883378	54886375	54883745	2997	54884876	-1498	1499	-1131
chr1	35191421	35193804	35193050	2383	35192612	-1191	1192	438
chr1	154958882	154962939	154958907	4057	154960910	-2028	2029	-2003
chr1	201464767	201470045	201468521	5278	201467406	-2639	2639	1115
chr1	161212057	161216693	161214164	4636	161214375	-2318	2318	-211
chr1	153972617	153977782	153974817	5165	153975199	-2582	2583	-382
chr1	42816044	42817506	42816441	1462	42816775	-731	731	-334
chr1	155060158	155062797	155062509	2639	155061477	-1319	1320	1032
chr1	45002551	45008655	45008510	6104	45005603	-3052	3052	2907
chr1	85580671	85582611	85582466	1940	85581641	-970	970	825
chr1	114713576	114714496	114713920	920	114714036	-460	460	-116
chr1	155135584	155138430	155137693	2846	155137007	-1423	1423	686
chr1	161114984	161121140	161118016	6156	161118062	-3078	3078	-46
chr1	200407901	200411046	200408991	3145	200409473	-1572	1573	-482
chr1	110337341	110342887	110342101	5546	110340114	-2773	2773	1987
chr1	58575507	58578070	58576516	2563	58576788	-1281	1282	-272
chr1	44776008	44778123	44777615	2115	44777065	-1057	1058	550
chr1	150806278	150808039	150806710	1761	150807158	-880	881	-448
chr1	153972617	153977782	153973257	5165	153975199	-2582	2583	-1942
chr1	154958882	154962939	154959512	4057	154960910	-2028	2029	-1398
chr1	155060158	155062797	155062548	2639	155061477	-1319	1320	1071
chr1	155182105	155186992	155183813	4887	155184548	-2443	2444	-735
chr1	179591159	179593494	179592602	2335	179592326	-1167	1168	276
chr1	202965290	202968233	202966775	2943	202966761	-1471	1472	14
chr1	150281278	150286016	150283554	4738	150283647	-2369	2369	-93
chr1	156726277	156729343	156729215	3066	156727810	-1533	1533	1405
chr1	205748877	205750880	205750235	2003	205749878	-1001	1002	357
chr1	155123365	155128727	155127956	5362	155126046	-2681	2681	1910
chr1	161071980	161075267	161073272	3287	161073623	-1643	1644	-351
chr1	181088390	181090557	181088945	2167	181089473	-1083	1084	-528
chr1	200737832	200740952	200739795	3120	200739392	-1560	1560	403
chr1	6208240	6214118	6210593	5878	6211179	-2939	2939	-586
chr1	26182702	26187437	26187188	4735	26185069	-2367	2368	2119
chr1	155317947	155318924	155318278	977	155318435	-488	489	-157
chr1	43975882	43977538	43976304	1656	43976710	-828	828	-406
chr1	103525990	103528626	103526221	2636	103527308	-1318	1318	-1087
chr1	211577062	211579845	211578515	2783	211578453	-1391	1392	62
chr1	11053700	11060620	11059273	6920	11057160	-3460	3460	2113
chr1	154267602	154271369	154268785	3767	154269485	-1883	1884	-700
chr1	161169074	161171462	161169695	2388	161170268	-1194	1194	-573
chr1	201464767	201470045	201465853	5278	201467406	-2639	2639	-1553
chr1	155279859	155286466	155282415	6607	155283162	-3303	3304	-747
chr1	155263029	155264030	155263318	1001	155263529	-500	501	-211
chr1	244862886	244865743	244864013	2857	244864314	-1428	1429	-301
chr1	160207714	160211604	160208588	3890	160209659	-1945	1945	-1071
chr1	45620780	45623000	45621953	2220	45621890	-1110	1110	63
chr1	58780835	58786137	58782713	5302	58783486	-2651	2651	-773
chr1	179881808	179884251	179882722	2443	179883029	-1221	1222	-307
chr1	150263349	150266356	150266105	3007	150264852	-1503	1504	1253
chr1	150267428	150270167	150268047	2739	150268797	-1369	1370	-750
chr1	33321856	33324631	33323806	2775	33323243	-1387	1388	563
chr1	179881808	179884251	179882928	2443	179883029	-1221	1222	-101
chr1	963535	968263	964004	4728	965899	-2364	2364	-1895
chr1	42816044	42817506	42816492	1462	42816775	-731	731	-283
chr1	212791154	212795138	212791541	3984	212793146	-1992	1992	-1605
chr1	45326597	45333684	45328036	7087	45330140	-3543	3544	-2104
chr1	155263029	155264030	155263227	1001	155263529	-500	501	-302
chr1	153628108	153632845	153630580	4737	153630476	-2368	2369	104
chr1	155261785	155262911	155262143	1126	155262348	-563	563	-205
chr1	15834147	15835973	15835617	1826	15835060	-913	913	557
chr1	179591159	179593494	179592848	2335	179592326	-1167	1168	522
chr1	6208240	6214118	6211967	5878	6211179	-2939	2939	788
chr1	156741523	156745779	156742576	4256	156743651	-2128	2128	-1075
chr1	155129000	155131746	155131361	2746	155130373	-1373	1373	988
chr1	151398646	151400519	151399711	1873	151399582	-936	937	129
chr1	161047292	161048664	161048438	1372	161047978	-686	686	460
chr1	150577006	150582535	150578456	5529	150579770	-2764	2765	-1314
chr1	45620780	45623000	45622814	2220	45621890	-1110	1110	924
chr1	67684293	67689096	67687841	4803	67686694	-2401	2402	1147
chr1	150267428	150270167	150268720	2739	150268797	-1369	1370	-77
chr1	154550069	154556304	154555518	6235	154553186	-3117	3118	2332
chr1	111192741	111198855	111197228	6114	111195798	-3057	3057	1430
chr1	26889215	26895939	26893404	6724	26892577	-3362	3362	827
chr1	108690135	108693399	108692600	3264	108691767	-1632	1632	833
chr1	154967340	154975235	154974854	7895	154971287	-3947	3948	3567
chr1	145923787	145930160	145926820	6373	145926973	-3186	3187	-153
chr1	156594610	156599170	156595657	4560	156596890	-2280	2280	-1233
chr1	156050621	156055890	156054935	5269	156053255	-2634	2635	1680
chr1	154323517	154328328	154327817	4811	154325922	-2405	2406	1895
chr1	150263349	150266356	150266092	3007	150264852	-1503	1504	1240
chr1	113904126	113906812	113904697	2686	113905469	-1343	1343	-772
chr1	160342439	160345019	160344806	2580	160343729	-1290	1290	1077
chr1	156726277	156729343	156727239	3066	156727810	-1533	1533	-571
chr1	200407901	200411046	200409095	3145	200409473	-1572	1573	-378
chr1	156594610	156599170	156595734	4560	156596890	-2280	2280	-1156
chr1	32333381	32336657	32335011	3276	32335019	-1638	1638	-8
chr1	200407901	200411046	200408787	3145	200409473	-1572	1573	-686
chr1	150263349	150266356	150266043	3007	150264852	-1503	1504	1191
chr1	110337341	110342887	110341965	5546	110340114	-2773	2773	1851
chr1	204410505	204412233	204410670	1728	204411369	-864	864	-699
chr1	155129000	155131746	155131400	2746	155130373	-1373	1373	1027
chr1	161047292	161048664	161047819	1372	161047978	-686	686	-159
chr1	181088390	181090557	181089816	2167	181089473	-1083	1084	343
chr1	155321746	155328952	155322712	7206	155325349	-3603	3603	-2637
chr1	181088390	181090557	181089838	2167	181089473	-1083	1084	365
chr1	85580671	85582611	85582140	1940	85581641	-970	970	499
chr1	43386394	43389005	43386600	2611	43387699	-1305	1306	-1099
chr1	110337341	110342887	110339967	5546	110340114	-2773	2773	-147
chr1	155060158	155062797	155060270	2639	155061477	-1319	1320	-1207
chr1	161047292	161048664	161047895	1372	161047978	-686	686	-83
chr1	149922555	149924928	149923867	2373	149923741	-1186	1187	126
chr1	161037575	161039474	161038626	1899	161038524	-949	950	102
chr1	43386394	43389005	43386588	2611	43387699	-1305	1306	-1111
chr1	156285423	156286712	156285884	1289	156286067	-644	645	-183
chr1	221738029	221743527	221739148	5498	221740778	-2749	2749	-1630
chr1	40691214	40692994	40691830	1780	40692104	-890	890	-274
chr1	153628108	153632845	153631623	4737	153630476	-2368	2369	1147
chr1	211577062	211579845	211578403	2783	211578453	-1391	1392	-50
chr1	150625649	150629945	150627541	4296	150627797	-2148	2148	-256
chr1	160207714	160211604	160208571	3890	160209659	-1945	1945	-1088
chr1	35191421	35193804	35192966	2383	35192612	-1191	1192	354
chr1	202965290	202968233	202965934	2943	202966761	-1471	1472	-827
chr1	155263029	155264030	155263978	1001	155263529	-500	501	449
chr1	85580671	85582611	85582550	1940	85581641	-970	970	909
chr1	108690135	108693399	108692841	3264	108691767	-1632	1632	1074
chr1	110337341	110342887	110341651	5546	110340114	-2773	2773	1537
chr1	145923787	145930160	145927069	6373	145926973	-3186	3187	96
chr1	156726277	156729343	156727227	3066	156727810	-1533	1533	-583
chr1	161114984	161121140	161119186	6156	161118062	-3078	3078	1124
chr1	113389727	113392011	113391110	2284	113390869	-1142	1142	241
chr1	155123365	155128727	155127922	5362	155126046	-2681	2681	1876
chr1	170530649	170532969	170532249	2320	170531809	-1160	1160	440
chr1	202806770	202810255	202808327	3485	202808512	-1742	1743	-185
chr1	213013687	213015882	213015757	2195	213014784	-1097	1098	973
chr1	233612940	233615921	233614348	2981	233614430	-1490	1491	-82
chr1	35556333	35563060	35560634	6727	35559696	-3363	3364	938
chr1	153972617	153977782	153972784	5165	153975199	-2582	2583	-2415
chr1	156741523	156745779	156744187	4256	156743651	-2128	2128	536
chr1	161212057	161216693	161213712	4636	161214375	-2318	2318	-663
chr1	212791154	212795138	212795101	3984	212793146	-1992	1992	1955
chr1	43975882	43977538	43976634	1656	43976710	-828	828	-76
chr1	153668142	153671246	153668547	3104	153669694	-1552	1552	-1147
chr1	32202502	32207732	32203925	5230	32205117	-2615	2615	-1192
chr1	108199119	108201441	108200029	2322	108200280	-1161	1161	-251
chr1	109490617	109492495	109491164	1878	109491556	-939	939	-392
chr1	45002551	45008655	45008366	6104	45005603	-3052	3052	2763
chr1	202965290	202968233	202966024	2943	202966761	-1471	1472	-737
chr1	153972617	153977782	153973244	5165	153975199	-2582	2583	-1955
chr1	43975882	43977538	43977242	1656	43976710	-828	828	532
chr1	161071980	161075267	161072721	3287	161073623	-1643	1644	-902
chr1	153972617	153977782	153974637	5165	153975199	-2582	2583	-562
chr1	32202502	32207732	32207279	5230	32205117	-2615	2615	2162
chr1	173870579	173871897	173871027	1318	173871238	-659	659	-211
chr1	212791154	212795138	212791682	3984	212793146	-1992	1992	-1464
chr1	32333381	32336657	32334829	3276	32335019	-1638	1638	-190
chr1	153951063	153956383	153954889	5320	153953723	-2660	2660	1166
chr1	160342439	160345019	160344500	2580	160343729	-1290	1290	771
chr1	151538765	151545989	151540355	7224	151542377	-3612	3612	-2022
chr1	145923787	145930160	145927411	6373	145926973	-3186	3187	438
chr1	6208240	6214118	6213167	5878	6211179	-2939	2939	1988
chr1	37805349	37809614	37806902	4265	37807481	-2132	2133	-579
chr1	110337341	110342887	110342023	5546	110340114	-2773	2773	1909
chr1	113904126	113906812	113904657	2686	113905469	-1343	1343	-812
chr1	151034134	151037655	151034295	3521	151035894	-1760	1761	-1599
chr1	151198717	151202076	151199079	3359	151200396	-1679	1680	-1317
chr1	155319387	155320229	155319905	842	155319808	-421	421	97
chr1	156594610	156599170	156595485	4560	156596890	-2280	2280	-1405
chr1	181088390	181090557	181088777	2167	181089473	-1083	1084	-696
chr1	181088390	181090557	181089808	2167	181089473	-1083	1084	335
chr1	151457515	151459723	151459444	2208	151458619	-1104	1104	825
chr1	200407901	200411046	200408596	3145	200409473	-1572	1573	-877
chr1	179881808	179884251	179882581	2443	179883029	-1221	1222	-448
chr1	26889215	26895939	26892705	6724	26892577	-3362	3362	128
chr1	111192741	111198855	111197917	6114	111195798	-3057	3057	2119
chr1	145923787	145930160	145925919	6373	145926973	-3186	3187	-1054
chr1	150149511	150155523	150150956	6012	150152517	-3006	3006	-1561
chr1	159928025	159930684	159928586	2659	159929354	-1329	1330	-768
chr1	161169074	161171462	161169660	2388	161170268	-1194	1194	-608
chr1	161212057	161216693	161214188	4636	161214375	-2318	2318	-187
chr1	200737832	200740952	200739937	3120	200739392	-1560	1560	545
chr1	244862886	244865743	244864004	2857	244864314	-1428	1429	-310
chr1	45002551	45008655	45008334	6104	45005603	-3052	3052	2731
chr1	153957573	153964497	153958529	6924	153961035	-3462	3462	-2506
chr1	154967340	154975235	154974883	7895	154971287	-3947	3948	3596
chr1	151034134	151037655	151037523	3521	151035894	-1760	1761	1629
chr1	155135584	155138430	155136931	2846	155137007	-1423	1423	-76
chr1	201464767	201470045	201468555	5278	201467406	-2639	2639	1149
chr1	43975882	43977538	43976100	1656	43976710	-828	828	-610
chr1	151400860	151402348	151400862	1488	151401604	-744	744	-742
chr1	26470760	26473631	26473504	2871	26472195	-1435	1436	1309
chr1	150263349	150266356	150264851	3007	150264852	-1503	1504	-1
chr1	150281278	150286016	150283329	4738	150283647	-2369	2369	-318
chr1	151342066	151344097	151343406	2031	151343081	-1015	1016	325
chr1	155261785	155262911	155262115	1126	155262348	-563	563	-233
chr1	27363084	27367245	27364874	4161	27365164	-2080	2081	-290
chr1	2388166	2392941	2388258	4775	2390553	-2387	2388	-2295
chr1	155321746	155328952	155324698	7206	155325349	-3603	3603	-651
chr1	156285423	156286712	156286398	1289	156286067	-644	645	331
chr1	221738029	221743527	221739725	5498	221740778	-2749	2749	-1053
chr1	36087282	36090966	36087974	3684	36089124	-1842	1842	-1150
chr1	963535	968263	966556	4728	965899	-2364	2364	657
chr1	37552317	37555665	37552687	3348	37553991	-1674	1674	-1304
chr1	150267428	150270167	150268720	2739	150268797	-1369	1370	-77
chr1	202965290	202968233	202965456	2943	202966761	-1471	1472	-1305
chr1	161114984	161121140	161118053	6156	161118062	-3078	3078	-9
chr1	156594610	156599170	156595090	4560	156596890	-2280	2280	-1800
chr1	156594610	156599170	156595584	4560	156596890	-2280	2280	-1306
chr1	173870579	173871897	173870899	1318	173871238	-659	659	-339
chr1	58575507	58578070	58576516	2563	58576788	-1281	1282	-272
chr1	153988080	153991349	153991226	3269	153989714	-1634	1635	1512
chr1	200407901	200411046	200408388	3145	200409473	-1572	1573	-1085
chr1	25230493	25232618	25232132	2125	25231555	-1062	1063	577
chr1	150625649	150629945	150629438	4296	150627797	-2148	2148	1641
chr1	2388166	2392941	2388291	4775	2390553	-2387	2388	-2262
chr1	1309105	1316720	1310552	7615	1312912	-3807	3808	-2360
chr1	233612940	233615921	233614217	2981	233614430	-1490	1491	-213
chr1	45620780	45623000	45622606	2220	45621890	-1110	1110	716
chr1	200407901	200411046	200408924	3145	200409473	-1572	1573	-549
chr1	6208240	6214118	6212824	5878	6211179	-2939	2939	1645
chr1	23557678	23560173	23559051	2495	23558925	-1247	1248	126
chr1	151400860	151402348	151401509	1488	151401604	-744	744	-95
chr1	201464767	201470045	201465607	5278	201467406	-2639	2639	-1799
chr1	161121454	161124393	161121830	2939	161122923	-1469	1470	-1093
chr1	6208240	6214118	6212869	5878	6211179	-2939	2939	1690
chr1	37805349	37809614	37809109	4265	37807481	-2132	2133	1628
chr1	156050621	156055890	156051798	5269	156053255	-2634	2635	-1457
chr1	155135584	155138430	155137999	2846	155137007	-1423	1423	992
chr1	204410505	204412233	204411241	1728	204411369	-864	864	-128
chr1	155321746	155328952	155322045	7206	155325349	-3603	3603	-3304
chr1	156050621	156055890	156051755	5269	156053255	-2634	2635	-1500
chr1	23557678	23560173	23558041	2495	23558925	-1247	1248	-884
chr1	2226608	2232196	2229410	5588	2229402	-2794	2794	8
chr1	221738029	221743527	221739699	5498	221740778	-2749	2749	-1079
chr1	150281278	150286016	150283549	4738	150283647	-2369	2369	-98
chr1	45620780	45623000	45622793	2220	45621890	-1110	1110	903
chr1	170530649	170532969	170532262	2320	170531809	-1160	1160	453
chr1	150577006	150582535	150578883	5529	150579770	-2764	2765	-887
chr1	150267428	150270167	150268061	2739	150268797	-1369	1370	-736
chr1	58780835	58786137	58782737	5302	58783486	-2651	2651	-749
chr1	6208240	6214118	6212368	5878	6211179	-2939	2939	1189
chr1	161047292	161048664	161048554	1372	161047978	-686	686	576
chr1	221738029	221743527	221739023	5498	221740778	-2749	2749	-1755
chr1	151342066	151344097	151343409	2031	151343081	-1015	1016	328
chr1	26889215	26895939	26891047	6724	26892577	-3362	3362	-1530
chr1	154990692	154993450	154992746	2758	154992071	-1379	1379	675
chr1	170530649	170532969	170532179	2320	170531809	-1160	1160	370
chr1	212791154	212795138	212791784	3984	212793146	-1992	1992	-1362
chr1	114716234	114719986	114719652	3752	114718110	-1876	1876	1542
chr1	155319387	155320229	155319905	842	155319808	-421	421	97
chr1	167220890	167222995	167220939	2105	167221942	-1052	1053	-1003
chr2	20446344	20449414	20447368	3070	20447879	-1535	1535	-511
chr2	74458304	74463041	74458494	4737	74460672	-2368	2369	-2178
chr2	27366916	27369683	27369462	2767	27368299	-1383	1384	1163
chr2	3573921	3577717	3576853	3796	3575819	-1898	1898	1034
chr2	43224041	43227934	43226311	3893	43225987	-1946	1947	324
chr2	206158618	206161366	206159979	2748	206159992	-1374	1374	-13
chr2	219278688	219280370	219279860	1682	219279529	-841	841	331
chr2	27326247	27330333	27327185	4086	27328290	-2043	2043	-1105
chr2	152717167	152719307	152717343	2140	152718237	-1070	1070	-894
chr2	152717167	152719307	152718833	2140	152718237	-1070	1070	596
chr2	47174763	47177506	47176461	2743	47176134	-1371	1372	327
chr2	152717167	152719307	152717456	2140	152718237	-1070	1070	-781
chr2	219219419	219226383	219223683	6964	219222901	-3482	3482	782
chr2	226796044	226800731	226798253	4687	226798387	-2343	2344	-134
chr2	108786116	108787294	108786763	1178	108786705	-589	589	58
chr2	74458304	74463041	74461781	4737	74460672	-2368	2369	1109
chr2	219219419	219226383	219224520	6964	219222901	-3482	3482	1619
chr2	238096683	238101037	238096850	4354	238098860	-2177	2177	-2010
chr2	27366916	27369683	27368418	2767	27368299	-1383	1384	119
chr2	27326247	27330333	27329482	4086	27328290	-2043	2043	1192
chr2	219246512	219249251	219247119	2739	219247881	-1369	1370	-762
chr2	207164426	207167377	207165501	2951	207165901	-1475	1476	-400
chr2	177212375	177217070	177215620	4695	177214722	-2347	2348	898
chr2	241352456	241356928	241353906	4472	241354692	-2236	2236	-786
chr2	20446344	20449414	20448392	3070	20447879	-1535	1535	513
chr2	74523191	74527879	74527875	4688	74525535	-2344	2344	2340
chr2	226796044	226800731	226798447	4687	226798387	-2343	2344	60
chr2	27366916	27369683	27368425	2767	27368299	-1383	1384	126
chr2	74523191	74527879	74525070	4688	74525535	-2344	2344	-465
chr2	42766165	42769373	42767624	3208	42767769	-1604	1604	-145
chr2	120345537	120351187	120349419	5650	120348362	-2825	2825	1057
chr2	109613137	109617205	109615915	4068	109615171	-2034	2034	744
chr2	42766165	42769373	42767327	3208	42767769	-1604	1604	-442
chr2	27326247	27330333	27328849	4086	27328290	-2043	2043	559
chr2	65226749	65229182	65227866	2433	65227965	-1216	1217	-99
chr2	3573921	3577717	3576580	3796	3575819	-1898	1898	761
chr2	74832746	74839228	74834539	6482	74835987	-3241	3241	-1448
chr2	216497666	216500537	216499268	2871	216499101	-1435	1436	167
chr2	108786116	108787294	108786876	1178	108786705	-589	589	171
chr2	218394390	218401883	218394705	7493	218398136	-3746	3747	-3431
chr2	202375613	202377731	202377490	2118	202376672	-1059	1059	818
chr2	27326247	27330333	27327274	4086	27328290	-2043	2043	-1016
chr2	173962204	173966192	173965169	3988	173964198	-1994	1994	971
chr2	20446344	20449414	20447783	3070	20447879	-1535	1535	-96
chr2	36355081	36357590	36356556	2509	36356335	-1254	1255	221
chr2	226796044	226800731	226796540	4687	226798387	-2343	2344	-1847
chr2	226796044	226800731	226798070	4687	226798387	-2343	2344	-317
chr2	27366916	27369683	27369035	2767	27368299	-1383	1384	736
chr2	85598558	85604590	85601283	6032	85601574	-3016	3016	-291
chr2	74458304	74463041	74462039	4737	74460672	-2368	2369	1367
chr2	43224041	43227934	43225731	3893	43225987	-1946	1947	-256
chr2	105338984	105340234	105339684	1250	105339609	-625	625	75
chr2	219219419	219226383	219222701	6964	219222901	-3482	3482	-200
chr2	226796044	226800731	226797909	4687	226798387	-2343	2344	-478
chr2	27210208	27213081	27212274	2873	27211644	-1436	1437	630
chr2	74523191	74527879	74523471	4688	74525535	-2344	2344	-2064
chr2	27033742	27038741	27036505	4999	27036241	-2499	2500	264
chr2	43224041	43227934	43226295	3893	43225987	-1946	1947	308
chr2	20446344	20449414	20447828	3070	20447879	-1535	1535	-51
chr2	216497666	216500537	216498809	2871	216499101	-1435	1436	-292
chr2	26030933	26035841	26034237	4908	26033387	-2454	2454	850
chr2	108786116	108787294	108786786	1178	108786705	-589	589	81
chr2	226796044	226800731	226798375	4687	226798387	-2343	2344	-12
chr2	231395126	231400896	231398323	5770	231398011	-2885	2885	312
chr2	20446344	20449414	20447429	3070	20447879	-1535	1535	-450
chr2	24076086	24078550	24076286	2464	24077318	-1232	1232	-1032
chr2	74958378	74960406	74958670	2028	74959392	-1014	1014	-722
chr2	74958378	74960406	74958812	2028	74959392	-1014	1014	-580
chr2	101252195	101254541	101253281	2346	101253368	-1173	1173	-87
chr2	120345537	120351187	120349556	5650	120348362	-2825	2825	1194
chr2	152717167	152719307	152718751	2140	152718237	-1070	1070	514
chr2	206158618	206161366	206159830	2748	206159992	-1374	1374	-162
chr2	177212375	177217070	177215861	4695	177214722	-2347	2348	1139
chr2	231395126	231400896	231397927	5770	231398011	-2885	2885	-84
chr2	85598558	85604590	85599918	6032	85601574	-3016	3016	-1656
chr2	226796044	226800731	226798601	4687	226798387	-2343	2344	214
chr2	74455676	74457955	74457708	2279	74456815	-1139	1140	893
chr2	27033742	27038741	27035611	4999	27036241	-2499	2500	-630
chr2	20446344	20449414	20447502	3070	20447879	-1535	1535	-377
chr2	219219419	219226383	219222382	6964	219222901	-3482	3482	-519
chr2	74458304	74463041	74462607	4737	74460672	-2368	2369	1935
chr2	27033742	27038741	27035173	4999	27036241	-2499	2500	-1068
chr2	218661919	218663653	218662575	1734	218662786	-867	867	-211
chr2	200860957	200863354	200861318	2397	200862155	-1198	1199	-837
chr2	27366916	27369683	27369010	2767	27368299	-1383	1384	711
chr2	231040051	231042363	231041372	2312	231041207	-1156	1156	165
chr2	27326247	27330333	27328159	4086	27328290	-2043	2043	-131
chr2	27366916	27369683	27367618	2767	27368299	-1383	1384	-681
chr2	74458304	74463041	74458530	4737	74460672	-2368	2369	-2142
chr2	74504301	74506230	74506026	1929	74505265	-964	965	761
chr2	105338984	105340234	105339659	1250	105339609	-625	625	50
chr2	130346358	130348782	130346510	2424	130347570	-1212	1212	-1060
chr2	226796044	226800731	226797952	4687	226798387	-2343	2344	-435
chr2	226796044	226800731	226798454	4687	226798387	-2343	2344	67
chr2	43224041	43227934	43225335	3893	43225987	-1946	1947	-652
chr2	43224041	43227934	43225428	3893	43225987	-1946	1947	-559
chr2	20446344	20449414	20447804	3070	20447879	-1535	1535	-75
chr2	27326247	27330333	27326647	4086	27328290	-2043	2043	-1643
chr2	219219419	219226383	219223668	6964	219222901	-3482	3482	767
chr2	219246512	219249251	219247224	2739	219247881	-1369	1370	-657
chr2	219246512	219249251	219248584	2739	219247881	-1369	1370	703
chr2	226796044	226800731	226798060	4687	226798387	-2343	2344	-327
chr2	74458304	74463041	74458553	4737	74460672	-2368	2369	-2119
chr2	177212375	177217070	177216534	4695	177214722	-2347	2348	1812
chr2	27033742	27038741	27035630	4999	27036241	-2499	2500	-611
chr2	218401902	218409025	218402117	7123	218405463	-3561	3562	-3346
chr2	27366916	27369683	27367326	2767	27368299	-1383	1384	-973
chr2	70086204	70090364	70087762	4160	70088284	-2080	2080	-522
chr2	130346358	130348782	130346403	2424	130347570	-1212	1212	-1167
chr2	74458304	74463041	74462752	4737	74460672	-2368	2369	2080
chr2	219219419	219226383	219225458	6964	219222901	-3482	3482	2557
chr2	202375613	202377731	202377490	2118	202376672	-1059	1059	818
chr2	27033742	27038741	27035639	4999	27036241	-2499	2500	-602
chr2	61537724	61540041	61538107	2317	61538882	-1158	1159	-775
chr2	74455676	74457955	74456249	2279	74456815	-1139	1140	-566
chr2	74523191	74527879	74527495	4688	74525535	-2344	2344	1960
chr2	74523191	74527879	74527322	4688	74525535	-2344	2344	1787
chr3	194132399	194139821	194136645	7422	194136110	-3711	3711	535
chr3	15093318	15099367	15096009	6049	15096342	-3024	3025	-333
chr3	49023380	49028077	49024908	4697	49025728	-2348	2349	-820
chr3	49427492	49430017	49429224	2525	49428754	-1262	1263	470
chr3	50352944	50355092	50353632	2148	50354018	-1074	1074	-386
chr3	169965034	169967443	169966829	2409	169966238	-1204	1205	591
chr3	48619303	48624248	48621492	4945	48621775	-2472	2473	-283
chr3	184185335	184186639	184186230	1304	184185987	-652	652	243
chr3	50352944	50355092	50353704	2148	50354018	-1074	1074	-314
chr3	184185335	184186639	184186221	1304	184185987	-652	652	234
chr3	49159011	49165037	49162633	6026	49162024	-3013	3013	609
chr3	49159011	49165037	49163285	6026	49162024	-3013	3013	1261
chr3	9914981	9918108	9917414	3127	9916544	-1563	1564	870
chr3	52249449	52250624	52249473	1175	52250036	-587	588	-563
chr3	127669822	127676278	127671540	6456	127673050	-3228	3228	-1510
chr3	9914981	9918108	9917891	3127	9916544	-1563	1564	1347
chr3	184185335	184186639	184186623	1304	184185987	-652	652	636
chr3	150408034	150411332	150409585	3298	150409683	-1649	1649	-98
chr3	49028281	49033045	49029312	4764	49030663	-2382	2382	-1351
chr3	72445824	72447933	72446606	2109	72446878	-1054	1055	-272
chr3	170869640	170871138	170870197	1498	170870389	-749	749	-192
chr3	49023380	49028077	49024348	4697	49025728	-2348	2349	-1380
chr3	49159011	49165037	49163127	6026	49162024	-3013	3013	1103
chr3	49012331	49018943	49018499	6612	49015637	-3306	3306	2862
chr3	184169739	184172831	184170786	3092	184171285	-1546	1546	-499
chr3	192916948	192919498	192917673	2550	192918223	-1275	1275	-550
chr3	9945730	9951351	9948872	5621	9948540	-2810	2811	332
chr3	4976828	4984042	4979727	7214	4980435	-3607	3607	-708
chr3	154321622	154325090	154324277	3468	154323356	-1734	1734	921
chr3	170866277	170867586	170866388	1309	170866931	-654	655	-543
chr3	150408034	150411332	150409842	3298	150409683	-1649	1649	159
chr3	49012331	49018943	49018538	6612	49015637	-3306	3306	2901
chr3	48619303	48624248	48620972	4945	48621775	-2472	2473	-803
chr3	196938791	196945817	196942565	7026	196942304	-3513	3513	261
chr3	49093123	49097590	49096046	4467	49095356	-2233	2234	690
chr3	52490775	52496966	52492752	6191	52493870	-3095	3096	-1118
chr3	185935735	185938282	185937976	2547	185937008	-1273	1274	968
chr3	192916948	192919498	192917724	2550	192918223	-1275	1275	-499
chr3	9945730	9951351	9950039	5621	9948540	-2810	2811	1499
chr3	50187524	50189638	50187828	2114	50188581	-1057	1057	-753
chr3	9945730	9951351	9949128	5621	9948540	-2810	2811	588
chr3	150408034	150411332	150411042	3298	150409683	-1649	1649	1359
chr3	49023380	49028077	49027743	4697	49025728	-2348	2349	2015
chr3	49672439	49675329	49675288	2890	49673884	-1445	1445	1404
chr3	157157830	157162051	157159434	4221	157159940	-2110	2111	-506
chr3	160564279	160566359	160565253	2080	160565319	-1040	1040	-66
chr3	184382658	184389686	184383058	7028	184386172	-3514	3514	-3114
chr3	49119929	49122458	49121999	2529	49121193	-1264	1265	806
chr4	7038675	7044637	7041823	5962	7041656	-2981	2981	167
chr4	101344875	101350427	101348743	5552	101347651	-2776	2776	1092
chr4	76896040	76898728	76896589	2688	76897384	-1344	1344	-795
chr4	6707308	6710080	6709497	2772	6708694	-1386	1386	803
chr4	6640773	6642459	6640935	1686	6641616	-843	843	-681
chr4	70686553	70690109	70689236	3556	70688331	-1778	1778	905
chr4	986541	992403	988932	5862	989472	-2931	2931	-540
chr4	17810306	17811533	17811031	1227	17810919	-613	614	112
chr4	6640773	6642459	6641147	1686	6641616	-843	843	-469
chr4	99948140	99949308	99948711	1168	99948724	-584	584	-13
chr4	82428118	82431325	82429363	3207	82429721	-1603	1604	-358
chr4	99948140	99949308	99948732	1168	99948724	-584	584	8
chr4	73257201	73262133	73258410	4932	73259667	-2466	2466	-1257
chr4	77156455	77159475	77159428	3020	77157965	-1510	1510	1463
chr4	70686553	70690109	70689300	3556	70688331	-1778	1778	969
chr4	185144007	185145494	185145019	1487	185144750	-743	744	269
chr4	153465116	153467913	153467236	2797	153466514	-1398	1399	722
chr4	99948140	99949308	99948895	1168	99948724	-584	584	171
chr4	173332245	173335318	173333553	3073	173333781	-1536	1537	-228
chr4	182142250	182145965	182142806	3715	182144107	-1857	1858	-1301
chr4	82426454	82427556	82427469	1102	82427005	-551	551	464
chr4	185144007	185145494	185144890	1487	185144750	-743	744	140
chr4	173332245	173335318	173333614	3073	173333781	-1536	1537	-167
chr4	82426454	82427556	82426531	1102	82427005	-551	551	-474
chr4	173332245	173335318	173332946	3073	173333781	-1536	1537	-835
chr4	82428118	82431325	82429303	3207	82429721	-1603	1604	-418
chr4	6707308	6710080	6709558	2772	6708694	-1386	1386	864
chr4	70686553	70690109	70689368	3556	70688331	-1778	1778	1037
chr4	77818500	77823503	77819368	5003	77821001	-2501	2502	-1633
chr4	98257706	98262230	98261533	4524	98259968	-2262	2262	1565
chr4	99948140	99949308	99949108	1168	99948724	-584	584	384
chr4	185144007	185145494	185144818	1487	185144750	-743	744	68
chr4	6707308	6710080	6709594	2772	6708694	-1386	1386	900
chr4	82428118	82431325	82429344	3207	82429721	-1603	1604	-377
chr4	99948140	99949308	99948895	1168	99948724	-584	584	171
chr4	99948140	99949308	99948571	1168	99948724	-584	584	-153
chr4	6640773	6642459	6641222	1686	6641616	-843	843	-394
chr5	141634668	141638740	141635015	4072	141636704	-2036	2036	-1689
chr5	177510470	177513842	177512144	3372	177512156	-1686	1686	-12
chr5	140695351	140697653	140696995	2302	140696502	-1151	1151	493
chr5	2750283	2756353	2755114	6070	2753318	-3035	3035	1796
chr5	141639313	141641341	141640312	2028	141640327	-1014	1014	-15
chr5	79235816	79238452	79237680	2636	79237134	-1318	1318	546
chr5	139400854	139407086	139401771	6232	139403970	-3116	3116	-2199
chr5	6378006	6379762	6378484	1756	6378884	-878	878	-400
chr5	6378006	6379762	6378513	1756	6378884	-878	878	-371
chr5	32173327	32175862	32173822	2535	32174594	-1267	1268	-772
chr5	139389361	139395326	139393614	5965	139392343	-2982	2983	1271
chr5	140640718	140644387	140643929	3669	140642552	-1834	1835	1377
chr5	16463306	16467518	16463684	4212	16465412	-2106	2106	-1728
chr5	150699007	150701159	150701078	2152	150700083	-1076	1076	995
chr5	137751584	137754489	137753821	2905	137753036	-1452	1453	785
chr5	141639313	141641341	141640384	2028	141640327	-1014	1014	57
chr5	141920748	141924577	141923824	3829	141922662	-1914	1915	1162
chr5	141639313	141641341	141639698	2028	141640327	-1014	1014	-629
chr5	141920748	141924577	141923909	3829	141922662	-1914	1915	1247
chr5	139389361	139395326	139392337	5965	139392343	-2982	2983	-6
chr5	2746426	2748988	2748638	2562	2747707	-1281	1281	931
chr5	139389361	139395326	139394252	5965	139392343	-2982	2983	1909
chr5	890976	893918	891754	2942	892447	-1471	1471	-693
chr5	58458813	58461340	58459122	2527	58460076	-1263	1264	-954
chr5	139400854	139407086	139401746	6232	139403970	-3116	3116	-2224
chr5	141920748	141924577	141923846	3829	141922662	-1914	1915	1184
chr5	139389361	139395326	139393417	5965	139392343	-2982	2983	1074
chr5	79235816	79238452	79237451	2636	79237134	-1318	1318	317
chr5	141318687	141319818	141319506	1131	141319252	-565	566	254
chr5	141639313	141641341	141639749	2028	141640327	-1014	1014	-578
chr5	2750283	2756353	2755053	6070	2753318	-3035	3035	1735
chr5	139389361	139395326	139393351	5965	139392343	-2982	2983	1008
chr5	137751584	137754489	137752883	2905	137753036	-1452	1453	-153
chr5	16463306	16467518	16465510	4212	16465412	-2106	2106	98
chr5	16463306	16467518	16465511	4212	16465412	-2106	2106	99
chr5	139389361	139395326	139393978	5965	139392343	-2982	2983	1635
chr5	141639313	141641341	141640552	2028	141640327	-1014	1014	225
chr5	139400854	139407086	139402678	6232	139403970	-3116	3116	-1292
chr5	177510470	177513842	177511744	3372	177512156	-1686	1686	-412
chr6	33409254	33412600	33412304	3346	33410927	-1673	1673	1377
chr6	10417953	10419627	10419558	1674	10418790	-837	837	768
chr6	27866609	27868605	27867086	1996	27867607	-998	998	-521
chr6	27836509	27838789	27838771	2280	27837649	-1140	1140	1122
chr6	33314433	33318611	33316250	4178	33316522	-2089	2089	-272
chr6	27866609	27868605	27866966	1996	27867607	-998	998	-641
chr6	43178584	43181442	43179433	2858	43180013	-1429	1429	-580
chr6	33453440	33455884	33455767	2444	33454662	-1222	1222	1105
chr6	26155581	26158361	26157096	2780	26156971	-1390	1390	125
chr6	33211051	33212572	33211850	1521	33211811	-760	761	39
chr6	30555261	30559939	30556156	4678	30557600	-2339	2339	-1444
chr6	31899044	31905019	31900218	5975	31902031	-2987	2988	-1813
chr6	110873964	110876079	110875003	2115	110875021	-1057	1058	-18
chr6	131948665	131951790	131950307	3125	131950227	-1562	1563	80
chr6	33314433	33318611	33315611	4178	33316522	-2089	2089	-911
chr6	73392932	73395400	73395000	2468	73394166	-1234	1234	834
chr6	132813604	132814894	132814583	1290	132814249	-645	645	334
chr6	131948665	131951790	131949541	3125	131950227	-1562	1563	-686
chr6	43012312	43015271	43013252	2959	43013791	-1479	1480	-539
chr6	43039660	43041234	43040179	1574	43040447	-787	787	-268
chr6	31899044	31905019	31901005	5975	31902031	-2987	2988	-1026
chr6	43019606	43020880	43020765	1274	43020243	-637	637	522
chr6	44251736	44258674	44255531	6938	44255205	-3469	3469	326
chr6	73392932	73395400	73394992	2468	73394166	-1234	1234	826
chr6	170287166	170294292	170289723	7126	170290729	-3563	3563	-1006
chr6	30909531	30916450	30914853	6919	30912990	-3459	3460	1863
chr6	139372988	139375125	139373725	2137	139374056	-1068	1069	-331
chr6	169750850	169753628	169751067	2778	169752239	-1389	1389	-1172
chr6	26155581	26158361	26158165	2780	26156971	-1390	1390	1194
chr6	82363501	82365741	82365408	2240	82364621	-1120	1120	787
chr6	154832415	154833127	154832949	712	154832771	-356	356	178
chr6	73392932	73395400	73394877	2468	73394166	-1234	1234	711
chr6	44261828	44267191	44265086	5363	44264509	-2681	2682	577
chr6	30624414	30629765	30627230	5351	30627089	-2675	2676	141
chr6	31661405	31666726	31663857	5321	31664065	-2660	2661	-208
chr6	26155581	26158361	26156572	2780	26156971	-1390	1390	-399
chr6	44251736	44258674	44254773	6938	44255205	-3469	3469	-432
chr6	139372988	139375125	139373185	2137	139374056	-1068	1069	-871
chr6	131948665	131951790	131950011	3125	131950227	-1562	1563	-216
chr6	43024250	43028878	43025076	4628	43026564	-2314	2314	-1488
chr6	158817553	158819936	158818125	2383	158818744	-1191	1192	-619
chr6	27836509	27838789	27838335	2280	27837649	-1140	1140	686
chr6	167825459	167828153	167826083	2694	167826806	-1347	1347	-723
chr6	30909531	30916450	30915777	6919	30912990	-3459	3460	2787
chr6	43035525	43039315	43037711	3790	43037420	-1895	1895	291
chr6	44251736	44258674	44255354	6938	44255205	-3469	3469	149
chr6	44251736	44258674	44256439	6938	44255205	-3469	3469	1234
chr6	33314433	33318611	33315849	4178	33316522	-2089	2089	-673
chr6	33413462	33415405	33414309	1943	33414433	-971	972	-124
chr6	43012312	43015271	43013334	2959	43013791	-1479	1480	-457
chr6	43012312	43015271	43012476	2959	43013791	-1479	1480	-1315
chr6	43035525	43039315	43038563	3790	43037420	-1895	1895	1143
chr6	27836509	27838789	27838123	2280	27837649	-1140	1140	474
chr6	26155581	26158361	26156657	2780	26156971	-1390	1390	-314
chr6	43006663	43011099	43010986	4436	43008881	-2218	2218	2105
chr6	35495749	35502112	35498299	6363	35498930	-3181	3182	-631
chr6	26232827	26234688	26234589	1861	26233757	-930	931	832
chr6	31860810	31862967	31862749	2157	31861888	-1078	1079	861
chr6	43006663	43011099	43010688	4436	43008881	-2218	2218	1807
chr6	89083945	89085026	89084178	1081	89084485	-540	541	-307
chr6	33575045	33580260	33577548	5215	33577652	-2607	2608	-104
chr6	26051501	26056616	26055889	5115	26054058	-2557	2558	1831
chr6	33314433	33318611	33315669	4178	33316522	-2089	2089	-853
chr6	33314433	33318611	33316713	4178	33316522	-2089	2089	191
chr6	34247481	34250908	34247792	3427	34249194	-1713	1714	-1402
chr6	28922952	28925199	28923260	2247	28924075	-1123	1124	-815
chr6	30909531	30916450	30911179	6919	30912990	-3459	3460	-1811
chr6	33453440	33455884	33455749	2444	33454662	-1222	1222	1087
chr6	156776972	156780129	156778149	3157	156778550	-1578	1579	-401
chr6	26051501	26056616	26055834	5115	26054058	-2557	2558	1776
chr6	26051501	26056616	26055878	5115	26054058	-2557	2558	1820
chr6	27836509	27838789	27838112	2280	27837649	-1140	1140	463
chr6	169701646	169703832	169702603	2186	169702739	-1093	1093	-136
chr6	169701646	169703832	169703368	2186	169702739	-1093	1093	629
chr6	32186623	32189053	32187142	2430	32187838	-1215	1215	-696
chr6	44251736	44258674	44255298	6938	44255205	-3469	3469	93
chr6	34243465	34247115	34246522	3650	34245290	-1825	1825	1232
chr6	26155581	26158361	26156675	2780	26156971	-1390	1390	-296
chr6	44251736	44258674	44254706	6938	44255205	-3469	3469	-499
chr6	27836509	27838789	27838306	2280	27837649	-1140	1140	657
chr6	43169162	43175414	43173960	6252	43172288	-3126	3126	1672
chr6	30743669	30746008	30743926	2339	30744838	-1169	1170	-912
chr6	33274740	33281352	33276066	6612	33278046	-3306	3306	-1980
chr6	26232827	26234688	26234490	1861	26233757	-930	931	733
chr6	30071046	30078106	30075769	7060	30074576	-3530	3530	1193
chr6	43012312	43015271	43013122	2959	43013791	-1479	1480	-669
chr6	26155581	26158361	26158156	2780	26156971	-1390	1390	1185
chr6	26232827	26234688	26234459	1861	26233757	-930	931	702
chr6	43012312	43015271	43012961	2959	43013791	-1479	1480	-830
chr6	27836509	27838789	27838745	2280	27837649	-1140	1140	1096
chr6	44251736	44258674	44255391	6938	44255205	-3469	3469	186
chr6	32186623	32189053	32186812	2430	32187838	-1215	1215	-1026
chr6	26232827	26234688	26234269	1861	26233757	-930	931	512
chr6	30909531	30916450	30913180	6919	30912990	-3459	3460	190
chr6	30909531	30916450	30915153	6919	30912990	-3459	3460	2163
chr6	30489444	30493501	30489565	4057	30491472	-2028	2029	-1907
chr6	169750850	169753628	169751336	2778	169752239	-1389	1389	-903
chr6	26596434	26599131	26598050	2697	26597782	-1348	1349	268
chr6	32186623	32189053	32187029	2430	32187838	-1215	1215	-809
chr6	43178584	43181442	43179255	2858	43180013	-1429	1429	-758
chr6	109467109	109470739	109467723	3630	109468924	-1815	1815	-1201
chr6	27866609	27868605	27867101	1996	27867607	-998	998	-506
chr6	167825459	167828153	167825958	2694	167826806	-1347	1347	-848
chr6	167825459	167828153	167826035	2694	167826806	-1347	1347	-771
chr6	27836509	27838789	27837976	2280	27837649	-1140	1140	327
chr6	139372988	139375125	139373952	2137	139374056	-1068	1069	-104
chr6	89083945	89085026	89084378	1081	89084485	-540	541	-107
chr6	30743669	30746008	30743972	2339	30744838	-1169	1170	-866
chr6	33314433	33318611	33316004	4178	33316522	-2089	2089	-518
chr6	26596434	26599131	26598289	2697	26597782	-1348	1349	507
chr6	132813604	132814894	132814595	1290	132814249	-645	645	346
chr6	132813604	132814894	132814596	1290	132814249	-645	645	347
chr6	158817553	158819936	158818118	2383	158818744	-1191	1192	-626
chr6	26596434	26599131	26597982	2697	26597782	-1348	1349	200
chr6	43035525	43039315	43037743	3790	43037420	-1895	1895	323
chr6	44251736	44258674	44256461	6938	44255205	-3469	3469	1256
chr6	43035525	43039315	43037773	3790	43037420	-1895	1895	353
chr6	27866609	27868605	27867416	1996	27867607	-998	998	-191
chr6	43178584	43181442	43179915	2858	43180013	-1429	1429	-98
chr6	31661405	31666726	31663994	5321	31664065	-2660	2661	-71
chr6	44249187	44250552	44249733	1365	44249869	-682	683	-136
chr6	27836509	27838789	27837957	2280	27837649	-1140	1140	308
chr6	33314433	33318611	33316566	4178	33316522	-2089	2089	44
chr6	32969777	32971785	32971690	2008	32970781	-1004	1004	909
chr6	10417953	10419627	10419520	1674	10418790	-837	837	730
chr6	21596595	21597942	21597493	1347	21597268	-673	674	225
chr6	33453440	33455884	33455430	2444	33454662	-1222	1222	768
chr6	26051501	26056616	26055811	5115	26054058	-2557	2558	1753
chr6	167825459	167828153	167826132	2694	167826806	-1347	1347	-674
chr6	26232827	26234688	26234265	1861	26233757	-930	931	508
chr6	31899044	31905019	31900059	5975	31902031	-2987	2988	-1972
chr6	43169162	43175414	43173939	6252	43172288	-3126	3126	1651
chr6	43012312	43015271	43013185	2959	43013791	-1479	1480	-606
chr6	73392932	73395400	73394982	2468	73394166	-1234	1234	816
chr6	26596434	26599131	26598605	2697	26597782	-1348	1349	823
chr6	27836509	27838789	27838278	2280	27837649	-1140	1140	629
chr6	44251736	44258674	44256412	6938	44255205	-3469	3469	1207
chr6	27836509	27838789	27838154	2280	27837649	-1140	1140	505
chr7	73686244	73689956	73686640	3712	73688100	-1856	1856	-1460
chr7	152434253	152437412	152435730	3159	152435832	-1579	1580	-102
chr7	139338924	139343169	139341419	4245	139341046	-2122	2123	373
chr7	100095581	100099543	100099298	3962	100097562	-1981	1981	1736
chr7	73678995	73685102	73683218	6107	73682048	-3053	3054	1170
chr7	44577925	44579987	44579520	2062	44578956	-1031	1031	564
chr7	44571578	44574824	44572593	3246	44573201	-1623	1623	-608
chr7	101087060	101094051	101087361	6991	101090555	-3495	3496	-3194
chr7	151052650	151056748	151055373	4098	151054699	-2049	2049	674
chr7	108568764	108570484	108569653	1720	108569624	-860	860	29
chr7	102464330	102469636	102466168	5306	102466983	-2653	2653	-815
chr7	73678995	73685102	73683845	6107	73682048	-3053	3054	1797
chr7	98877133	98882066	98881111	4933	98879599	-2466	2467	1512
chr7	151048292	151050945	151049344	2653	151049618	-1326	1327	-274
chr7	101087060	101094051	101088846	6991	101090555	-3495	3496	-1709
chr7	100100323	100103423	100102384	3100	100101873	-1550	1550	511
chr7	44571578	44574824	44572407	3246	44573201	-1623	1623	-794
chr7	73731828	73739375	73737263	7547	73735601	-3773	3774	1662
chr7	2241669	2245495	2244710	3826	2243582	-1913	1913	1128
chr7	151048292	151050945	151048985	2653	151049618	-1326	1327	-633
chr7	100571803	100574670	100572390	2867	100573236	-1433	1434	-846
chr7	76302026	76304970	76304224	2944	76303498	-1472	1472	726
chr7	139338924	139343169	139341501	4245	139341046	-2122	2123	455
chr7	139338924	139343169	139341259	4245	139341046	-2122	2123	213
chr7	151048292	151050945	151048946	2653	151049618	-1326	1327	-672
chr7	151052650	151056748	151055068	4098	151054699	-2049	2049	369
chr7	76302026	76304970	76304065	2944	76303498	-1472	1472	567
chr7	73686244	73689956	73686900	3712	73688100	-1856	1856	-1200
chr7	99503131	99508469	99506281	5338	99505800	-2669	2669	481
chr7	100125157	100129493	100128120	4336	100127325	-2168	2168	795
chr7	102464330	102469636	102468331	5306	102466983	-2653	2653	1348
chr7	151048292	151050945	151049069	2653	151049618	-1326	1327	-549
chr7	151052650	151056748	151056591	4098	151054699	-2049	2049	1892
chr7	149770963	149778654	149776934	7691	149774808	-3845	3846	2126
chr7	151048292	151050945	151048959	2653	151049618	-1326	1327	-659
chr7	73767615	73770524	73769320	2909	73769069	-1454	1455	251
chr7	44571578	44574824	44571704	3246	44573201	-1623	1623	-1497
chr7	106283630	106286878	106284974	3248	106285254	-1624	1624	-280
chr7	100576486	100582989	100582428	6503	100579737	-3251	3252	2691
chr7	100095581	100099543	100099315	3962	100097562	-1981	1981	1753
chr7	73686244	73689956	73687004	3712	73688100	-1856	1856	-1096
chr7	100095581	100099543	100099274	3962	100097562	-1981	1981	1712
chr7	66088889	66095431	66088914	6542	66092160	-3271	3271	-3246
chr7	151048292	151050945	151049073	2653	151049618	-1326	1327	-545
chr7	100095581	100099543	100099187	3962	100097562	-1981	1981	1625
chr7	139338924	139343169	139341498	4245	139341046	-2122	2123	452
chr7	100366311	100372652	100367630	6341	100369481	-3170	3171	-1851
chr7	100119767	100125000	100122300	5233	100122383	-2616	2617	-83
chr7	100095581	100099543	100099114	3962	100097562	-1981	1981	1552
chr7	66992437	66995820	66995367	3383	66994128	-1691	1692	1239
chr7	73686244	73689956	73686896	3712	73688100	-1856	1856	-1204
chr7	99503131	99508469	99506053	5338	99505800	-2669	2669	253
chr7	100089798	100094692	100092877	4894	100092245	-2447	2447	632
chr7	100571803	100574670	100572569	2867	100573236	-1433	1434	-667
chr7	100576486	100582989	100577843	6503	100579737	-3251	3252	-1894
chr7	102464330	102469636	102468135	5306	102466983	-2653	2653	1152
chr7	127589118	127590904	127589958	1786	127590011	-893	893	-53
chr7	151048292	151050945	151049095	2653	151049618	-1326	1327	-523
chr7	151048292	151050945	151050226	2653	151049618	-1326	1327	608
chr7	101087060	101094051	101088837	6991	101090555	-3495	3496	-1718
chr7	74171280	74175517	74174395	4237	74173398	-2118	2119	997
chr7	2241669	2245495	2244655	3826	2243582	-1913	1913	1073
chr7	102464330	102469636	102467747	5306	102466983	-2653	2653	764
chr7	151052650	151056748	151056597	4098	151054699	-2049	2049	1898
chr7	92589313	92591195	92590349	1882	92590254	-941	941	95
chr7	100089798	100094692	100091470	4894	100092245	-2447	2447	-775
chr7	100571803	100574670	100572404	2867	100573236	-1433	1434	-832
chr7	101087060	101094051	101089118	6991	101090555	-3495	3496	-1437
chr7	151048292	151050945	151049277	2653	151049618	-1326	1327	-341
chr7	100089798	100094692	100091277	4894	100092245	-2447	2447	-968
chr7	73731828	73739375	73737593	7547	73735601	-3773	3774	1992
chr7	100089798	100094692	100092835	4894	100092245	-2447	2447	590
chr7	100366311	100372652	100367422	6341	100369481	-3170	3171	-2059
chr7	100089798	100094692	100092918	4894	100092245	-2447	2447	673
chr7	100119767	100125000	100124891	5233	100122383	-2616	2617	2508
chr7	100089798	100094692	100089818	4894	100092245	-2447	2447	-2427
chr7	120949393	120951470	120951135	2077	120950431	-1038	1039	704
chr7	73731828	73739375	73736338	7547	73735601	-3773	3774	737
chr8	47734857	47739132	47735411	4275	47736994	-2137	2138	-1583
chr8	102653248	102658660	102653494	5412	102655954	-2706	2706	-2460
chr8	143974839	143978636	143975285	3797	143976737	-1898	1899	-1452
chr8	124537864	124539649	124539206	1785	124538756	-892	893	450
chr8	97274351	97279248	97277329	4897	97276799	-2448	2449	530
chr8	126555222	126559654	126556398	4432	126557438	-2216	2216	-1040
chr8	37693616	37698922	37698037	5306	37696269	-2653	2653	1768
chr8	37693616	37698922	37698039	5306	37696269	-2653	2653	1770
chr8	144431485	144437772	144432423	6287	144434628	-3143	3144	-2205
chr8	23246354	23247624	23246635	1270	23246989	-635	635	-354
chr8	144082058	144088146	144084827	6088	144085102	-3044	3044	-275
chr8	97274351	97279248	97277380	4897	97276799	-2448	2449	581
chr8	22689056	22696052	22690594	6996	22692554	-3498	3498	-1960
chr8	80485424	80487928	80487247	2504	80486676	-1252	1252	571
chr8	118109724	118112622	118111081	2898	118111173	-1449	1449	-92
chr8	126555222	126559654	126557189	4432	126557438	-2216	2216	-249
chr8	37693616	37698922	37698543	5306	37696269	-2653	2653	2274
chr8	144082058	144088146	144085671	6088	144085102	-3044	3044	569
chr8	118109724	118112622	118110266	2898	118111173	-1449	1449	-907
chr8	94640999	94643119	94641971	2120	94642059	-1060	1060	-88
chr8	143249113	143251772	143250140	2659	143250442	-1329	1330	-302
chr8	124537864	124539649	124539089	1785	124538756	-892	893	333
chr8	126555222	126559654	126556652	4432	126557438	-2216	2216	-786
chr8	22689056	22696052	22689612	6996	22692554	-3498	3498	-2942
chr8	63167178	63169534	63169399	2356	63168356	-1178	1178	1043
chr8	126555222	126559654	126557465	4432	126557438	-2216	2216	27
chr8	142679439	142681825	142680621	2386	142680632	-1193	1193	-11
chr8	144079324	144081891	144080587	2567	144080607	-1283	1284	-20
chr8	97274351	97279248	97276514	4897	97276799	-2448	2449	-285
chr8	144082058	144088146	144084514	6088	144085102	-3044	3044	-588
chr8	8700818	8703276	8702914	2458	8702047	-1229	1229	867
chr8	125433112	125433578	125433380	466	125433345	-233	233	35
chr8	143249113	143251772	143250345	2659	143250442	-1329	1330	-97
chr8	102653248	102658660	102655580	5412	102655954	-2706	2706	-374
chr8	47734857	47739132	47735560	4275	47736994	-2137	2138	-1434
chr8	144082058	144088146	144083295	6088	144085102	-3044	3044	-1807
chr8	97274351	97279248	97276951	4897	97276799	-2448	2449	152
chr8	143249113	143251772	143250035	2659	143250442	-1329	1330	-407
chr8	37693616	37698922	37696129	5306	37696269	-2653	2653	-140
chr8	37693616	37698922	37696138	5306	37696269	-2653	2653	-131
chr8	85176762	85178501	85177648	1739	85177631	-869	870	17
chr8	63167178	63169534	63168844	2356	63168356	-1178	1178	488
chr8	47734857	47739132	47735356	4275	47736994	-2137	2138	-1638
chr8	11328178	11332268	11331684	4090	11330223	-2045	2045	1461
chr8	97274351	97279248	97276617	4897	97276799	-2448	2449	-182
chr8	91069501	91071834	91070331	2333	91070667	-1166	1167	-336
chr8	144082058	144088146	144085985	6088	144085102	-3044	3044	883
chr8	97274351	97279248	97276799	4897	97276799	-2448	2449	0
chr8	80485424	80487928	80487672	2504	80486676	-1252	1252	996
chr8	94640999	94643119	94642053	2120	94642059	-1060	1060	-6
chr8	22689056	22696052	22691091	6996	22692554	-3498	3498	-1463
chr9	133056804	133060628	133058091	3824	133058716	-1912	1912	-625
chr9	95874487	95876792	95875263	2305	95875639	-1152	1153	-376
chr9	113372153	113375572	113374003	3419	113373862	-1709	1710	141
chr9	35731772	35739402	35735124	7630	35735587	-3815	3815	-463
chr9	35731772	35739402	35732818	7630	35735587	-3815	3815	-2769
chr9	133331589	133339454	133333732	7865	133335521	-3932	3933	-1789
chr9	38619483	38622702	38620237	3219	38621092	-1609	1610	-855
chr9	133408504	133411020	133410997	2516	133409762	-1258	1258	1235
chr9	137609842	137616204	137615837	6362	137613023	-3181	3181	2814
chr9	137609842	137616204	137615917	6362	137613023	-3181	3181	2894
chr9	89604431	89606523	89605256	2092	89605477	-1046	1046	-221
chr9	89604431	89606523	89605811	2092	89605477	-1046	1046	334
chr9	135502860	135507578	135503571	4718	135505219	-2359	2359	-1648
chr9	33264050	33266662	33266047	2612	33265356	-1306	1306	691
chr9	128274995	128280014	128276303	5019	128277504	-2509	2510	-1201
chr9	133457800	133461719	133458032	3919	133459759	-1959	1960	-1727
chr9	137554334	137556029	137555419	1695	137555181	-847	848	238
chr9	127705572	127712055	127707137	6483	127708813	-3241	3242	-1676
chr9	135502860	135507578	135503192	4718	135505219	-2359	2359	-2027
chr9	137554334	137556029	137555536	1695	137555181	-847	848	355
chr9	133349415	133351371	133349427	1956	133350393	-978	978	-966
chr9	137187190	137192973	137189119	5783	137190081	-2891	2892	-962
chr9	38392156	38397683	38395917	5527	38394919	-2763	2764	998
chr9	33260305	33261210	33261119	905	33260757	-452	453	362
chr9	122911708	122916757	122911863	5049	122914232	-2524	2525	-2369
chr9	135502860	135507578	135503929	4718	135505219	-2359	2359	-1290
chr9	37420497	37424314	37422823	3817	37422405	-1908	1909	418
chr9	137187190	137192973	137187332	5783	137190081	-2891	2892	-2749
chr9	93449471	93452662	93451004	3191	93451066	-1595	1596	-62
chr9	133344602	133348611	133348236	4009	133346606	-2004	2005	1630
chr9	135502860	135507578	135503911	4718	135505219	-2359	2359	-1308
chr9	34988932	34991958	34990604	3026	34990445	-1513	1513	159
chr9	133351389	133354160	133353795	2771	133352774	-1385	1386	1021
chr9	35731772	35739402	35733106	7630	35735587	-3815	3815	-2481
chr9	136790561	136793156	136792835	2595	136791858	-1297	1298	977
chr9	6006800	6009152	6007299	2352	6007976	-1176	1176	-677
chr9	128274995	128280014	128276294	5019	128277504	-2509	2510	-1210
chr9	137187190	137192973	137187552	5783	137190081	-2891	2892	-2529
chr9	34988932	34991958	34990770	3026	34990445	-1513	1513	325
chr9	124854885	124859975	124857366	5090	124857430	-2545	2545	-64
chr9	135502860	135507578	135503777	4718	135505219	-2359	2359	-1442
chr9	137609842	137616204	137616011	6362	137613023	-3181	3181	2988
chr9	19375794	19376683	19376336	889	19376238	-444	445	98
chr9	113372153	113375572	113374523	3419	113373862	-1709	1710	661
chr9	6006800	6009152	6007235	2352	6007976	-1176	1176	-741
chr9	133056804	133060628	133058048	3824	133058716	-1912	1912	-668
chr9	113372153	113375572	113373491	3419	113373862	-1709	1710	-371
chr9	122911708	122916757	122912036	5049	122914232	-2524	2525	-2196
chr9	128274995	128280014	128276316	5019	128277504	-2509	2510	-1188
chr9	133351389	133354160	133351937	2771	133352774	-1385	1386	-837
chr9	133358709	133362004	133360091	3295	133360356	-1647	1648	-265
chr9	135502860	135507578	135503839	4718	135505219	-2359	2359	-1380
chr9	137609842	137616204	137616055	6362	137613023	-3181	3181	3032
chr9	128266983	128273996	128273847	7013	128270489	-3506	3507	3358
chr9	34988932	34991958	34990778	3026	34990445	-1513	1513	333
chr9	113372153	113375572	113374129	3419	113373862	-1709	1710	267
chr9	136938341	136945118	136940919	6777	136941729	-3388	3389	-810
chr9	136114816	136119949	136116688	5133	136117382	-2566	2567	-694
chr9	37425522	37429247	37426624	3725	37427384	-1862	1863	-760
chr9	130892607	130895048	130893471	2441	130893827	-1220	1221	-356
chr9	133351389	133354160	133354056	2771	133352774	-1385	1386	1282
chr9	124854885	124859975	124856767	5090	124857430	-2545	2545	-663
chr9	137609842	137616204	137615070	6362	137613023	-3181	3181	2047
chr9	137457730	137462960	137462308	5230	137460345	-2615	2615	1963
chr9	19375794	19376683	19376264	889	19376238	-444	445	26
chr9	122911708	122916757	122911909	5049	122914232	-2524	2525	-2323
chr9	128274995	128280014	128275927	5019	128277504	-2509	2510	-1577
chr9	133344602	133348611	133345249	4009	133346606	-2004	2005	-1357
chr9	128274995	128280014	128276698	5019	128277504	-2509	2510	-806
chr10	102066283	102069433	102066525	3150	102067858	-1575	1575	-1333
chr10	118045637	118048174	118046145	2537	118046905	-1268	1269	-760
chr10	118045637	118048174	118045920	2537	118046905	-1268	1269	-985
chr10	73766668	73770278	73768829	3610	73768473	-1805	1805	356
chr10	133311937	133313862	133312934	1925	133312899	-962	963	35
chr10	87861059	87865585	87864497	4526	87863322	-2263	2263	1175
chr10	68074145	68075843	68075200	1698	68074994	-849	849	206
chr10	118045637	118048174	118047032	2537	118046905	-1268	1269	127
chr10	17227819	17230883	17230671	3064	17229351	-1532	1532	1320
chr10	102066283	102069433	102067128	3150	102067858	-1575	1575	-730
chr10	987317	989625	988464	2308	988471	-1154	1154	-7
chr10	52314151	52316000	52314533	1849	52315075	-924	925	-542
chr10	28529684	28534500	28532694	4816	28532092	-2408	2408	602
chr10	73771408	73774536	73773397	3128	73772972	-1564	1564	425
chr10	102066283	102069433	102067991	3150	102067858	-1575	1575	133
chr10	17227819	17230883	17229828	3064	17229351	-1532	1532	477
chr10	94400130	94404116	94402611	3986	94402123	-1993	1993	488
chr10	73771408	73774536	73773796	3128	73772972	-1564	1564	824
chr10	73771408	73774536	73771736	3128	73772972	-1564	1564	-1236
chr10	73771408	73774536	73772091	3128	73772972	-1564	1564	-881
chr10	73771408	73774536	73772457	3128	73772972	-1564	1564	-515
chr10	123153882	123155905	123155086	2023	123154893	-1011	1012	193
chr10	102420994	102428735	102423370	7741	102424864	-3870	3871	-1494
chr10	87861059	87865585	87862303	4526	87863322	-2263	2263	-1019
chr10	102641772	102647701	102644815	5929	102644736	-2964	2965	79
chr10	22319041	22323062	22319967	4021	22321051	-2010	2011	-1084
chr10	73771408	73774536	73773571	3128	73772972	-1564	1564	599
chr10	98414108	98416840	98415074	2732	98415474	-1366	1366	-400
chr10	73496535	73498828	73498662	2293	73497681	-1146	1147	981
chr10	102149352	102156869	102149958	7517	102153110	-3758	3759	-3152
chr10	73766668	73770278	73769125	3610	73768473	-1805	1805	652
chr10	73766668	73770278	73769833	3610	73768473	-1805	1805	1360
chr10	1048502	1049054	1048876	552	1048778	-276	276	98
chr10	18658475	18660772	18659666	2297	18659623	-1148	1149	43
chr10	73771408	73774536	73771828	3128	73772972	-1564	1564	-1144
chr10	3777815	3782398	3782077	4583	3780106	-2291	2292	1971
chr10	73496535	73498828	73498743	2293	73497681	-1146	1147	1062
chr10	28529684	28534500	28533595	4816	28532092	-2408	2408	1503
chr10	73771408	73774536	73772969	3128	73772972	-1564	1564	-3
chr10	100283027	100287226	100286145	4199	100285126	-2099	2100	1019
chr10	102066283	102069433	102067527	3150	102067858	-1575	1575	-331
chr10	101060343	101065453	101064952	5110	101062898	-2555	2555	2054
chr10	101060343	101065453	101064345	5110	101062898	-2555	2555	1447
chr11	73307065	73312027	73311230	4962	73309546	-2481	2481	1684
chr11	1596299	1598659	1597436	2360	1597479	-1180	1180	-43
chr11	65914927	65922841	65917250	7914	65918884	-3957	3957	-1634
chr11	66254364	66259748	66258739	5384	66257056	-2692	2692	1683
chr11	65775055	65783036	65778100	7981	65779045	-3990	3991	-945
chr11	812545	815675	812762	3130	814110	-1565	1565	-1348
chr11	66335067	66338108	66335835	3041	66336587	-1520	1521	-752
chr11	65086044	65089150	65086444	3106	65087597	-1553	1553	-1153
chr11	62660241	62666599	62666503	6358	62663420	-3179	3179	3083
chr11	64223872	64227729	64225865	3857	64225800	-1928	1929	65
chr11	62676500	62683117	62676637	6617	62679808	-3308	3309	-3171
chr11	65775055	65783036	65779379	7981	65779045	-3990	3991	334
chr11	65996412	66000833	66000377	4421	65998622	-2210	2211	1755
chr11	62804927	62807252	62805387	2325	62806089	-1162	1163	-702
chr11	64223872	64227729	64224568	3857	64225800	-1928	1929	-1232
chr11	66464852	66470360	66468876	5508	66467606	-2754	2754	1270
chr11	66254364	66259748	66258814	5384	66257056	-2692	2692	1758
chr11	73869721	73873519	73873156	3798	73871620	-1899	1899	1536
chr11	65914927	65922841	65920372	7914	65918884	-3957	3957	1488
chr11	65711560	65719441	65713649	7881	65715500	-3940	3941	-1851
chr11	62784799	62792273	62789031	7474	62788536	-3737	3737	495
chr11	64316793	64322457	64319843	5664	64319625	-2832	2832	218
chr11	119335052	119338374	119336214	3322	119336713	-1661	1661	-499
chr11	65616459	65619083	65617326	2624	65617771	-1312	1312	-445
chr11	126262717	126268473	126265070	5756	126265595	-2878	2878	-525
chr11	64303510	64307796	64304566	4286	64305653	-2143	2143	-1087
chr11	62784799	62792273	62792141	7474	62788536	-3737	3737	3605
chr11	85684967	85686382	85686135	1415	85685674	-707	708	461
chr11	119335052	119338374	119335683	3322	119336713	-1661	1661	-1030
chr11	2901007	2903975	2903370	2968	2902491	-1484	1484	879
chr11	64223872	64227729	64227203	3857	64225800	-1928	1929	1403
chr11	65890396	65895821	65891203	5425	65893108	-2712	2713	-1905
chr11	64316793	64322457	64316922	5664	64319625	-2832	2832	-2703
chr11	65711560	65719441	65712693	7881	65715500	-3940	3941	-2807
chr11	119335052	119338374	119335110	3322	119336713	-1661	1661	-1603
chr11	64316793	64322457	64317114	5664	64319625	-2832	2832	-2511
chr11	65996412	66000833	65999665	4421	65998622	-2210	2211	1043
chr11	130912908	130916972	130914855	4064	130914940	-2032	2032	-85
chr11	65118993	65122566	65120986	3573	65120779	-1786	1787	207
chr11	3796635	3799013	3798089	2378	3797824	-1189	1189	265
chr11	1596299	1598659	1597655	2360	1597479	-1180	1180	176
chr11	66335067	66338108	66337719	3041	66336587	-1520	1521	1132
chr11	65914927	65922841	65917294	7914	65918884	-3957	3957	-1590
chr11	69672745	69675417	69673254	2672	69674081	-1336	1336	-827
chr11	62676500	62683117	62678917	6617	62679808	-3308	3309	-891
chr11	67297068	67303170	67299885	6102	67300119	-3051	3051	-234
chr11	66335067	66338108	66336330	3041	66336587	-1520	1521	-257
chr11	34051294	34053643	34052397	2349	34052468	-1174	1175	-71
chr11	85684967	85686382	85685546	1415	85685674	-707	708	-128
chr11	85684967	85686382	85685998	1415	85685674	-707	708	324
chr11	64316793	64322457	64318246	5664	64319625	-2832	2832	-1379
chr11	64803868	64807066	64805751	3198	64805467	-1599	1599	284
chr11	3796635	3799013	3798010	2378	3797824	-1189	1189	186
chr11	64205593	64207897	64207400	2304	64206745	-1152	1152	655
chr11	63911228	63917655	63913997	6427	63914441	-3213	3214	-444
chr11	73869721	73873519	73872805	3798	73871620	-1899	1899	1185
chr11	126262717	126268473	126265421	5756	126265595	-2878	2878	-174
chr11	62645684	62649727	62648063	4043	62647705	-2021	2022	358
chr11	639184	645283	640571	6099	642233	-3049	3050	-1662
chr11	64316793	64322457	64316912	5664	64319625	-2832	2832	-2713
chr11	45920272	45926469	45923505	6197	45923370	-3098	3099	135
chr11	1596299	1598659	1598255	2360	1597479	-1180	1180	776
chr11	47267926	47271655	47267977	3729	47269790	-1864	1865	-1813
chr11	62598883	62605203	62604027	6320	62602043	-3160	3160	1984
chr11	64316793	64322457	64317092	5664	64319625	-2832	2832	-2533
chr11	126262717	126268473	126266866	5756	126265595	-2878	2878	1271
chr11	66284234	66289459	66288233	5225	66286846	-2612	2613	1387
chr11	1583608	1585427	1584748	1819	1584517	-909	910	231
chr11	67467743	67471352	67468018	3609	67469547	-1804	1805	-1529
chr11	72105292	72112069	72110481	6777	72108680	-3388	3389	1801
chr11	126262717	126268473	126265099	5756	126265595	-2878	2878	-496
chr11	3796635	3799013	3797949	2378	3797824	-1189	1189	125
chr11	64229816	64237784	64237197	7968	64233800	-3984	3984	3397
chr11	126262717	126268473	126266529	5756	126265595	-2878	2878	934
chr11	66254364	66259748	66258645	5384	66257056	-2692	2692	1589
chr11	66001614	66005880	66003368	4266	66003747	-2133	2133	-379
chr11	6680696	6683979	6682178	3283	6682337	-1641	1642	-159
chr11	64316793	64322457	64319767	5664	64319625	-2832	2832	142
chr11	65711560	65719441	65714562	7881	65715500	-3940	3941	-938
chr11	62645684	62649727	62647027	4043	62647705	-2021	2022	-678
chr11	47448285	47451711	47449014	3426	47449998	-1713	1713	-984
chr11	73307065	73312027	73311225	4962	73309546	-2481	2481	1679
chr11	62804927	62807252	62805386	2325	62806089	-1162	1163	-703
chr11	63911228	63917655	63915576	6427	63914441	-3213	3214	1135
chr11	526957	534085	533450	7128	530521	-3564	3564	2929
chr11	639184	645283	640489	6099	642233	-3049	3050	-1744
chr11	57321490	57325061	57321798	3571	57323275	-1785	1786	-1477
chr11	63911228	63917655	63914488	6427	63914441	-3213	3214	47
chr11	64271351	64275589	64271640	4238	64273470	-2119	2119	-1830
chr11	64803868	64807066	64804261	3198	64805467	-1599	1599	-1206
chr11	64803868	64807066	64804365	3198	64805467	-1599	1599	-1102
chr11	65118993	65122566	65120848	3573	65120779	-1786	1787	69
chr11	65616459	65619083	65616980	2624	65617771	-1312	1312	-791
chr11	65616459	65619083	65617286	2624	65617771	-1312	1312	-485
chr11	65890396	65895821	65894032	5425	65893108	-2712	2713	924
chr11	526957	534085	533787	7128	530521	-3564	3564	3266
chr11	66339780	66343268	66341215	3488	66341524	-1744	1744	-309
chr11	64310996	64316646	64314910	5650	64313821	-2825	2825	1089
chr11	34355330	34359644	34356764	4314	34357487	-2157	2157	-723
chr11	62598883	62605203	62603216	6320	62602043	-3160	3160	1173
chr11	64223872	64227729	64227639	3857	64225800	-1928	1929	1839
chr11	62645684	62649727	62648688	4043	62647705	-2021	2022	983
chr11	3796635	3799013	3797920	2378	3797824	-1189	1189	96
chr11	62660241	62666599	62665452	6358	62663420	-3179	3179	2032
chr11	45920272	45926469	45924229	6197	45923370	-3098	3099	859
chr11	65114207	65118729	65115907	4522	65116468	-2261	2261	-561
chr11	85684967	85686382	85685067	1415	85685674	-707	708	-607
chr11	2901007	2903975	2903262	2968	2902491	-1484	1484	771
chr11	62645684	62649727	62648995	4043	62647705	-2021	2022	1290
chr11	65086044	65089150	65087351	3106	65087597	-1553	1553	-246
chr11	65118993	65122566	65121199	3573	65120779	-1786	1787	420
chr11	118261495	118262953	118262625	1458	118262224	-729	729	401
chr11	65711560	65719441	65712102	7881	65715500	-3940	3941	-3398
chr11	64229816	64237784	64229876	7968	64233800	-3984	3984	-3924
chr11	68027744	68032802	68027772	5058	68030273	-2529	2529	-2501
chr11	62784799	62792273	62791722	7474	62788536	-3737	3737	3186
chr11	6480507	6482315	6481491	1808	6481411	-904	904	80
chr11	126262717	126268473	126266794	5756	126265595	-2878	2878	1199
chr11	126262717	126268473	126267695	5756	126265595	-2878	2878	2100
chr11	126262717	126268473	126268029	5756	126265595	-2878	2878	2434
chr11	46703637	46709031	46704611	5394	46706334	-2697	2697	-1723
chr11	62676500	62683117	62677652	6617	62679808	-3308	3309	-2156
chr11	65086044	65089150	65086770	3106	65087597	-1553	1553	-827
chr11	65086044	65089150	65087060	3106	65087597	-1553	1553	-537
chr11	58578278	58580336	58579566	2058	58579307	-1029	1029	259
chr11	57321490	57325061	57321922	3571	57323275	-1785	1786	-1353
chr11	66273975	66280041	66276134	6066	66277008	-3033	3033	-874
chr11	47448285	47451711	47449006	3426	47449998	-1713	1713	-992
chr11	62784799	62792273	62790632	7474	62788536	-3737	3737	2096
chr11	64201600	64203728	64203208	2128	64202664	-1064	1064	544
chr11	63911228	63917655	63914320	6427	63914441	-3213	3214	-121
chr11	62598883	62605203	62604189	6320	62602043	-3160	3160	2146
chr12	57598924	57603426	57600907	4502	57601175	-2251	2251	-268
chr12	57598924	57603426	57601676	4502	57601175	-2251	2251	501
chr12	54281748	54284447	54283121	2699	54283097	-1349	1350	24
chr12	120196260	120198087	120196821	1827	120197173	-913	914	-352
chr12	56317368	56321971	56317581	4603	56319669	-2301	2302	-2088
chr12	56001962	56008616	56003837	6654	56005289	-3327	3327	-1452
chr12	119987958	119991032	119990196	3074	119989495	-1537	1537	701
chr12	56097722	56102514	56102184	4792	56100118	-2396	2396	2066
chr12	89351270	89356136	89351967	4866	89353703	-2433	2433	-1736
chr12	6969236	6974302	6970885	5066	6971769	-2533	2533	-884
chr12	132617879	132624092	132621642	6213	132620985	-3106	3107	657
chr12	56001962	56008616	56005004	6654	56005289	-3327	3327	-285
chr12	121802646	121809496	121804811	6850	121806071	-3425	3425	-1260
chr12	66304157	66305903	66304737	1746	66305030	-873	873	-293
chr12	6199467	6204063	6200497	4596	6201765	-2298	2298	-1268
chr12	92143582	92146790	92144277	3208	92145186	-1604	1604	-909
chr12	6939900	6943679	6941424	3779	6941789	-1889	1890	-365
chr12	124908910	124915502	124913484	6592	124912206	-3296	3296	1278
chr12	100266150	100268029	100266975	1879	100267089	-939	940	-114
chr12	100266150	100268029	100266952	1879	100267089	-939	940	-137
chr12	132617879	132624092	132620469	6213	132620985	-3106	3107	-516
chr12	14773939	14775891	14775769	1952	14774915	-976	976	854
chr12	79933415	79936322	79935175	2907	79934868	-1453	1454	307
chr12	120196260	120198087	120197330	1827	120197173	-913	914	157
chr12	120196260	120198087	120196905	1827	120197173	-913	914	-268
chr12	6199467	6204063	6200507	4596	6201765	-2298	2298	-1258
chr12	79933415	79936322	79935002	2907	79934868	-1453	1454	134
chr12	6939900	6943679	6941471	3779	6941789	-1889	1890	-318
chr12	120578605	120581408	120581142	2803	120580006	-1401	1402	1136
chr12	56097722	56102514	56102295	4792	56100118	-2396	2396	2177
chr12	120578605	120581408	120579134	2803	120580006	-1401	1402	-872
chr12	56001962	56008616	56003869	6654	56005289	-3327	3327	-1420
chr12	56001962	56008616	56004739	6654	56005289	-3327	3327	-550
chr12	76763121	76766307	76764199	3186	76764714	-1593	1593	-515
chr12	46370707	46373018	46371271	2311	46371862	-1155	1156	-591
chr12	46370707	46373018	46371339	2311	46371862	-1155	1156	-523
chr12	132617879	132624092	132621606	6213	132620985	-3106	3107	621
chr12	57516638	57517655	57516892	1017	57517146	-508	509	-254
chr12	64454653	64457236	64455951	2583	64455944	-1291	1292	7
chr12	100266150	100268029	100267073	1879	100267089	-939	940	-16
chr12	130870304	130873748	130873084	3444	130872026	-1722	1722	1058
chr12	131710994	131712861	131711433	1867	131711927	-933	934	-494
chr12	53454646	53455693	53455490	1047	53455169	-523	524	321
chr12	132617879	132624092	132621555	6213	132620985	-3106	3107	570
chr12	46370707	46373018	46370827	2311	46371862	-1155	1156	-1035
chr12	49563141	49568229	49564779	5088	49565685	-2544	2544	-906
chr12	124908910	124915502	124913399	6592	124912206	-3296	3296	1193
chr12	132617879	132624092	132620309	6213	132620985	-3106	3107	-676
chr12	56120388	56122689	56121311	2301	56121538	-1150	1151	-227
chr12	6767353	6771853	6769945	4500	6769603	-2250	2250	342
chr12	6767353	6771853	6770156	4500	6769603	-2250	2250	553
chr12	56314440	56316472	56314920	2032	56315456	-1016	1016	-536
chr12	71753750	71756513	71755284	2763	71755131	-1381	1382	153
chr12	56317368	56321971	56319927	4603	56319669	-2301	2302	258
chr12	6939900	6943679	6940944	3779	6941789	-1889	1890	-845
chr12	6939900	6943679	6940931	3779	6941789	-1889	1890	-858
chr12	6939900	6943679	6941383	3779	6941789	-1889	1890	-406
chr12	6939900	6943679	6941750	3779	6941789	-1889	1890	-39
chr12	56155108	56159297	56155696	4189	56157202	-2094	2095	-1506
chr12	6943962	6944845	6944583	883	6944403	-441	442	180
chr12	14773939	14775891	14775263	1952	14774915	-976	976	348
chr12	55726829	55729610	55727307	2781	55728219	-1390	1391	-912
chr12	56097722	56102514	56101531	4792	56100118	-2396	2396	1413
chr12	56314440	56316472	56315142	2032	56315456	-1016	1016	-314
chr12	6939900	6943679	6941407	3779	6941789	-1889	1890	-382
chr12	31323435	31326127	31325417	2692	31324781	-1346	1346	636
chr12	132617879	132624092	132620264	6213	132620985	-3106	3107	-721
chr12	69737882	69740243	69739800	2361	69739062	-1180	1181	738
chr12	6943962	6944845	6944760	883	6944403	-441	442	357
chr12	131714027	131715222	131714282	1195	131714624	-597	598	-342
chr12	56001962	56008616	56004786	6654	56005289	-3327	3327	-503
chr12	49563141	49568229	49566474	5088	49565685	-2544	2544	789
chr12	56120388	56122689	56120715	2301	56121538	-1150	1151	-823
chr12	132617879	132624092	132619713	6213	132620985	-3106	3107	-1272
chr12	51241438	51243335	51242682	1897	51242386	-948	949	296
chr12	55828249	55831305	55828397	3056	55829777	-1528	1528	-1380
chr12	56314440	56316472	56315142	2032	56315456	-1016	1016	-314
chr12	76763121	76766307	76764199	3186	76764714	-1593	1593	-515
chr12	116276419	116279385	116277121	2966	116277902	-1483	1483	-781
chr12	100266150	100268029	100267046	1879	100267089	-939	940	-43
chr12	100266150	100268029	100267047	1879	100267089	-939	940	-42
chr12	56317368	56321971	56319111	4603	56319669	-2301	2302	-558
chr12	57763599	57767444	57767005	3845	57765521	-1922	1923	1484
chr12	132617879	132624092	132621702	6213	132620985	-3106	3107	717
chr12	56097722	56102514	56102145	4792	56100118	-2396	2396	2027
chr12	132617879	132624092	132621313	6213	132620985	-3106	3107	328
chr12	56001962	56008616	56004652	6654	56005289	-3327	3327	-637
chr12	6969236	6974302	6971072	5066	6971769	-2533	2533	-697
chr12	57519555	57526255	57524304	6700	57522905	-3350	3350	1399
chr12	57763599	57767444	57765422	3845	57765521	-1922	1923	-99
chr12	56317368	56321971	56319374	4603	56319669	-2301	2302	-295
chr12	56001962	56008616	56005141	6654	56005289	-3327	3327	-148
chr12	56314440	56316472	56316088	2032	56315456	-1016	1016	632
chr12	56097722	56102514	56101808	4792	56100118	-2396	2396	1690
chr12	56354056	56358231	56356569	4175	56356143	-2087	2088	426
chr12	120578605	120581408	120581154	2803	120580006	-1401	1402	1148
chr12	47965279	47967555	47966685	2276	47966417	-1138	1138	268
chr12	124908910	124915502	124913404	6592	124912206	-3296	3296	1198
chr12	53454646	53455693	53454858	1047	53455169	-523	524	-311
chr12	132617879	132624092	132621719	6213	132620985	-3106	3107	734
chr12	6199467	6204063	6200505	4596	6201765	-2298	2298	-1260
chr12	57516638	57517655	57517024	1017	57517146	-508	509	-122
chr12	122524837	122526923	122526919	2086	122525880	-1043	1043	1039
chr12	56001962	56008616	56003766	6654	56005289	-3327	3327	-1523
chr12	6537804	6539496	6538176	1692	6538650	-846	846	-474
chr12	53972367	53976330	53975278	3963	53974348	-1981	1982	930
chr12	6767353	6771853	6770605	4500	6769603	-2250	2250	1002
chr13	51451223	51455296	51452457	4073	51453259	-2036	2037	-802
chr13	51451223	51455296	51452003	4073	51453259	-2036	2037	-1256
chr13	43878087	43881335	43881311	3248	43879711	-1624	1624	1600
chr13	36996802	37001223	37000686	4421	36999012	-2210	2211	1674
chr13	36996802	37001223	37000738	4421	36999012	-2210	2211	1726
chr13	110711040	110716889	110715581	5849	110713964	-2924	2925	1617
chr13	27619883	27622605	27621920	2722	27621244	-1361	1361	676
chr13	51582623	51585336	51584715	2713	51583979	-1356	1357	736
chr13	51451223	51455296	51452418	4073	51453259	-2036	2037	-841
chr13	19861704	19865358	19864159	3654	19863531	-1827	1827	628
chr13	110711040	110716889	110712890	5849	110713964	-2924	2925	-1074
chr13	110711040	110716889	110715418	5849	110713964	-2924	2925	1454
chr13	110711040	110716889	110715592	5849	110713964	-2924	2925	1628
chr13	36996802	37001223	37000631	4421	36999012	-2210	2211	1619
chr13	27619883	27622605	27621907	2722	27621244	-1361	1361	663
chr13	110711040	110716889	110714207	5849	110713964	-2924	2925	243
chr13	110711040	110716889	110715833	5849	110713964	-2924	2925	1869
chr14	37590976	37598955	37592035	7979	37594965	-3989	3990	-2930
chr14	73717420	73722089	73717580	4669	73719754	-2334	2335	-2174
chr14	93181158	93186174	93183317	5016	93183666	-2508	2508	-349
chr14	20455593	20458059	20457511	2466	20456826	-1233	1233	685
chr14	93181158	93186174	93183248	5016	93183666	-2508	2508	-418
chr14	37590976	37598955	37592256	7979	37594965	-3989	3990	-2709
chr14	75523840	75526076	75525108	2236	75524958	-1118	1118	150
chr14	39173632	39176689	39175374	3057	39175160	-1528	1529	214
chr14	37590976	37598955	37592193	7979	37594965	-3989	3990	-2772
chr14	23554939	23558224	23556864	3285	23556581	-1642	1643	283
chr14	23554939	23558224	23557010	3285	23556581	-1642	1643	429
chr14	60720250	60724618	60723484	4368	60722434	-2184	2184	1050
chr14	68791266	68797146	68795280	5880	68794206	-2940	2940	1074
chr14	39173632	39176689	39176075	3057	39175160	-1528	1529	915
chr14	24428305	24433297	24428938	4992	24430801	-2496	2496	-1863
chr14	24212069	24214183	24214134	2114	24213126	-1057	1057	1008
chr14	37590976	37598955	37592035	7979	37594965	-3989	3990	-2930
chr14	24301047	24305199	24301661	4152	24303123	-2076	2076	-1462
chr14	73711891	73715294	73713038	3403	73713592	-1701	1702	-554
chr14	20455593	20458059	20455930	2466	20456826	-1233	1233	-896
chr14	39177852	39179957	39179098	2105	39178904	-1052	1053	194
chr14	103560475	103563773	103562051	3298	103562124	-1649	1649	-73
chr14	24428305	24433297	24431629	4992	24430801	-2496	2496	828
chr14	65411591	65414608	65411943	3017	65413099	-1508	1509	-1156
chr14	22870968	22878539	22872270	7571	22874753	-3785	3786	-2483
chr14	75276674	75281886	75278873	5212	75279280	-2606	2606	-407
chr14	60720250	60724618	60723367	4368	60722434	-2184	2184	933
chr14	20455593	20458059	20457104	2466	20456826	-1233	1233	278
chr14	37590976	37598955	37592142	7979	37594965	-3989	3990	-2823
chr14	68791266	68797146	68793068	5880	68794206	-2940	2940	-1138
chr14	75002191	75005988	75002976	3797	75004089	-1898	1899	-1113
chr14	37590976	37598955	37592106	7979	37594965	-3989	3990	-2859
chr14	60720250	60724618	60723639	4368	60722434	-2184	2184	1205
chr14	90396332	90398457	90397173	2125	90397394	-1062	1063	-221
chr14	20455593	20458059	20455659	2466	20456826	-1233	1233	-1167
chr14	75276674	75281886	75278993	5212	75279280	-2606	2606	-287
chr14	37590976	37598955	37592035	7979	37594965	-3989	3990	-2930
chr14	37590976	37598955	37592107	7979	37594965	-3989	3990	-2858
chr14	39177852	39179957	39177903	2105	39178904	-1052	1053	-1001
chr14	49633140	49638710	49635078	5570	49635925	-2785	2785	-847
chr14	93181158	93186174	93183121	5016	93183666	-2508	2508	-545
chr14	37590976	37598955	37592107	7979	37594965	-3989	3990	-2858
chr14	37590976	37598955	37592147	7979	37594965	-3989	3990	-2818
chr14	37590976	37598955	37594951	7979	37594965	-3989	3990	-14
chr14	93181158	93186174	93183843	5016	93183666	-2508	2508	177
chr14	24136319	24139271	24139197	2952	24137795	-1476	1476	1402
chr14	24136319	24139271	24138769	2952	24137795	-1476	1476	974
chr14	37590976	37598955	37592045	7979	37594965	-3989	3990	-2920
chr14	24301047	24305199	24303089	4152	24303123	-2076	2076	-34
chr14	68791266	68797146	68792905	5880	68794206	-2940	2940	-1301
chr14	77022122	77028914	77026664	6792	77025518	-3396	3396	1146
chr14	103560475	103563773	103562076	3298	103562124	-1649	1649	-48
chr14	93181158	93186174	93184242	5016	93183666	-2508	2508	576
chr14	20455593	20458059	20457416	2466	20456826	-1233	1233	590
chr14	37590976	37598955	37592108	7979	37594965	-3989	3990	-2857
chr14	39173632	39176689	39176571	3057	39175160	-1528	1529	1411
chr14	93181158	93186174	93183171	5016	93183666	-2508	2508	-495
chr14	103560475	103563773	103560939	3298	103562124	-1649	1649	-1185
chr14	75002191	75005988	75003597	3797	75004089	-1898	1899	-492
chr14	23554939	23558224	23557274	3285	23556581	-1642	1643	693
chr14	103518305	103523222	103522353	4917	103520763	-2458	2459	1590
chr14	65411591	65414608	65411902	3017	65413099	-1508	1509	-1197
chr14	75276674	75281886	75280594	5212	75279280	-2606	2606	1314
chr14	24307134	24312575	24311608	5441	24309854	-2720	2721	1754
chr14	24301047	24305199	24302053	4152	24303123	-2076	2076	-1070
chr14	75276674	75281886	75281622	5212	75279280	-2606	2606	2342
chr14	93181158	93186174	93183708	5016	93183666	-2508	2508	42
chr14	57388722	57391864	57391559	3142	57390293	-1571	1571	1266
chr14	37590976	37598955	37592008	7979	37594965	-3989	3990	-2957
chr14	37590976	37598955	37592256	7979	37594965	-3989	3990	-2709
chr14	75002191	75005988	75004902	3797	75004089	-1898	1899	813
chr14	37590976	37598955	37594942	7979	37594965	-3989	3990	-23
chr14	75002191	75005988	75003567	3797	75004089	-1898	1899	-522
chr14	68791266	68797146	68792979	5880	68794206	-2940	2940	-1227
chr14	37590976	37598955	37592134	7979	37594965	-3989	3990	-2831
chr14	75276674	75281886	75280062	5212	75279280	-2606	2606	782
chr14	93181158	93186174	93183837	5016	93183666	-2508	2508	171
chr14	93181158	93186174	93184224	5016	93183666	-2508	2508	558
chr14	75276674	75281886	75281370	5212	75279280	-2606	2606	2090
chr14	23554939	23558224	23557247	3285	23556581	-1642	1643	666
chr14	37590976	37598955	37592326	7979	37594965	-3989	3990	-2639
chr14	77022122	77028914	77026385	6792	77025518	-3396	3396	867
chr14	103560475	103563773	103560714	3298	103562124	-1649	1649	-1410
chr15	64702610	64705239	64703031	2629	64703924	-1314	1315	-893
chr15	90904903	90908548	90905987	3645	90906725	-1822	1823	-738
chr15	90951225	90954353	90952950	3128	90952789	-1564	1564	161
chr15	75371185	75374734	75371878	3549	75372959	-1774	1775	-1081
chr15	90951225	90954353	90953239	3128	90952789	-1564	1564	450
chr15	66503113	66504166	66503435	1053	66503639	-526	527	-204
chr15	72195606	72201234	72199735	5628	72198420	-2814	2814	1315
chr15	90877071	90880513	90880209	3442	90878792	-1721	1721	1417
chr15	66504518	66506468	66505500	1950	66505493	-975	975	7
chr15	72473804	72475475	72474666	1671	72474639	-835	836	27
chr15	81000190	81003342	81003239	3152	81001766	-1576	1576	1473
chr15	72473804	72475475	72474975	1671	72474639	-835	836	336
chr15	90904903	90908548	90905637	3645	90906725	-1822	1823	-1088
chr15	66702227	66704543	66702382	2316	66703385	-1158	1158	-1003
chr15	70096189	70098303	70096823	2114	70097246	-1057	1057	-423
chr15	48330860	48332403	48331581	1543	48331631	-771	772	-50
chr15	90877071	90880513	90880169	3442	90878792	-1721	1721	1377
chr15	66503113	66504166	66503258	1053	66503639	-526	527	-381
chr15	70096189	70098303	70096702	2114	70097246	-1057	1057	-544
chr15	90951225	90954353	90953170	3128	90952789	-1564	1564	381
chr15	90929609	90931480	90931177	1871	90930544	-935	936	633
chr15	63594448	63598402	63597452	3954	63596425	-1977	1977	1027
chr16	88855998	88858993	88858790	2995	88857495	-1497	1498	1295
chr16	4271610	4274244	4272763	2634	4272927	-1317	1317	-164
chr16	1959125	1966168	1961612	7043	1962646	-3521	3522	-1034
chr16	28497674	28503397	28497990	5723	28500535	-2861	2862	-2545
chr16	57990061	57997553	57997034	7492	57993807	-3746	3746	3227
chr16	30381003	30383713	30381464	2710	30382358	-1355	1355	-894
chr16	28497674	28503397	28498525	5723	28500535	-2861	2862	-2010
chr16	30182803	30190232	30186437	7429	30186517	-3714	3715	-80
chr16	30889949	30893482	30893252	3533	30891715	-1766	1767	1537
chr16	30761511	30763962	30761604	2451	30762736	-1225	1226	-1132
chr16	19113540	19116200	19115740	2660	19114870	-1330	1330	870
chr16	68736273	68738936	68738315	2663	68737604	-1331	1332	711
chr16	28984813	28992064	28985418	7251	28988438	-3625	3626	-3020
chr16	31091027	31096534	31093406	5507	31093780	-2753	2754	-374
chr16	646228	650683	647983	4455	648455	-2227	2228	-472
chr16	284032	287503	285568	3471	285767	-1735	1736	-199
chr16	646228	650683	648297	4455	648455	-2227	2228	-158
chr16	57990061	57997553	57997019	7492	57993807	-3746	3746	3212
chr16	67027380	67030346	67029781	2966	67028863	-1483	1483	918
chr16	74997083	75000931	75000048	3848	74999007	-1924	1924	1041
chr16	1442531	1449768	1443973	7237	1446149	-3618	3619	-2176
chr16	28483594	28490242	28488646	6648	28486918	-3324	3324	1728
chr16	68736273	68738936	68738315	2663	68737604	-1331	1332	711
chr16	173302	177107	173496	3805	175204	-1902	1903	-1708
chr16	70684326	70688707	70688195	4381	70686516	-2190	2191	1679
chr16	75565960	75567787	75566513	1827	75566873	-913	914	-360
chr16	68736273	68738936	68738315	2663	68737604	-1331	1332	711
chr16	30761511	30763962	30763164	2451	30762736	-1225	1226	428
chr16	29811711	29817697	29816807	5986	29814704	-2993	2993	2103
chr16	28984813	28992064	28986164	7251	28988438	-3625	3626	-2274
chr16	89562010	89564667	89562346	2657	89563338	-1328	1329	-992
chr16	284032	287503	286659	3471	285767	-1735	1736	892
chr16	29804322	29808524	29807666	4202	29806423	-2101	2101	1243
chr16	67027380	67030346	67029752	2966	67028863	-1483	1483	889
chr16	28838528	28846122	28844257	7594	28842325	-3797	3797	1932
chr16	67027380	67030346	67029410	2966	67028863	-1483	1483	547
chr16	30381003	30383713	30381118	2710	30382358	-1355	1355	-1240
chr16	30381003	30383713	30381025	2710	30382358	-1355	1355	-1333
chr16	69130865	69133680	69132128	2815	69132272	-1407	1408	-144
chr16	30753550	30760117	30759682	6567	30756833	-3283	3284	2849
chr16	25256943	25258525	25257065	1582	25257734	-791	791	-669
chr16	30358036	30360133	30358445	2097	30359084	-1048	1049	-639
chr16	2270436	2274870	2271798	4434	2272653	-2217	2217	-855
chr16	57990061	57997553	57997194	7492	57993807	-3746	3746	3387
chr16	68736273	68738936	68738315	2663	68737604	-1331	1332	711
chr16	1980953	1988494	1986125	7541	1984723	-3770	3771	1402
chr16	31199384	31201918	31201740	2534	31200651	-1267	1267	1089
chr16	68736273	68738936	68738315	2663	68737604	-1331	1332	711
chr16	68736273	68738936	68738315	2663	68737604	-1331	1332	711
chr16	19113540	19116200	19116066	2660	19114870	-1330	1330	1196
chr16	89870559	89874430	89873587	3871	89872494	-1935	1936	1093
chr16	30381003	30383713	30381067	2710	30382358	-1355	1355	-1291
chr16	30358036	30360133	30359071	2097	30359084	-1048	1049	-13
chr16	30753550	30760117	30759044	6567	30756833	-3283	3284	2211
chr16	30652605	30657065	30652987	4460	30654835	-2230	2230	-1848
chr16	67190909	67196477	67194743	5568	67193693	-2784	2784	1050
chr16	30552109	30557344	30555676	5235	30554726	-2617	2618	950
chr16	29811711	29817697	29816458	5986	29814704	-2993	2993	1754
chr16	284032	287503	285197	3471	285767	-1735	1736	-570
chr16	29808851	29810382	29809558	1531	29809616	-765	766	-58
chr16	28838528	28846122	28842979	7594	28842325	-3797	3797	654
chr16	4688036	4694986	4693810	6950	4691511	-3475	3475	2299
chr16	67664315	67668740	67668069	4425	67666527	-2212	2213	1542
chr16	29808851	29810382	29810104	1531	29809616	-765	766	488
chr16	646228	650683	648415	4455	648455	-2227	2228	-40
chr16	30652605	30657065	30654869	4460	30654835	-2230	2230	34
chr16	89870559	89874430	89873810	3871	89872494	-1935	1936	1316
chr16	74997083	75000931	75000088	3848	74999007	-1924	1924	1081
chr16	11913819	11916936	11915547	3117	11915377	-1558	1559	170
chr16	87866791	87870288	87868952	3497	87868539	-1748	1749	413
chr16	4271610	4274244	4272753	2634	4272927	-1317	1317	-174
chr16	30532477	30535754	30532670	3277	30534115	-1638	1639	-1445
chr16	30532477	30535754	30534252	3277	30534115	-1638	1639	137
chr16	31112887	31120243	31117662	7356	31116565	-3678	3678	1097
chr16	19066724	19069103	19068687	2379	19067913	-1189	1190	774
chr16	68736273	68738936	68738295	2663	68737604	-1331	1332	691
chr16	646228	650683	648368	4455	648455	-2227	2228	-87
chr16	28497674	28503397	28497832	5723	28500535	-2861	2862	-2703
chr16	89870559	89874430	89873641	3871	89872494	-1935	1936	1147
chr16	75264015	75266782	75266711	2767	75265398	-1383	1384	1313
chr16	1959125	1966168	1962928	7043	1962646	-3521	3522	282
chr16	30984658	30987058	30985565	2400	30985858	-1200	1200	-293
chr16	633191	638855	634903	5664	636023	-2832	2832	-1120
chr16	13919696	13923003	13920187	3307	13921349	-1653	1654	-1162
chr16	28497674	28503397	28497841	5723	28500535	-2861	2862	-2694
chr16	28497674	28503397	28498334	5723	28500535	-2861	2862	-2201
chr16	68736273	68738936	68738315	2663	68737604	-1331	1332	711
chr16	66931184	66933469	66932211	2285	66932326	-1142	1143	-115
chr16	30652605	30657065	30656280	4460	30654835	-2230	2230	1445
chr16	173302	177107	173550	3805	175204	-1902	1903	-1654
chr16	30957778	30959774	30958800	1996	30958776	-998	998	24
chr16	28973752	28977800	28975198	4048	28975776	-2024	2024	-578
chr16	1959125	1966168	1959718	7043	1962646	-3521	3522	-2928
chr16	633191	638855	635285	5664	636023	-2832	2832	-738
chr16	85798463	85800457	85799238	1994	85799460	-997	997	-222
chr16	1703559	1707165	1706525	3606	1705362	-1803	1803	1163
chr16	28838528	28846122	28843085	7594	28842325	-3797	3797	760
chr16	28838528	28846122	28845916	7594	28842325	-3797	3797	3591
chr16	28973752	28977800	28975263	4048	28975776	-2024	2024	-513
chr16	67664315	67668740	67667875	4425	67666527	-2212	2213	1348
chr16	70684326	70688707	70688228	4381	70686516	-2190	2191	1712
chr16	84616601	84619423	84617517	2822	84618012	-1411	1411	-495
chr16	30381003	30383713	30381791	2710	30382358	-1355	1355	-567
chr16	4688036	4694986	4694362	6950	4691511	-3475	3475	2851
chr16	87866791	87870288	87869141	3497	87868539	-1748	1749	602
chr16	30652605	30657065	30656391	4460	30654835	-2230	2230	1556
chr16	28838528	28846122	28844093	7594	28842325	-3797	3797	1768
chr16	77197872	77200842	77198122	2970	77199357	-1485	1485	-1235
chr16	30358036	30360133	30358121	2097	30359084	-1048	1049	-963
chr16	29804322	29808524	29805162	4202	29806423	-2101	2101	-1261
chr16	70254291	70259651	70254626	5360	70256971	-2680	2680	-2345
chr16	30552109	30557344	30555784	5235	30554726	-2617	2618	1058
chr16	30652605	30657065	30656276	4460	30654835	-2230	2230	1441
chr16	1959125	1966168	1962155	7043	1962646	-3521	3522	-491
chr16	30350971	30354406	30353225	3435	30352688	-1717	1718	537
chr16	1442531	1449768	1447551	7237	1446149	-3618	3619	1402
chr16	4688036	4694986	4694070	6950	4691511	-3475	3475	2559
chr16	776688	783985	780632	7297	780336	-3648	3649	296
chr16	77197872	77200842	77198217	2970	77199357	-1485	1485	-1140
chr16	31183182	31187477	31183926	4295	31185329	-2147	2148	-1403
chr16	4271610	4274244	4272743	2634	4272927	-1317	1317	-184
chr16	29804322	29808524	29807849	4202	29806423	-2101	2101	1426
chr16	1959125	1966168	1964291	7043	1962646	-3521	3522	1645
chr16	68736273	68738936	68738315	2663	68737604	-1331	1332	711
chr16	28838528	28846122	28844425	7594	28842325	-3797	3797	2100
chr16	66931184	66933469	66932105	2285	66932326	-1142	1143	-221
chr16	77197872	77200842	77198228	2970	77199357	-1485	1485	-1129
chr16	28973752	28977800	28975489	4048	28975776	-2024	2024	-287
chr16	29804322	29808524	29808242	4202	29806423	-2101	2101	1819
chr16	30652605	30657065	30656246	4460	30654835	-2230	2230	1411
chr16	68736273	68738936	68738315	2663	68737604	-1331	1332	711
chr16	67190909	67196477	67193058	5568	67193693	-2784	2784	-635
chr16	88705275	88707482	88707210	2207	88706378	-1103	1104	832
chr16	89917661	89920700	89920216	3039	89919180	-1519	1520	1036
chr16	396796	401800	399629	5004	399298	-2502	2502	331
chr16	4271610	4274244	4272735	2634	4272927	-1317	1317	-192
chr17	42113414	42118920	42113767	5506	42116167	-2753	2753	-2400
chr17	7702055	7707000	7702754	4945	7704527	-2472	2473	-1773
chr17	74203109	74204696	74204219	1587	74203902	-793	794	317
chr17	42683740	42687661	42685238	3921	42685700	-1960	1961	-462
chr17	8160685	8167141	8161516	6456	8163913	-3228	3228	-2397
chr17	28722974	28728512	28725550	5538	28725743	-2769	2769	-193
chr17	51119138	51121363	51120455	2225	51120250	-1112	1113	205
chr17	62625481	62629716	62627874	4235	62627598	-2117	2118	276
chr17	75521122	75527354	75522251	6232	75524238	-3116	3116	-1987
chr17	75262561	75268220	75265849	5659	75265390	-2829	2830	459
chr17	8169536	8174503	8173586	4967	8172019	-2483	2484	1567
chr17	4933605	4936631	4934468	3026	4935118	-1513	1513	-650
chr17	5488531	5489865	5489707	1334	5489198	-667	667	509
chr17	41688102	41692609	41690945	4507	41690355	-2253	2254	590
chr17	7848349	7851767	7851667	3418	7850058	-1709	1709	1609
chr17	65055443	65058855	65056574	3412	65057149	-1706	1706	-575
chr17	7439163	7443547	7442672	4384	7441355	-2192	2192	1317
chr17	7439163	7443547	7443053	4384	7441355	-2192	2192	1698
chr17	42673357	42679541	42674376	6184	42676449	-3092	3092	-2073
chr17	28895284	28902159	28901049	6875	28898721	-3437	3438	2328
chr17	1681035	1685175	1681614	4140	1683105	-2070	2070	-1491
chr17	28739932	28745368	28741140	5436	28742650	-2718	2718	-1510
chr17	59706128	59708662	59707447	2534	59707395	-1267	1267	52
chr17	4933605	4936631	4934356	3026	4935118	-1513	1513	-762
chr17	1651291	1656542	1651547	5251	1653916	-2625	2626	-2369
chr17	7235511	7240997	7237387	5486	7238254	-2743	2743	-867
chr17	74203109	74204696	74203999	1587	74203902	-793	794	97
chr17	75521122	75527354	75521490	6232	75524238	-3116	3116	-2748
chr17	45146218	45150638	45148504	4420	45148428	-2210	2210	76
chr17	40094377	40098613	40097303	4236	40096495	-2118	2118	808
chr17	4942629	4946191	4945195	3562	4944410	-1781	1781	785
chr17	58004611	58009560	58005926	4949	58007085	-2474	2475	-1159
chr17	74203109	74204696	74204306	1587	74203902	-793	794	404
chr17	42999850	43004306	43002771	4456	43002078	-2228	2228	693
chr17	45146218	45150638	45149667	4420	45148428	-2210	2210	1239
chr17	8160685	8167141	8160829	6456	8163913	-3228	3228	-3084
chr17	28739932	28745368	28741431	5436	28742650	-2718	2718	-1219
chr17	42556892	42564020	42563156	7128	42560456	-3564	3564	2700
chr17	7345264	7349743	7348354	4479	7347503	-2239	2240	851
chr17	36598665	36602832	36602087	4167	36600748	-2083	2084	1339
chr17	39195743	39200912	39197427	5169	39198327	-2584	2585	-900
chr17	63829091	63832952	63831954	3861	63831021	-1930	1931	933
chr17	63829091	63832952	63832729	3861	63831021	-1930	1931	1708
chr17	63829091	63832952	63830810	3861	63831021	-1930	1931	-211
chr17	7279714	7286981	7284294	7267	7283347	-3633	3634	947
chr17	41688102	41692609	41688925	4507	41690355	-2253	2254	-1430
chr17	42683740	42687661	42685236	3921	42685700	-1960	1961	-464
chr17	63829091	63832952	63831916	3861	63831021	-1930	1931	895
chr17	2332172	2334126	2333694	1954	2333149	-977	977	545
chr17	7279714	7286981	7283245	7267	7283347	-3633	3634	-102
chr17	47834867	47837843	47835018	2976	47836355	-1488	1488	-1337
chr17	7854768	7858993	7858719	4225	7856880	-2112	2113	1839
chr17	44004112	44010689	44008557	6577	44007400	-3288	3289	1157
chr17	75521122	75527354	75524436	6232	75524238	-3116	3116	198
chr17	7254469	7260166	7258703	5697	7257317	-2848	2849	1386
chr17	76735848	76737031	76735904	1183	76736439	-591	592	-535
chr17	28335233	28336406	28335471	1173	28335819	-586	587	-348
chr17	42113414	42118920	42114602	5506	42116167	-2753	2753	-1565
chr17	7852212	7853906	7853001	1694	7853059	-847	847	-58
chr17	42556892	42564020	42563173	7128	42560456	-3564	3564	2717
chr17	42556892	42564020	42563261	7128	42560456	-3564	3564	2805
chr17	78356468	78362526	78358883	6058	78359497	-3029	3029	-614
chr17	81865106	81871973	81869551	6867	81868539	-3433	3434	1012
chr17	7832069	7836219	7833124	4150	7834144	-2075	2075	-1020
chr17	7832069	7836219	7833591	4150	7834144	-2075	2075	-553
chr17	45135353	45138364	45136583	3011	45136858	-1505	1506	-275
chr17	75521122	75527354	75523747	6232	75524238	-3116	3116	-491
chr17	7576250	7583423	7580774	7173	7579836	-3586	3587	938
chr17	40362452	40368361	40363470	5909	40365406	-2954	2955	-1936
chr17	7349946	7353527	7352680	3581	7351736	-1790	1791	944
chr17	28739932	28745368	28742029	5436	28742650	-2718	2718	-621
chr17	15997322	16000639	15999723	3317	15998980	-1658	1659	743
chr17	76735848	76737031	76737005	1183	76736439	-591	592	566
chr17	28739932	28745368	28740513	5436	28742650	-2718	2718	-2137
chr17	42556892	42564020	42563151	7128	42560456	-3564	3564	2695
chr17	75521122	75527354	75524389	6232	75524238	-3116	3116	151
chr17	2298338	2300534	2299941	2196	2299436	-1098	1098	505
chr17	7039993	7043203	7041736	3210	7041598	-1605	1605	138
chr17	7345264	7349743	7349003	4479	7347503	-2239	2240	1500
chr17	7702055	7707000	7703081	4945	7704527	-2472	2473	-1446
chr17	28739932	28745368	28741515	5436	28742650	-2718	2718	-1135
chr17	42020038	42025413	42021618	5375	42022725	-2687	2688	-1107
chr17	42844599	42847490	42844902	2891	42846044	-1445	1446	-1142
chr17	63829091	63832952	63830346	3861	63831021	-1930	1931	-675
chr17	4942629	4946191	4944879	3562	4944410	-1781	1781	469
chr17	42556892	42564020	42562733	7128	42560456	-3564	3564	2277
chr17	42673357	42679541	42674385	6184	42676449	-3092	3092	-2064
chr17	27293289	27295033	27294366	1744	27294161	-872	872	205
chr17	78356468	78362526	78358390	6058	78359497	-3029	3029	-1107
chr17	7006779	7010272	7010095	3493	7008525	-1746	1747	1570
chr17	4968225	4973236	4968807	5011	4970730	-2505	2506	-1923
chr17	16378948	16381785	16381057	2837	16380366	-1418	1419	691
chr17	38798206	38801517	38799332	3311	38799861	-1655	1656	-529
chr17	1513934	1518307	1518009	4373	1516120	-2186	2187	1889
chr17	2335876	2339742	2336518	3866	2337809	-1933	1933	-1291
chr17	7576250	7583423	7578165	7173	7579836	-3586	3587	-1671
chr17	63829091	63832952	63829419	3861	63831021	-1930	1931	-1602
chr17	75262561	75268220	75268141	5659	75265390	-2829	2830	2751
chr17	7576250	7583423	7577482	7173	7579836	-3586	3587	-2354
chr17	42844599	42847490	42845687	2891	42846044	-1445	1446	-357
chr17	42556892	42564020	42562953	7128	42560456	-3564	3564	2497
chr17	75269418	75273502	75270158	4084	75271460	-2042	2042	-1302
chr17	75846036	75851256	75847819	5220	75848646	-2610	2610	-827
chr17	44195188	44201905	44197256	6717	44198546	-3358	3359	-1290
chr17	75262561	75268220	75265762	5659	75265390	-2829	2830	372
chr17	58004611	58009560	58006964	4949	58007085	-2474	2475	-121
chr17	42844599	42847490	42845982	2891	42846044	-1445	1446	-62
chr17	39461301	39463284	39462809	1983	39462292	-991	992	517
chr17	50538414	50542722	50539253	4308	50540568	-2154	2154	-1315
chr17	47829683	47832934	47832203	3251	47831308	-1625	1626	895
chr17	5488531	5489865	5489258	1334	5489198	-667	667	60
chr17	76735848	76737031	76736420	1183	76736439	-591	592	-19
chr17	28719811	28721596	28720812	1785	28720703	-892	893	109
chr17	42683740	42687661	42683899	3921	42685700	-1960	1961	-1801
chr17	7235511	7240997	7235576	5486	7238254	-2743	2743	-2678
chr17	64499688	64501162	64500602	1474	64500425	-737	737	177
chr17	50369682	50373895	50370510	4213	50371788	-2106	2107	-1278
chr17	29291693	29295031	29294053	3338	29293362	-1669	1669	691
chr17	7006779	7010272	7009677	3493	7008525	-1746	1747	1152
chr17	58004611	58009560	58005742	4949	58007085	-2474	2475	-1343
chr17	28895284	28902159	28898492	6875	28898721	-3437	3438	-229
chr17	7279714	7286981	7285708	7267	7283347	-3633	3634	2361
chr17	28719811	28721596	28720607	1785	28720703	-892	893	-96
chr17	2332172	2334126	2333014	1954	2333149	-977	977	-135
chr17	5488531	5489865	5489153	1334	5489198	-667	667	-45
chr17	7006779	7010272	7009830	3493	7008525	-1746	1747	1305
chr17	7439163	7443547	7441532	4384	7441355	-2192	2192	177
chr17	7576250	7583423	7579836	7173	7579836	-3586	3587	0
chr17	7854768	7858993	7858053	4225	7856880	-2112	2113	1173
chr17	7854768	7858993	7858204	4225	7856880	-2112	2113	1324
chr17	17491975	17499336	17495496	7361	17495655	-3680	3681	-159
chr17	47829683	47832934	47831793	3251	47831308	-1625	1626	485
chr17	50538414	50542722	50540865	4308	50540568	-2154	2154	297
chr17	58004611	58009560	58005382	4949	58007085	-2474	2475	-1703
chr17	74769145	74775822	74775690	6677	74772483	-3338	3339	3207
chr17	75269418	75273502	75269422	4084	75271460	-2042	2042	-2038
chr17	76735848	76737031	76736996	1183	76736439	-591	592	557
chr17	7576250	7583423	7577972	7173	7579836	-3586	3587	-1864
chr17	51119138	51121363	51120530	2225	51120250	-1112	1113	280
chr17	81865106	81871973	81868952	6867	81868539	-3433	3434	413
chr17	42673357	42679541	42674411	6184	42676449	-3092	3092	-2038
chr17	74769145	74775822	74773638	6677	74772483	-3338	3339	1155
chr17	1640823	1648233	1645614	7410	1644528	-3705	3705	1086
chr17	7576250	7583423	7578876	7173	7579836	-3586	3587	-960
chr17	2332172	2334126	2332982	1954	2333149	-977	977	-167
chr17	4933605	4936631	4934126	3026	4935118	-1513	1513	-992
chr17	7235511	7240997	7236391	5486	7238254	-2743	2743	-1863
chr17	7557803	7561047	7560824	3244	7559425	-1622	1622	1399
chr17	42844599	42847490	42845999	2891	42846044	-1445	1446	-45
chr17	47829683	47832934	47831381	3251	47831308	-1625	1626	73
chr17	75521122	75527354	75523696	6232	75524238	-3116	3116	-542
chr17	8169536	8174503	8174187	4967	8172019	-2483	2484	2168
chr17	7832069	7836219	7833666	4150	7834144	-2075	2075	-478
chr17	28739932	28745368	28741419	5436	28742650	-2718	2718	-1231
chr17	7345264	7349743	7347988	4479	7347503	-2239	2240	485
chr17	7702055	7707000	7703123	4945	7704527	-2472	2473	-1404
chr17	57256410	57260045	57257094	3635	57258227	-1817	1818	-1133
chr17	64499688	64501162	64500611	1474	64500425	-737	737	186
chr17	2298338	2300534	2300249	2196	2299436	-1098	1098	813
chr17	7439163	7443547	7443044	4384	7441355	-2192	2192	1689
chr17	7557803	7561047	7560081	3244	7559425	-1622	1622	656
chr17	42778403	42782066	42779054	3663	42780234	-1831	1832	-1180
chr17	5488531	5489865	5489554	1334	5489198	-667	667	356
chr17	28895284	28902159	28900999	6875	28898721	-3437	3438	2278
chr17	4933605	4936631	4934406	3026	4935118	-1513	1513	-712
chr17	42844599	42847490	42844736	2891	42846044	-1445	1446	-1308
chr17	36598665	36602832	36599754	4167	36600748	-2083	2084	-994
chr17	39461301	39463284	39462381	1983	39462292	-991	992	89
chr17	42556892	42564020	42563410	7128	42560456	-3564	3564	2954
chr17	7439163	7443547	7442742	4384	7441355	-2192	2192	1387
chr17	67824477	67827199	67826311	2722	67825838	-1361	1361	473
chr17	76307047	76311771	76307477	4724	76309409	-2362	2362	-1932
chr17	28944811	28951700	28950069	6889	28948255	-3444	3445	1814
chr17	28944811	28951700	28950071	6889	28948255	-3444	3445	1816
chr17	39461301	39463284	39462327	1983	39462292	-991	992	35
chr17	57256410	57260045	57257490	3635	57258227	-1817	1818	-737
chr17	7832069	7836219	7832887	4150	7834144	-2075	2075	-1257
chr17	7576250	7583423	7577425	7173	7579836	-3586	3587	-2411
chr17	75667151	75669929	75667179	2778	75668540	-1389	1389	-1361
chr17	7006779	7010272	7010003	3493	7008525	-1746	1747	1478
chr17	7557803	7561047	7560907	3244	7559425	-1622	1622	1482
chr17	7852212	7853906	7852251	1694	7853059	-847	847	-808
chr17	4968225	4973236	4969693	5011	4970730	-2505	2506	-1037
chr17	7279714	7286981	7284531	7267	7283347	-3633	3634	1184
chr17	75262561	75268220	75265860	5659	75265390	-2829	2830	470
chr17	75667151	75669929	75668539	2778	75668540	-1389	1389	-1
chr17	4942629	4946191	4943458	3562	4944410	-1781	1781	-952
chr17	4942629	4946191	4944641	3562	4944410	-1781	1781	231
chr17	28722974	28728512	28725373	5538	28725743	-2769	2769	-370
chr17	75521122	75527354	75521862	6232	75524238	-3116	3116	-2376
chr17	28895284	28902159	28901555	6875	28898721	-3437	3438	2834
chr17	39461301	39463284	39462193	1983	39462292	-991	992	-99
chr17	42020038	42025413	42024016	5375	42022725	-2687	2688	1291
chr17	75667151	75669929	75667370	2778	75668540	-1389	1389	-1170
chr17	29291693	29295031	29294077	3338	29293362	-1669	1669	715
chr17	28895284	28902159	28898584	6875	28898721	-3437	3438	-137
chr17	4933605	4936631	4934586	3026	4935118	-1513	1513	-532
chr17	7576250	7583423	7579890	7173	7579836	-3586	3587	54
chr17	76307047	76311771	76307482	4724	76309409	-2362	2362	-1927
chr17	42020038	42025413	42021542	5375	42022725	-2687	2688	-1183
chr17	75521122	75527354	75524494	6232	75524238	-3116	3116	256
chr18	63317627	63320820	63318380	3193	63319223	-1596	1597	-843
chr18	63317627	63320820	63318836	3193	63319223	-1596	1597	-387
chr18	35372617	35374917	35374039	2300	35373767	-1150	1150	272
chr18	35372617	35374917	35374332	2300	35373767	-1150	1150	565
chr18	62185669	62188883	62187623	3214	62187276	-1607	1607	347
chr18	62185669	62188883	62187667	3214	62187276	-1607	1607	391
chr18	62185669	62188883	62187668	3214	62187276	-1607	1607	392
chr18	35372617	35374917	35374246	2300	35373767	-1150	1150	479
chr18	49490967	49493831	49491545	2864	49492399	-1432	1432	-854
chr18	62715363	62718723	62717252	3360	62717043	-1680	1680	209
chr18	62185669	62188883	62187514	3214	62187276	-1607	1607	238
chr18	62715363	62718723	62717229	3360	62717043	-1680	1680	186
chr19	19532553	19538908	19535082	6355	19535730	-3177	3178	-648
chr19	57393880	57396875	57394185	2995	57395377	-1497	1498	-1192
chr19	49115568	49121274	49116378	5706	49118421	-2853	2853	-2043
chr19	40588478	40592729	40589177	4251	40590603	-2125	2126	-1426
chr19	10283282	10285919	10284564	2637	10284600	-1318	1319	-36
chr19	41438867	41440516	41439535	1649	41439691	-824	825	-156
chr19	15376680	15381665	15380524	4985	15379172	-2492	2493	1352
chr19	47511912	47515824	47514892	3912	47513868	-1956	1956	1024
chr19	6730133	6734723	6731082	4590	6732428	-2295	2295	-1346
chr19	18254287	18261258	18257796	6971	18257772	-3485	3486	24
chr19	35275842	35280215	35278783	4373	35278028	-2186	2187	755
chr19	49584646	49592221	49588500	7575	49588433	-3787	3788	67
chr19	49459448	49463835	49462658	4387	49461641	-2193	2194	1017
chr19	11377286	11379250	11378013	1964	11378268	-982	982	-255
chr19	8506504	8512089	8510733	5585	8509296	-2792	2793	1437
chr19	35264850	35271773	35266486	6923	35268311	-3461	3462	-1825
chr19	39478800	39483840	39480712	5040	39481320	-2520	2520	-608
chr19	49635102	49639104	49636676	4002	49637103	-2001	2001	-427
chr19	58510229	58517412	58511725	7183	58513820	-3591	3592	-2095
chr19	19193256	19198520	19193986	5264	19195888	-2632	2632	-1902
chr19	8322515	8323247	8322872	732	8322881	-366	366	-9
chr19	12929557	12932866	12930338	3309	12931211	-1654	1655	-873
chr19	38384722	38386466	38385992	1744	38385594	-872	872	398
chr19	11737721	11739287	11738904	1566	11738504	-783	783	400
chr19	43503491	43508174	43506848	4683	43505832	-2341	2342	1016
chr19	48743378	48746493	48745850	3115	48744935	-1557	1558	915
chr19	54174005	54178274	54174276	4269	54176139	-2134	2135	-1863
chr19	11354764	11358402	11357682	3638	11356583	-1819	1819	1099
chr19	35264850	35271773	35267451	6923	35268311	-3461	3462	-860
chr19	55577169	55581417	55577896	4248	55579293	-2124	2124	-1397
chr19	36008531	36012328	36008650	3797	36010429	-1898	1899	-1779
chr19	11354764	11358402	11356871	3638	11356583	-1819	1819	288
chr19	49014198	49019399	49015857	5201	49016798	-2600	2601	-941
chr19	44900438	44908115	44903357	7677	44904276	-3838	3839	-919
chr19	49584646	49592221	49590575	7575	49588433	-3787	3788	2142
chr19	19532553	19538908	19535082	6355	19535730	-3177	3178	-648
chr19	49115568	49121274	49118854	5706	49118421	-2853	2853	433
chr19	54183209	54187528	54187278	4319	54185368	-2159	2160	1910
chr19	49660466	49664399	49661806	3933	49662432	-1966	1967	-626
chr19	12730916	12736809	12731050	5893	12733862	-2946	2947	-2812
chr19	40436373	40442438	40441584	6065	40439405	-3032	3033	2179
chr19	35264850	35271773	35267861	6923	35268311	-3461	3462	-450
chr19	38384722	38386466	38386164	1744	38385594	-872	872	570
chr19	35741394	35745382	35744291	3988	35743388	-1994	1994	903
chr19	6730133	6734723	6731892	4590	6732428	-2295	2295	-536
chr19	49594175	49599158	49594896	4983	49596666	-2491	2492	-1770
chr19	38841768	38844218	38844026	2450	38842993	-1225	1225	1033
chr19	54174005	54178274	54174176	4269	54176139	-2134	2135	-1963
chr19	48466534	48471738	48470443	5204	48469136	-2602	2602	1307
chr19	11354764	11358402	11354909	3638	11356583	-1819	1819	-1674
chr19	11377286	11379250	11378102	1964	11378268	-982	982	-166
chr19	18929230	18934643	18931339	5413	18931936	-2706	2707	-597
chr19	6730133	6734723	6731270	4590	6732428	-2295	2295	-1158
chr19	47044661	47047555	47046657	2894	47046108	-1447	1447	549
chr19	13104148	13107203	13105445	3055	13105675	-1527	1528	-230
chr19	6737052	6741393	6739777	4341	6739222	-2170	2171	555
chr19	11506757	11512488	11508011	5731	11509622	-2865	2866	-1611
chr19	48964804	48966628	48966589	1824	48965716	-912	912	873
chr19	7532874	7534340	7533763	1466	7533607	-733	733	156
chr19	45883913	45887300	45885128	3387	45885606	-1693	1694	-478
chr19	19274912	19277209	19276580	2297	19276060	-1148	1149	520
chr19	1440038	1442971	1440093	2933	1441504	-1466	1467	-1411
chr19	49660466	49664399	49663428	3933	49662432	-1966	1967	996
chr19	41882289	41886639	41884461	4350	41884464	-2175	2175	-3
chr19	48869169	48877051	48874105	7882	48873110	-3941	3941	995
chr19	35249295	35255398	35250485	6103	35252346	-3051	3052	-1861
chr19	7628501	7631491	7629824	2990	7629996	-1495	1495	-172
chr19	11344733	11347200	11346515	2467	11345966	-1233	1234	549
chr19	16322959	16327392	16327072	4433	16325175	-2216	2217	1897
chr19	18254287	18261258	18257132	6971	18257772	-3485	3486	-640
chr19	40211515	40218653	40217314	7138	40215084	-3569	3569	2230
chr19	15231099	15234917	15231781	3818	15233008	-1909	1909	-1227
chr19	35281311	35283188	35282534	1877	35282249	-938	939	285
chr19	7871816	7878749	7872321	6933	7875282	-3466	3467	-2961
chr19	7871816	7878749	7873281	6933	7875282	-3466	3467	-2001
chr19	8506504	8512089	8510725	5585	8509296	-2792	2793	1429
chr19	12947728	12954867	12948765	7139	12951297	-3569	3570	-2532
chr19	3765537	3771580	3771576	6043	3768558	-3021	3022	3018
chr19	40436373	40442438	40441744	6065	40439405	-3032	3033	2339
chr19	19319831	19326189	19320494	6358	19323010	-3179	3179	-2516
chr19	10283282	10285919	10283750	2637	10284600	-1318	1319	-850
chr19	10833475	10836396	10835253	2921	10834935	-1460	1461	318
chr19	54174005	54178274	54174158	4269	54176139	-2134	2135	-1981
chr19	2049893	2051651	2050867	1758	2050772	-879	879	95
chr19	3571396	3579085	3576926	7689	3575240	-3844	3845	1686
chr19	7921420	7922948	7921702	1528	7922184	-764	764	-482
chr19	19274912	19277209	19276609	2297	19276060	-1148	1149	549
chr19	41431666	41436601	41432326	4935	41434133	-2467	2468	-1807
chr19	48743378	48746493	48743452	3115	48744935	-1557	1558	-1483
chr19	7628501	7631491	7629554	2990	7629996	-1495	1495	-442
chr19	7628501	7631491	7629826	2990	7629996	-1495	1495	-170
chr19	11344733	11347200	11346604	2467	11345966	-1233	1234	638
chr19	42296474	42302769	42302418	6295	42299621	-3147	3148	2797
chr19	54189943	54193442	54191944	3499	54191692	-1749	1750	252
chr19	12940264	12946701	12940413	6437	12943482	-3218	3219	-3069
chr19	40436373	40442438	40441591	6065	40439405	-3032	3033	2186
chr19	49115568	49121274	49118387	5706	49118421	-2853	2853	-34
chr19	49115568	49121274	49118593	5706	49118421	-2853	2853	172
chr19	49459448	49463835	49461986	4387	49461641	-2193	2194	345
chr19	3571396	3579085	3576914	7689	3575240	-3844	3845	1674
chr19	45407641	45408805	45408745	1164	45408223	-582	582	522
chr19	19193256	19198520	19194043	5264	19195888	-2632	2632	-1845
chr19	55602034	55606387	55602499	4353	55604210	-2176	2177	-1711
chr19	49459448	49463835	49459681	4387	49461641	-2193	2194	-1960
chr19	11348124	11354131	11353619	6007	11351127	-3003	3004	2492
chr19	52269329	52271603	52269598	2274	52270466	-1137	1137	-868
chr19	55229062	55232046	55231804	2984	55230554	-1492	1492	1250
chr19	49584646	49592221	49591663	7575	49588433	-3787	3788	3230
chr19	54199799	54202867	54201241	3068	54201333	-1534	1534	-92
chr19	39412499	39418242	39415066	5743	39415370	-2871	2872	-304
chr19	40436373	40442438	40441954	6065	40439405	-3032	3033	2549
chr19	3571396	3579085	3574550	7689	3575240	-3844	3845	-690
chr19	45407641	45408805	45408159	1164	45408223	-582	582	-64
chr19	11348124	11354131	11353863	6007	11351127	-3003	3004	2736
chr19	44900438	44908115	44903163	7677	44904276	-3838	3839	-1113
chr19	3571396	3579085	3575620	7689	3575240	-3844	3845	380
chr19	11344733	11347200	11346545	2467	11345966	-1233	1234	579
chr19	12929557	12932866	12930692	3309	12931211	-1654	1655	-519
chr19	16184954	16191399	16185745	6445	16188176	-3222	3223	-2431
chr19	18149297	18151910	18149656	2613	18150603	-1306	1307	-947
chr19	36112314	36116525	36115916	4211	36114419	-2105	2106	1497
chr19	39412499	39418242	39414148	5743	39415370	-2871	2872	-1222
chr19	47511912	47515824	47514840	3912	47513868	-1956	1956	972
chr19	48956555	48963666	48961635	7111	48960110	-3555	3556	1525
chr19	49115568	49121274	49118381	5706	49118421	-2853	2853	-40
chr19	49660466	49664399	49661980	3933	49662432	-1966	1967	-452
chr19	54199799	54202867	54201277	3068	54201333	-1534	1534	-56
chr19	19274912	19277209	19276662	2297	19276060	-1148	1149	602
chr19	39412499	39418242	39415252	5743	39415370	-2871	2872	-118
chr19	49594175	49599158	49594951	4983	49596666	-2491	2492	-1715
chr19	35264850	35271773	35267160	6923	35268311	-3461	3462	-1151
chr19	36112314	36116525	36113785	4211	36114419	-2105	2106	-634
chr19	8323785	8327107	8324734	3322	8325446	-1661	1661	-712
chr19	14515542	14516650	14515881	1108	14516096	-554	554	-215
chr19	43591524	43595544	43592950	4020	43593534	-2010	2010	-584
chr19	55577169	55581417	55578041	4248	55579293	-2124	2124	-1252
chr19	13104148	13107203	13105553	3055	13105675	-1527	1528	-122
chr19	40588478	40592729	40590832	4251	40590603	-2125	2126	229
chr19	49584646	49592221	49590547	7575	49588433	-3787	3788	2114
chr19	35264850	35271773	35267456	6923	35268311	-3461	3462	-855
chr19	12947728	12954867	12948511	7139	12951297	-3569	3570	-2786
chr19	35264850	35271773	35267213	6923	35268311	-3461	3462	-1098
chr19	13104148	13107203	13105521	3055	13105675	-1527	1528	-154
chr19	12929557	12932866	12930672	3309	12931211	-1654	1655	-539
chr19	40211515	40218653	40215117	7138	40215084	-3569	3569	33
chr19	10827416	10833436	10833007	6020	10830426	-3010	3010	2581
chr19	35741394	35745382	35742584	3988	35743388	-1994	1994	-804
chr19	39478800	39483840	39482916	5040	39481320	-2520	2520	1596
chr19	11506757	11512488	11508001	5731	11509622	-2865	2866	-1621
chr19	7532874	7534340	7533855	1466	7533607	-733	733	248
chr19	10283282	10285919	10284087	2637	10284600	-1318	1319	-513
chr19	11344733	11347200	11345521	2467	11345966	-1233	1234	-445
chr19	41431666	41436601	41432502	4935	41434133	-2467	2468	-1631
chr19	49115568	49121274	49118929	5706	49118421	-2853	2853	508
chr19	48869169	48877051	48874009	7882	48873110	-3941	3941	899
chr19	47044661	47047555	47045202	2894	47046108	-1447	1447	-906
chr19	48869169	48877051	48873915	7882	48873110	-3941	3941	805
chr19	7628501	7631491	7629498	2990	7629996	-1495	1495	-498
chr19	48616809	48620173	48617398	3364	48618491	-1682	1682	-1093
chr19	44746909	44752052	44751306	5143	44749480	-2571	2572	1826
chr19	49584646	49592221	49590684	7575	49588433	-3787	3788	2251
chr19	58510229	58517412	58512024	7183	58513820	-3591	3592	-1796
chr19	10283282	10285919	10284047	2637	10284600	-1318	1319	-553
chr19	55620999	55624892	55621179	3893	55622945	-1946	1947	-1766
chr19	48609054	48616461	48616080	7407	48612757	-3703	3704	3323
chr19	39478800	39483840	39480728	5040	39481320	-2520	2520	-592
chr19	40436373	40442438	40441397	6065	40439405	-3032	3033	1992
chr19	45883913	45887300	45884997	3387	45885606	-1693	1694	-609
chr19	42296474	42302769	42300008	6295	42299621	-3147	3148	387
chr19	19512235	19515169	19514831	2934	19513702	-1467	1467	1129
chr19	43462840	43466104	43465587	3264	43464472	-1632	1632	1115
chr19	54189943	54193442	54191750	3499	54191692	-1749	1750	58
chr19	54189943	54193442	54192182	3499	54191692	-1749	1750	490
chr19	8323785	8327107	8324712	3322	8325446	-1661	1661	-734
chr19	15231099	15234917	15231281	3818	15233008	-1909	1909	-1727
chr19	6730133	6734723	6732532	4590	6732428	-2295	2295	104
chr19	55387460	55391772	55387907	4312	55389616	-2156	2156	-1709
chr20	2656802	2660755	2660721	3953	2658778	-1976	1977	1943
chr20	49279991	49281669	49280504	1678	49280830	-839	839	-326
chr20	31604028	31606449	31606051	2421	31605238	-1210	1211	813
chr20	2653059	2656391	2654838	3332	2654725	-1666	1666	113
chr20	35269313	35275290	35274361	5977	35272301	-2988	2989	2060
chr20	62136164	62140518	62139832	4354	62138341	-2177	2177	1491
chr20	36777509	36782213	36777792	4704	36779861	-2352	2352	-2069
chr20	3782475	3787177	3785112	4702	3784826	-2351	2351	286
chr20	62136164	62140518	62139832	4354	62138341	-2177	2177	1491
chr20	325056	328482	326266	3426	326769	-1713	1713	-503
chr20	23364017	23366357	23365113	2340	23365187	-1170	1170	-74
chr20	45967661	45972592	45972173	4931	45970126	-2465	2466	2047
chr20	2653059	2656391	2655428	3332	2654725	-1666	1666	703
chr20	56625887	56633678	56629314	7791	56629782	-3895	3896	-468
chr20	57706973	57710837	57710521	3864	57708905	-1932	1932	1616
chr20	57706973	57710837	57709513	3864	57708905	-1932	1932	608
chr20	3782475	3787177	3784941	4702	3784826	-2351	2351	115
chr20	44909638	44912125	44910291	2487	44910881	-1243	1244	-590
chr20	45967661	45972592	45968349	4931	45970126	-2465	2466	-1777
chr20	3782475	3787177	3785401	4702	3784826	-2351	2351	575
chr20	62796206	62799344	62798644	3138	62797775	-1569	1569	869
chr20	3780397	3781668	3781297	1271	3781032	-635	636	265
chr20	35617855	35621541	35618922	3686	35619698	-1843	1843	-776
chr20	35617855	35621541	35619709	3686	35619698	-1843	1843	11
chr20	36777509	36782213	36777682	4704	36779861	-2352	2352	-2179
chr20	45793836	45795982	45795365	2146	45794909	-1073	1073	456
chr20	57706973	57710837	57710494	3864	57708905	-1932	1932	1589
chr20	31604028	31606449	31605670	2421	31605238	-1210	1211	432
chr20	31604028	31606449	31606358	2421	31605238	-1210	1211	1120
chr20	2653059	2656391	2655478	3332	2654725	-1666	1666	753
chr20	56625887	56633678	56631313	7791	56629782	-3895	3896	1531
chr20	45793836	45795982	45795374	2146	45794909	-1073	1073	465
chr20	2653059	2656391	2655415	3332	2654725	-1666	1666	690
chr21	43774113	43778662	43774137	4549	43776387	-2274	2275	-2250
chr21	25734448	25736244	25734946	1796	25735346	-898	898	-400
chr21	45283622	45290026	45285721	6404	45286824	-3202	3202	-1103
chr21	39348054	39351227	39348316	3173	39349640	-1586	1587	-1324
chr21	36132795	36139296	36132907	6501	36136045	-3250	3251	-3138
chr21	43774113	43778662	43774137	4549	43776387	-2274	2275	-2250
chr21	44335253	44340430	44335709	5177	44337841	-2588	2589	-2132
chr21	43774113	43778662	43774181	4549	43776387	-2274	2275	-2206
chr21	39348054	39351227	39348565	3173	39349640	-1586	1587	-1075
chr21	45283622	45290026	45285590	6404	45286824	-3202	3202	-1234
chr21	25734448	25736244	25734946	1796	25735346	-898	898	-400
chr21	45071315	45075785	45072116	4470	45073550	-2235	2235	-1434
chr22	42126524	42131497	42130876	4973	42129010	-2486	2487	1866
chr22	38505281	38506467	38506316	1186	38505874	-593	593	442
chr22	19846599	19851512	19851385	4913	19849055	-2456	2457	2330
chr22	20110954	20116675	20112743	5721	20113814	-2860	2861	-1071
chr22	31343776	31345752	31344719	1976	31344764	-988	988	-45
chr22	30244588	30247737	30244851	3149	30246162	-1574	1575	-1311
chr22	19174717	19179498	19176616	4781	19177107	-2390	2391	-491
chr22	19174717	19179498	19177169	4781	19177107	-2390	2391	62
chr22	49962700	49963882	49963059	1182	49963291	-591	591	-232
chr22	42126524	42131497	42130872	4973	42129010	-2486	2487	1862
chr22	49962700	49963882	49963378	1182	49963291	-591	591	87
chr22	28795417	28801882	28796984	6465	28798649	-3232	3233	-1665
chr22	42126524	42131497	42130617	4973	42129010	-2486	2487	1607
chr22	37636094	37642545	37641418	6451	37639319	-3225	3226	2099
chr22	49962700	49963882	49962746	1182	49963291	-591	591	-545
chr22	42126524	42131497	42128248	4973	42129010	-2486	2487	-762
chr22	37805555	37807009	37806560	1454	37806282	-727	727	278
chr22	42126524	42131497	42129160	4973	42129010	-2486	2487	150
chr22	20999779	21002994	21000143	3215	21001386	-1607	1608	-1243
chr22	29262656	29270060	29265476	7404	29266358	-3702	3702	-882
chr22	39521268	39522635	39521505	1367	39521951	-683	684	-446
chr22	20999779	21002994	21000418	3215	21001386	-1607	1608	-968
chr22	41693528	41697532	41696772	4004	41695530	-2002	2002	1242
chr22	50194261	50200183	50197324	5922	50197222	-2961	2961	102
chr22	20999779	21002994	20999978	3215	21001386	-1607	1608	-1408
chr22	46535834	46539843	46536311	4009	46537838	-2004	2005	-1527
chr22	20110954	20116675	20114621	5721	20113814	-2860	2861	807
chr22	42126524	42131497	42127568	4973	42129010	-2486	2487	-1442
chr22	38505281	38506467	38506322	1186	38505874	-593	593	448
chr22	19174717	19179498	19175953	4781	19177107	-2390	2391	-1154
chr22	20110954	20116675	20116126	5721	20113814	-2860	2861	2312
chr22	28795417	28801882	28797167	6465	28798649	-3232	3233	-1482
chr22	28795417	28801882	28799112	6465	28798649	-3232	3233	463
chr22	42126524	42131497	42127968	4973	42129010	-2486	2487	-1042
chr22	20110954	20116675	20116242	5721	20113814	-2860	2861	2428
chr22	20124107	20128897	20126349	4790	20126502	-2395	2395	-153
chr22	42126524	42131497	42128865	4973	42129010	-2486	2487	-145
chr22	39521268	39522635	39522336	1367	39521951	-683	684	385
chr22	19174717	19179498	19176631	4781	19177107	-2390	2391	-476
chr22	38700055	38703502	38700182	3447	38701778	-1723	1724	-1596
chr22	39521268	39522635	39521832	1367	39521951	-683	684	-119
chr22	20110954	20116675	20114682	5721	20113814	-2860	2861	868
chr22	20110954	20116675	20114682	5721	20113814	-2860	2861	868
chr22	20124107	20128897	20127098	4790	20126502	-2395	2395	596
chr22	19174717	19179498	19176471	4781	19177107	-2390	2391	-636
chr22	42086100	42089641	42087078	3541	42087870	-1770	1771	-792
chr22	42086100	42089641	42087137	3541	42087870	-1770	1771	-733
chr22	30421006	30425566	30422401	4560	30423286	-2280	2280	-885
chrX	101620277	101626356	101625822	6079	101623316	-3039	3040	2506
chrX	152911583	152918397	152914777	6814	152914990	-3407	3407	-213
chrX	154430430	154436086	154435732	5656	154433258	-2828	2828	2474
chrX	153792877	153798620	153798409	5743	153795748	-2871	2872	2661
chrX	135020669	135023563	135021867	2894	135022116	-1447	1447	-249
chrX	101390026	101391668	101390985	1642	101390847	-821	821	138
chrX	154015821	154018926	154017014	3105	154017373	-1552	1553	-359
chrX	53084297	53088951	53084832	4654	53086624	-2327	2327	-1792
chrX	135020669	135023563	135021925	2894	135022116	-1447	1447	-191
chrX	136875420	136882347	136879014	6927	136878883	-3463	3464	131
chrX	135020669	135023563	135022413	2894	135022116	-1447	1447	297
chrX	53084297	53088951	53086184	4654	53086624	-2327	2327	-440
chrX	53084297	53088951	53085761	4654	53086624	-2327	2327	-863
chrX	38803071	38805209	38805036	2138	38804140	-1069	1069	896
chrX	53084297	53088951	53084992	4654	53086624	-2327	2327	-1632
chrX	154430430	154436086	154433657	5656	154433258	-2828	2828	399
chrX	154019078	154023143	154019234	4065	154021110	-2032	2033	-1876
chrX	103606983	103609571	103609122	2588	103608277	-1294	1294	845
chrX	154430430	154436086	154432325	5656	154433258	-2828	2828	-933
chrX	154407142	154413808	154412152	6666	154410475	-3333	3333	1677
chrX	71140300	71143843	71142312	3543	71142071	-1771	1772	241
chrX	147910012	147912933	147912141	2921	147911472	-1460	1461	669
chrX	53084297	53088951	53084792	4654	53086624	-2327	2327	-1832
chrX	135020669	135023563	135021834	2894	135022116	-1447	1447	-282
chrX	135972633	135975212	135973710	2579	135973922	-1289	1290	-212
chrX	135020669	135023563	135022007	2894	135022116	-1447	1447	-109
chrX	103377697	103381538	103377713	3841	103379617	-1920	1921	-1904
chrX	136875420	136882347	136879053	6927	136878883	-3463	3464	170
chrX	53084297	53088951	53086106	4654	53086624	-2327	2327	-518
chrX	48972287	48976151	48975176	3864	48974219	-1932	1932	957
chrX	53084297	53088951	53086091	4654	53086624	-2327	2327	-533
chrX	71366064	71367974	71366399	1910	71367019	-955	955	-620
chrX	71366064	71367974	71366386	1910	71367019	-955	955	-633
chrX	153943808	153947620	153943968	3812	153945714	-1906	1906	-1746
chrX	16719163	16721844	16719742	2681	16720503	-1340	1341	-761
chrX	38803071	38805209	38804882	2138	38804140	-1069	1069	742
chrX	153900726	153906626	153905951	5900	153903676	-2950	2950	2275
chrX	47650969	47653922	47651813	2953	47652445	-1476	1477	-632
chrX	153792877	153798620	153794718	5743	153795748	-2871	2872	-1030
chrX	53084297	53088951	53085322	4654	53086624	-2327	2327	-1302
chrX	103685875	103687666	103686650	1791	103686770	-895	896	-120
chrX	71140300	71143843	71141346	3543	71142071	-1771	1772	-725
chrX	54809728	54811714	54810839	1986	54810721	-993	993	118
chrX	101620277	101626356	101625831	6079	101623316	-3039	3040	2515
chrX	153970656	153973088	153970684	2432	153971872	-1216	1216	-1188
chrX	71140300	71143843	71141950	3543	71142071	-1771	1772	-121
chrX	152911583	152918397	152914740	6814	152914990	-3407	3407	-250
chrX	154407142	154413808	154413527	6666	154410475	-3333	3333	3052
chrX	70134630	70137421	70134698	2791	70136025	-1395	1396	-1327
chrX	48972287	48976151	48974057	3864	48974219	-1932	1932	-162
chrX	48570379	48576416	48575642	6037	48573397	-3018	3019	2245
chrX	135020669	135023563	135022086	2894	135022116	-1447	1447	-30
chrX	54809728	54811714	54811082	1986	54810721	-993	993	361
chrX	103606983	103609571	103609515	2588	103608277	-1294	1294	1238
chrX	71366064	71367974	71367568	1910	71367019	-955	955	549
chrX	53084297	53088951	53085361	4654	53086624	-2327	2327	-1263
chrX	101620277	101626356	101625583	6079	101623316	-3039	3040	2267
chrX	135020669	135023563	135021984	2894	135022116	-1447	1447	-132
chrX	136875420	136882347	136879257	6927	136878883	-3463	3464	374
chrX	71366064	71367974	71366379	1910	71367019	-955	955	-640
chrX	153943808	153947620	153944624	3812	153945714	-1906	1906	-1090
chrX	153724161	153727171	153726014	3010	153725666	-1505	1505	348
chrX	103377697	103381538	103377762	3841	103379617	-1920	1921	-1855
chrX	71140300	71143843	71141964	3543	71142071	-1771	1772	-107
chrX	101620277	101626356	101626204	6079	101623316	-3039	3040	2888
chrX	154015821	154018926	154016071	3105	154017373	-1552	1553	-1302
chrX	153792877	153798620	153798340	5743	153795748	-2871	2872	2592
chrX	103606983	103609571	103609308	2588	103608277	-1294	1294	1031
chrX	54809728	54811714	54809751	1986	54810721	-993	993	-970
chrX	135020669	135023563	135022235	2894	135022116	-1447	1447	119
chrX	71301279	71302444	71301782	1165	71301861	-582	583	-79
chrX	153900726	153906626	153906622	5900	153903676	-2950	2950	2946
chrX	47225662	47229976	47229664	4314	47227819	-2157	2157	1845
chrX	101620277	101626356	101625908	6079	101623316	-3039	3040	2592
