Chr	Start	End	Mutation	Size	Middle	Start_C	End_C	Mutations_C
chr1	32360321	32367284	32363805	6963	32363802	-3481	3482	3
chr1	145845583	145848365	145847270	2782	145846974	-1391	1391	296
chr1	150470714	150472742	150471903	2028	150471728	-1014	1014	175
chr1	153771364	153774208	153772667	2844	153772786	-1422	1422	-119
chr1	93582068	93585358	93582741	3290	93583713	-1645	1645	-972
chr1	181088390	181090557	181088914	2167	181089473	-1083	1084	-559
chr1	11053700	11060620	11056717	6920	11057160	-3460	3460	-443
chr1	15926508	15928947	15928519	2439	15927727	-1219	1220	792
chr1	31622642	31629892	31626858	7250	31626267	-3625	3625	591
chr1	43702147	43705575	43703590	3428	43703861	-1714	1714	-271
chr1	153618818	153620573	153618854	1755	153619695	-877	878	-841
chr1	32202502	32207732	32207474	5230	32205117	-2615	2615	2357
chr1	156589690	156592871	156592448	3181	156591280	-1590	1591	1168
chr1	20637042	20640758	20637903	3716	20638900	-1858	1858	-997
chr1	109237658	109240175	109237770	2517	109238916	-1258	1259	-1146
chr1	154550069	154556304	154555955	6235	154553186	-3117	3118	2769
chr1	154943668	154946271	154945116	2603	154944969	-1301	1302	147
chr1	155266297	155267644	155266853	1347	155266970	-673	674	-117
chr1	156937683	156942123	156940313	4440	156939903	-2220	2220	410
chr1	161121454	161124393	161124279	2939	161122923	-1469	1470	1356
chr1	161173127	161176094	161173837	2967	161174610	-1483	1484	-773
chr1	165752018	165752897	165752168	879	165752457	-439	440	-289
chr1	173988609	173992978	173992960	4369	173990793	-2184	2185	2167
chr1	205526398	205531112	205530687	4714	205528755	-2357	2357	1932
chr1	214332725	214334587	214334031	1862	214333656	-931	931	375
chr1	222628290	222630361	222629475	2071	222629325	-1035	1036	150
chr1	226068700	226072173	226071473	3473	226070436	-1736	1737	1037
chr1	244854945	244856700	244856308	1755	244855822	-877	878	486
chr1	154925015	154928076	154926408	3061	154926545	-1530	1531	-137
chr1	26182702	26187437	26183369	4735	26185069	-2367	2368	-1700
chr1	180273799	180275177	180274002	1378	180274488	-689	689	-486
chr1	214332725	214334587	214333953	1862	214333656	-931	931	297
chr1	1638370	1642737	1638532	4367	1640553	-2183	2184	-2021
chr1	6208240	6214118	6212390	5878	6211179	-2939	2939	1211
chr1	111192741	111198855	111194636	6114	111195798	-3057	3057	-1162
chr1	150625649	150629945	150629506	4296	150627797	-2148	2148	1709
chr1	155311963	155313341	155312373	1378	155312652	-689	689	-279
chr1	200848929	200851014	200849215	2085	200849971	-1042	1043	-756
chr1	2495943	2503581	2499127	7638	2499762	-3819	3819	-635
chr1	52353138	52355171	52353461	2033	52354154	-1016	1017	-693
chr1	11847599	11850118	11847627	2519	11848858	-1259	1260	-1231
chr1	109237658	109240175	109237802	2517	109238916	-1258	1259	-1114
chr1	11669859	11675057	11673766	5198	11672458	-2599	2599	1308
chr1	161121454	161124393	161122110	2939	161122923	-1469	1470	-813
chr1	153951063	153956383	153951374	5320	153953723	-2660	2660	-2349
chr1	161155682	161161485	161158123	5803	161158583	-2901	2902	-460
chr1	26779388	26781241	26779863	1853	26780314	-926	927	-451
chr1	151530004	151534658	151532528	4654	151532331	-2327	2327	197
chr1	155279859	155286466	155285255	6607	155283162	-3303	3304	2093
chr1	179086885	179094678	179094136	7793	179090781	-3896	3897	3355
chr1	32767962	32774402	32770414	6440	32771182	-3220	3220	-768
chr1	6208240	6214118	6211894	5878	6211179	-2939	2939	715
chr1	202009453	202015827	202011158	6374	202012640	-3187	3187	-1482
chr1	204195919	204203172	204202895	7253	204199545	-3626	3627	3350
chr1	145923787	145930160	145924521	6373	145926973	-3186	3187	-2452
chr1	150625649	150629945	150629466	4296	150627797	-2148	2148	1669
chr1	44634433	44636469	44635693	2036	44635451	-1018	1018	242
chr1	54883378	54886375	54883745	2997	54884876	-1498	1499	-1131
chr1	181047393	181052180	181050064	4787	181049786	-2393	2394	278
chr1	112695108	112699703	112698081	4595	112697405	-2297	2298	676
chr1	112455454	112457889	112457215	2435	112456671	-1217	1218	544
chr1	150963764	150965163	150964252	1399	150964463	-699	700	-211
chr1	145845583	145848365	145847587	2782	145846974	-1391	1391	613
chr1	35191421	35193804	35193050	2383	35192612	-1191	1192	438
chr1	37481025	37484310	37483802	3285	37482667	-1642	1643	1135
chr1	154958882	154962939	154958907	4057	154960910	-2028	2029	-2003
chr1	159935742	159938062	159936454	2320	159936902	-1160	1160	-448
chr1	214531915	214534042	214532319	2127	214532978	-1063	1064	-659
chr1	155433290	155435277	155433859	1987	155434283	-993	994	-424
chr1	222628290	222630361	222629255	2071	222629325	-1035	1036	-70
chr1	150619757	150624493	150624483	4736	150622125	-2368	2368	2358
chr1	151530004	151534658	151534002	4654	151532331	-2327	2327	1671
chr1	201464767	201470045	201468521	5278	201467406	-2639	2639	1115
chr1	156290990	156293471	156293366	2481	156292230	-1240	1241	1136
chr1	36455455	36456492	36456312	1037	36455973	-518	519	339
chr1	180270012	180272560	180271869	2548	180271286	-1274	1274	583
chr1	155279859	155286466	155282631	6607	155283162	-3303	3304	-531
chr1	161212057	161216693	161214164	4636	161214375	-2318	2318	-211
chr1	16989695	16995258	16992289	5563	16992476	-2781	2782	-187
chr1	159935742	159938062	159936781	2320	159936902	-1160	1160	-121
chr1	43601290	43604634	43603644	3344	43602962	-1672	1672	682
chr1	154550069	154556304	154552804	6235	154553186	-3117	3118	-382
chr1	156264470	156268536	156266571	4066	156266503	-2033	2033	68
chr1	16628206	16635716	16630324	7510	16631961	-3755	3755	-1637
chr1	160998900	161001224	160999977	2324	161000062	-1162	1162	-85
chr1	150967054	150969017	150968442	1963	150968035	-981	982	407
chr1	156264470	156268536	156266326	4066	156266503	-2033	2033	-177
chr1	153972617	153977782	153974817	5165	153975199	-2582	2583	-382
chr1	209796450	209799899	209796477	3449	209798174	-1724	1725	-1697
chr1	42816044	42817506	42816441	1462	42816775	-731	731	-334
chr1	43614371	43620204	43619297	5833	43617287	-2916	2917	2010
chr1	151042476	151049117	151043065	6641	151045796	-3320	3321	-2731
chr1	154550069	154556304	154552445	6235	154553186	-3117	3118	-741
chr1	155060158	155062797	155062509	2639	155061477	-1319	1320	1032
chr1	10657514	10663245	10660487	5731	10660379	-2865	2866	108
chr1	202009453	202015827	202015368	6374	202012640	-3187	3187	2728
chr1	205303865	205306518	205304207	2653	205305191	-1326	1327	-984
chr1	156264470	156268536	156268290	4066	156266503	-2033	2033	1787
chr1	6439310	6444889	6444619	5579	6442099	-2789	2790	2520
chr1	6585134	6589608	6585882	4474	6587371	-2237	2237	-1489
chr1	11793607	11795881	11794438	2274	11794744	-1137	1137	-306
chr1	11827935	11830485	11829306	2550	11829210	-1275	1275	96
chr1	19311895	19318460	19317730	6565	19315177	-3282	3283	2553
chr1	37481025	37484310	37483603	3285	37482667	-1642	1643	936
chr1	45002551	45008655	45008510	6104	45005603	-3052	3052	2907
chr1	46188177	46190504	46189991	2327	46189340	-1163	1164	651
chr1	85580671	85582611	85582466	1940	85581641	-970	970	825
chr1	114713576	114714496	114713920	920	114714036	-460	460	-116
chr1	153951063	153956383	153952022	5320	153953723	-2660	2660	-1701
chr1	155135584	155138430	155137693	2846	155137007	-1423	1423	686
chr1	156937683	156942123	156938455	4440	156939903	-2220	2220	-1448
chr1	161114984	161121140	161118016	6156	161118062	-3078	3078	-46
chr1	180184461	180188640	180186141	4179	180186550	-2089	2090	-409
chr1	200407901	200411046	200408991	3145	200409473	-1572	1573	-482
chr1	204121640	204124898	204123678	3258	204123269	-1629	1629	409
chr1	204257122	204262139	204257428	5017	204259630	-2508	2509	-2202
chr1	205303865	205306518	205306275	2653	205305191	-1326	1327	1084
chr1	11827935	11830485	11829288	2550	11829210	-1275	1275	78
chr1	16989695	16995258	16990179	5563	16992476	-2781	2782	-2297
chr1	31433438	31437448	31434185	4010	31435443	-2005	2005	-1258
chr1	110337341	110342887	110342101	5546	110340114	-2773	2773	1987
chr1	228367917	228374092	228372781	6175	228371004	-3087	3088	1777
chr1	226983256	226987161	226984118	3905	226985208	-1952	1953	-1090
chr1	58575507	58578070	58576516	2563	58576788	-1281	1282	-272
chr1	2371363	2379018	2372498	7655	2375190	-3827	3828	-2692
chr1	8354824	8361599	8356115	6775	8358211	-3387	3388	-2096
chr1	17407736	17414325	17413114	6589	17411030	-3294	3295	2084
chr1	32380113	32384605	32383964	4492	32382359	-2246	2246	1605
chr1	44776008	44778123	44777615	2115	44777065	-1057	1058	550
chr1	150806278	150808039	150806710	1761	150807158	-880	881	-448
chr1	151520411	151523962	151520654	3551	151522186	-1775	1776	-1532
chr1	151520411	151523962	151523437	3551	151522186	-1775	1776	1251
chr1	153662162	153662626	153662399	464	153662394	-232	232	5
chr1	153972617	153977782	153973257	5165	153975199	-2582	2583	-1942
chr1	154347482	154353924	154348467	6442	154350703	-3221	3221	-2236
chr1	154958882	154962939	154959512	4057	154960910	-2028	2029	-1398
chr1	155060158	155062797	155062548	2639	155061477	-1319	1320	1071
chr1	155182105	155186992	155183813	4887	155184548	-2443	2444	-735
chr1	155321746	155328952	155326624	7206	155325349	-3603	3603	1275
chr1	155433290	155435277	155433770	1987	155434283	-993	994	-513
chr1	156234408	156238188	156236468	3780	156236298	-1890	1890	170
chr1	179591159	179593494	179592602	2335	179592326	-1167	1168	276
chr1	181047393	181052180	181049160	4787	181049786	-2393	2394	-626
chr1	202965290	202968233	202966775	2943	202966761	-1471	1472	14
chr1	204128958	204132439	204132042	3481	204130698	-1740	1741	1344
chr1	204241153	204245848	204241726	4695	204243500	-2347	2348	-1774
chr1	204257122	204262139	204261354	5017	204259630	-2508	2509	1724
chr1	244854945	244856700	244855946	1755	244855822	-877	878	124
chr1	112455454	112457889	112456856	2435	112456671	-1217	1218	185
chr1	156152263	156157077	156154690	4814	156154670	-2407	2407	20
chr1	31622642	31629892	31625004	7250	31626267	-3625	3625	-1263
chr1	43421431	43429063	43427322	7632	43425247	-3816	3816	2075
chr1	109737333	109738536	109738337	1203	109737934	-601	602	403
chr1	150281278	150286016	150283554	4738	150283647	-2369	2369	-93
chr1	155321746	155328952	155325142	7206	155325349	-3603	3603	-207
chr1	156726277	156729343	156729215	3066	156727810	-1533	1533	1405
chr1	166849496	166852355	166850135	2859	166850925	-1429	1430	-790
chr1	204225675	204231325	204230535	5650	204228500	-2825	2825	2035
chr1	205526398	205531112	205529580	4714	205528755	-2357	2357	825
chr1	17407736	17414325	17409983	6589	17411030	-3294	3295	-1047
chr1	54852761	54856917	54854172	4156	54854839	-2078	2078	-667
chr1	205748877	205750880	205750235	2003	205749878	-1001	1002	357
chr1	112695108	112699703	112695484	4595	112697405	-2297	2298	-1921
chr1	155268705	155270001	155269552	1296	155269353	-648	648	199
chr1	28714314	28716590	28714769	2276	28715452	-1138	1138	-683
chr1	155123365	155128727	155127956	5362	155126046	-2681	2681	1910
chr1	161071980	161075267	161073272	3287	161073623	-1643	1644	-351
chr1	45565962	45569792	45568563	3830	45567877	-1915	1915	686
chr1	112699838	112704251	112703675	4413	112702044	-2206	2207	1631
chr1	181088390	181090557	181088945	2167	181089473	-1083	1084	-528
chr1	204425403	204428208	204425733	2805	204426805	-1402	1403	-1072
chr1	222628290	222630361	222629857	2071	222629325	-1035	1036	532
chr1	32767962	32774402	32772872	6440	32771182	-3220	3220	1690
chr1	200737832	200740952	200739795	3120	200739392	-1560	1560	403
chr1	161173127	161176094	161173632	2967	161174610	-1483	1484	-978
chr1	88980788	88985066	88983410	4278	88982927	-2139	2139	483
chr1	156172283	156178465	156176616	6182	156175374	-3091	3091	1242
chr1	20644338	20650240	20644541	5902	20647289	-2951	2951	-2748
chr1	155321746	155328952	155325211	7206	155325349	-3603	3603	-138
chr1	6463969	6471224	6470561	7255	6467596	-3627	3628	2965
chr1	202774818	202778229	202777042	3411	202776523	-1705	1706	519
chr1	156594610	156599170	156596729	4560	156596890	-2280	2280	-161
chr1	32325315	32332699	32331722	7384	32329007	-3692	3692	2715
chr1	201871552	201875720	201874936	4168	201873636	-2084	2084	1300
chr1	17027230	17029901	17028706	2671	17028565	-1335	1336	141
chr1	16393045	16399658	16395878	6613	16396351	-3306	3307	-473
chr1	6208240	6214118	6210593	5878	6211179	-2939	2939	-586
chr1	26182702	26187437	26184404	4735	26185069	-2367	2368	-665
chr1	26182702	26187437	26187188	4735	26185069	-2367	2368	2119
chr1	112455454	112457889	112457299	2435	112456671	-1217	1218	628
chr1	150958956	150963712	150960675	4756	150961334	-2378	2378	-659
chr1	154967340	154975235	154969388	7895	154971287	-3947	3948	-1899
chr1	156290990	156293471	156293074	2481	156292230	-1240	1241	844
chr1	153662162	153662626	153662545	464	153662394	-232	232	151
chr1	22125966	22130867	22129736	4901	22128416	-2450	2451	1320
chr1	44217008	44222829	44219188	5821	44219918	-2910	2911	-730
chr1	112455454	112457889	112457386	2435	112456671	-1217	1218	715
chr1	52358213	52361225	52359097	3012	52359719	-1506	1506	-622
chr1	159928025	159930684	159930181	2659	159929354	-1329	1330	827
chr1	15935117	15937568	15935688	2451	15936342	-1225	1226	-654
chr1	26853009	26858472	26853845	5463	26855740	-2731	2732	-1895
chr1	153662162	153662626	153662324	464	153662394	-232	232	-70
chr1	155317947	155318924	155318278	977	155318435	-488	489	-157
chr1	45508695	45509395	45508918	700	45509045	-350	350	-127
chr1	200848929	200851014	200849773	2085	200849971	-1042	1043	-198
chr1	22118960	22123510	22120234	4550	22121235	-2275	2275	-1001
chr1	15935117	15937568	15937302	2451	15936342	-1225	1226	960
chr1	150965395	150966925	150966604	1530	150966160	-765	765	444
chr1	207753759	207757241	207757019	3482	207755500	-1741	1741	1519
chr1	43975882	43977538	43976304	1656	43976710	-828	828	-406
chr1	103525990	103528626	103526221	2636	103527308	-1318	1318	-1087
chr1	211577062	211579845	211578515	2783	211578453	-1391	1392	62
chr1	11053700	11060620	11059273	6920	11057160	-3460	3460	2113
chr1	151404031	151405712	151405417	1681	151404871	-840	841	546
chr1	228305612	228311209	228307494	5597	228308410	-2798	2799	-916
chr1	114570179	114573859	114570731	3680	114572019	-1840	1840	-1288
chr1	145845583	145848365	145846633	2782	145846974	-1391	1391	-341
chr1	154267602	154271369	154268785	3767	154269485	-1883	1884	-700
chr1	156929492	156933388	156932549	3896	156931440	-1948	1948	1109
chr1	27849031	27850920	27850215	1889	27849975	-944	945	240
chr1	35564619	35567045	35565477	2426	35565832	-1213	1213	-355
chr1	154347482	154353924	154351193	6442	154350703	-3221	3221	490
chr1	161169074	161171462	161169695	2388	161170268	-1194	1194	-573
chr1	201464767	201470045	201465853	5278	201467406	-2639	2639	-1553
chr1	155279859	155286466	155282415	6607	155283162	-3303	3304	-747
chr1	180190802	180196518	180196443	5716	180193660	-2858	2858	2783
chr1	161052219	161055279	161052469	3060	161053749	-1530	1530	-1280
chr1	202880645	202883616	202881174	2971	202882130	-1485	1486	-956
chr1	145845583	145848365	145846069	2782	145846974	-1391	1391	-905
chr1	214531915	214534042	214532687	2127	214532978	-1063	1064	-291
chr1	228357796	228364461	228360588	6665	228361128	-3332	3333	-540
chr1	43614371	43620204	43618695	5833	43617287	-2916	2917	1408
chr1	155263029	155264030	155263318	1001	155263529	-500	501	-211
chr1	244862886	244865743	244864013	2857	244864314	-1428	1429	-301
chr1	27546962	27551688	27547430	4726	27549325	-2363	2363	-1895
chr1	44217008	44222829	44221539	5821	44219918	-2910	2911	1621
chr1	155433290	155435277	155433648	1987	155434283	-993	994	-635
chr1	160207714	160211604	160208588	3890	160209659	-1945	1945	-1071
chr1	202749902	202751291	202750763	1389	202750596	-694	695	167
chr1	19255468	19258083	19255995	2615	19256775	-1307	1308	-780
chr1	11999217	12002921	12001998	3704	12001069	-1852	1852	929
chr1	11827935	11830485	11828568	2550	11829210	-1275	1275	-642
chr1	32325315	32332699	32327649	7384	32329007	-3692	3692	-1358
chr1	154943668	154946271	154945566	2603	154944969	-1301	1302	597
chr1	3780434	3783270	3781140	2836	3781852	-1418	1418	-712
chr1	43544715	43547149	43545139	2434	43545932	-1217	1217	-793
chr1	23310407	23312172	23310999	1765	23311289	-882	883	-290
chr1	32360321	32367284	32361360	6963	32363802	-3481	3482	-2442
chr1	45620780	45623000	45621953	2220	45621890	-1110	1110	63
chr1	43620805	43623398	43622088	2593	43622101	-1296	1297	-13
chr1	153771364	153774208	153773762	2844	153772786	-1422	1422	976
chr1	204121640	204124898	204124640	3258	204123269	-1629	1629	1371
chr1	58780835	58786137	58782713	5302	58783486	-2651	2651	-773
chr1	179881808	179884251	179882722	2443	179883029	-1221	1222	-307
chr1	150263349	150266356	150266105	3007	150264852	-1503	1504	1253
chr1	150267428	150270167	150268047	2739	150268797	-1369	1370	-750
chr1	12007696	12013475	12011546	5779	12010585	-2889	2890	961
chr1	32767962	32774402	32771338	6440	32771182	-3220	3220	156
chr1	33321856	33324631	33323806	2775	33323243	-1387	1388	563
chr1	43620805	43623398	43622098	2593	43622101	-1296	1297	-3
chr1	179881808	179884251	179882928	2443	179883029	-1221	1222	-101
chr1	156290990	156293471	156292926	2481	156292230	-1240	1241	696
chr1	179106463	179112083	179108338	5620	179109273	-2810	2810	-935
chr1	46034800	46037804	46034937	3004	46036302	-1502	1502	-1365
chr1	156264470	156268536	156266592	4066	156266503	-2033	2033	89
chr1	204125633	204127790	204126754	2157	204126711	-1078	1079	43
chr1	2382589	2388032	2387496	5443	2385310	-2721	2722	2186
chr1	205303865	205306518	205305312	2653	205305191	-1326	1327	121
chr1	963535	968263	964004	4728	965899	-2364	2364	-1895
chr1	161173127	161176094	161175132	2967	161174610	-1483	1484	522
chr1	2495943	2503581	2498827	7638	2499762	-3819	3819	-935
chr1	2186892	2191124	2187003	4232	2189008	-2116	2116	-2005
chr1	111723024	111728566	111727527	5542	111725795	-2771	2771	1732
chr1	115688564	115691939	115691365	3375	115690251	-1687	1688	1114
chr1	26779388	26781241	26779863	1853	26780314	-926	927	-451
chr1	32767962	32774402	32772909	6440	32771182	-3220	3220	1727
chr1	42816044	42817506	42816492	1462	42816775	-731	731	-283
chr1	212791154	212795138	212791541	3984	212793146	-1992	1992	-1605
chr1	45326597	45333684	45328036	7087	45330140	-3543	3544	-2104
chr1	153951063	153956383	153954255	5320	153953723	-2660	2660	532
chr1	155263029	155264030	155263227	1001	155263529	-500	501	-302
chr1	154967340	154975235	154970341	7895	154971287	-3947	3948	-946
chr1	228367917	228374092	228371942	6175	228371004	-3087	3088	938
chr1	150470714	150472742	150471933	2028	150471728	-1014	1014	205
chr1	159928025	159930684	159930332	2659	159929354	-1329	1330	978
chr1	43995728	43999052	43997618	3324	43997390	-1662	1662	228
chr1	145840232	145841785	145840953	1553	145841008	-776	777	-55
chr1	180190802	180196518	180196507	5716	180193660	-2858	2858	2847
chr1	2371363	2379018	2374471	7655	2375190	-3827	3828	-719
chr1	153628108	153632845	153630580	4737	153630476	-2368	2369	104
chr1	45002551	45008655	45004879	6104	45005603	-3052	3052	-724
chr1	151170822	151172343	151170920	1521	151171582	-760	761	-662
chr1	30932953	30935482	30933212	2529	30934217	-1264	1265	-1005
chr1	46030610	46034532	46031047	3922	46032571	-1961	1961	-1524
chr1	150958956	150963712	150963013	4756	150961334	-2378	2378	1679
chr1	155261785	155262911	155262143	1126	155262348	-563	563	-205
chr1	225848075	225850428	225848915	2353	225849251	-1176	1177	-336
chr1	108698729	108699871	108699260	1142	108699300	-571	571	-40
chr1	228305612	228311209	228309520	5597	228308410	-2798	2799	1110
chr1	15834147	15835973	15835617	1826	15835060	-913	913	557
chr1	179591159	179593494	179592848	2335	179592326	-1167	1168	522
chr1	6208240	6214118	6211967	5878	6211179	-2939	2939	788
chr1	43995728	43999052	43996173	3324	43997390	-1662	1662	-1217
chr1	150619757	150624493	150624479	4736	150622125	-2368	2368	2354
chr1	156741523	156745779	156742576	4256	156743651	-2128	2128	-1075
chr1	633617	634933	633990	1316	634275	-658	658	-285
chr1	155129000	155131746	155131361	2746	155130373	-1373	1373	988
chr1	6439310	6444889	6444649	5579	6442099	-2789	2790	2550
chr1	43620805	43623398	43621989	2593	43622101	-1296	1297	-112
chr1	151398646	151400519	151399711	1873	151399582	-936	937	129
chr1	156264470	156268536	156266345	4066	156266503	-2033	2033	-158
chr1	161047292	161048664	161048438	1372	161047978	-686	686	460
chr1	43421431	43429063	43427177	7632	43425247	-3816	3816	1930
chr1	150577006	150582535	150578456	5529	150579770	-2764	2765	-1314
chr1	154255129	154258514	154257092	3385	154256821	-1692	1693	271
chr1	154964996	154967213	154966053	2217	154966104	-1108	1109	-51
chr1	151170822	151172343	151171457	1521	151171582	-760	761	-125
chr1	207753759	207757241	207757094	3482	207755500	-1741	1741	1594
chr1	27403227	27407478	27405668	4251	27405352	-2125	2126	316
chr1	112455454	112457889	112456267	2435	112456671	-1217	1218	-404
chr1	43614371	43620204	43619392	5833	43617287	-2916	2917	2105
chr1	156937683	156942123	156940230	4440	156939903	-2220	2220	327
chr1	200848929	200851014	200849191	2085	200849971	-1042	1043	-780
chr1	1309105	1316720	1314919	7615	1312912	-3807	3808	2007
chr1	27546962	27551688	27551509	4726	27549325	-2363	2363	2184
chr1	36320108	36324682	36320719	4574	36322395	-2287	2287	-1676
chr1	43690823	43694915	43690989	4092	43692869	-2046	2046	-1880
chr1	45620780	45623000	45622814	2220	45621890	-1110	1110	924
chr1	46028022	46030352	46029492	2330	46029187	-1165	1165	305
chr1	51293446	51298597	51294427	5151	51296021	-2575	2576	-1594
chr1	51788248	51793467	51789641	5219	51790857	-2609	2610	-1216
chr1	67684293	67689096	67687841	4803	67686694	-2401	2402	1147
chr1	150267428	150270167	150268720	2739	150268797	-1369	1370	-77
chr1	151240505	151242835	151242149	2330	151241670	-1165	1165	479
chr1	154550069	154556304	154555518	6235	154553186	-3117	3118	2332
chr1	31622642	31629892	31627267	7250	31626267	-3625	3625	1000
chr1	151265042	151267448	151266518	2406	151266245	-1203	1203	273
chr1	26779388	26781241	26779645	1853	26780314	-926	927	-669
chr1	22118960	22123510	22120460	4550	22121235	-2275	2275	-775
chr1	151189230	151192864	151190166	3634	151191047	-1817	1817	-881
chr1	228301684	228304962	228304433	3278	228303323	-1639	1639	1110
chr1	111192741	111198855	111197228	6114	111195798	-3057	3057	1430
chr1	26889215	26895939	26893404	6724	26892577	-3362	3362	827
chr1	20644338	20650240	20645556	5902	20647289	-2951	2951	-1733
chr1	23084750	23085698	23085361	948	23085224	-474	474	137
chr1	108690135	108693399	108692600	3264	108691767	-1632	1632	833
chr1	154967340	154975235	154974854	7895	154971287	-3947	3948	3567
chr1	156733816	156736365	156734385	2549	156735090	-1274	1275	-705
chr1	153775045	153776516	153775375	1471	153775780	-735	736	-405
chr1	222628290	222630361	222628379	2071	222629325	-1035	1036	-946
chr1	15926508	15928947	15928410	2439	15927727	-1219	1220	683
chr1	16393045	16399658	16393318	6613	16396351	-3306	3307	-3033
chr1	145923787	145930160	145926820	6373	145926973	-3186	3187	-153
chr1	156594610	156599170	156598117	4560	156596890	-2280	2280	1227
chr1	45565962	45569792	45567957	3830	45567877	-1915	1915	80
chr1	180273799	180275177	180274252	1378	180274488	-689	689	-236
chr1	153932478	153935315	153932959	2837	153933896	-1418	1419	-937
chr1	155015279	155019083	155016348	3804	155017181	-1902	1902	-833
chr1	155658815	155660432	155659787	1617	155659623	-808	809	164
chr1	156594610	156599170	156595657	4560	156596890	-2280	2280	-1233
chr1	112699838	112704251	112701698	4413	112702044	-2206	2207	-346
chr1	88980788	88985066	88981765	4278	88982927	-2139	2139	-1162
chr1	204257122	204262139	204261406	5017	204259630	-2508	2509	1776
chr1	156050621	156055890	156054935	5269	156053255	-2634	2635	1680
chr1	8354824	8361599	8355053	6775	8358211	-3387	3388	-3158
chr1	32360321	32367284	32364104	6963	32363802	-3481	3482	302
chr1	179106463	179112083	179108062	5620	179109273	-2810	2810	-1211
chr1	154323517	154328328	154327817	4811	154325922	-2405	2406	1895
chr1	151173367	151175655	151174830	2288	151174511	-1144	1144	319
chr1	43446678	43454364	43447947	7686	43450521	-3843	3843	-2574
chr1	150263349	150266356	150266092	3007	150264852	-1503	1504	1240
chr1	161169074	161171462	161170444	2388	161170268	-1194	1194	176
chr1	16628206	16635716	16630060	7510	16631961	-3755	3755	-1901
chr1	32892842	32898619	32893601	5777	32895730	-2888	2889	-2129
chr1	35564619	35567045	35565499	2426	35565832	-1213	1213	-333
chr1	113904126	113906812	113904697	2686	113905469	-1343	1343	-772
chr1	228367917	228374092	228373994	6175	228371004	-3087	3088	2990
chr1	6094063	6100872	6097434	6809	6097467	-3404	3405	-33
chr1	15935117	15937568	15937461	2451	15936342	-1225	1226	1119
chr1	160342439	160345019	160344806	2580	160343729	-1290	1290	1077
chr1	2303710	2307934	2304504	4224	2305822	-2112	2112	-1318
chr1	222628290	222630361	222628496	2071	222629325	-1035	1036	-829
chr1	154943668	154946271	154945908	2603	154944969	-1301	1302	939
chr1	156726277	156729343	156727239	3066	156727810	-1533	1533	-571
chr1	151165561	151170119	151166168	4558	151167840	-2279	2279	-1672
chr1	151404031	151405712	151404640	1681	151404871	-840	841	-231
chr1	200407901	200411046	200409095	3145	200409473	-1572	1573	-378
chr1	151165561	151170119	151165818	4558	151167840	-2279	2279	-2022
chr1	155015279	155019083	155018599	3804	155017181	-1902	1902	1418
chr1	32767962	32774402	32773120	6440	32771182	-3220	3220	1938
chr1	226983256	226987161	226986479	3905	226985208	-1952	1953	1271
chr1	151189230	151192864	151190052	3634	151191047	-1817	1817	-995
chr1	154943668	154946271	154945737	2603	154944969	-1301	1302	768
chr1	200911214	200917456	200913731	6242	200914335	-3121	3121	-604
chr1	19108082	19113043	19113041	4961	19110562	-2480	2481	2479
chr1	156594610	156599170	156595734	4560	156596890	-2280	2280	-1156
chr1	156133796	156135500	156134458	1704	156134648	-852	852	-190
chr1	32333381	32336657	32335011	3276	32335019	-1638	1638	-8
chr1	43446678	43454364	43451332	7686	43450521	-3843	3843	811
chr1	153932478	153935315	153934781	2837	153933896	-1418	1419	885
chr1	2495943	2503581	2502799	7638	2499762	-3819	3819	3037
chr1	228367917	228374092	228368753	6175	228371004	-3087	3088	-2251
chr1	204133228	204135356	204134574	2128	204134292	-1064	1064	282
chr1	2192408	2195161	2194056	2753	2193784	-1376	1377	272
chr1	2519538	2525707	2520820	6169	2522622	-3084	3085	-1802
chr1	200407901	200411046	200408787	3145	200409473	-1572	1573	-686
chr1	150263349	150266356	150266043	3007	150264852	-1503	1504	1191
chr1	153775045	153776516	153775320	1471	153775780	-735	736	-460
chr1	153951063	153956383	153953355	5320	153953723	-2660	2660	-368
chr1	110337341	110342887	110341965	5546	110340114	-2773	2773	1851
chr1	150963764	150965163	150964048	1399	150964463	-699	700	-415
chr1	179106463	179112083	179110310	5620	179109273	-2810	2810	1037
chr1	1054391	1061712	1055442	7321	1058051	-3660	3661	-2609
chr1	45341885	45343973	45342530	2088	45342929	-1044	1044	-399
chr1	220150861	220152725	220151735	1864	220151793	-932	932	-58
chr1	204410505	204412233	204410670	1728	204411369	-864	864	-699
chr1	204225675	204231325	204228759	5650	204228500	-2825	2825	259
chr1	32188076	32195407	32192342	7331	32191741	-3665	3666	601
chr1	44634433	44636469	44635274	2036	44635451	-1018	1018	-177
chr1	151173367	151175655	151174492	2288	151174511	-1144	1144	-19
chr1	27002757	27010516	27006606	7759	27006636	-3879	3880	-30
chr1	112699838	112704251	112700226	4413	112702044	-2206	2207	-1818
chr1	155129000	155131746	155131400	2746	155130373	-1373	1373	1027
chr1	160297159	160298614	160297652	1455	160297886	-727	728	-234
chr1	161047292	161048664	161047819	1372	161047978	-686	686	-159
chr1	201488085	201490412	201488878	2327	201489248	-1163	1164	-370
chr1	222628290	222630361	222629696	2071	222629325	-1035	1036	371
chr1	236546920	236548039	236548009	1119	236547479	-559	560	530
chr1	181088390	181090557	181089816	2167	181089473	-1083	1084	343
chr1	225842442	225846747	225845166	4305	225844594	-2152	2153	572
chr1	9730426	9732155	9731127	1729	9731290	-864	865	-163
chr1	43702147	43705575	43704508	3428	43703861	-1714	1714	647
chr1	204195919	204203172	204202986	7253	204199545	-3626	3627	3441
chr1	228374689	228378764	228378660	4075	228376726	-2037	2038	1934
chr1	155321746	155328952	155322712	7206	155325349	-3603	3603	-2637
chr1	77941576	77944071	77942949	2495	77942823	-1247	1248	126
chr1	112695108	112699703	112696758	4595	112697405	-2297	2298	-647
chr1	154964996	154967213	154965639	2217	154966104	-1108	1109	-465
chr1	151700935	151708597	151702656	7662	151704766	-3831	3831	-2110
chr1	166849496	166852355	166849545	2859	166850925	-1429	1430	-1380
chr1	181088390	181090557	181089838	2167	181089473	-1083	1084	365
chr1	16393045	16399658	16393326	6613	16396351	-3306	3307	-3025
chr1	85580671	85582611	85582140	1940	85581641	-970	970	499
chr1	43386394	43389005	43386600	2611	43387699	-1305	1306	-1099
chr1	151404031	151405712	151405658	1681	151404871	-840	841	787
chr1	151042476	151049117	151046113	6641	151045796	-3320	3321	317
chr1	151342066	151344097	151342257	2031	151343081	-1015	1016	-824
chr1	19255468	19258083	19257972	2615	19256775	-1307	1308	1197
chr1	2371363	2379018	2372521	7655	2375190	-3827	3828	-2669
chr1	2519538	2525707	2520821	6169	2522622	-3084	3085	-1801
chr1	2519538	2525707	2521173	6169	2522622	-3084	3085	-1449
chr1	43421431	43429063	43427100	7632	43425247	-3816	3816	1853
chr1	77941576	77944071	77942884	2495	77942823	-1247	1248	61
chr1	110337341	110342887	110339967	5546	110340114	-2773	2773	-147
chr1	112699838	112704251	112700263	4413	112702044	-2206	2207	-1781
chr1	153932478	153935315	153932921	2837	153933896	-1418	1419	-975
chr1	153951063	153956383	153952159	5320	153953723	-2660	2660	-1564
chr1	155060158	155062797	155060270	2639	155061477	-1319	1320	-1207
chr1	156722800	156723598	156723290	798	156723199	-399	399	91
chr1	161047292	161048664	161047895	1372	161047978	-686	686	-83
chr1	161121454	161124393	161123184	2939	161122923	-1469	1470	261
chr1	26779388	26781241	26780325	1853	26780314	-926	927	11
chr1	149922555	149924928	149923867	2373	149923741	-1186	1187	126
chr1	161037575	161039474	161038626	1899	161038524	-949	950	102
chr1	43386394	43389005	43386588	2611	43387699	-1305	1306	-1111
chr1	26182702	26187437	26185161	4735	26185069	-2367	2368	92
chr1	156285423	156286712	156285884	1289	156286067	-644	645	-183
chr1	182885434	182888937	182887372	3503	182887185	-1751	1752	187
chr1	221738029	221743527	221739148	5498	221740778	-2749	2749	-1630
chr1	1385742	1390941	1387308	5199	1388341	-2599	2600	-1033
chr1	2303710	2307934	2304579	4224	2305822	-2112	2112	-1243
chr1	15926508	15928947	15928198	2439	15927727	-1219	1220	471
chr1	15926508	15928947	15928467	2439	15927727	-1219	1220	740
chr1	39004107	39005596	39004145	1489	39004851	-744	745	-706
chr1	40691214	40692994	40691830	1780	40692104	-890	890	-274
chr1	43421431	43429063	43426138	7632	43425247	-3816	3816	891
chr1	43421431	43429063	43428007	7632	43425247	-3816	3816	2760
chr1	46030610	46034532	46031047	3922	46032571	-1961	1961	-1524
chr1	114723598	114727343	114725237	3745	114725470	-1872	1873	-233
chr1	153628108	153632845	153631623	4737	153630476	-2368	2369	1147
chr1	159914459	159920601	159918967	6142	159917530	-3071	3071	1437
chr1	160212880	160214597	160213578	1717	160213738	-858	859	-160
chr1	204248669	204252547	204248961	3878	204250608	-1939	1939	-1647
chr1	204257122	204262139	204259607	5017	204259630	-2508	2509	-23
chr1	211577062	211579845	211578403	2783	211578453	-1391	1392	-50
chr1	150625649	150629945	150627541	4296	150627797	-2148	2148	-256
chr1	156937683	156942123	156939828	4440	156939903	-2220	2220	-75
chr1	160207714	160211604	160208571	3890	160209659	-1945	1945	-1088
chr1	52353138	52355171	52354897	2033	52354154	-1016	1017	743
chr1	35191421	35193804	35192966	2383	35192612	-1191	1192	354
chr1	154347482	154353924	154349138	6442	154350703	-3221	3221	-1565
chr1	1254620	1258777	1255246	4157	1256698	-2078	2079	-1452
chr1	150958956	150963712	150960598	4756	150961334	-2378	2378	-736
chr1	202965290	202968233	202965934	2943	202966761	-1471	1472	-827
chr1	155263029	155264030	155263978	1001	155263529	-500	501	449
chr1	10650964	10654076	10653333	3112	10652520	-1556	1556	813
chr1	161173127	161176094	161173828	2967	161174610	-1483	1484	-782
chr1	9730426	9732155	9730558	1729	9731290	-864	865	-732
chr1	45344391	45346625	45344938	2234	45345508	-1117	1117	-570
chr1	46028022	46030352	46028906	2330	46029187	-1165	1165	-281
chr1	52361472	52364917	52361578	3445	52363194	-1722	1723	-1616
chr1	85580671	85582611	85582550	1940	85581641	-970	970	909
chr1	108690135	108693399	108692841	3264	108691767	-1632	1632	1074
chr1	110337341	110342887	110341651	5546	110340114	-2773	2773	1537
chr1	111723024	111728566	111727524	5542	111725795	-2771	2771	1729
chr1	145923787	145930160	145927069	6373	145926973	-3186	3187	96
chr1	151265042	151267448	151266559	2406	151266245	-1203	1203	314
chr1	156726277	156729343	156727227	3066	156727810	-1533	1533	-583
chr1	116403518	116405670	116404508	2152	116404594	-1076	1076	-86
chr1	151175675	151178927	151176917	3252	151177301	-1626	1626	-384
chr1	153644489	153648787	153645124	4298	153646638	-2149	2149	-1514
chr1	161114984	161121140	161119186	6156	161118062	-3078	3078	1124
chr1	1035505	1043004	1040690	7499	1039254	-3749	3750	1436
chr1	1309105	1316720	1313888	7615	1312912	-3807	3808	976
chr1	2519538	2525707	2521297	6169	2522622	-3084	3085	-1325
chr1	6641825	6647250	6644629	5425	6644537	-2712	2713	92
chr1	6641825	6647250	6645921	5425	6644537	-2712	2713	1384
chr1	26779388	26781241	26779732	1853	26780314	-926	927	-582
chr1	35187391	35188143	35188076	752	35187767	-376	376	309
chr1	40071605	40072678	40072341	1073	40072141	-536	537	200
chr1	44217008	44222829	44220558	5821	44219918	-2910	2911	640
chr1	52358213	52361225	52359075	3012	52359719	-1506	1506	-644
chr1	113389727	113392011	113391110	2284	113390869	-1142	1142	241
chr1	154601678	154604193	154602610	2515	154602935	-1257	1258	-325
chr1	155123365	155128727	155127922	5362	155126046	-2681	2681	1876
chr1	170530649	170532969	170532249	2320	170531809	-1160	1160	440
chr1	202806770	202810255	202808327	3485	202808512	-1742	1743	-185
chr1	204257122	204262139	204259299	5017	204259630	-2508	2509	-331
chr1	206732860	206735449	206733818	2589	206734154	-1294	1295	-336
chr1	207753759	207757241	207757116	3482	207755500	-1741	1741	1616
chr1	213013687	213015882	213015757	2195	213014784	-1097	1098	973
chr1	233612940	233615921	233614348	2981	233614430	-1490	1491	-82
chr1	43671121	43676631	43671636	5510	43673876	-2755	2755	-2240
chr1	1309105	1316720	1313879	7615	1312912	-3807	3808	967
chr1	11793607	11795881	11793975	2274	11794744	-1137	1137	-769
chr1	35556333	35563060	35560634	6727	35559696	-3363	3364	938
chr1	77941576	77944071	77942573	2495	77942823	-1247	1248	-250
chr1	153972617	153977782	153972784	5165	153975199	-2582	2583	-2415
chr1	156741523	156745779	156744187	4256	156743651	-2128	2128	536
chr1	161052219	161055279	161053348	3060	161053749	-1530	1530	-401
chr1	161212057	161216693	161213712	4636	161214375	-2318	2318	-663
chr1	180190802	180196518	180196446	5716	180193660	-2858	2858	2786
chr1	180273799	180275177	180274220	1378	180274488	-689	689	-268
chr1	212791154	212795138	212795101	3984	212793146	-1992	1992	1955
chr1	1054391	1061712	1055374	7321	1058051	-3660	3661	-2677
chr1	1054391	1061712	1055376	7321	1058051	-3660	3661	-2675
chr1	11787002	11791187	11788615	4185	11789094	-2092	2093	-479
chr1	51788248	51793467	51790962	5219	51790857	-2609	2610	105
chr1	204241153	204245848	204244988	4695	204243500	-2347	2348	1488
chr1	150965395	150966925	150966597	1530	150966160	-765	765	437
chr1	228392126	228399671	228394823	7545	228395898	-3772	3773	-1075
chr1	32325315	32332699	32330895	7384	32329007	-3692	3692	1888
chr1	2371363	2379018	2372562	7655	2375190	-3827	3828	-2628
chr1	26779388	26781241	26779872	1853	26780314	-926	927	-442
chr1	153640966	153644403	153643504	3437	153642684	-1718	1719	820
chr1	43975882	43977538	43976634	1656	43976710	-828	828	-76
chr1	150967054	150969017	150968958	1963	150968035	-981	982	923
chr1	153668142	153671246	153668547	3104	153669694	-1552	1552	-1147
chr1	155321746	155328952	155328255	7206	155325349	-3603	3603	2906
chr1	70221263	70222561	70221462	1298	70221912	-649	649	-450
chr1	156172283	156178465	156176453	6182	156175374	-3091	3091	1079
chr1	633617	634933	633971	1316	634275	-658	658	-304
chr1	45002551	45008655	45006978	6104	45005603	-3052	3052	1375
chr1	151240505	151242835	151242553	2330	151241670	-1165	1165	883
chr1	151404031	151405712	151404917	1681	151404871	-840	841	46
chr1	26779388	26781241	26781026	1853	26780314	-926	927	712
chr1	19108082	19113043	19112841	4961	19110562	-2480	2481	2279
chr1	161169074	161171462	161170495	2388	161170268	-1194	1194	227
chr1	150950587	150954609	150951439	4022	150952598	-2011	2011	-1159
chr1	32202502	32207732	32203925	5230	32205117	-2615	2615	-1192
chr1	32325315	32332699	32332143	7384	32329007	-3692	3692	3136
chr1	151042476	151049117	151043025	6641	151045796	-3320	3321	-2771
chr1	108199119	108201441	108200029	2322	108200280	-1161	1161	-251
chr1	45326597	45333684	45332169	7087	45330140	-3543	3544	2029
chr1	109490617	109492495	109491164	1878	109491556	-939	939	-392
chr1	228367917	228374092	228369980	6175	228371004	-3087	3088	-1024
chr1	11787002	11791187	11790692	4185	11789094	-2092	2093	1598
chr1	45002551	45008655	45008366	6104	45005603	-3052	3052	2763
chr1	156929492	156933388	156932516	3896	156931440	-1948	1948	1076
chr1	202965290	202968233	202966024	2943	202966761	-1471	1472	-737
chr1	8354824	8361599	8361372	6775	8358211	-3387	3388	3161
chr1	32325315	32332699	32327545	7384	32329007	-3692	3692	-1462
chr1	228305612	228311209	228307028	5597	228308410	-2798	2799	-1382
chr1	111723024	111728566	111727382	5542	111725795	-2771	2771	1587
chr1	153972617	153977782	153973244	5165	153975199	-2582	2583	-1955
chr1	204241153	204245848	204241684	4695	204243500	-2347	2348	-1816
chr1	150958956	150963712	150962604	4756	150961334	-2378	2378	1270
chr1	43421431	43429063	43426719	7632	43425247	-3816	3816	1472
chr1	43975882	43977538	43977242	1656	43976710	-828	828	532
chr1	220150861	220152725	220151227	1864	220151793	-932	932	-566
chr1	15940968	15947097	15944934	6129	15944032	-3064	3065	902
chr1	20637042	20640758	20637978	3716	20638900	-1858	1858	-922
chr1	32325315	32332699	32329109	7384	32329007	-3692	3692	102
chr1	151404031	151405712	151405154	1681	151404871	-840	841	283
chr1	26779388	26781241	26779739	1853	26780314	-926	927	-575
chr1	43421431	43429063	43425853	7632	43425247	-3816	3816	606
chr1	156594610	156599170	156598420	4560	156596890	-2280	2280	1530
chr1	160238884	160240067	160239951	1183	160239475	-591	592	476
chr1	44644163	44647770	44644727	3607	44645966	-1803	1804	-1239
chr1	155290311	155295192	155291782	4881	155292751	-2440	2441	-969
chr1	10650964	10654076	10653958	3112	10652520	-1556	1556	1438
chr1	10140995	10145272	10145019	4277	10143133	-2138	2139	1886
chr1	43995728	43999052	43995828	3324	43997390	-1662	1662	-1562
chr1	88980788	88985066	88983112	4278	88982927	-2139	2139	185
chr1	156476456	156481664	156477188	5208	156479060	-2604	2604	-1872
chr1	179106463	179112083	179108637	5620	179109273	-2810	2810	-636
chr1	161071980	161075267	161074693	3287	161073623	-1643	1644	1070
chr1	226068700	226072173	226071375	3473	226070436	-1736	1737	939
chr1	32767962	32774402	32768105	6440	32771182	-3220	3220	-3077
chr1	161071980	161075267	161072721	3287	161073623	-1643	1644	-902
chr1	52353138	52355171	52354610	2033	52354154	-1016	1017	456
chr1	159914459	159920601	159918701	6142	159917530	-3071	3071	1171
chr1	155290311	155295192	155293212	4881	155292751	-2440	2441	461
chr1	11669859	11675057	11674660	5198	11672458	-2599	2599	2202
chr1	22125966	22130867	22127284	4901	22128416	-2450	2451	-1132
chr1	1254620	1258777	1255342	4157	1256698	-2078	2079	-1356
chr1	151042476	151049117	151048729	6641	151045796	-3320	3321	2933
chr1	156172283	156178465	156172985	6182	156175374	-3091	3091	-2389
chr1	156172283	156178465	156176578	6182	156175374	-3091	3091	1204
chr1	205526398	205531112	205529095	4714	205528755	-2357	2357	340
chr1	205526398	205531112	205530297	4714	205528755	-2357	2357	1542
chr1	31622642	31629892	31623552	7250	31626267	-3625	3625	-2715
chr1	226983256	226987161	226984902	3905	226985208	-1952	1953	-306
chr1	159914459	159920601	159919335	6142	159917530	-3071	3071	1805
chr1	153972617	153977782	153974637	5165	153975199	-2582	2583	-562
chr1	32202502	32207732	32207279	5230	32205117	-2615	2615	2162
chr1	151042476	151049117	151048711	6641	151045796	-3320	3321	2915
chr1	160998900	161001224	161000737	2324	161000062	-1162	1162	675
chr1	200848929	200851014	200849295	2085	200849971	-1042	1043	-676
chr1	51788248	51793467	51792044	5219	51790857	-2609	2610	1187
chr1	160238884	160240067	160239537	1183	160239475	-591	592	62
chr1	46030610	46034532	46032636	3922	46032571	-1961	1961	65
chr1	88980788	88985066	88983348	4278	88982927	-2139	2139	421
chr1	200848929	200851014	200850129	2085	200849971	-1042	1043	158
chr1	205526398	205531112	205527909	4714	205528755	-2357	2357	-846
chr1	26938176	26942437	26941591	4261	26940306	-2130	2131	1285
chr1	173870579	173871897	173871027	1318	173871238	-659	659	-211
chr1	205720339	205722771	205720627	2432	205721555	-1216	1216	-928
chr1	212791154	212795138	212791682	3984	212793146	-1992	1992	-1464
chr1	26779388	26781241	26780007	1853	26780314	-926	927	-307
chr1	32333381	32336657	32334829	3276	32335019	-1638	1638	-190
chr1	153951063	153956383	153954889	5320	153953723	-2660	2660	1166
chr1	160342439	160345019	160344500	2580	160343729	-1290	1290	771
chr1	151538765	151545989	151540355	7224	151542377	-3612	3612	-2022
chr1	43421431	43429063	43428030	7632	43425247	-3816	3816	2783
chr1	161169074	161171462	161170442	2388	161170268	-1194	1194	174
chr1	145923787	145930160	145927411	6373	145926973	-3186	3187	438
chr1	30717222	30720043	30718812	2821	30718632	-1410	1411	180
chr1	16989695	16995258	16989994	5563	16992476	-2781	2782	-2482
chr1	6208240	6214118	6213167	5878	6211179	-2939	2939	1988
chr1	10459951	10463397	10463085	3446	10461674	-1723	1723	1411
chr1	15926508	15928947	15928239	2439	15927727	-1219	1220	512
chr1	15940968	15947097	15942688	6129	15944032	-3064	3065	-1344
chr1	15940968	15947097	15944578	6129	15944032	-3064	3065	546
chr1	17407736	17414325	17408956	6589	17411030	-3294	3295	-2074
chr1	29120343	29125958	29120958	5615	29123150	-2807	2808	-2192
chr1	36455455	36456492	36455779	1037	36455973	-518	519	-194
chr1	37805349	37809614	37806902	4265	37807481	-2132	2133	-579
chr1	40986812	40990156	40988590	3344	40988484	-1672	1672	106
chr1	43434942	43440030	43437182	5088	43437486	-2544	2544	-304
chr1	43620805	43623398	43620841	2593	43622101	-1296	1297	-1260
chr1	44644163	44647770	44645273	3607	44645966	-1803	1804	-693
chr1	45565962	45569792	45568482	3830	45567877	-1915	1915	605
chr1	110337341	110342887	110342023	5546	110340114	-2773	2773	1909
chr1	113904126	113906812	113904657	2686	113905469	-1343	1343	-812
chr1	150958956	150963712	150963001	4756	150961334	-2378	2378	1667
chr1	150967054	150969017	150968175	1963	150968035	-981	982	140
chr1	151034134	151037655	151034295	3521	151035894	-1760	1761	-1599
chr1	151198717	151202076	151199079	3359	151200396	-1679	1680	-1317
chr1	151700935	151708597	151705940	7662	151704766	-3831	3831	1174
chr1	153932478	153935315	153934173	2837	153933896	-1418	1419	277
chr1	154255129	154258514	154255279	3385	154256821	-1692	1693	-1542
chr1	154967340	154975235	154970222	7895	154971287	-3947	3948	-1065
chr1	155319387	155320229	155319905	842	155319808	-421	421	97
chr1	155433290	155435277	155433717	1987	155434283	-993	994	-566
chr1	156594610	156599170	156595485	4560	156596890	-2280	2280	-1405
chr1	156722800	156723598	156723324	798	156723199	-399	399	125
chr1	156929492	156933388	156930613	3896	156931440	-1948	1948	-827
chr1	156929492	156933388	156932633	3896	156931440	-1948	1948	1193
chr1	156937683	156942123	156939906	4440	156939903	-2220	2220	3
chr1	159928025	159930684	159930300	2659	159929354	-1329	1330	946
chr1	175015862	175019108	175018566	3246	175017485	-1623	1623	1081
chr1	176159464	176163752	176162971	4288	176161608	-2144	2144	1363
chr1	181047393	181052180	181050016	4787	181049786	-2393	2394	230
chr1	181088390	181090557	181088777	2167	181089473	-1083	1084	-696
chr1	181088390	181090557	181089808	2167	181089473	-1083	1084	335
chr1	200848929	200851014	200849275	2085	200849971	-1042	1043	-696
chr1	200848929	200851014	200849458	2085	200849971	-1042	1043	-513
chr1	201488085	201490412	201490391	2327	201489248	-1163	1164	1143
chr1	204225675	204231325	204228203	5650	204228500	-2825	2825	-297
chr1	204248669	204252547	204249226	3878	204250608	-1939	1939	-1382
chr1	204257122	204262139	204259736	5017	204259630	-2508	2509	106
chr1	226159794	226161998	226161583	2204	226160896	-1102	1102	687
chr1	228305612	228311209	228306572	5597	228308410	-2798	2799	-1838
chr1	51293446	51298597	51296161	5151	51296021	-2575	2576	140
chr1	26779388	26781241	26780065	1853	26780314	-926	927	-249
chr1	115688564	115691939	115691533	3375	115690251	-1687	1688	1282
chr1	37481025	37484310	37481742	3285	37482667	-1642	1643	-925
chr1	151457515	151459723	151459444	2208	151458619	-1104	1104	825
chr1	31422002	31427039	31425790	5037	31424520	-2518	2519	1270
chr1	200407901	200411046	200408596	3145	200409473	-1572	1573	-877
chr1	186341176	186342703	186341275	1527	186341939	-763	764	-664
chr1	226975554	226983200	226982900	7646	226979377	-3823	3823	3523
chr1	11019361	11022694	11022371	3333	11021027	-1666	1667	1344
chr1	181047393	181052180	181050476	4787	181049786	-2393	2394	690
chr1	222628290	222630361	222629083	2071	222629325	-1035	1036	-242
chr1	159935742	159938062	159936493	2320	159936902	-1160	1160	-409
chr1	179881808	179884251	179882581	2443	179883029	-1221	1222	-448
chr1	43421431	43429063	43424296	7632	43425247	-3816	3816	-951
chr1	45341885	45343973	45343750	2088	45342929	-1044	1044	821
chr1	45344391	45346625	45344454	2234	45345508	-1117	1117	-1054
chr1	156172283	156178465	156176926	6182	156175374	-3091	3091	1552
chr1	16393045	16399658	16395103	6613	16396351	-3306	3307	-1248
chr1	8354824	8361599	8361394	6775	8358211	-3387	3388	3183
chr1	10657514	10663245	10659736	5731	10660379	-2865	2866	-643
chr1	11827935	11830485	11829288	2550	11829210	-1275	1275	78
chr1	15926508	15928947	15928150	2439	15927727	-1219	1220	423
chr1	26889215	26895939	26892705	6724	26892577	-3362	3362	128
chr1	32325315	32332699	32331713	7384	32329007	-3692	3692	2706
chr1	43702147	43705575	43704453	3428	43703861	-1714	1714	592
chr1	51788248	51793467	51792064	5219	51790857	-2609	2610	1207
chr1	111192741	111198855	111197917	6114	111195798	-3057	3057	2119
chr1	112455454	112457889	112456128	2435	112456671	-1217	1218	-543
chr1	112699838	112704251	112703698	4413	112702044	-2206	2207	1654
chr1	145845583	145848365	145847629	2782	145846974	-1391	1391	655
chr1	145923787	145930160	145925919	6373	145926973	-3186	3187	-1054
chr1	150149511	150155523	150150956	6012	150152517	-3006	3006	-1561
chr1	150950587	150954609	150950815	4022	150952598	-2011	2011	-1783
chr1	150963764	150965163	150964547	1399	150964463	-699	700	84
chr1	151042476	151049117	151046089	6641	151045796	-3320	3321	293
chr1	151173367	151175655	151174776	2288	151174511	-1144	1144	265
chr1	151404031	151405712	151405340	1681	151404871	-840	841	469
chr1	153640966	153644403	153643138	3437	153642684	-1718	1719	454
chr1	153928238	153930241	153930225	2003	153929239	-1001	1002	986
chr1	153957573	153964497	153962702	6924	153961035	-3462	3462	1667
chr1	154550069	154556304	154552450	6235	154553186	-3117	3118	-736
chr1	159928025	159930684	159928586	2659	159929354	-1329	1330	-768
chr1	161121454	161124393	161123125	2939	161122923	-1469	1470	202
chr1	161169074	161171462	161169660	2388	161170268	-1194	1194	-608
chr1	161173127	161176094	161175966	2967	161174610	-1483	1484	1356
chr1	161212057	161216693	161214188	4636	161214375	-2318	2318	-187
chr1	168067182	168068852	168068373	1670	168068017	-835	835	356
chr1	180264808	180266531	180266528	1723	180265669	-861	862	859
chr1	200737832	200740952	200739937	3120	200739392	-1560	1560	545
chr1	201871552	201875720	201872828	4168	201873636	-2084	2084	-808
chr1	202749902	202751291	202750771	1389	202750596	-694	695	175
chr1	204133228	204135356	204134569	2128	204134292	-1064	1064	277
chr1	205526398	205531112	205527805	4714	205528755	-2357	2357	-950
chr1	225858706	225863107	225860987	4401	225860906	-2200	2201	81
chr1	228305612	228311209	228307278	5597	228308410	-2798	2799	-1132
chr1	244862886	244865743	244864004	2857	244864314	-1428	1429	-310
chr1	15940968	15947097	15944190	6129	15944032	-3064	3065	158
chr1	45002551	45008655	45008334	6104	45005603	-3052	3052	2731
chr1	153957573	153964497	153958529	6924	153961035	-3462	3462	-2506
chr1	154967340	154975235	154974883	7895	154971287	-3947	3948	3596
chr1	161121454	161124393	161124151	2939	161122923	-1469	1470	1228
chr1	212614760	212617989	212615083	3229	212616374	-1614	1615	-1291
chr1	244854945	244856700	244856057	1755	244855822	-877	878	235
chr1	37481025	37484310	37483268	3285	37482667	-1642	1643	601
chr1	10657514	10663245	10660013	5731	10660379	-2865	2866	-366
chr1	43544715	43547149	43545050	2434	43545932	-1217	1217	-882
chr1	151034134	151037655	151037523	3521	151035894	-1760	1761	1629
chr1	153771364	153774208	153772674	2844	153772786	-1422	1422	-112
chr1	166849496	166852355	166849989	2859	166850925	-1429	1430	-936
chr1	10657514	10663245	10659928	5731	10660379	-2865	2866	-451
chr1	20637042	20640758	20637865	3716	20638900	-1858	1858	-1035
chr1	155135584	155138430	155136931	2846	155137007	-1423	1423	-76
chr1	201464767	201470045	201468555	5278	201467406	-2639	2639	1149
chr1	11669859	11675057	11672003	5198	11672458	-2599	2599	-455
chr1	109237658	109240175	109237924	2517	109238916	-1258	1259	-992
chr1	111723024	111728566	111727381	5542	111725795	-2771	2771	1586
chr1	15935117	15937568	15935825	2451	15936342	-1225	1226	-517
chr1	52358213	52361225	52359790	3012	52359719	-1506	1506	71
chr1	154339976	154344708	154341000	4732	154342342	-2366	2366	-1342
chr1	43975882	43977538	43976100	1656	43976710	-828	828	-610
chr1	151400860	151402348	151400862	1488	151401604	-744	744	-742
chr1	153932478	153935315	153934173	2837	153933896	-1418	1419	277
chr1	26470760	26473631	26473504	2871	26472195	-1435	1436	1309
chr1	150967054	150969017	150967423	1963	150968035	-981	982	-612
chr1	45508695	45509395	45508876	700	45509045	-350	350	-169
chr1	204241153	204245848	204245633	4695	204243500	-2347	2348	2133
chr1	156172283	156178465	156176810	6182	156175374	-3091	3091	1436
chr1	15940968	15947097	15945786	6129	15944032	-3064	3065	1754
chr1	19336557	19343499	19339724	6942	19340028	-3471	3471	-304
chr1	150263349	150266356	150264851	3007	150264852	-1503	1504	-1
chr1	150281278	150286016	150283329	4738	150283647	-2369	2369	-318
chr1	151342066	151344097	151343406	2031	151343081	-1015	1016	325
chr1	226983256	226987161	226986569	3905	226985208	-1952	1953	1361
chr1	155279859	155286466	155285743	6607	155283162	-3303	3304	2581
chr1	2519538	2525707	2521747	6169	2522622	-3084	3085	-875
chr1	53902465	53905122	53904754	2657	53903793	-1328	1329	961
chr1	182874856	182875989	182874945	1133	182875422	-566	567	-477
chr1	115688564	115691939	115691860	3375	115690251	-1687	1688	1609
chr1	3467165	3474002	3467276	6837	3470583	-3418	3419	-3307
chr1	93582068	93585358	93582844	3290	93583713	-1645	1645	-869
chr1	150950587	150954609	150951439	4022	150952598	-2011	2011	-1159
chr1	155261785	155262911	155262115	1126	155262348	-563	563	-233
chr1	26938176	26942437	26941752	4261	26940306	-2130	2131	1446
chr1	27363084	27367245	27364874	4161	27365164	-2080	2081	-290
chr1	43614371	43620204	43620184	5833	43617287	-2916	2917	2897
chr1	160998900	161001224	161000183	2324	161000062	-1162	1162	121
chr1	32380113	32384605	32383937	4492	32382359	-2246	2246	1578
chr1	150967054	150969017	150968416	1963	150968035	-981	982	381
chr1	2388166	2392941	2388258	4775	2390553	-2387	2388	-2295
chr1	32100261	32104545	32102486	4284	32102403	-2142	2142	83
chr1	112699838	112704251	112702599	4413	112702044	-2206	2207	555
chr1	151342066	151344097	151342941	2031	151343081	-1015	1016	-140
chr1	154255129	154258514	154257389	3385	154256821	-1692	1693	568
chr1	154943668	154946271	154945841	2603	154944969	-1301	1302	872
chr1	155182105	155186992	155182132	4887	155184548	-2443	2444	-2416
chr1	155321746	155328952	155324698	7206	155325349	-3603	3603	-651
chr1	156285423	156286712	156286398	1289	156286067	-644	645	331
chr1	221738029	221743527	221739725	5498	221740778	-2749	2749	-1053
chr1	225842442	225846747	225844529	4305	225844594	-2152	2153	-65
chr1	16989695	16995258	16993678	5563	16992476	-2781	2782	1202
chr1	43620805	43623398	43620841	2593	43622101	-1296	1297	-1260
chr1	15926508	15928947	15928184	2439	15927727	-1219	1220	457
chr1	36087282	36090966	36087974	3684	36089124	-1842	1842	-1150
chr1	963535	968263	966556	4728	965899	-2364	2364	657
chr1	3820878	3823843	3823467	2965	3822360	-1482	1483	1107
chr1	36352456	36356261	36355280	3805	36354358	-1902	1903	922
chr1	37552317	37555665	37552687	3348	37553991	-1674	1674	-1304
chr1	150267428	150270167	150268720	2739	150268797	-1369	1370	-77
chr1	202965290	202968233	202965456	2943	202966761	-1471	1472	-1305
chr1	15935117	15937568	15936120	2451	15936342	-1225	1226	-222
chr1	228357796	228364461	228359841	6665	228361128	-3332	3333	-1287
chr1	31433438	31437448	31434349	4010	31435443	-2005	2005	-1094
chr1	37481025	37484310	37482540	3285	37482667	-1642	1643	-127
chr1	156069611	156073584	156073226	3973	156071597	-1986	1987	1629
chr1	161114984	161121140	161118053	6156	161118062	-3078	3078	-9
chr1	205526398	205531112	205526797	4714	205528755	-2357	2357	-1958
chr1	228392126	228399671	228395130	7545	228395898	-3772	3773	-768
chr1	32360321	32367284	32362779	6963	32363802	-3481	3482	-1023
chr1	165752018	165752897	165752136	879	165752457	-439	440	-321
chr1	30932953	30935482	30933187	2529	30934217	-1264	1265	-1030
chr1	46188177	46190504	46188803	2327	46189340	-1163	1164	-537
chr1	156594610	156599170	156595090	4560	156596890	-2280	2280	-1800
chr1	156594610	156599170	156595584	4560	156596890	-2280	2280	-1306
chr1	173870579	173871897	173870899	1318	173871238	-659	659	-339
chr1	43421431	43429063	43425855	7632	43425247	-3816	3816	608
chr1	58575507	58578070	58576516	2563	58576788	-1281	1282	-272
chr1	32360321	32367284	32363592	6963	32363802	-3481	3482	-210
chr1	153988080	153991349	153991226	3269	153989714	-1634	1635	1512
chr1	200407901	200411046	200408388	3145	200409473	-1572	1573	-1085
chr1	25230493	25232618	25232132	2125	25231555	-1062	1063	577
chr1	151404031	151405712	151405109	1681	151404871	-840	841	238
chr1	93582068	93585358	93582559	3290	93583713	-1645	1645	-1154
chr1	150625649	150629945	150629438	4296	150627797	-2148	2148	1641
chr1	151265042	151267448	151265522	2406	151266245	-1203	1203	-723
chr1	2371363	2379018	2372505	7655	2375190	-3827	3828	-2685
chr1	2371363	2379018	2372506	7655	2375190	-3827	3828	-2684
chr1	151265042	151267448	151267308	2406	151266245	-1203	1203	1063
chr1	3780434	3783270	3781267	2836	3781852	-1418	1418	-585
chr1	115688564	115691939	115691347	3375	115690251	-1687	1688	1096
chr1	156069611	156073584	156069747	3973	156071597	-1986	1987	-1850
chr1	2388166	2392941	2388291	4775	2390553	-2387	2388	-2262
chr1	43601290	43604634	43603823	3344	43602962	-1672	1672	861
chr1	45002551	45008655	45003925	6104	45005603	-3052	3052	-1678
chr1	156264470	156268536	156268181	4066	156266503	-2033	2033	1678
chr1	1309105	1316720	1310552	7615	1312912	-3807	3808	-2360
chr1	31366713	31369611	31367444	2898	31368162	-1449	1449	-718
chr1	233612940	233615921	233614217	2981	233614430	-1490	1491	-213
chr1	45620780	45623000	45622606	2220	45621890	-1110	1110	716
chr1	228367917	228374092	228371962	6175	228371004	-3087	3088	958
chr1	16628206	16635716	16628633	7510	16631961	-3755	3755	-3328
chr1	6094063	6100872	6098600	6809	6097467	-3404	3405	1133
chr1	200407901	200411046	200408924	3145	200409473	-1572	1573	-549
chr1	93582068	93585358	93582736	3290	93583713	-1645	1645	-977
chr1	6208240	6214118	6212824	5878	6211179	-2939	2939	1645
chr1	23557678	23560173	23559051	2495	23558925	-1247	1248	126
chr1	32779231	32781118	32780082	1887	32780174	-943	944	-92
chr1	114570179	114573859	114570708	3680	114572019	-1840	1840	-1311
chr1	151400860	151402348	151401509	1488	151401604	-744	744	-95
chr1	151520411	151523962	151520455	3551	151522186	-1775	1776	-1731
chr1	201464767	201470045	201465607	5278	201467406	-2639	2639	-1799
chr1	155914983	155917155	155916663	2172	155916069	-1086	1086	594
chr1	28714314	28716590	28714568	2276	28715452	-1138	1138	-884
chr1	161121454	161124393	161121830	2939	161122923	-1469	1470	-1093
chr1	27546962	27551688	27551615	4726	27549325	-2363	2363	2290
chr1	116400218	116401763	116401067	1545	116400990	-772	773	77
chr1	6208240	6214118	6212869	5878	6211179	-2939	2939	1690
chr1	145845583	145848365	145846039	2782	145846974	-1391	1391	-935
chr1	156929492	156933388	156932005	3896	156931440	-1948	1948	565
chr1	154925015	154928076	154925161	3061	154926545	-1530	1531	-1384
chr1	16628206	16635716	16632358	7510	16631961	-3755	3755	397
chr1	37805349	37809614	37809109	4265	37807481	-2132	2133	1628
chr1	156050621	156055890	156051798	5269	156053255	-2634	2635	-1457
chr1	160212880	160214597	160213258	1717	160213738	-858	859	-480
chr1	155135584	155138430	155137999	2846	155137007	-1423	1423	992
chr1	204241153	204245848	204241439	4695	204243500	-2347	2348	-2061
chr1	10633649	10638161	10637243	4512	10635905	-2256	2256	1338
chr1	154943668	154946271	154944877	2603	154944969	-1301	1302	-92
chr1	204410505	204412233	204411241	1728	204411369	-864	864	-128
chr1	10639798	10644018	10643164	4220	10641908	-2110	2110	1256
chr1	155321746	155328952	155322045	7206	155325349	-3603	3603	-3304
chr1	159914459	159920601	159919019	6142	159917530	-3071	3071	1489
chr1	204257122	204262139	204259502	5017	204259630	-2508	2509	-128
chr1	15926508	15928947	15928637	2439	15927727	-1219	1220	910
chr1	156050621	156055890	156051755	5269	156053255	-2634	2635	-1500
chr1	23557678	23560173	23558041	2495	23558925	-1247	1248	-884
chr1	2226608	2232196	2229410	5588	2229402	-2794	2794	8
chr1	43702147	43705575	43704093	3428	43703861	-1714	1714	232
chr1	154550069	154556304	154551807	6235	154553186	-3117	3118	-1379
chr1	221738029	221743527	221739699	5498	221740778	-2749	2749	-1079
chr1	228374689	228378764	228377157	4075	228376726	-2037	2038	431
chr1	43446678	43454364	43447037	7686	43450521	-3843	3843	-3484
chr1	150281278	150286016	150283549	4738	150283647	-2369	2369	-98
chr1	1014022	1021822	1014276	7800	1017922	-3900	3900	-3646
chr1	45002551	45008655	45004909	6104	45005603	-3052	3052	-694
chr1	35564619	35567045	35565250	2426	35565832	-1213	1213	-582
chr1	45620780	45623000	45622793	2220	45621890	-1110	1110	903
chr1	150965395	150966925	150965793	1530	150966160	-765	765	-367
chr1	150965395	150966925	150965794	1530	150966160	-765	765	-366
chr1	170530649	170532969	170532262	2320	170531809	-1160	1160	453
chr1	150577006	150582535	150578883	5529	150579770	-2764	2765	-887
chr1	160238884	160240067	160239995	1183	160239475	-591	592	520
chr1	52358213	52361225	52358353	3012	52359719	-1506	1506	-1366
chr1	151175675	151178927	151178084	3252	151177301	-1626	1626	783
chr1	150267428	150270167	150268061	2739	150268797	-1369	1370	-736
chr1	58780835	58786137	58782737	5302	58783486	-2651	2651	-749
chr1	6208240	6214118	6212368	5878	6211179	-2939	2939	1189
chr1	161047292	161048664	161048554	1372	161047978	-686	686	576
chr1	221738029	221743527	221739023	5498	221740778	-2749	2749	-1755
chr1	6457814	6463312	6462072	5498	6460563	-2749	2749	1509
chr1	17407736	17414325	17408819	6589	17411030	-3294	3295	-2211
chr1	151342066	151344097	151343409	2031	151343081	-1015	1016	328
chr1	207753759	207757241	207757054	3482	207755500	-1741	1741	1554
chr1	228365299	228367611	228366138	2312	228366455	-1156	1156	-317
chr1	228305612	228311209	228309528	5597	228308410	-2798	2799	1118
chr1	20644338	20650240	20644492	5902	20647289	-2951	2951	-2797
chr1	26779388	26781241	26779517	1853	26780314	-926	927	-797
chr1	26889215	26895939	26891047	6724	26892577	-3362	3362	-1530
chr1	32892842	32898619	32898128	5777	32895730	-2888	2889	2398
chr1	37481025	37484310	37483522	3285	37482667	-1642	1643	855
chr1	43601290	43604634	43603620	3344	43602962	-1672	1672	658
chr1	46188177	46190504	46188846	2327	46189340	-1163	1164	-494
chr1	150470714	150472742	150470790	2028	150471728	-1014	1014	-938
chr1	150967054	150969017	150967176	1963	150968035	-981	982	-859
chr1	151342066	151344097	151342439	2031	151343081	-1015	1016	-642
chr1	151406103	151407085	151406630	982	151406594	-491	491	36
chr1	154990692	154993450	154992746	2758	154992071	-1379	1379	675
chr1	156069611	156073584	156070366	3973	156071597	-1986	1987	-1231
chr1	170530649	170532969	170532179	2320	170531809	-1160	1160	370
chr1	222628290	222630361	222629056	2071	222629325	-1035	1036	-269
chr1	156152263	156157077	156154681	4814	156154670	-2407	2407	11
chr1	200911214	200917456	200913672	6242	200914335	-3121	3121	-663
chr1	23310407	23312172	23310559	1765	23311289	-882	883	-730
chr1	155279859	155286466	155284754	6607	155283162	-3303	3304	1592
chr1	204257122	204262139	204259378	5017	204259630	-2508	2509	-252
chr1	43446678	43454364	43451622	7686	43450521	-3843	3843	1101
chr1	212791154	212795138	212791784	3984	212793146	-1992	1992	-1362
chr1	8362460	8365361	8364115	2901	8363910	-1450	1451	205
chr1	26182702	26187437	26185037	4735	26185069	-2367	2368	-32
chr1	88980788	88985066	88982178	4278	88982927	-2139	2139	-749
chr1	114716234	114719986	114719652	3752	114718110	-1876	1876	1542
chr1	151364965	151367993	151366779	3028	151366479	-1514	1514	300
chr1	151406103	151407085	151406297	982	151406594	-491	491	-297
chr1	155319387	155320229	155319905	842	155319808	-421	421	97
chr1	156264470	156268536	156266179	4066	156266503	-2033	2033	-324
chr1	160212880	160214597	160213448	1717	160213738	-858	859	-290
chr1	166849496	166852355	166849584	2859	166850925	-1429	1430	-1341
chr1	167220890	167222995	167220939	2105	167221942	-1052	1053	-1003
chr1	212614760	212617989	212615222	3229	212616374	-1614	1615	-1152
chr1	226159794	226161998	226161625	2204	226160896	-1102	1102	729
chr1	35184118	35184656	35184275	538	35184387	-269	269	-112
chr1	111723024	111728566	111727739	5542	111725795	-2771	2771	1944
chr1	180270012	180272560	180271494	2548	180271286	-1274	1274	208
chr2	27033742	27038741	27037678	4999	27036241	-2499	2500	1437
chr2	20446344	20449414	20447368	3070	20447879	-1535	1535	-511
chr2	74458304	74463041	74458494	4737	74460672	-2368	2369	-2178
chr2	27366916	27369683	27369462	2767	27368299	-1383	1384	1163
chr2	111119713	111125232	111123896	5519	111122472	-2759	2760	1424
chr2	27374562	27382505	27378308	7943	27378533	-3971	3972	-225
chr2	231459368	231462267	231461572	2899	231460817	-1449	1450	755
chr2	3573921	3577717	3576853	3796	3575819	-1898	1898	1034
chr2	3387185	3390546	3388184	3361	3388865	-1680	1681	-681
chr2	61482103	61483574	61482437	1471	61482838	-735	736	-401
chr2	96282945	96290380	96284549	7435	96286662	-3717	3718	-2113
chr2	156327600	156328941	156328526	1341	156328270	-670	671	256
chr2	219235396	219237766	219236643	2370	219236581	-1185	1185	62
chr2	43224041	43227934	43226311	3893	43225987	-1946	1947	324
chr2	96270098	96272848	96271120	2750	96271473	-1375	1375	-353
chr2	128266095	128270816	128268474	4721	128268455	-2360	2361	19
chr2	206158618	206161366	206159979	2748	206159992	-1374	1374	-13
chr2	74099354	74102430	74101529	3076	74100892	-1538	1538	637
chr2	197408959	197410253	197409786	1294	197409606	-647	647	180
chr2	219278688	219280370	219279860	1682	219279529	-841	841	331
chr2	27326247	27330333	27327185	4086	27328290	-2043	2043	-1105
chr2	152717167	152719307	152717343	2140	152718237	-1070	1070	-894
chr2	152717167	152719307	152718833	2140	152718237	-1070	1070	596
chr2	47174763	47177506	47176461	2743	47176134	-1371	1372	327
chr2	152717167	152719307	152717456	2140	152718237	-1070	1070	-781
chr2	219219419	219226383	219223683	6964	219222901	-3482	3482	782
chr2	96018500	96022325	96021958	3825	96020412	-1912	1913	1546
chr2	233768032	233770755	233768318	2723	233769393	-1361	1362	-1075
chr2	233768032	233770755	233768319	2723	233769393	-1361	1362	-1074
chr2	74045867	74048738	74048062	2871	74047302	-1435	1436	760
chr2	241223790	241228069	241227445	4279	241225929	-2139	2140	1516
chr2	226796044	226800731	226798253	4687	226798387	-2343	2344	-134
chr2	131216710	131219308	131218646	2598	131218009	-1299	1299	637
chr2	108786116	108787294	108786763	1178	108786705	-589	589	58
chr2	231711591	231718063	231713262	6472	231714827	-3236	3236	-1565
chr2	27440424	27445824	27443253	5400	27443124	-2700	2700	129
chr2	27653173	27655215	27653689	2042	27654194	-1021	1021	-505
chr2	74458304	74463041	74461781	4737	74460672	-2368	2369	1109
chr2	131216710	131219308	131218781	2598	131218009	-1299	1299	772
chr2	74367653	74372889	74368743	5236	74370271	-2618	2618	-1528
chr2	96277347	96282791	96277551	5444	96280069	-2722	2722	-2518
chr2	101004627	101006806	101005979	2179	101005716	-1089	1090	263
chr2	219219419	219226383	219224520	6964	219222901	-3482	3482	1619
chr2	219284396	219289683	219284940	5287	219287039	-2643	2644	-2099
chr2	238096683	238101037	238096850	4354	238098860	-2177	2177	-2010
chr2	238259954	238265582	238263003	5628	238262768	-2814	2814	235
chr2	27374562	27382505	27375901	7943	27378533	-3971	3972	-2632
chr2	27366916	27369683	27368418	2767	27368299	-1383	1384	119
chr2	27326247	27330333	27329482	4086	27328290	-2043	2043	1192
chr2	99402692	99404406	99402771	1714	99403549	-857	857	-778
chr2	219246512	219249251	219247119	2739	219247881	-1369	1370	-762
chr2	219605817	219610114	219608302	4297	219607965	-2148	2149	337
chr2	27440424	27445824	27441838	5400	27443124	-2700	2700	-1286
chr2	28410211	28412950	28412163	2739	28411580	-1369	1370	583
chr2	219565701	219567894	219567059	2193	219566797	-1096	1097	262
chr2	207164426	207167377	207165501	2951	207165901	-1475	1476	-400
chr2	177212375	177217070	177215620	4695	177214722	-2347	2348	898
chr2	241352456	241356928	241353906	4472	241354692	-2236	2236	-786
chr2	27374562	27382505	27377790	7943	27378533	-3971	3972	-743
chr2	20446344	20449414	20448392	3070	20447879	-1535	1535	513
chr2	219549870	219552079	219550310	2209	219550974	-1104	1105	-664
chr2	96282945	96290380	96284462	7435	96286662	-3717	3718	-2200
chr2	74523191	74527879	74527875	4688	74525535	-2344	2344	2340
chr2	226796044	226800731	226798447	4687	226798387	-2343	2344	60
chr2	219235396	219237766	219235540	2370	219236581	-1185	1185	-1041
chr2	28403050	28405628	28404132	2578	28404339	-1289	1289	-207
chr2	27366916	27369683	27368425	2767	27368299	-1383	1384	126
chr2	74523191	74527879	74525070	4688	74525535	-2344	2344	-465
chr2	97772331	97776470	97775929	4139	97774400	-2069	2070	1529
chr2	219561722	219565673	219562555	3951	219563697	-1975	1976	-1142
chr2	219561722	219565673	219563397	3951	219563697	-1975	1976	-300
chr2	231459368	231462267	231460505	2899	231460817	-1449	1450	-312
chr2	235041235	235044151	235042152	2916	235042693	-1458	1458	-541
chr2	241232050	241239409	241236652	7359	241235729	-3679	3680	923
chr2	42766165	42769373	42767624	3208	42767769	-1604	1604	-145
chr2	101010560	101011124	101010936	564	101010842	-282	282	94
chr2	105398658	105400600	105399366	1942	105399629	-971	971	-263
chr2	219535489	219538367	219538034	2878	219536928	-1439	1439	1106
chr2	120345537	120351187	120349419	5650	120348362	-2825	2825	1057
chr2	109613137	109617205	109615915	4068	109615171	-2034	2034	744
chr2	218640437	218645480	218644998	5043	218642958	-2521	2522	2040
chr2	74099354	74102430	74100636	3076	74100892	-1538	1538	-256
chr2	218640437	218645480	218643144	5043	218642958	-2521	2522	186
chr2	42766165	42769373	42767327	3208	42767769	-1604	1604	-442
chr2	27326247	27330333	27328849	4086	27328290	-2043	2043	559
chr2	65226749	65229182	65227866	2433	65227965	-1216	1217	-99
chr2	203439366	203441482	203439704	2116	203440424	-1058	1058	-720
chr2	219561722	219565673	219562529	3951	219563697	-1975	1976	-1168
chr2	65071468	65073009	65072148	1541	65072238	-770	771	-90
chr2	85551382	85553210	85552979	1828	85552296	-914	914	683
chr2	159226540	159228924	159227952	2384	159227732	-1192	1192	220
chr2	65071468	65073009	65071737	1541	65072238	-770	771	-501
chr2	3573921	3577717	3576580	3796	3575819	-1898	1898	761
chr2	27220027	27224181	27222983	4154	27222104	-2077	2077	879
chr2	130369613	130374880	130369809	5267	130372246	-2633	2634	-2437
chr2	232857670	232861167	232858386	3497	232859418	-1748	1749	-1032
chr2	219380842	219386501	219385992	5659	219383671	-2829	2830	2321
chr2	95409716	95412377	95411020	2661	95411046	-1330	1331	-26
chr2	27374562	27382505	27381601	7943	27378533	-3971	3972	3068
chr2	74092956	74095417	74093553	2461	74094186	-1230	1231	-633
chr2	27363778	27366262	27364731	2484	27365020	-1242	1242	-289
chr2	74832746	74839228	74834539	6482	74835987	-3241	3241	-1448
chr2	127717962	127720417	127719300	2455	127719189	-1227	1228	111
chr2	216497666	216500537	216499268	2871	216499101	-1435	1436	167
chr2	156327600	156328941	156327981	1341	156328270	-670	671	-289
chr2	108786116	108787294	108786876	1178	108786705	-589	589	171
chr2	181914012	181916734	181916227	2722	181915373	-1361	1361	854
chr2	218394390	218401883	218394705	7493	218398136	-3746	3747	-3431
chr2	218238289	218239947	218238837	1658	218239118	-829	829	-281
chr2	96282945	96290380	96290376	7435	96286662	-3717	3718	3714
chr2	27653173	27655215	27653695	2042	27654194	-1021	1021	-499
chr2	219565701	219567894	219567301	2193	219566797	-1096	1097	504
chr2	202375613	202377731	202377490	2118	202376672	-1059	1059	818
chr2	27326247	27330333	27327274	4086	27328290	-2043	2043	-1016
chr2	65312607	65314976	65313366	2369	65313791	-1184	1185	-425
chr2	231459368	231462267	231461642	2899	231460817	-1449	1450	825
chr2	173962204	173966192	173965169	3988	173964198	-1994	1994	971
chr2	201138018	201140226	201138108	2208	201139122	-1104	1104	-1014
chr2	20446344	20449414	20447783	3070	20447879	-1535	1535	-96
chr2	28410211	28412950	28412145	2739	28411580	-1369	1370	565
chr2	232564973	232567253	232566959	2280	232566113	-1140	1140	846
chr2	36355081	36357590	36356556	2509	36356335	-1254	1255	221
chr2	27094799	27100762	27100061	5963	27097780	-2981	2982	2281
chr2	235041235	235044151	235041796	2916	235042693	-1458	1458	-897
chr2	226796044	226800731	226796540	4687	226798387	-2343	2344	-1847
chr2	241672188	241675792	241672194	3604	241673990	-1802	1802	-1796
chr2	197408959	197410253	197409953	1294	197409606	-647	647	347
chr2	27440424	27445824	27440692	5400	27443124	-2700	2700	-2432
chr2	231459368	231462267	231460780	2899	231460817	-1449	1450	-37
chr2	226796044	226800731	226798070	4687	226798387	-2343	2344	-317
chr2	27366916	27369683	27369035	2767	27368299	-1383	1384	736
chr2	27440424	27445824	27441758	5400	27443124	-2700	2700	-1366
chr2	85598558	85604590	85601283	6032	85601574	-3016	3016	-291
chr2	233290412	233294181	233293290	3769	233292296	-1884	1885	994
chr2	219605817	219610114	219608703	4297	219607965	-2148	2149	738
chr2	73254490	73260242	73255054	5752	73257366	-2876	2876	-2312
chr2	24791358	24793484	24793269	2126	24792421	-1063	1063	848
chr2	74489113	74492524	74492170	3411	74490818	-1705	1706	1352
chr2	219206693	219210618	219207671	3925	219208655	-1962	1963	-984
chr2	24821347	24826852	24823327	5505	24824099	-2752	2753	-772
chr2	74458304	74463041	74462039	4737	74460672	-2368	2369	1367
chr2	74045867	74048738	74047427	2871	74047302	-1435	1436	125
chr2	27094799	27100762	27100473	5963	27097780	-2981	2982	2693
chr2	219206693	219210618	219209273	3925	219208655	-1962	1963	618
chr2	43224041	43227934	43225731	3893	43225987	-1946	1947	-256
chr2	105338984	105340234	105339684	1250	105339609	-625	625	75
chr2	96277347	96282791	96278658	5444	96280069	-2722	2722	-1411
chr2	27391596	27396514	27392856	4918	27394055	-2459	2459	-1199
chr2	27391596	27396514	27392857	4918	27394055	-2459	2459	-1198
chr2	27094799	27100762	27100619	5963	27097780	-2981	2982	2839
chr2	96282945	96290380	96287514	7435	96286662	-3717	3718	852
chr2	240527978	240530531	240529319	2553	240529254	-1276	1277	65
chr2	241495095	241498271	241498240	3176	241496683	-1588	1588	1557
chr2	27374562	27382505	27378683	7943	27378533	-3971	3972	150
chr2	95285473	95291322	95285694	5849	95288397	-2924	2925	-2703
chr2	65312607	65314976	65312654	2369	65313791	-1184	1185	-1137
chr2	219561722	219565673	219565357	3951	219563697	-1975	1976	1660
chr2	235041235	235044151	235042301	2916	235042693	-1458	1458	-392
chr2	235041235	235044151	235042211	2916	235042693	-1458	1458	-482
chr2	218401902	218409025	218404326	7123	218405463	-3561	3562	-1137
chr2	241495095	241498271	241498242	3176	241496683	-1588	1588	1559
chr2	219219419	219226383	219222701	6964	219222901	-3482	3482	-200
chr2	241093580	241095933	241095794	2353	241094756	-1176	1177	1038
chr2	96282945	96290380	96286330	7435	96286662	-3717	3718	-332
chr2	226796044	226800731	226797909	4687	226798387	-2343	2344	-478
chr2	233467955	233472025	233468496	4070	233469990	-2035	2035	-1494
chr2	27374562	27382505	27375921	7943	27378533	-3971	3972	-2612
chr2	27434058	27435594	27434507	1536	27434826	-768	768	-319
chr2	97772331	97776470	97775899	4139	97774400	-2069	2070	1499
chr2	27210208	27213081	27212274	2873	27211644	-1436	1437	630
chr2	74458304	74463041	74459404	4737	74460672	-2368	2369	-1268
chr2	74523191	74527879	74523471	4688	74525535	-2344	2344	-2064
chr2	65071468	65073009	65072306	1541	65072238	-770	771	68
chr2	73249447	73251075	73249917	1628	73250261	-814	814	-344
chr2	27033742	27038741	27036505	4999	27036241	-2499	2500	264
chr2	43224041	43227934	43226295	3893	43225987	-1946	1947	308
chr2	96831638	96833574	96832574	1936	96832606	-968	968	-32
chr2	173911034	173913308	173913198	2274	173912171	-1137	1137	1027
chr2	20446344	20449414	20447828	3070	20447879	-1535	1535	-51
chr2	27374562	27382505	27377821	7943	27378533	-3971	3972	-712
chr2	74099354	74102430	74101376	3076	74100892	-1538	1538	484
chr2	216497666	216500537	216498809	2871	216499101	-1435	1436	-292
chr2	235041235	235044151	235042647	2916	235042693	-1458	1458	-46
chr2	238259954	238265582	238262240	5628	238262768	-2814	2814	-528
chr2	24819390	24820510	24819641	1120	24819950	-560	560	-309
chr2	24821347	24826852	24821615	5505	24824099	-2752	2753	-2484
chr2	26030933	26035841	26034237	4908	26033387	-2454	2454	850
chr2	108786116	108787294	108786786	1178	108786705	-589	589	81
chr2	226796044	226800731	226798375	4687	226798387	-2343	2344	-12
chr2	241232050	241239409	241236681	7359	241235729	-3679	3680	952
chr2	218633193	218635712	218633834	2519	218634452	-1259	1260	-618
chr2	47798341	47799908	47799310	1567	47799124	-783	784	186
chr2	27081301	27087831	27083600	6530	27084566	-3265	3265	-966
chr2	96277347	96282791	96278834	5444	96280069	-2722	2722	-1235
chr2	97772331	97776470	97772338	4139	97774400	-2069	2070	-2062
chr2	231395126	231400896	231398323	5770	231398011	-2885	2885	312
chr2	219605817	219610114	219607099	4297	219607965	-2148	2149	-866
chr2	27374562	27382505	27376674	7943	27378533	-3971	3972	-1859
chr2	219380842	219386501	219383133	5659	219383671	-2829	2830	-538
chr2	3387185	3390546	3388620	3361	3388865	-1680	1681	-245
chr2	10438911	10440432	10440397	1521	10439671	-760	761	726
chr2	20446344	20449414	20447429	3070	20447879	-1535	1535	-450
chr2	24076086	24078550	24076286	2464	24077318	-1232	1232	-1032
chr2	24791358	24793484	24793392	2126	24792421	-1063	1063	971
chr2	74367653	74372889	74368834	5236	74370271	-2618	2618	-1437
chr2	74367653	74372889	74369392	5236	74370271	-2618	2618	-879
chr2	74958378	74960406	74958670	2028	74959392	-1014	1014	-722
chr2	74958378	74960406	74958812	2028	74959392	-1014	1014	-580
chr2	101252195	101254541	101253281	2346	101253368	-1173	1173	-87
chr2	120345537	120351187	120349556	5650	120348362	-2825	2825	1194
chr2	152717167	152719307	152718751	2140	152718237	-1070	1070	514
chr2	206158618	206161366	206159830	2748	206159992	-1374	1374	-162
chr2	218640437	218645480	218644532	5043	218642958	-2521	2522	1574
chr2	27094799	27100762	27099511	5963	27097780	-2981	2982	1731
chr2	177212375	177217070	177215861	4695	177214722	-2347	2348	1139
chr2	231459368	231462267	231461785	2899	231460817	-1449	1450	968
chr2	233467955	233472025	233469387	4070	233469990	-2035	2035	-603
chr2	235041235	235044151	235043122	2916	235042693	-1458	1458	429
chr2	231395126	231400896	231397927	5770	231398011	-2885	2885	-84
chr2	85598558	85604590	85599918	6032	85601574	-3016	3016	-1656
chr2	127717962	127720417	127719422	2455	127719189	-1227	1228	233
chr2	85543763	85550478	85544640	6715	85547120	-3357	3358	-2480
chr2	235041235	235044151	235042707	2916	235042693	-1458	1458	14
chr2	218640437	218645480	218643891	5043	218642958	-2521	2522	933
chr2	24819390	24820510	24819920	1120	24819950	-560	560	-30
chr2	74045867	74048738	74047896	2871	74047302	-1435	1436	594
chr2	226796044	226800731	226798601	4687	226798387	-2343	2344	214
chr2	74045867	74048738	74048412	2871	74047302	-1435	1436	1110
chr2	74455676	74457955	74457708	2279	74456815	-1139	1140	893
chr2	99317106	99321104	99319690	3998	99319105	-1999	1999	585
chr2	240571550	240576543	240574038	4993	240574046	-2496	2497	-8
chr2	47798341	47799908	47799609	1567	47799124	-783	784	485
chr2	233290412	233294181	233292399	3769	233292296	-1884	1885	103
chr2	27094799	27100762	27099799	5963	27097780	-2981	2982	2019
chr2	86449347	86449947	86449915	600	86449647	-300	300	268
chr2	74497546	74502391	74498122	4845	74499968	-2422	2423	-1846
chr2	27033742	27038741	27035611	4999	27036241	-2499	2500	-630
chr2	27094799	27100762	27097647	5963	27097780	-2981	2982	-133
chr2	96282945	96290380	96283305	7435	96286662	-3717	3718	-3357
chr2	27374562	27382505	27375558	7943	27378533	-3971	3972	-2975
chr2	96282945	96290380	96289054	7435	96286662	-3717	3718	2392
chr2	96290736	96293181	96293016	2445	96291958	-1222	1223	1058
chr2	216678547	216680385	216679041	1838	216679466	-919	919	-425
chr2	27051023	27053118	27053007	2095	27052070	-1047	1048	937
chr2	111119713	111125232	111123929	5519	111122472	-2759	2760	1457
chr2	20446344	20449414	20447502	3070	20447879	-1535	1535	-377
chr2	74045867	74048738	74047047	2871	74047302	-1435	1436	-255
chr2	74367653	74372889	74368732	5236	74370271	-2618	2618	-1539
chr2	27440424	27445824	27444413	5400	27443124	-2700	2700	1289
chr2	99402692	99404406	99402891	1714	99403549	-857	857	-658
chr2	219219419	219226383	219222382	6964	219222901	-3482	3482	-519
chr2	74458304	74463041	74462607	4737	74460672	-2368	2369	1935
chr2	27033742	27038741	27035173	4999	27036241	-2499	2500	-1068
chr2	218661919	218663653	218662575	1734	218662786	-867	867	-211
chr2	74458304	74463041	74459949	4737	74460672	-2368	2369	-723
chr2	200860957	200863354	200861318	2397	200862155	-1198	1199	-837
chr2	27366916	27369683	27369010	2767	27368299	-1383	1384	711
chr2	203439366	203441482	203439641	2116	203440424	-1058	1058	-783
chr2	27440424	27445824	27444435	5400	27443124	-2700	2700	1311
chr2	231040051	231042363	231041372	2312	231041207	-1156	1156	165
chr2	27094799	27100762	27100039	5963	27097780	-2981	2982	2259
chr2	27304827	27308636	27305034	3809	27306731	-1904	1905	-1697
chr2	27326247	27330333	27328159	4086	27328290	-2043	2043	-131
chr2	27366916	27369683	27367618	2767	27368299	-1383	1384	-681
chr2	27374562	27382505	27375087	7943	27378533	-3971	3972	-3446
chr2	47798341	47799908	47799370	1567	47799124	-783	784	246
chr2	47798341	47799908	47799772	1567	47799124	-783	784	648
chr2	65071468	65073009	65072969	1541	65072238	-770	771	731
chr2	74045867	74048738	74046581	2871	74047302	-1435	1436	-721
chr2	74458304	74463041	74458530	4737	74460672	-2368	2369	-2142
chr2	74504301	74506230	74506026	1929	74505265	-964	965	761
chr2	85630205	85635114	85630783	4909	85632659	-2454	2455	-1876
chr2	96018500	96022325	96021144	3825	96020412	-1912	1913	732
chr2	105338984	105340234	105339659	1250	105339609	-625	625	50
chr2	127717962	127720417	127719494	2455	127719189	-1227	1228	305
chr2	130346358	130348782	130346510	2424	130347570	-1212	1212	-1060
chr2	169635667	169637457	169636133	1790	169636562	-895	895	-429
chr2	173911034	173913308	173913192	2274	173912171	-1137	1137	1021
chr2	181914012	181916734	181916165	2722	181915373	-1361	1361	792
chr2	218661919	218663653	218663268	1734	218662786	-867	867	482
chr2	219284396	219289683	219285962	5287	219287039	-2643	2644	-1077
chr2	226796044	226800731	226797952	4687	226798387	-2343	2344	-435
chr2	226796044	226800731	226798454	4687	226798387	-2343	2344	67
chr2	231453841	231455690	231455261	1849	231454765	-924	925	496
chr2	231453841	231455690	231455436	1849	231454765	-924	925	671
chr2	238259954	238265582	238262262	5628	238262768	-2814	2814	-506
chr2	241232050	241239409	241238661	7359	241235729	-3679	3680	2932
chr2	241232050	241239409	241238663	7359	241235729	-3679	3680	2934
chr2	43224041	43227934	43225335	3893	43225987	-1946	1947	-652
chr2	219235396	219237766	219235826	2370	219236581	-1185	1185	-755
chr2	231459368	231462267	231461850	2899	231460817	-1449	1450	1033
chr2	99402692	99404406	99402891	1714	99403549	-857	857	-658
chr2	190963343	190965218	190963550	1875	190964280	-937	938	-730
chr2	43224041	43227934	43225428	3893	43225987	-1946	1947	-559
chr2	219561722	219565673	219565384	3951	219563697	-1975	1976	1687
chr2	240571550	240576543	240574300	4993	240574046	-2496	2497	254
chr2	20446344	20449414	20447804	3070	20447879	-1535	1535	-75
chr2	27326247	27330333	27326647	4086	27328290	-2043	2043	-1643
chr2	27434058	27435594	27435132	1536	27434826	-768	768	306
chr2	63948152	63950375	63949132	2223	63949263	-1111	1112	-131
chr2	85630205	85635114	85630860	4909	85632659	-2454	2455	-1799
chr2	97772331	97776470	97775879	4139	97774400	-2069	2070	1479
chr2	130369613	130374880	130371220	5267	130372246	-2633	2634	-1026
chr2	159226540	159228924	159227952	2384	159227732	-1192	1192	220
chr2	219219419	219226383	219223668	6964	219222901	-3482	3482	767
chr2	219246512	219249251	219247224	2739	219247881	-1369	1370	-657
chr2	219246512	219249251	219248584	2739	219247881	-1369	1370	703
chr2	229770576	229775586	229774159	5010	229773081	-2505	2505	1078
chr2	241232050	241239409	241238697	7359	241235729	-3679	3680	2968
chr2	27033742	27038741	27037614	4999	27036241	-2499	2500	1373
chr2	27374562	27382505	27376156	7943	27378533	-3971	3972	-2377
chr2	131043130	131046708	131044356	3578	131044919	-1789	1789	-563
chr2	231459368	231462267	231460690	2899	231460817	-1449	1450	-127
chr2	232564973	232567253	232567154	2280	232566113	-1140	1140	1041
chr2	173911034	173913308	173913103	2274	173912171	-1137	1137	932
chr2	218640437	218645480	218643213	5043	218642958	-2521	2522	255
chr2	74197756	74199971	74198657	2215	74198863	-1107	1108	-206
chr2	95285473	95291322	95287171	5849	95288397	-2924	2925	-1226
chr2	241232050	241239409	241238755	7359	241235729	-3679	3680	3026
chr2	219561722	219565673	219562409	3951	219563697	-1975	1976	-1288
chr2	226796044	226800731	226798060	4687	226798387	-2343	2344	-327
chr2	127705984	127708062	127706411	2078	127707023	-1039	1039	-612
chr2	203439366	203441482	203441197	2116	203440424	-1058	1058	773
chr2	74458304	74463041	74458553	4737	74460672	-2368	2369	-2119
chr2	74497546	74502391	74497969	4845	74499968	-2422	2423	-1999
chr2	235041235	235044151	235041497	2916	235042693	-1458	1458	-1196
chr2	177212375	177217070	177216534	4695	177214722	-2347	2348	1812
chr2	177228998	177231589	177230309	2591	177230293	-1295	1296	16
chr2	169635667	169637457	169637233	1790	169636562	-895	895	671
chr2	65071468	65073009	65072115	1541	65072238	-770	771	-123
chr2	73224152	73227665	73224947	3513	73225908	-1756	1757	-961
chr2	27033742	27038741	27035630	4999	27036241	-2499	2500	-611
chr2	24821347	24826852	24824460	5505	24824099	-2752	2753	361
chr2	219535489	219538367	219537078	2878	219536928	-1439	1439	150
chr2	181914012	181916734	181916415	2722	181915373	-1361	1361	1042
chr2	219561722	219565673	219563410	3951	219563697	-1975	1976	-287
chr2	27653173	27655215	27653711	2042	27654194	-1021	1021	-483
chr2	99402692	99404406	99402905	1714	99403549	-857	857	-644
chr2	113197171	113199618	113197564	2447	113198394	-1223	1224	-830
chr2	219235396	219237766	219237247	2370	219236581	-1185	1185	666
chr2	85630205	85635114	85630741	4909	85632659	-2454	2455	-1918
chr2	28406787	28409536	28408843	2749	28408161	-1374	1375	682
chr2	130369613	130374880	130373289	5267	130372246	-2633	2634	1043
chr2	131216710	131219308	131218898	2598	131218009	-1299	1299	889
chr2	218401902	218409025	218402117	7123	218405463	-3561	3562	-3346
chr2	74473171	74478209	74475055	5038	74475690	-2519	2519	-635
chr2	27374562	27382505	27378634	7943	27378533	-3971	3972	101
chr2	27366916	27369683	27367326	2767	27368299	-1383	1384	-973
chr2	70086204	70090364	70087762	4160	70088284	-2080	2080	-522
chr2	241498958	241504226	241500760	5268	241501592	-2634	2634	-832
chr2	105398658	105400600	105399357	1942	105399629	-971	971	-272
chr2	130346358	130348782	130346403	2424	130347570	-1212	1212	-1167
chr2	85630205	85635114	85630759	4909	85632659	-2454	2455	-1900
chr2	96277347	96282791	96282113	5444	96280069	-2722	2722	2044
chr2	24067806	24069700	24068456	1894	24068753	-947	947	-297
chr2	201131116	201134014	201133035	2898	201132565	-1449	1449	470
chr2	74458304	74463041	74462752	4737	74460672	-2368	2369	2080
chr2	232564973	232567253	232566896	2280	232566113	-1140	1140	783
chr2	105892695	105894483	105893661	1788	105893589	-894	894	72
chr2	96282945	96290380	96283676	7435	96286662	-3717	3718	-2986
chr2	61482103	61483574	61482994	1471	61482838	-735	736	156
chr2	65071468	65073009	65071674	1541	65072238	-770	771	-564
chr2	241093580	241095933	241095647	2353	241094756	-1176	1177	891
chr2	218661919	218663653	218663266	1734	218662786	-867	867	480
chr2	96282945	96290380	96287032	7435	96286662	-3717	3718	370
chr2	219206693	219210618	219210036	3925	219208655	-1962	1963	1381
chr2	105892695	105894483	105893056	1788	105893589	-894	894	-533
chr2	127705984	127708062	127706372	2078	127707023	-1039	1039	-651
chr2	240527978	240530531	240529325	2553	240529254	-1276	1277	71
chr2	219219419	219226383	219225458	6964	219222901	-3482	3482	2557
chr2	202375613	202377731	202377490	2118	202376672	-1059	1059	818
chr2	27033742	27038741	27035639	4999	27036241	-2499	2500	-602
chr2	65071468	65073009	65072837	1541	65072238	-770	771	599
chr2	169635667	169637457	169636902	1790	169636562	-895	895	340
chr2	131483769	131490524	131484057	6755	131487146	-3377	3378	-3089
chr2	96277347	96282791	96278854	5444	96280069	-2722	2722	-1215
chr2	74045867	74048738	74046433	2871	74047302	-1435	1436	-869
chr2	74220831	74225755	74225008	4924	74223293	-2462	2462	1715
chr2	61537724	61540041	61538107	2317	61538882	-1158	1159	-775
chr2	74455676	74457955	74456249	2279	74456815	-1139	1140	-566
chr2	216678547	216680385	216679029	1838	216679466	-919	919	-437
chr2	235054972	235057208	235055613	2236	235056090	-1118	1118	-477
chr2	74523191	74527879	74527495	4688	74525535	-2344	2344	1960
chr2	74523191	74527879	74527322	4688	74525535	-2344	2344	1787
chr2	95280342	95284568	95281241	4226	95282455	-2113	2113	-1214
chr2	177228998	177231589	177230932	2591	177230293	-1295	1296	639
chr2	27128885	27129552	27129097	667	27129218	-333	334	-121
chr2	9495758	9497685	9497139	1927	9496721	-963	964	418
chr2	48465346	48468436	48465502	3090	48466891	-1545	1545	-1389
chr2	112659654	112661194	112659758	1540	112660424	-770	770	-666
chr2	130188888	130190926	130190485	2038	130189907	-1019	1019	578
chr2	177228998	177231589	177230803	2591	177230293	-1295	1296	510
chr2	65312607	65314976	65312773	2369	65313791	-1184	1185	-1018
chr2	65071468	65073009	65071501	1541	65072238	-770	771	-737
chr2	85543763	85550478	85549969	6715	85547120	-3357	3358	2849
chr2	240571550	240576543	240574570	4993	240574046	-2496	2497	524
chr2	85543763	85550478	85550120	6715	85547120	-3357	3358	3000
chr3	47005582	47010749	47005965	5167	47008165	-2583	2584	-2200
chr3	184320405	184328196	184327694	7791	184324300	-3895	3896	3394
chr3	194132399	194139821	194136645	7422	194136110	-3711	3711	535
chr3	9688805	9690255	9689069	1450	9689530	-725	725	-461
chr3	12839237	12841363	12840180	2126	12840300	-1063	1063	-120
chr3	15093318	15099367	15096009	6049	15096342	-3024	3025	-333
chr3	49718040	49719966	49718936	1926	49719003	-963	963	-67
chr3	65354859	65357442	65356634	2583	65356150	-1291	1292	484
chr3	121687355	121691828	121691520	4473	121689591	-2236	2237	1929
chr3	113284056	113287343	113285545	3287	113285699	-1643	1644	-154
chr3	49012331	49018943	49012951	6612	49015637	-3306	3306	-2686
chr3	183969824	183972145	183971725	2321	183970984	-1160	1161	741
chr3	49023380	49028077	49024908	4697	49025728	-2348	2349	-820
chr3	150545034	150547848	150546763	2814	150546441	-1407	1407	322
chr3	180967545	180968648	180968076	1103	180968096	-551	552	-20
chr3	51395135	51396729	51395803	1594	51395932	-797	797	-129
chr3	49427492	49430017	49429224	2525	49428754	-1262	1263	470
chr3	121991761	121998022	121993370	6261	121994891	-3130	3131	-1521
chr3	12584389	12585497	12584647	1108	12584943	-554	554	-296
chr3	185489966	185494010	185491670	4044	185491988	-2022	2022	-318
chr3	180609074	180610137	180610058	1063	180609605	-531	532	453
chr3	50352944	50355092	50353632	2148	50354018	-1074	1074	-386
chr3	184576946	184582346	184580798	5400	184579646	-2700	2700	1152
chr3	12833129	12834966	12834000	1837	12834047	-918	919	-47
chr3	52693334	52695544	52695250	2210	52694439	-1105	1105	811
chr3	113284056	113287343	113284562	3287	113285699	-1643	1644	-1137
chr3	52486704	52489738	52487208	3034	52488221	-1517	1517	-1013
chr3	121687355	121691828	121690869	4473	121689591	-2236	2237	1278
chr3	129253444	129256383	129254999	2939	129254913	-1469	1470	86
chr3	52366563	52373877	52370620	7314	52370220	-3657	3657	400
chr3	11554665	11556732	11554939	2067	11555698	-1033	1034	-759
chr3	139355011	139356305	139355716	1294	139355658	-647	647	58
chr3	169965034	169967443	169966829	2409	169966238	-1204	1205	591
chr3	47016967	47018876	47017702	1909	47017921	-954	955	-219
chr3	184576946	184582346	184581610	5400	184579646	-2700	2700	1964
chr3	49718040	49719966	49719373	1926	49719003	-963	963	370
chr3	48629479	48634152	48629639	4673	48631815	-2336	2337	-2176
chr3	180967545	180968648	180968091	1103	180968096	-551	552	-5
chr3	13374040	13379879	13375631	5839	13376959	-2919	2920	-1328
chr3	47408758	47413734	47411507	4976	47411246	-2488	2488	261
chr3	48619303	48624248	48621492	4945	48621775	-2472	2473	-283
chr3	52366563	52373877	52370800	7314	52370220	-3657	3657	580
chr3	52486704	52489738	52488428	3034	52488221	-1517	1517	207
chr3	52486704	52489738	52489544	3034	52488221	-1517	1517	1323
chr3	53225022	53231133	53229342	6111	53228077	-3055	3056	1265
chr3	184169739	184172831	184170437	3092	184171285	-1546	1546	-848
chr3	184185335	184186639	184186230	1304	184185987	-652	652	243
chr3	184576946	184582346	184581608	5400	184579646	-2700	2700	1962
chr3	12839237	12841363	12840256	2126	12840300	-1063	1063	-44
chr3	11554665	11556732	11554817	2067	11555698	-1033	1034	-881
chr3	149150476	149154441	149153620	3965	149152458	-1982	1983	1162
chr3	196074194	196076202	196075252	2008	196075198	-1004	1004	54
chr3	50352944	50355092	50353704	2148	50354018	-1074	1074	-314
chr3	50362940	50369128	50366061	6188	50366034	-3094	3094	27
chr3	39126728	39129959	39128733	3231	39128343	-1615	1616	390
chr3	45945281	45951915	45948305	6634	45948598	-3317	3317	-293
chr3	14664986	14668002	14666880	3016	14666494	-1508	1508	386
chr3	46921813	46925624	46925532	3811	46923718	-1905	1906	1814
chr3	184185335	184186639	184186221	1304	184185987	-652	652	234
chr3	184320405	184328196	184324921	7791	184324300	-3895	3896	621
chr3	51390347	51393725	51393724	3378	51392036	-1689	1689	1688
chr3	129271452	129275174	129271855	3722	129273313	-1861	1861	-1458
chr3	48629479	48634152	48630437	4673	48631815	-2336	2337	-1378
chr3	49159011	49165037	49162633	6026	49162024	-3013	3013	609
chr3	48417142	48422033	48419300	4891	48419587	-2445	2446	-287
chr3	49720740	49724364	49721989	3624	49722552	-1812	1812	-563
chr3	121687355	121691828	121690963	4473	121689591	-2236	2237	1372
chr3	53187872	53191694	53189076	3822	53189783	-1911	1911	-707
chr3	49159011	49165037	49163285	6026	49162024	-3013	3013	1261
chr3	46995629	47003621	46996290	7992	46999625	-3996	3996	-3335
chr3	49114139	49117739	49115106	3600	49115939	-1800	1800	-833
chr3	184320405	184328196	184322420	7791	184324300	-3895	3896	-1880
chr3	47405503	47407808	47407760	2305	47406655	-1152	1153	1105
chr3	50115392	50117631	50115497	2239	50116511	-1119	1120	-1014
chr3	48401925	48405303	48404446	3378	48403614	-1689	1689	832
chr3	9914981	9918108	9917414	3127	9916544	-1563	1564	870
chr3	52399677	52404248	52403147	4571	52401962	-2285	2286	1185
chr3	9738278	9740426	9739660	2148	9739352	-1074	1074	308
chr3	121991761	121998022	121993461	6261	121994891	-3130	3131	-1430
chr3	9755086	9759277	9757261	4191	9757181	-2095	2096	80
chr3	49709755	49713420	49712592	3665	49711587	-1832	1833	1005
chr3	12839237	12841363	12840437	2126	12840300	-1063	1063	137
chr3	66381260	66383533	66383323	2273	66382396	-1136	1137	927
chr3	113284056	113287343	113286811	3287	113285699	-1643	1644	1112
chr3	39141496	39145537	39143494	4041	39143516	-2020	2021	-22
chr3	9759664	9762180	9760835	2516	9760922	-1258	1258	-87
chr3	184382658	184389686	184389433	7028	184386172	-3514	3514	3261
chr3	52249449	52250624	52249473	1175	52250036	-587	588	-563
chr3	127669822	127676278	127671540	6456	127673050	-3228	3228	-1510
chr3	9914981	9918108	9917891	3127	9916544	-1563	1564	1347
chr3	9688805	9690255	9689970	1450	9689530	-725	725	440
chr3	15258117	15259348	15258747	1231	15258732	-615	616	15
chr3	48464602	48467908	48466956	3306	48466255	-1653	1653	701
chr3	52366563	52373877	52368888	7314	52370220	-3657	3657	-1332
chr3	48675163	48681213	48679073	6050	48678188	-3025	3025	885
chr3	49114139	49117739	49114280	3600	49115939	-1800	1800	-1659
chr3	49012331	49018943	49016324	6612	49015637	-3306	3306	687
chr3	48264975	48268243	48267956	3268	48266609	-1634	1634	1347
chr3	196074194	196076202	196075328	2008	196075198	-1004	1004	130
chr3	149656471	149659644	149657275	3173	149658057	-1586	1587	-782
chr3	38121384	38124029	38121696	2645	38122706	-1322	1323	-1010
chr3	49012331	49018943	49017475	6612	49015637	-3306	3306	1838
chr3	49720740	49724364	49720858	3624	49722552	-1812	1812	-1694
chr3	47840329	47844434	47841175	4105	47842381	-2052	2053	-1206
chr3	49718040	49719966	49718479	1926	49719003	-963	963	-524
chr3	9932038	9934132	9932651	2094	9933085	-1047	1047	-434
chr3	184185335	184186639	184186623	1304	184185987	-652	652	636
chr3	46995629	47003621	46997332	7992	46999625	-3996	3996	-2293
chr3	49012331	49018943	49015226	6612	49015637	-3306	3306	-411
chr3	49663720	49666590	49664504	2870	49665155	-1435	1435	-651
chr3	48264975	48268243	48268210	3268	48266609	-1634	1634	1601
chr3	9688805	9690255	9688946	1450	9689530	-725	725	-584
chr3	9932038	9934132	9932662	2094	9933085	-1047	1047	-423
chr3	49012331	49018943	49016261	6612	49015637	-3306	3306	624
chr3	49420702	49425839	49421756	5137	49423270	-2568	2569	-1514
chr3	150408034	150411332	150409585	3298	150409683	-1649	1649	-98
chr3	15254683	15258002	15256345	3319	15256342	-1659	1660	3
chr3	39134851	39141210	39138613	6359	39138030	-3179	3180	583
chr3	52693334	52695544	52695275	2210	52694439	-1105	1105	836
chr3	196947394	196949866	196948409	2472	196948630	-1236	1236	-221
chr3	4976828	4984042	4983534	7214	4980435	-3607	3607	3099
chr3	49028281	49033045	49029312	4764	49030663	-2382	2382	-1351
chr3	49012331	49018943	49016301	6612	49015637	-3306	3306	664
chr3	14129265	14131160	14129483	1895	14130212	-947	948	-729
chr3	184576946	184582346	184580796	5400	184579646	-2700	2700	1150
chr3	184576946	184582346	184581359	5400	184579646	-2700	2700	1713
chr3	12835793	12838986	12836073	3193	12837389	-1596	1597	-1316
chr3	186780950	186785753	186784457	4803	186783351	-2401	2402	1106
chr3	45920969	45924093	45923760	3124	45922531	-1562	1562	1229
chr3	47408758	47413734	47409964	4976	47411246	-2488	2488	-1282
chr3	72445824	72447933	72446606	2109	72446878	-1054	1055	-272
chr3	13374040	13379879	13379701	5839	13376959	-2919	2920	2742
chr3	170869640	170871138	170870197	1498	170870389	-749	749	-192
chr3	128069203	128071284	128069484	2081	128070243	-1040	1041	-759
chr3	47408758	47413734	47412513	4976	47411246	-2488	2488	1267
chr3	50115392	50117631	50117089	2239	50116511	-1119	1120	578
chr3	49012331	49018943	49015873	6612	49015637	-3306	3306	236
chr3	49023380	49028077	49024348	4697	49025728	-2348	2349	-1380
chr3	14664986	14668002	14666867	3016	14666494	-1508	1508	373
chr3	49159011	49165037	49163127	6026	49162024	-3013	3013	1103
chr3	196947394	196949866	196948197	2472	196948630	-1236	1236	-433
chr3	121697054	121698865	121697661	1811	121697959	-905	906	-298
chr3	49718040	49719966	49718605	1926	49719003	-963	963	-398
chr3	49012331	49018943	49018499	6612	49015637	-3306	3306	2862
chr3	50362940	50369128	50366037	6188	50366034	-3094	3094	3
chr3	184382658	184389686	184386849	7028	184386172	-3514	3514	677
chr3	183951382	183953380	183951529	1998	183952381	-999	999	-852
chr3	48417142	48422033	48417913	4891	48419587	-2445	2446	-1674
chr3	52366563	52373877	52368803	7314	52370220	-3657	3657	-1417
chr3	184257201	184264517	184259656	7316	184260859	-3658	3658	-1203
chr3	184169739	184172831	184170786	3092	184171285	-1546	1546	-499
chr3	127571804	127573726	127573488	1922	127572765	-961	961	723
chr3	39134851	39141210	39136396	6359	39138030	-3179	3180	-1634
chr3	184139653	184142648	184140154	2995	184141150	-1497	1498	-996
chr3	47408758	47413734	47409476	4976	47411246	-2488	2488	-1770
chr3	9932038	9934132	9933008	2094	9933085	-1047	1047	-77
chr3	49720740	49724364	49721799	3624	49722552	-1812	1812	-753
chr3	9759664	9762180	9760968	2516	9760922	-1258	1258	46
chr3	9759664	9762180	9761734	2516	9760922	-1258	1258	812
chr3	39141496	39145537	39143016	4041	39143516	-2020	2021	-500
chr3	39141496	39145537	39144015	4041	39143516	-2020	2021	499
chr3	49012331	49018943	49013861	6612	49015637	-3306	3306	-1776
chr3	49275918	49282115	49278813	6197	49279016	-3098	3099	-203
chr3	50071520	50075772	50075266	4252	50073646	-2126	2126	1620
chr3	52399677	52404248	52402908	4571	52401962	-2285	2286	946
chr3	52399677	52404248	52403854	4571	52401962	-2285	2286	1892
chr3	128904025	128908210	128904404	4185	128906117	-2092	2093	-1713
chr3	192916948	192919498	192917673	2550	192918223	-1275	1275	-550
chr3	9945730	9951351	9948872	5621	9948540	-2810	2811	332
chr3	4976828	4984042	4979727	7214	4980435	-3607	3607	-708
chr3	9942291	9945586	9943148	3295	9943938	-1647	1648	-790
chr3	49012331	49018943	49017779	6612	49015637	-3306	3306	2142
chr3	49697933	49702341	49699060	4408	49700137	-2204	2204	-1077
chr3	51390347	51393725	51393534	3378	51392036	-1689	1689	1498
chr3	113284056	113287343	113285507	3287	113285699	-1643	1644	-192
chr3	154321622	154325090	154324277	3468	154323356	-1734	1734	921
chr3	170866277	170867586	170866388	1309	170866931	-654	655	-543
chr3	186780950	186785753	186784841	4803	186783351	-2401	2402	1490
chr3	149150476	149154441	149153622	3965	149152458	-1982	1983	1164
chr3	52366563	52373877	52370629	7314	52370220	-3657	3657	409
chr3	49012331	49018943	49014822	6612	49015637	-3306	3306	-815
chr3	195862947	195869673	195867894	6726	195866310	-3363	3363	1584
chr3	45945281	45951915	45946945	6634	45948598	-3317	3317	-1653
chr3	51390347	51393725	51393008	3378	51392036	-1689	1689	972
chr3	49718040	49719966	49718904	1926	49719003	-963	963	-99
chr3	150408034	150411332	150409842	3298	150409683	-1649	1649	159
chr3	9790045	9796405	9793072	6360	9793225	-3180	3180	-153
chr3	9945730	9951351	9947333	5621	9948540	-2810	2811	-1207
chr3	12581076	12583519	12582358	2443	12582297	-1221	1222	61
chr3	12966520	12968407	12967394	1887	12967463	-943	944	-69
chr3	42662731	42666152	42665308	3421	42664441	-1710	1711	867
chr3	49012331	49018943	49014983	6612	49015637	-3306	3306	-654
chr3	50251401	50257300	50256768	5899	50254350	-2949	2950	2418
chr3	150545034	150547848	150547011	2814	150546441	-1407	1407	570
chr3	184241069	184242343	184241196	1274	184241706	-637	637	-510
chr3	186780950	186785753	186784475	4803	186783351	-2401	2402	1124
chr3	195862947	195869673	195864182	6726	195866310	-3363	3363	-2128
chr3	49275918	49282115	49276526	6197	49279016	-3098	3099	-2490
chr3	50362940	50369128	50365814	6188	50366034	-3094	3094	-220
chr3	184576946	184582346	184579913	5400	184579646	-2700	2700	267
chr3	184576946	184582346	184581075	5400	184579646	-2700	2700	1429
chr3	14664986	14668002	14667104	3016	14666494	-1508	1508	610
chr3	14664986	14668002	14667104	3016	14666494	-1508	1508	610
chr3	149150476	149154441	149153620	3965	149152458	-1982	1983	1162
chr3	64018744	64020404	64018952	1660	64019574	-830	830	-622
chr3	50362940	50369128	50366281	6188	50366034	-3094	3094	247
chr3	124734122	124737780	124737716	3658	124735951	-1829	1829	1765
chr3	12584389	12585497	12584501	1108	12584943	-554	554	-442
chr3	49012331	49018943	49018538	6612	49015637	-3306	3306	2901
chr3	184351252	184353612	184352114	2360	184352432	-1180	1180	-318
chr3	49012331	49018943	49015455	6612	49015637	-3306	3306	-182
chr3	184331182	184333744	184332043	2562	184332463	-1281	1281	-420
chr3	195862947	195869673	195867492	6726	195866310	-3363	3363	1182
chr3	47408758	47413734	47411408	4976	47411246	-2488	2488	162
chr3	4976828	4984042	4983714	7214	4980435	-3607	3607	3279
chr3	48619303	48624248	48620972	4945	48621775	-2472	2473	-803
chr3	39141496	39145537	39144260	4041	39143516	-2020	2021	744
chr3	121697054	121698865	121697060	1811	121697959	-905	906	-899
chr3	121687355	121691828	121691776	4473	121689591	-2236	2237	2185
chr3	196938791	196945817	196942565	7026	196942304	-3513	3513	261
chr3	12584389	12585497	12584642	1108	12584943	-554	554	-301
chr3	184158368	184163819	184163667	5451	184161093	-2725	2726	2574
chr3	52366563	52373877	52368817	7314	52370220	-3657	3657	-1403
chr3	53802522	53806775	53803519	4253	53804648	-2126	2127	-1129
chr3	10297967	10302278	10301350	4311	10300122	-2155	2156	1228
chr3	12829774	12832621	12831470	2847	12831197	-1423	1424	273
chr3	45945281	45951915	45946564	6634	45948598	-3317	3317	-2034
chr3	47408758	47413734	47409692	4976	47411246	-2488	2488	-1554
chr3	49012331	49018943	49014390	6612	49015637	-3306	3306	-1247
chr3	49093123	49097590	49096046	4467	49095356	-2233	2234	690
chr3	49697933	49702341	49702111	4408	49700137	-2204	2204	1974
chr3	50182702	50186242	50182954	3540	50184472	-1770	1770	-1518
chr3	52366563	52373877	52366786	7314	52370220	-3657	3657	-3434
chr3	52366563	52373877	52372956	7314	52370220	-3657	3657	2736
chr3	52490775	52496966	52492752	6191	52493870	-3095	3096	-1118
chr3	52693334	52695544	52694234	2210	52694439	-1105	1105	-205
chr3	65354859	65357442	65356514	2583	65356150	-1291	1292	364
chr3	65354859	65357442	65356642	2583	65356150	-1291	1292	492
chr3	121687355	121691828	121691797	4473	121689591	-2236	2237	2206
chr3	121697054	121698865	121698806	1811	121697959	-905	906	847
chr3	184257201	184264517	184257649	7316	184260859	-3658	3658	-3210
chr3	184351252	184353612	184352107	2360	184352432	-1180	1180	-325
chr3	184382658	184389686	184388673	7028	184386172	-3514	3514	2501
chr3	184576946	184582346	184578004	5400	184579646	-2700	2700	-1642
chr3	185935735	185938282	185937976	2547	185937008	-1273	1274	968
chr3	192916948	192919498	192917724	2550	192918223	-1275	1275	-499
chr3	194588283	194594489	194588412	6206	194591386	-3103	3103	-2974
chr3	196936357	196937934	196937042	1577	196937145	-788	789	-103
chr3	184139653	184142648	184140623	2995	184141150	-1497	1498	-527
chr3	185919408	185920869	185919485	1461	185920138	-730	731	-653
chr3	52366563	52373877	52373022	7314	52370220	-3657	3657	2802
chr3	47005582	47010749	47005795	5167	47008165	-2583	2584	-2370
chr3	52366563	52373877	52366768	7314	52370220	-3657	3657	-3452
chr3	47816340	47818933	47818021	2593	47817636	-1296	1297	385
chr3	39141496	39145537	39145135	4041	39143516	-2020	2021	1619
chr3	9762929	9766346	9766222	3417	9764637	-1708	1709	1585
chr3	9945730	9951351	9950039	5621	9948540	-2810	2811	1499
chr3	184351252	184353612	184353350	2360	184352432	-1180	1180	918
chr3	52693334	52695544	52694904	2210	52694439	-1105	1105	465
chr3	9755086	9759277	9757165	4191	9757181	-2095	2096	-16
chr3	12581076	12583519	12582327	2443	12582297	-1221	1222	30
chr3	14658580	14662533	14661592	3953	14660556	-1976	1977	1036
chr3	39134851	39141210	39136430	6359	39138030	-3179	3180	-1600
chr3	46921813	46925624	46922265	3811	46923718	-1905	1906	-1453
chr3	48417142	48422033	48421798	4891	48419587	-2445	2446	2211
chr3	51390347	51393725	51393078	3378	51392036	-1689	1689	1042
chr3	121687355	121691828	121691561	4473	121689591	-2236	2237	1970
chr3	121697054	121698865	121698530	1811	121697959	-905	906	571
chr3	121985856	121988613	121988228	2757	121987234	-1378	1379	994
chr3	184139653	184142648	184141969	2995	184141150	-1497	1498	819
chr3	184320405	184328196	184320610	7791	184324300	-3895	3896	-3690
chr3	184320405	184328196	184323486	7791	184324300	-3895	3896	-814
chr3	184576946	184582346	184581358	5400	184579646	-2700	2700	1712
chr3	195683198	195684587	195683802	1389	195683892	-694	695	-90
chr3	195970212	195975381	195974496	5169	195972796	-2584	2585	1700
chr3	33409091	33410452	33409512	1361	33409771	-680	681	-259
chr3	47408758	47413734	47412341	4976	47411246	-2488	2488	1095
chr3	184320405	184328196	184322020	7791	184324300	-3895	3896	-2280
chr3	39126728	39129959	39129200	3231	39128343	-1615	1616	857
chr3	50362940	50369128	50367416	6188	50366034	-3094	3094	1382
chr3	196936357	196937934	196937367	1577	196937145	-788	789	222
chr3	9755086	9759277	9757141	4191	9757181	-2095	2096	-40
chr3	184382658	184389686	184386725	7028	184386172	-3514	3514	553
chr3	50187524	50189638	50187828	2114	50188581	-1057	1057	-753
chr3	49275918	49282115	49276754	6197	49279016	-3098	3099	-2262
chr3	65354859	65357442	65356805	2583	65356150	-1291	1292	655
chr3	52475514	52478831	52476587	3317	52477172	-1658	1659	-585
chr3	128080951	128084115	128081349	3164	128082533	-1582	1582	-1184
chr3	184241069	184242343	184242056	1274	184241706	-637	637	350
chr3	12581076	12583519	12581890	2443	12582297	-1221	1222	-407
chr3	186780950	186785753	186784585	4803	186783351	-2401	2402	1234
chr3	49012331	49018943	49017445	6612	49015637	-3306	3306	1808
chr3	184241069	184242343	184241351	1274	184241706	-637	637	-355
chr3	53187872	53191694	53189057	3822	53189783	-1911	1911	-726
chr3	51984873	51989491	51985894	4618	51987182	-2309	2309	-1288
chr3	126434634	126439307	126438334	4673	126436970	-2336	2337	1364
chr3	49114139	49117739	49115773	3600	49115939	-1800	1800	-166
chr3	48417142	48422033	48418328	4891	48419587	-2445	2446	-1259
chr3	9945730	9951351	9949128	5621	9948540	-2810	2811	588
chr3	15254683	15258002	15256442	3319	15256342	-1659	1660	100
chr3	15254683	15258002	15256443	3319	15256342	-1659	1660	101
chr3	46995629	47003621	47000192	7992	46999625	-3996	3996	567
chr3	150408034	150411332	150411042	3298	150409683	-1649	1649	1359
chr3	39134851	39141210	39137372	6359	39138030	-3179	3180	-658
chr3	9755086	9759277	9756592	4191	9757181	-2095	2096	-589
chr3	15254683	15258002	15256112	3319	15256342	-1659	1660	-230
chr3	184382658	184389686	184385209	7028	184386172	-3514	3514	-963
chr3	14131927	14134256	14132582	2329	14133091	-1164	1165	-509
chr3	49023380	49028077	49027743	4697	49025728	-2348	2349	2015
chr3	47408758	47413734	47409964	4976	47411246	-2488	2488	-1282
chr3	9759664	9762180	9761754	2516	9760922	-1258	1258	832
chr3	50251401	50257300	50252240	5899	50254350	-2949	2950	-2110
chr3	49672439	49675329	49675288	2890	49673884	-1445	1445	1404
chr3	50362940	50369128	50365468	6188	50366034	-3094	3094	-566
chr3	129253444	129256383	129255010	2939	129254913	-1469	1470	97
chr3	184576946	184582346	184579708	5400	184579646	-2700	2700	62
chr3	52399677	52404248	52403449	4571	52401962	-2285	2286	1487
chr3	157157830	157162051	157159434	4221	157159940	-2110	2111	-506
chr3	195862947	195869673	195864150	6726	195866310	-3363	3363	-2160
chr3	195862947	195869673	195869579	6726	195866310	-3363	3363	3269
chr3	49420702	49425839	49422102	5137	49423270	-2568	2569	-1168
chr3	160564279	160566359	160565253	2080	160565319	-1040	1040	-66
chr3	134363865	134368467	134366361	4602	134366166	-2301	2301	195
chr3	50251401	50257300	50256835	5899	50254350	-2949	2950	2485
chr3	184382658	184389686	184383058	7028	184386172	-3514	3514	-3114
chr3	15258117	15259348	15258939	1231	15258732	-615	616	207
chr3	183963044	183964262	183963399	1218	183963653	-609	609	-254
chr3	50251401	50257300	50252527	5899	50254350	-2949	2950	-1823
chr3	47408758	47413734	47409695	4976	47411246	-2488	2488	-1551
chr3	46921813	46925624	46923423	3811	46923718	-1905	1906	-295
chr3	49275918	49282115	49278862	6197	49279016	-3098	3099	-154
chr3	49663720	49666590	49664466	2870	49665155	-1435	1435	-689
chr3	186780950	186785753	186783612	4803	186783351	-2401	2402	261
chr3	121687355	121691828	121690783	4473	121689591	-2236	2237	1192
chr3	121697054	121698865	121697544	1811	121697959	-905	906	-415
chr3	49119929	49122458	49121999	2529	49121193	-1264	1265	806
chr3	48401925	48405303	48404500	3378	48403614	-1689	1689	886
chr3	42657758	42660812	42658499	3054	42659285	-1527	1527	-786
chr3	49012331	49018943	49017245	6612	49015637	-3306	3306	1608
chr3	53225022	53231133	53226851	6111	53228077	-3055	3056	-1226
chr3	47855757	47860509	47857448	4752	47858133	-2376	2376	-685
chr3	134368984	134371726	134371253	2742	134370355	-1371	1371	898
chr3	197519169	197525969	197522751	6800	197522569	-3400	3400	182
chr3	15254683	15258002	15256535	3319	15256342	-1659	1660	193
chr3	45929218	45931899	45931163	2681	45930558	-1340	1341	605
chr3	47408758	47413734	47409054	4976	47411246	-2488	2488	-2192
chr3	48417142	48422033	48418325	4891	48419587	-2445	2446	-1262
chr3	129271452	129275174	129271830	3722	129273313	-1861	1861	-1483
chr3	15258117	15259348	15258915	1231	15258732	-615	616	183
chr3	49012331	49018943	49013404	6612	49015637	-3306	3306	-2233
chr3	184257201	184264517	184258538	7316	184260859	-3658	3658	-2321
chr3	9682563	9686958	9685227	4395	9684760	-2197	2198	467
chr3	184320405	184328196	184323520	7791	184324300	-3895	3896	-780
chr4	1804163	1807863	1806648	3700	1806013	-1850	1850	635
chr4	1327028	1333008	1328692	5980	1330018	-2990	2990	-1326
chr4	7038675	7044637	7041823	5962	7041656	-2981	2981	167
chr4	101344875	101350427	101348743	5552	101347651	-2776	2776	1092
chr4	76896040	76898728	76896589	2688	76897384	-1344	1344	-795
chr4	6297979	6305647	6301056	7668	6301813	-3834	3834	-757
chr4	1971463	1976473	1974992	5010	1973968	-2505	2505	1024
chr4	2943736	2950501	2950150	6765	2947118	-3382	3383	3032
chr4	6707308	6710080	6709497	2772	6708694	-1386	1386	803
chr4	56930178	56932691	56930636	2513	56931434	-1256	1257	-798
chr4	186613891	186616184	186614315	2293	186615037	-1146	1147	-722
chr4	2510865	2513668	2512020	2803	2512266	-1401	1402	-246
chr4	1334971	1341733	1336933	6762	1338352	-3381	3381	-1419
chr4	6616585	6622104	6617409	5519	6619344	-2759	2760	-1935
chr4	6640773	6642459	6640935	1686	6641616	-843	843	-681
chr4	70686553	70690109	70689236	3556	70688331	-1778	1778	905
chr4	186613891	186616184	186614334	2293	186615037	-1146	1147	-703
chr4	163514466	163518457	163515421	3991	163516461	-1995	1996	-1040
chr4	6616585	6622104	6619977	5519	6619344	-2759	2760	633
chr4	53458512	53459733	53458739	1221	53459122	-610	611	-383
chr4	68313663	68315737	68314263	2074	68314700	-1037	1037	-437
chr4	77011405	77015741	77011805	4336	77013573	-2168	2168	-1768
chr4	123395840	123402357	123402059	6517	123399098	-3258	3259	2961
chr4	150828299	150831747	150828434	3448	150830023	-1724	1724	-1589
chr4	986541	992403	988932	5862	989472	-2931	2931	-540
chr4	17810306	17811533	17811031	1227	17810919	-613	614	112
chr4	1978139	1983840	1983612	5701	1980989	-2850	2851	2623
chr4	6640773	6642459	6641147	1686	6641616	-843	843	-469
chr4	99948140	99949308	99948711	1168	99948724	-584	584	-13
chr4	1233840	1239926	1237518	6086	1236883	-3043	3043	635
chr4	82428118	82431325	82429363	3207	82429721	-1603	1604	-358
chr4	7054131	7055956	7054677	1825	7055043	-912	913	-366
chr4	2062563	2065747	2065058	3184	2064155	-1592	1592	903
chr4	986541	992403	991329	5862	989472	-2931	2931	1857
chr4	124670583	124671468	124671309	885	124671025	-442	443	284
chr4	99948140	99949308	99948732	1168	99948724	-584	584	8
chr4	73257201	73262133	73258410	4932	73259667	-2466	2466	-1257
chr4	39295042	39296807	39295670	1765	39295924	-882	883	-254
chr4	77156455	77159475	77159428	3020	77157965	-1510	1510	1463
chr4	2062563	2065747	2063859	3184	2064155	-1592	1592	-296
chr4	6288434	6295514	6288927	7080	6291974	-3540	3540	-3047
chr4	1830853	1835772	1834795	4919	1833312	-2459	2460	1483
chr4	6297979	6305647	6301126	7668	6301813	-3834	3834	-687
chr4	6288434	6295514	6289073	7080	6291974	-3540	3540	-2901
chr4	6288434	6295514	6291330	7080	6291974	-3540	3540	-644
chr4	1350084	1356200	1354799	6116	1353142	-3058	3058	1657
chr4	1917398	1919300	1918502	1902	1918349	-951	951	153
chr4	70686553	70690109	70689300	3556	70688331	-1778	1778	969
chr4	7054131	7055956	7054166	1825	7055043	-912	913	-877
chr4	68313663	68315737	68314043	2074	68314700	-1037	1037	-657
chr4	185144007	185145494	185145019	1487	185144750	-743	744	269
chr4	123395840	123402357	123401999	6517	123399098	-3258	3259	2901
chr4	76167589	76169474	76168417	1885	76168531	-942	943	-114
chr4	153465116	153467913	153467236	2797	153466514	-1398	1399	722
chr4	99948140	99949308	99948895	1168	99948724	-584	584	171
chr4	173332245	173335318	173333553	3073	173333781	-1536	1537	-228
chr4	2696410	2698398	2696585	1988	2697404	-994	994	-819
chr4	53458512	53459733	53459551	1221	53459122	-610	611	429
chr4	75930846	75932367	75931239	1521	75931606	-760	761	-367
chr4	124670583	124671468	124670922	885	124671025	-442	443	-103
chr4	151102159	151105918	151104553	3759	151104038	-1879	1880	515
chr4	8615794	8623265	8619522	7471	8619529	-3735	3736	-7
chr4	147873363	147875903	147875077	2540	147874633	-1270	1270	444
chr4	2062563	2065747	2065090	3184	2064155	-1592	1592	935
chr4	74157542	74158693	74158063	1151	74158117	-575	576	-54
chr4	151102159	151105918	151103892	3759	151104038	-1879	1880	-146
chr4	182142250	182145965	182142806	3715	182144107	-1857	1858	-1301
chr4	2336544	2340422	2339524	3878	2338483	-1939	1939	1041
chr4	8410352	8415504	8414338	5152	8412928	-2576	2576	1410
chr4	82426454	82427556	82427469	1102	82427005	-551	551	464
chr4	6297979	6305647	6302376	7668	6301813	-3834	3834	563
chr4	1917398	1919300	1918567	1902	1918349	-951	951	218
chr4	185144007	185145494	185144890	1487	185144750	-743	744	140
chr4	173332245	173335318	173333614	3073	173333781	-1536	1537	-167
chr4	82426454	82427556	82426531	1102	82427005	-551	551	-474
chr4	6616585	6622104	6619950	5519	6619344	-2759	2760	606
chr4	173332245	173335318	173332946	3073	173333781	-1536	1537	-835
chr4	965243	970528	967626	5285	967885	-2642	2643	-259
chr4	82428118	82431325	82429303	3207	82429721	-1603	1604	-418
chr4	1830853	1835772	1834844	4919	1833312	-2459	2460	1532
chr4	6707308	6710080	6709558	2772	6708694	-1386	1386	864
chr4	7061417	7062951	7062196	1534	7062184	-767	767	12
chr4	70686553	70690109	70689368	3556	70688331	-1778	1778	1037
chr4	77818500	77823503	77819368	5003	77821001	-2501	2502	-1633
chr4	98257706	98262230	98261533	4524	98259968	-2262	2262	1565
chr4	99948140	99949308	99949108	1168	99948724	-584	584	384
chr4	123395840	123402357	123402101	6517	123399098	-3258	3259	3003
chr4	139555318	139557431	139556122	2113	139556374	-1056	1057	-252
chr4	185144007	185145494	185144818	1487	185144750	-743	744	68
chr4	1830853	1835772	1834851	4919	1833312	-2459	2460	1539
chr4	1350084	1356200	1351794	6116	1353142	-3058	3058	-1348
chr4	1978139	1983840	1983457	5701	1980989	-2850	2851	2468
chr4	1991419	1994102	1991557	2683	1992760	-1341	1342	-1203
chr4	123395840	123402357	123401596	6517	123399098	-3258	3259	2498
chr4	123395840	123402357	123402162	6517	123399098	-3258	3259	3064
chr4	529601	534270	530603	4669	531935	-2334	2335	-1332
chr4	6707308	6710080	6709594	2772	6708694	-1386	1386	900
chr4	6585324	6591715	6587089	6391	6588519	-3195	3196	-1430
chr4	82428118	82431325	82429344	3207	82429721	-1603	1604	-377
chr4	99948140	99949308	99948895	1168	99948724	-584	584	171
chr4	99948140	99949308	99948571	1168	99948724	-584	584	-153
chr4	68316270	68317840	68316348	1570	68317055	-785	785	-707
chr4	56930178	56932691	56932047	2513	56931434	-1256	1257	613
chr4	8615794	8623265	8618468	7471	8619529	-3735	3736	-1061
chr4	6640773	6642459	6641222	1686	6641616	-843	843	-394
chr4	1830853	1835772	1832900	4919	1833312	-2459	2460	-412
chr4	56960420	56963488	56963436	3068	56961954	-1534	1534	1482
chr4	6297979	6305647	6301391	7668	6301813	-3834	3834	-422
chr4	123395840	123402357	123402184	6517	123399098	-3258	3259	3086
chr5	179866702	179872501	179867569	5799	179869601	-2899	2900	-2032
chr5	1877381	1884664	1881948	7283	1881022	-3641	3642	926
chr5	617026	620046	618999	3020	618536	-1510	1510	463
chr5	140554648	140558866	140558672	4218	140556757	-2109	2109	1915
chr5	141634668	141638740	141635015	4072	141636704	-2036	2036	-1689
chr5	177510470	177513842	177512144	3372	177512156	-1686	1686	-12
chr5	179834022	179839625	179836910	5603	179836823	-2801	2802	87
chr5	14462229	14465373	14462804	3144	14463801	-1572	1572	-997
chr5	181232383	181236516	181232604	4133	181234449	-2066	2067	-1845
chr5	140695351	140697653	140696995	2302	140696502	-1151	1151	493
chr5	2750283	2756353	2755114	6070	2753318	-3035	3035	1796
chr5	154819024	154820697	154820108	1673	154819860	-836	837	248
chr5	138346658	138348766	138348073	2108	138347712	-1054	1054	361
chr5	149362042	149364600	149364054	2558	149363321	-1279	1279	733
chr5	176386394	176390428	176389328	4034	176388411	-2017	2017	917
chr5	179874215	179877231	179875039	3016	179875723	-1508	1508	-684
chr5	138931929	138935254	138934155	3325	138933591	-1662	1663	564
chr5	869630	871493	870555	1863	870561	-931	932	-6
chr5	172104956	172109678	172106647	4722	172107317	-2361	2361	-670
chr5	176386394	176390428	176386624	4034	176388411	-2017	2017	-1787
chr5	134571750	134578212	134573677	6462	134574981	-3231	3231	-1304
chr5	154819024	154820697	154820434	1673	154819860	-836	837	574
chr5	179834022	179839625	179836500	5603	179836823	-2801	2802	-323
chr5	180849873	180852657	180851312	2784	180851265	-1392	1392	47
chr5	181232383	181236516	181232574	4133	181234449	-2066	2067	-1875
chr5	141862029	141867120	141865159	5091	141864574	-2545	2546	585
chr5	179866702	179872501	179867845	5799	179869601	-2899	2900	-1756
chr5	10260602	10261643	10261597	1041	10261122	-520	521	475
chr5	141639313	141641341	141640312	2028	141640327	-1014	1014	-15
chr5	141643240	141645280	141645105	2040	141644260	-1020	1020	845
chr5	177435258	177438045	177436418	2787	177436651	-1393	1394	-233
chr5	177440073	177444444	177441898	4371	177442258	-2185	2186	-360
chr5	177523626	177526142	177524488	2516	177524884	-1258	1258	-396
chr5	179842023	179844222	179844182	2199	179843122	-1099	1100	1060
chr5	174726928	174730108	174729474	3180	174728518	-1590	1590	956
chr5	14502356	14507833	14504483	5477	14505094	-2738	2739	-611
chr5	178221657	178224881	178222394	3224	178223269	-1612	1612	-875
chr5	14397684	14400064	14399053	2380	14398874	-1190	1190	179
chr5	149362042	149364600	149364011	2558	149363321	-1279	1279	690
chr5	149362042	149364600	149364175	2558	149363321	-1279	1279	854
chr5	79235816	79238452	79237680	2636	79237134	-1318	1318	546
chr5	139400854	139407086	139401771	6232	139403970	-3116	3116	-2199
chr5	673752	679905	677794	6153	676828	-3076	3077	966
chr5	177482175	177488421	177483944	6246	177485298	-3123	3123	-1354
chr5	181232383	181236516	181234772	4133	181234449	-2066	2067	323
chr5	6378006	6379762	6378484	1756	6378884	-878	878	-400
chr5	177523626	177526142	177524581	2516	177524884	-1258	1258	-303
chr5	139321376	139322959	139322704	1583	139322167	-791	792	537
chr5	1471113	1474095	1474032	2982	1472604	-1491	1491	1428
chr5	6378006	6379762	6378513	1756	6378884	-878	878	-371
chr5	179830401	179833806	179833248	3405	179832103	-1702	1703	1145
chr5	32173327	32175862	32173822	2535	32174594	-1267	1268	-772
chr5	69630597	69636560	69634878	5963	69633578	-2981	2982	1300
chr5	177440073	177444444	177441911	4371	177442258	-2185	2186	-347
chr5	179866702	179872501	179867634	5799	179869601	-2899	2900	-1967
chr5	139389361	139395326	139393614	5965	139392343	-2982	2983	1271
chr5	132759263	132763740	132761196	4477	132761501	-2238	2239	-305
chr5	141978477	141982387	141980224	3910	141980432	-1955	1955	-208
chr5	154408560	154411323	154409624	2763	154409941	-1381	1382	-317
chr5	140640718	140644387	140643929	3669	140642552	-1834	1835	1377
chr5	138385940	138389495	138386193	3555	138387717	-1777	1778	-1524
chr5	151026301	151027765	151026972	1464	151027033	-732	732	-61
chr5	138931929	138935254	138934092	3325	138933591	-1662	1663	501
chr5	140640718	140644387	140643031	3669	140642552	-1834	1835	479
chr5	140704198	140706701	140706235	2503	140705449	-1251	1252	786
chr5	33459212	33461506	33459711	2294	33460359	-1147	1147	-648
chr5	181232383	181236516	181235245	4133	181234449	-2066	2067	796
chr5	177523626	177526142	177524918	2516	177524884	-1258	1258	34
chr5	16463306	16467518	16463684	4212	16465412	-2106	2106	-1728
chr5	174726928	174730108	174729266	3180	174728518	-1590	1590	748
chr5	168464580	168468550	168464924	3970	168466565	-1985	1985	-1641
chr5	869630	871493	870542	1863	870561	-931	932	-19
chr5	180849873	180852657	180849874	2784	180851265	-1392	1392	-1391
chr5	133099728	133104413	133101805	4685	133102070	-2342	2343	-265
chr5	176968606	176971215	176969603	2609	176969910	-1304	1305	-307
chr5	132641876	132643627	132643269	1751	132642751	-875	876	518
chr5	140546598	140551282	140550843	4684	140548940	-2342	2342	1903
chr5	141862029	141867120	141865055	5091	141864574	-2545	2546	481
chr5	141939196	141943279	141939720	4083	141941237	-2041	2042	-1517
chr5	181232383	181236516	181232574	4133	181234449	-2066	2067	-1875
chr5	138346658	138348766	138348141	2108	138347712	-1054	1054	429
chr5	132895937	132897731	132896684	1794	132896834	-897	897	-150
chr5	1073440	1078637	1075482	5197	1076038	-2598	2599	-556
chr5	139321376	139322959	139322712	1583	139322167	-791	792	545
chr5	10416372	10420844	10417359	4472	10418608	-2236	2236	-1249
chr5	14502356	14507833	14507138	5477	14505094	-2738	2739	2044
chr5	150699007	150701159	150701078	2152	150700083	-1076	1076	995
chr5	151803216	151804468	151804081	1252	151803842	-626	626	239
chr5	137751584	137754489	137753821	2905	137753036	-1452	1453	785
chr5	69630597	69636560	69635792	5963	69633578	-2981	2982	2214
chr5	138385940	138389495	138386430	3555	138387717	-1777	1778	-1287
chr5	141639313	141641341	141640384	2028	141640327	-1014	1014	57
chr5	141920748	141924577	141923824	3829	141922662	-1914	1915	1162
chr5	140704198	140706701	140706226	2503	140705449	-1251	1252	777
chr5	177336097	177340076	177337138	3979	177338086	-1989	1990	-948
chr5	140640718	140644387	140642637	3669	140642552	-1834	1835	85
chr5	69630597	69636560	69635225	5963	69633578	-2981	2982	1647
chr5	141639313	141641341	141639698	2028	141640327	-1014	1014	-629
chr5	141920748	141924577	141923909	3829	141922662	-1914	1915	1247
chr5	151028593	151032593	151030174	4000	151030593	-2000	2000	-419
chr5	151028593	151032593	151030742	4000	151030593	-2000	2000	149
chr5	154408560	154411323	154409559	2763	154409941	-1381	1382	-382
chr5	172104956	172109678	172106631	4722	172107317	-2361	2361	-686
chr5	476559	480577	480013	4018	478568	-2009	2009	1445
chr5	180571868	180574478	180574174	2610	180573173	-1305	1305	1001
chr5	177440073	177444444	177441293	4371	177442258	-2185	2186	-965
chr5	181232383	181236516	181233920	4133	181234449	-2066	2067	-529
chr5	87412129	87414038	87412837	1909	87413083	-954	955	-246
chr5	139389361	139395326	139392337	5965	139392343	-2982	2983	-6
chr5	10260602	10261643	10261612	1041	10261122	-520	521	490
chr5	14397684	14400064	14399067	2380	14398874	-1190	1190	193
chr5	138385940	138389495	138386301	3555	138387717	-1777	1778	-1416
chr5	132759263	132763740	132761147	4477	132761501	-2238	2239	-354
chr5	154819024	154820697	154820534	1673	154819860	-836	837	674
chr5	141978477	141982387	141980224	3910	141980432	-1955	1955	-208
chr5	157786787	157788585	157787882	1798	157787686	-899	899	196
chr5	179598446	179602531	179601898	4085	179600488	-2042	2043	1410
chr5	181232383	181236516	181235333	4133	181234449	-2066	2067	884
chr5	181232383	181236516	181233402	4133	181234449	-2066	2067	-1047
chr5	138561563	138564772	138561721	3209	138563167	-1604	1605	-1446
chr5	141862029	141867120	141864511	5091	141864574	-2545	2546	-63
chr5	34189995	34193814	34190388	3819	34191904	-1909	1910	-1516
chr5	2746426	2748988	2748638	2562	2747707	-1281	1281	931
chr5	139389361	139395326	139394252	5965	139392343	-2982	2983	1909
chr5	140640718	140644387	140642065	3669	140642552	-1834	1835	-487
chr5	132895937	132897731	132897174	1794	132896834	-897	897	340
chr5	673752	679905	677752	6153	676828	-3076	3077	924
chr5	890976	893918	891754	2942	892447	-1471	1471	-693
chr5	1479533	1481669	1479654	2136	1480601	-1068	1068	-947
chr5	58458813	58461340	58459122	2527	58460076	-1263	1264	-954
chr5	138385940	138389495	138386254	3555	138387717	-1777	1778	-1463
chr5	139400854	139407086	139401746	6232	139403970	-3116	3116	-2224
chr5	141509682	141511999	141511158	2317	141510840	-1158	1159	318
chr5	141920748	141924577	141923846	3829	141922662	-1914	1915	1184
chr5	150552224	150554118	150553294	1894	150553171	-947	947	123
chr5	176386394	176390428	176389402	4034	176388411	-2017	2017	991
chr5	177482175	177488421	177483977	6246	177485298	-3123	3123	-1321
chr5	179834022	179839625	179837713	5603	179836823	-2801	2802	890
chr5	180849873	180852657	180850231	2784	180851265	-1392	1392	-1034
chr5	180849873	180852657	180850605	2784	180851265	-1392	1392	-660
chr5	181232383	181236516	181234694	4133	181234449	-2066	2067	245
chr5	174726928	174730108	174729282	3180	174728518	-1590	1590	764
chr5	1877381	1884664	1877673	7283	1881022	-3641	3642	-3349
chr5	180849873	180852657	180851287	2784	180851265	-1392	1392	22
chr5	139389361	139395326	139393417	5965	139392343	-2982	2983	1074
chr5	140640718	140644387	140641875	3669	140642552	-1834	1835	-677
chr5	476559	480577	479953	4018	478568	-2009	2009	1385
chr5	14397684	14400064	14398961	2380	14398874	-1190	1190	87
chr5	32096192	32101121	32098615	4929	32098656	-2464	2465	-41
chr5	79235816	79238452	79237451	2636	79237134	-1318	1318	317
chr5	87394249	87396077	87394407	1828	87395163	-914	914	-756
chr5	132759263	132763740	132760804	4477	132761501	-2238	2239	-697
chr5	134965766	134968096	134968081	2330	134966931	-1165	1165	1150
chr5	141643240	141645280	141644881	2040	141644260	-1020	1020	621
chr5	151122371	151126273	151123003	3902	151124322	-1951	1951	-1319
chr5	151122371	151126273	151124307	3902	151124322	-1951	1951	-15
chr5	154376183	154378935	154376413	2752	154377559	-1376	1376	-1146
chr5	154408560	154411323	154409559	2763	154409941	-1381	1382	-382
chr5	172104956	172109678	172107830	4722	172107317	-2361	2361	513
chr5	177603988	177606289	177604435	2301	177605138	-1150	1151	-703
chr5	179834022	179839625	179836530	5603	179836823	-2801	2802	-293
chr5	179874215	179877231	179875161	3016	179875723	-1508	1508	-562
chr5	140111504	140115514	140115202	4010	140113509	-2005	2005	1693
chr5	179723158	179726604	179724732	3446	179724881	-1723	1723	-149
chr5	177603988	177606289	177604458	2301	177605138	-1150	1151	-680
chr5	179774333	179775889	179774416	1556	179775111	-778	778	-695
chr5	180849873	180852657	180850760	2784	180851265	-1392	1392	-505
chr5	180849873	180852657	180850762	2784	180851265	-1392	1392	-503
chr5	141862029	141867120	141864281	5091	141864574	-2545	2546	-293
chr5	141509682	141511999	141511103	2317	141510840	-1158	1159	263
chr5	179723158	179726604	179723683	3446	179724881	-1723	1723	-1198
chr5	69514052	69516678	69514092	2626	69515365	-1313	1313	-1273
chr5	140640718	140644387	140642915	3669	140642552	-1834	1835	363
chr5	141318687	141319818	141319506	1131	141319252	-565	566	254
chr5	176386394	176390428	176386842	4034	176388411	-2017	2017	-1569
chr5	32590418	32594087	32591660	3669	32592252	-1834	1835	-592
chr5	141639313	141641341	141639749	2028	141640327	-1014	1014	-578
chr5	149624875	149629251	149627211	4376	149627063	-2188	2188	148
chr5	149624875	149629251	149627148	4376	149627063	-2188	2188	85
chr5	179889495	179894811	179891427	5316	179892153	-2658	2658	-726
chr5	2750283	2756353	2755053	6070	2753318	-3035	3035	1735
chr5	179830401	179833806	179833660	3405	179832103	-1702	1703	1557
chr5	180571868	180574478	180574069	2610	180573173	-1305	1305	896
chr5	95760518	95763766	95763548	3248	95762142	-1624	1624	1406
chr5	151097542	151102774	151101406	5232	151100158	-2616	2616	1248
chr5	139389361	139395326	139393351	5965	139392343	-2982	2983	1008
chr5	33459212	33461506	33460982	2294	33460359	-1147	1147	623
chr5	139373800	139379530	139378594	5730	139376665	-2865	2865	1929
chr5	137751584	137754489	137752883	2905	137753036	-1452	1453	-153
chr5	140554648	140558866	140558671	4218	140556757	-2109	2109	1914
chr5	1877381	1884664	1880762	7283	1881022	-3641	3642	-260
chr5	16463306	16467518	16465510	4212	16465412	-2106	2106	98
chr5	16463306	16467518	16465511	4212	16465412	-2106	2106	99
chr5	139389361	139395326	139393978	5965	139392343	-2982	2983	1635
chr5	140675389	140677217	140676785	1828	140676303	-914	914	482
chr5	140675389	140677217	140676994	1828	140676303	-914	914	691
chr5	132759263	132763740	132760845	4477	132761501	-2238	2239	-656
chr5	141639313	141641341	141640552	2028	141640327	-1014	1014	225
chr5	71509758	71512081	71510345	2323	71510919	-1161	1162	-574
chr5	14502356	14507833	14507163	5477	14505094	-2738	2739	2069
chr5	66170439	66171523	66170700	1084	66170981	-542	542	-281
chr5	151107694	151112297	151109787	4603	151109995	-2301	2302	-208
chr5	139400854	139407086	139402678	6232	139403970	-3116	3116	-1292
chr5	177510470	177513842	177511744	3372	177512156	-1686	1686	-412
chr5	87397827	87400737	87399485	2910	87399282	-1455	1455	203
chr5	132759263	132763740	132760837	4477	132761501	-2238	2239	-664
chr5	148426780	148428794	148427249	2014	148427787	-1007	1007	-538
chr5	179866702	179872501	179870324	5799	179869601	-2899	2900	723
chr5	179889495	179894811	179891453	5316	179892153	-2658	2658	-700
chr5	180849873	180852657	180850409	2784	180851265	-1392	1392	-856
chr5	178221657	178224881	178222543	3224	178223269	-1612	1612	-726
chr6	32166568	32172513	32167641	5945	32169540	-2972	2973	-1899
chr6	99400749	99401834	99401260	1085	99401291	-542	543	-31
chr6	138986647	138989282	138987586	2635	138987964	-1317	1318	-378
chr6	31557413	31560659	31557833	3246	31559036	-1623	1623	-1203
chr6	33409254	33412600	33412304	3346	33410927	-1673	1673	1377
chr6	170284794	170286803	170285296	2009	170285798	-1004	1005	-502
chr6	31638178	31642698	31640409	4520	31640438	-2260	2260	-29
chr6	33274740	33281352	33276234	6612	33278046	-3306	3306	-1812
chr6	43050863	43056034	43051114	5171	43053448	-2585	2586	-2334
chr6	43504562	43506078	43505605	1516	43505320	-758	758	285
chr6	85640595	85644515	85641392	3920	85642555	-1960	1960	-1163
chr6	167951225	167953069	167952063	1844	167952147	-922	922	-84
chr6	10417953	10419627	10419558	1674	10418790	-837	837	768
chr6	27866609	27868605	27867086	1996	27867607	-998	998	-521
chr6	36135906	36139526	36138878	3620	36137716	-1810	1810	1162
chr6	43515747	43519195	43517177	3448	43517471	-1724	1724	-294
chr6	44251736	44258674	44253337	6938	44255205	-3469	3469	-1868
chr6	27836509	27838789	27838771	2280	27837649	-1140	1140	1122
chr6	125275896	125278390	125277206	2494	125277143	-1247	1247	63
chr6	33314433	33318611	33316250	4178	33316522	-2089	2089	-272
chr6	27866609	27868605	27866966	1996	27867607	-998	998	-641
chr6	43220321	43222801	43220585	2480	43221561	-1240	1240	-976
chr6	43178584	43181442	43179433	2858	43180013	-1429	1429	-580
chr6	52499668	52507059	52505670	7391	52503363	-3695	3696	2307
chr6	43198328	43204274	43199971	5946	43201301	-2973	2973	-1330
chr6	99400749	99401834	99401583	1085	99401291	-542	543	292
chr6	33453440	33455884	33455767	2444	33454662	-1222	1222	1105
chr6	29742831	29746737	29745699	3906	29744784	-1953	1953	915
chr6	30722954	30724528	30723417	1574	30723741	-787	787	-324
chr6	116277460	116281260	116277465	3800	116279360	-1900	1900	-1895
chr6	34535586	34543360	34538354	7774	34539473	-3887	3887	-1119
chr6	42933127	42940952	42938621	7825	42937039	-3912	3913	1582
chr6	43198328	43204274	43198764	5946	43201301	-2973	2973	-2537
chr6	10409401	10414509	10409905	5108	10411955	-2554	2554	-2050
chr6	26155581	26158361	26157096	2780	26156971	-1390	1390	125
chr6	33211051	33212572	33211850	1521	33211811	-760	761	39
chr6	30555261	30559939	30556156	4678	30557600	-2339	2339	-1444
chr6	33403257	33406099	33403521	2842	33404678	-1421	1421	-1157
chr6	43006663	43011099	43008706	4436	43008881	-2218	2218	-175
chr6	30810680	30814844	30814477	4164	30812762	-2082	2082	1715
chr6	7248185	7249266	7248593	1081	7248725	-540	541	-132
chr6	63712175	63713926	63712268	1751	63713050	-875	876	-782
chr6	31899044	31905019	31900218	5975	31902031	-2987	2988	-1813
chr6	33403257	33406099	33404875	2842	33404678	-1421	1421	197
chr6	33682331	33687784	33686185	5453	33685057	-2726	2727	1128
chr6	43506494	43509064	43507507	2570	43507779	-1285	1285	-272
chr6	110873964	110876079	110875003	2115	110875021	-1057	1058	-18
chr6	131948665	131951790	131950307	3125	131950227	-1562	1563	80
chr6	33694358	33696822	33695095	2464	33695590	-1232	1232	-495
chr6	31504598	31510253	31509926	5655	31507425	-2827	2828	2501
chr6	33314433	33318611	33315611	4178	33316522	-2089	2089	-911
chr6	73392932	73395400	73395000	2468	73394166	-1234	1234	834
chr6	132813604	132814894	132814583	1290	132814249	-645	645	334
chr6	131948665	131951790	131949541	3125	131950227	-1562	1563	-686
chr6	35472828	35476576	35475055	3748	35474702	-1874	1874	353
chr6	73415673	73417133	73416197	1460	73416403	-730	730	-206
chr6	43012312	43015271	43013252	2959	43013791	-1479	1480	-539
chr6	28151365	28153270	28153218	1905	28152317	-952	953	901
chr6	31967094	31972717	31971114	5623	31969905	-2811	2812	1209
chr6	43039660	43041234	43040179	1574	43040447	-787	787	-268
chr6	31899044	31905019	31901005	5975	31902031	-2987	2988	-1026
chr6	43019606	43020880	43020765	1274	43020243	-637	637	522
chr6	33682331	33687784	33687276	5453	33685057	-2726	2727	2219
chr6	33274740	33281352	33279803	6612	33278046	-3306	3306	1757
chr6	44251736	44258674	44255531	6938	44255205	-3469	3469	326
chr6	30729879	30731621	30731042	1742	30730750	-871	871	292
chr6	73392932	73395400	73394992	2468	73394166	-1234	1234	826
chr6	30648283	30652466	30649598	4183	30650374	-2091	2092	-776
chr6	33274740	33281352	33278080	6612	33278046	-3306	3306	34
chr6	37481060	37486944	37483213	5884	37484002	-2942	2942	-789
chr6	170287166	170294292	170289723	7126	170290729	-3563	3563	-1006
chr6	30909531	30916450	30914853	6919	30912990	-3459	3460	1863
chr6	139372988	139375125	139373725	2137	139374056	-1068	1069	-331
chr6	30342744	30347404	30343058	4660	30345074	-2330	2330	-2016
chr6	31531513	31537583	31535154	6070	31534548	-3035	3035	606
chr6	7248185	7249266	7248772	1081	7248725	-540	541	47
chr6	41768758	41772385	41770655	3627	41770571	-1813	1814	84
chr6	43506494	43509064	43507274	2570	43507779	-1285	1285	-505
chr6	3078792	3083260	3081023	4468	3081026	-2234	2234	-3
chr6	44251736	44258674	44251789	6938	44255205	-3469	3469	-3416
chr6	44251736	44258674	44251790	6938	44255205	-3469	3469	-3415
chr6	169750850	169753628	169751067	2778	169752239	-1389	1389	-1172
chr6	36912538	36916262	36914632	3724	36914400	-1862	1862	232
chr6	41768758	41772385	41770999	3627	41770571	-1813	1814	428
chr6	109444358	109450716	109445246	6358	109447537	-3179	3179	-2291
chr6	3269746	3271062	3269983	1316	3270404	-658	658	-421
chr6	26155581	26158361	26158165	2780	26156971	-1390	1390	1194
chr6	30197848	30199330	30199043	1482	30198589	-741	741	454
chr6	31504598	31510253	31506340	5655	31507425	-2827	2828	-1085
chr6	82363501	82365741	82365408	2240	82364621	-1120	1120	787
chr6	154832415	154833127	154832949	712	154832771	-356	356	178
chr6	170284794	170286803	170285012	2009	170285798	-1004	1005	-786
chr6	30887469	30893828	30891385	6359	30890648	-3179	3180	737
chr6	73392932	73395400	73394877	2468	73394166	-1234	1234	711
chr6	44261828	44267191	44265086	5363	44264509	-2681	2682	577
chr6	30704085	30709406	30705507	5321	30706745	-2660	2661	-1238
chr6	125275896	125278390	125277124	2494	125277143	-1247	1247	-19
chr6	36135906	36139526	36138980	3620	36137716	-1810	1810	1264
chr6	44251736	44258674	44253260	6938	44255205	-3469	3469	-1945
chr6	44249187	44250552	44250390	1365	44249869	-682	683	521
chr6	30585778	30590292	30589884	4514	30588035	-2257	2257	1849
chr6	30624414	30629765	30627230	5351	30627089	-2675	2676	141
chr6	30601886	30603735	30603570	1849	30602810	-924	925	760
chr6	28151365	28153270	28153119	1905	28152317	-952	953	802
chr6	36912538	36916262	36914281	3724	36914400	-1862	1862	-119
chr6	13287086	13289553	13287210	2467	13288319	-1233	1234	-1109
chr6	43623998	43626984	43625513	2986	43625491	-1493	1493	22
chr6	26466717	26469423	26467858	2706	26468070	-1353	1353	-212
chr6	31661405	31666726	31663857	5321	31664065	-2660	2661	-208
chr6	30601886	30603735	30602281	1849	30602810	-924	925	-529
chr6	99400749	99401834	99401311	1085	99401291	-542	543	20
chr6	20475144	20480018	20479949	4874	20477581	-2437	2437	2368
chr6	33274740	33281352	33277637	6612	33278046	-3306	3306	-409
chr6	7582873	7585809	7583615	2936	7584341	-1468	1468	-726
chr6	158784413	158788282	158784691	3869	158786347	-1934	1935	-1656
chr6	26155581	26158361	26156572	2780	26156971	-1390	1390	-399
chr6	33694358	33696822	33695721	2464	33695590	-1232	1232	131
chr6	44251736	44258674	44254773	6938	44255205	-3469	3469	-432
chr6	139372988	139375125	139373185	2137	139374056	-1068	1069	-871
chr6	43781997	43785877	43784714	3880	43783937	-1940	1940	777
chr6	63712175	63713926	63713053	1751	63713050	-875	876	3
chr6	56619533	56621735	56620264	2202	56620634	-1101	1101	-370
chr6	63712175	63713926	63713148	1751	63713050	-875	876	98
chr6	30704085	30709406	30705898	5321	30706745	-2660	2661	-847
chr6	30898144	30899943	30899569	1799	30899043	-899	900	526
chr6	31949113	31950700	31949427	1587	31949906	-793	794	-479
chr6	33274740	33281352	33278318	6612	33278046	-3306	3306	272
chr6	43431189	43436616	43435825	5427	43433902	-2713	2714	1923
chr6	131948665	131951790	131950011	3125	131950227	-1562	1563	-216
chr6	44251736	44258674	44252191	6938	44255205	-3469	3469	-3014
chr6	43620517	43621660	43621253	1143	43621088	-571	572	165
chr6	43024250	43028878	43025076	4628	43026564	-2314	2314	-1488
chr6	43781997	43785877	43784790	3880	43783937	-1940	1940	853
chr6	36213257	36216359	36214187	3102	36214808	-1551	1551	-621
chr6	158817553	158819936	158818125	2383	158818744	-1191	1192	-619
chr6	27836509	27838789	27838335	2280	27837649	-1140	1140	686
chr6	167825459	167828153	167826083	2694	167826806	-1347	1347	-723
chr6	41768758	41772385	41770442	3627	41770571	-1813	1814	-129
chr6	41935475	41940306	41935986	4831	41937890	-2415	2416	-1904
chr6	109444358	109450716	109445442	6358	109447537	-3179	3179	-2095
chr6	30909531	30916450	30915777	6919	30912990	-3459	3460	2787
chr6	7579480	7581275	7580053	1795	7580377	-897	898	-324
chr6	7582873	7585809	7582883	2936	7584341	-1468	1468	-1458
chr6	7582873	7585809	7584887	2936	7584341	-1468	1468	546
chr6	32161806	32165985	32162571	4179	32163895	-2089	2090	-1324
chr6	116277460	116281260	116279518	3800	116279360	-1900	1900	158
chr6	3078792	3083260	3081096	4468	3081026	-2234	2234	70
chr6	33274740	33281352	33280808	6612	33278046	-3306	3306	2762
chr6	33441812	33445360	33443113	3548	33443586	-1774	1774	-473
chr6	43035525	43039315	43037711	3790	43037420	-1895	1895	291
chr6	31638178	31642698	31640224	4520	31640438	-2260	2260	-214
chr6	73415673	73417133	73416112	1460	73416403	-730	730	-291
chr6	43006663	43011099	43006937	4436	43008881	-2218	2218	-1944
chr6	44251736	44258674	44255354	6938	44255205	-3469	3469	149
chr6	116277460	116281260	116278782	3800	116279360	-1900	1900	-578
chr6	43006663	43011099	43007215	4436	43008881	-2218	2218	-1666
chr6	73519284	73521995	73519390	2711	73520639	-1355	1356	-1249
chr6	133990655	133992235	133991130	1580	133991445	-790	790	-315
chr6	158775751	158777857	158776457	2106	158776804	-1053	1053	-347
chr6	30722954	30724528	30723707	1574	30723741	-787	787	-34
chr6	41026923	41033476	41033112	6553	41030199	-3276	3277	2913
chr6	31967094	31972717	31972666	5623	31969905	-2811	2812	2761
chr6	33694358	33696822	33695174	2464	33695590	-1232	1232	-416
chr6	44251736	44258674	44256439	6938	44255205	-3469	3469	1234
chr6	33314433	33318611	33315849	4178	33316522	-2089	2089	-673
chr6	31947780	31948881	31948433	1101	31948330	-550	551	103
chr6	7582873	7585809	7583923	2936	7584341	-1468	1468	-418
chr6	33690725	33693754	33691910	3029	33692239	-1514	1515	-329
chr6	33413462	33415405	33414309	1943	33414433	-971	972	-124
chr6	10402720	10406249	10404647	3529	10404484	-1764	1765	163
chr6	63712175	63713926	63712704	1751	63713050	-875	876	-346
chr6	43198328	43204274	43203192	5946	43201301	-2973	2973	1891
chr6	35835195	35837308	35835230	2113	35836251	-1056	1057	-1021
chr6	43012312	43015271	43013334	2959	43013791	-1479	1480	-457
chr6	43012312	43015271	43012476	2959	43013791	-1479	1480	-1315
chr6	31967094	31972717	31970800	5623	31969905	-2811	2812	895
chr6	111481516	111485033	111484811	3517	111483274	-1758	1759	1537
chr6	43035525	43039315	43038563	3790	43037420	-1895	1895	1143
chr6	43781997	43785877	43785472	3880	43783937	-1940	1940	1535
chr6	27836509	27838789	27838123	2280	27837649	-1140	1140	474
chr6	41768758	41772385	41770812	3627	41770571	-1813	1814	241
chr6	32166568	32172513	32170857	5945	32169540	-2972	2973	1317
chr6	26155581	26158361	26156657	2780	26156971	-1390	1390	-314
chr6	43006663	43011099	43010986	4436	43008881	-2218	2218	2105
chr6	56619533	56621735	56619800	2202	56620634	-1101	1101	-834
chr6	35495749	35502112	35498299	6363	35498930	-3181	3182	-631
chr6	33274740	33281352	33280698	6612	33278046	-3306	3306	2652
chr6	33403257	33406099	33403316	2842	33404678	-1421	1421	-1362
chr6	10397275	10401493	10398698	4218	10399384	-2109	2109	-686
chr6	43506494	43509064	43507538	2570	43507779	-1285	1285	-241
chr6	31967094	31972717	31968903	5623	31969905	-2811	2812	-1002
chr6	167951225	167953069	167951574	1844	167952147	-922	922	-573
chr6	10397275	10401493	10398688	4218	10399384	-2109	2109	-696
chr6	167951225	167953069	167951904	1844	167952147	-922	922	-243
chr6	37481060	37486944	37485161	5884	37484002	-2942	2942	1159
chr6	43050863	43056034	43051051	5171	43053448	-2585	2586	-2397
chr6	26232827	26234688	26234589	1861	26233757	-930	931	832
chr6	56618672	56619257	56618780	585	56618964	-292	293	-184
chr6	7579480	7581275	7581114	1795	7580377	-897	898	737
chr6	7582873	7585809	7583184	2936	7584341	-1468	1468	-1157
chr6	31504598	31510253	31507458	5655	31507425	-2827	2828	33
chr6	31860810	31862967	31862749	2157	31861888	-1078	1079	861
chr6	31949113	31950700	31950616	1587	31949906	-793	794	710
chr6	33403257	33406099	33405161	2842	33404678	-1421	1421	483
chr6	37481060	37486944	37483084	5884	37484002	-2942	2942	-918
chr6	43006663	43011099	43009330	4436	43008881	-2218	2218	449
chr6	43006663	43011099	43010688	4436	43008881	-2218	2218	1807
chr6	89083945	89085026	89084178	1081	89084485	-540	541	-307
chr6	33575045	33580260	33577548	5215	33577652	-2607	2608	-104
chr6	63712175	63713926	63712524	1751	63713050	-875	876	-526
chr6	73519284	73521995	73520007	2711	73520639	-1355	1356	-632
chr6	26051501	26056616	26055889	5115	26054058	-2557	2558	1831
chr6	30585778	30590292	30585922	4514	30588035	-2257	2257	-2113
chr6	30887469	30893828	30893375	6359	30890648	-3179	3180	2727
chr6	33314433	33318611	33315669	4178	33316522	-2089	2089	-853
chr6	33314433	33318611	33316713	4178	33316522	-2089	2089	191
chr6	34247481	34250908	34247792	3427	34249194	-1713	1714	-1402
chr6	42933127	42940952	42938125	7825	42937039	-3912	3913	1086
chr6	133990655	133992235	133991148	1580	133991445	-790	790	-297
chr6	28922952	28925199	28923260	2247	28924075	-1123	1124	-815
chr6	7582873	7585809	7583635	2936	7584341	-1468	1468	-706
chr6	33413462	33415405	33414538	1943	33414433	-971	972	105
chr6	138401310	138408186	138406022	6876	138404748	-3438	3438	1274
chr6	30722954	30724528	30724389	1574	30723741	-787	787	648
chr6	30909531	30916450	30911179	6919	30912990	-3459	3460	-1811
chr6	33453440	33455884	33455749	2444	33454662	-1222	1222	1087
chr6	34535586	34543360	34541045	7774	34539473	-3887	3887	1572
chr6	41935475	41940306	41935854	4831	41937890	-2415	2416	-2036
chr6	41935475	41940306	41936054	4831	41937890	-2415	2416	-1836
chr6	42688132	42690107	42689668	1975	42689119	-987	988	549
chr6	43006663	43011099	43007011	4436	43008881	-2218	2218	-1870
chr6	156776972	156780129	156778149	3157	156778550	-1578	1579	-401
chr6	26051501	26056616	26055834	5115	26054058	-2557	2558	1776
chr6	35477517	35480714	35478316	3197	35479115	-1598	1599	-799
chr6	35477517	35480714	35478466	3197	35479115	-1598	1599	-649
chr6	26051501	26056616	26055878	5115	26054058	-2557	2558	1820
chr6	27836509	27838789	27838112	2280	27837649	-1140	1140	463
chr6	30585778	30590292	30590156	4514	30588035	-2257	2257	2121
chr6	30601886	30603735	30602316	1849	30602810	-924	925	-494
chr6	32979795	32981302	32981128	1507	32980548	-753	754	580
chr6	63571883	63573984	63572589	2101	63572933	-1050	1051	-344
chr6	118893148	118895583	118894358	2435	118894365	-1217	1218	-7
chr6	169701646	169703832	169702603	2186	169702739	-1093	1093	-136
chr6	169701646	169703832	169703368	2186	169702739	-1093	1093	629
chr6	33403257	33406099	33403788	2842	33404678	-1421	1421	-890
chr6	30585778	30590292	30589911	4514	30588035	-2257	2257	1876
chr6	31967094	31972717	31969597	5623	31969905	-2811	2812	-308
chr6	43431189	43436616	43432059	5427	43433902	-2713	2714	-1843
chr6	43431189	43436616	43435850	5427	43433902	-2713	2714	1948
chr6	43515747	43519195	43517129	3448	43517471	-1724	1724	-342
chr6	7248185	7249266	7248538	1081	7248725	-540	541	-187
chr6	33274740	33281352	33278119	6612	33278046	-3306	3306	73
chr6	33572431	33573695	33573690	1264	33573063	-632	632	627
chr6	33274740	33281352	33277432	6612	33278046	-3306	3306	-614
chr6	10402720	10406249	10404700	3529	10404484	-1764	1765	216
chr6	10402720	10406249	10404702	3529	10404484	-1764	1765	218
chr6	31531513	31537583	31532822	6070	31534548	-3035	3035	-1726
chr6	35472828	35476576	35476361	3748	35474702	-1874	1874	1659
chr6	32186623	32189053	32187142	2430	32187838	-1215	1215	-696
chr6	44251736	44258674	44255298	6938	44255205	-3469	3469	93
chr6	44249187	44250552	44250308	1365	44249869	-682	683	439
chr6	32166568	32172513	32168063	5945	32169540	-2972	2973	-1477
chr6	34243465	34247115	34246522	3650	34245290	-1825	1825	1232
chr6	26155581	26158361	26156675	2780	26156971	-1390	1390	-296
chr6	44251736	44258674	44254706	6938	44255205	-3469	3469	-499
chr6	7582873	7585809	7585460	2936	7584341	-1468	1468	1119
chr6	35477517	35480714	35478303	3197	35479115	-1598	1599	-812
chr6	32979795	32981302	32980438	1507	32980548	-753	754	-110
chr6	15495192	15498539	15496325	3347	15496865	-1673	1674	-540
chr6	27836509	27838789	27838306	2280	27837649	-1140	1140	657
chr6	33682331	33687784	33686119	5453	33685057	-2726	2727	1062
chr6	31967094	31972717	31969828	5623	31969905	-2811	2812	-77
chr6	43050863	43056034	43055804	5171	43053448	-2585	2586	2356
chr6	43006663	43011099	43008406	4436	43008881	-2218	2218	-475
chr6	43169162	43175414	43173960	6252	43172288	-3126	3126	1672
chr6	7582873	7585809	7583252	2936	7584341	-1468	1468	-1089
chr6	43050863	43056034	43054468	5171	43053448	-2585	2586	1020
chr6	30743669	30746008	30743926	2339	30744838	-1169	1170	-912
chr6	33274740	33281352	33276066	6612	33278046	-3306	3306	-1980
chr6	31758171	31760781	31759893	2610	31759476	-1305	1305	417
chr6	26232827	26234688	26234490	1861	26233757	-930	931	733
chr6	30071046	30078106	30075769	7060	30074576	-3530	3530	1193
chr6	143506985	143509150	143507294	2165	143508067	-1082	1083	-773
chr6	63712175	63713926	63713045	1751	63713050	-875	876	-5
chr6	7582873	7585809	7584352	2936	7584341	-1468	1468	11
chr6	43012312	43015271	43013122	2959	43013791	-1479	1480	-669
chr6	26155581	26158361	26158156	2780	26156971	-1390	1390	1185
chr6	26232827	26234688	26234459	1861	26233757	-930	931	702
chr6	36684986	36685930	36685864	944	36685458	-472	472	406
chr6	43050863	43056034	43054357	5171	43053448	-2585	2586	909
chr6	43012312	43015271	43012961	2959	43013791	-1479	1480	-830
chr6	75826208	75828855	75828548	2647	75827531	-1323	1324	1017
chr6	42933127	42940952	42938666	7825	42937039	-3912	3913	1627
chr6	44251736	44258674	44253690	6938	44255205	-3469	3469	-1515
chr6	13633779	13635414	13634506	1635	13634596	-817	818	-90
chr6	30585778	30590292	30589972	4514	30588035	-2257	2257	1937
chr6	27836509	27838789	27838745	2280	27837649	-1140	1140	1096
chr6	33403257	33406099	33403831	2842	33404678	-1421	1421	-847
chr6	32161806	32165985	32162571	4179	32163895	-2089	2090	-1324
chr6	43198328	43204274	43203982	5946	43201301	-2973	2973	2681
chr6	44251736	44258674	44255391	6938	44255205	-3469	3469	186
chr6	32186623	32189053	32186812	2430	32187838	-1215	1215	-1026
chr6	43043632	43047933	43044875	4301	43045782	-2150	2151	-907
chr6	56619533	56621735	56619556	2202	56620634	-1101	1101	-1078
chr6	73519284	73521995	73519993	2711	73520639	-1355	1356	-646
chr6	30342744	30347404	30345361	4660	30345074	-2330	2330	287
chr6	10409401	10414509	10410135	5108	10411955	-2554	2554	-1820
chr6	26232827	26234688	26234269	1861	26233757	-930	931	512
chr6	28151365	28153270	28153073	1905	28152317	-952	953	756
chr6	30909531	30916450	30913180	6919	30912990	-3459	3460	190
chr6	30909531	30916450	30915153	6919	30912990	-3459	3460	2163
chr6	31504598	31510253	31506373	5655	31507425	-2827	2828	-1052
chr6	31623641	31625915	31625501	2274	31624778	-1137	1137	723
chr6	31967094	31972717	31971606	5623	31969905	-2811	2812	1701
chr6	35472828	35476576	35474855	3748	35474702	-1874	1874	153
chr6	43043632	43047933	43045331	4301	43045782	-2150	2151	-451
chr6	43175647	43178054	43176586	2407	43176850	-1203	1204	-264
chr6	44251736	44258674	44253307	6938	44255205	-3469	3469	-1898
chr6	85612979	85617283	85614701	4304	85615131	-2152	2152	-430
chr6	109444358	109450716	109445236	6358	109447537	-3179	3179	-2301
chr6	43071351	43074201	43072193	2850	43072776	-1425	1425	-583
chr6	85640595	85644515	85641356	3920	85642555	-1960	1960	-1199
chr6	30489444	30493501	30489565	4057	30491472	-2028	2029	-1907
chr6	33403257	33406099	33405050	2842	33404678	-1421	1421	372
chr6	169750850	169753628	169751336	2778	169752239	-1389	1389	-903
chr6	26596434	26599131	26598050	2697	26597782	-1348	1349	268
chr6	143677285	143678618	143678094	1333	143677951	-666	667	143
chr6	43509094	43514301	43512089	5207	43511697	-2603	2604	392
chr6	7582873	7585809	7583741	2936	7584341	-1468	1468	-600
chr6	7582873	7585809	7584636	2936	7584341	-1468	1468	295
chr6	7582873	7585809	7584827	2936	7584341	-1468	1468	486
chr6	7582873	7585809	7585504	2936	7584341	-1468	1468	1163
chr6	30893953	30895724	30894596	1771	30894838	-885	886	-242
chr6	31638178	31642698	31641108	4520	31640438	-2260	2260	670
chr6	31758171	31760781	31760778	2610	31759476	-1305	1305	1302
chr6	32186623	32189053	32187029	2430	32187838	-1215	1215	-809
chr6	33575045	33580260	33575912	5215	33577652	-2607	2608	-1740
chr6	34872072	34873075	34872388	1003	34872573	-501	502	-185
chr6	41768758	41772385	41770749	3627	41770571	-1813	1814	178
chr6	43178584	43181442	43179255	2858	43180013	-1429	1429	-758
chr6	43431189	43436616	43436236	5427	43433902	-2713	2714	2334
chr6	56619533	56621735	56620305	2202	56620634	-1101	1101	-329
chr6	63712175	63713926	63712561	1751	63713050	-875	876	-489
chr6	109467109	109470739	109467723	3630	109468924	-1815	1815	-1201
chr6	138410337	138413200	138413038	2863	138411768	-1431	1432	1270
chr6	32161806	32165985	32163229	4179	32163895	-2089	2090	-666
chr6	27866609	27868605	27867101	1996	27867607	-998	998	-506
chr6	167825459	167828153	167825958	2694	167826806	-1347	1347	-848
chr6	167825459	167828153	167826035	2694	167826806	-1347	1347	-771
chr6	27836509	27838789	27837976	2280	27837649	-1140	1140	327
chr6	28231344	28232817	28232602	1473	28232080	-736	737	522
chr6	30722954	30724528	30724193	1574	30723741	-787	787	452
chr6	31504598	31510253	31506351	5655	31507425	-2827	2828	-1074
chr6	31967094	31972717	31970020	5623	31969905	-2811	2812	115
chr6	30704085	30709406	30704205	5321	30706745	-2660	2661	-2540
chr6	139372988	139375125	139373952	2137	139374056	-1068	1069	-104
chr6	89083945	89085026	89084378	1081	89084485	-540	541	-107
chr6	31758171	31760781	31759960	2610	31759476	-1305	1305	484
chr6	43050863	43056034	43051292	5171	43053448	-2585	2586	-2156
chr6	33441812	33445360	33442942	3548	33443586	-1774	1774	-644
chr6	30743669	30746008	30743972	2339	30744838	-1169	1170	-866
chr6	31638178	31642698	31639076	4520	31640438	-2260	2260	-1362
chr6	43506494	43509064	43508785	2570	43507779	-1285	1285	1006
chr6	13616734	13618217	13618085	1483	13617475	-741	742	610
chr6	33314433	33318611	33316004	4178	33316522	-2089	2089	-518
chr6	31538669	31541945	31540920	3276	31540307	-1638	1638	613
chr6	33690725	33693754	33693605	3029	33692239	-1514	1515	1366
chr6	116277460	116281260	116278611	3800	116279360	-1900	1900	-749
chr6	56618672	56619257	56619234	585	56618964	-292	293	270
chr6	26596434	26599131	26598289	2697	26597782	-1348	1349	507
chr6	30704085	30709406	30705396	5321	30706745	-2660	2661	-1349
chr6	36683515	36684768	36684394	1253	36684141	-626	627	253
chr6	56619533	56621735	56620404	2202	56620634	-1101	1101	-230
chr6	7579480	7581275	7580146	1795	7580377	-897	898	-231
chr6	132813604	132814894	132814595	1290	132814249	-645	645	346
chr6	132813604	132814894	132814596	1290	132814249	-645	645	347
chr6	33694358	33696822	33694999	2464	33695590	-1232	1232	-591
chr6	158817553	158819936	158818118	2383	158818744	-1191	1192	-626
chr6	33690725	33693754	33691715	3029	33692239	-1514	1515	-524
chr6	26596434	26599131	26597982	2697	26597782	-1348	1349	200
chr6	43035525	43039315	43037743	3790	43037420	-1895	1895	323
chr6	32166568	32172513	32167502	5945	32169540	-2972	2973	-2038
chr6	44251736	44258674	44256461	6938	44255205	-3469	3469	1256
chr6	26466717	26469423	26468319	2706	26468070	-1353	1353	249
chr6	31721065	31726370	31723649	5305	31723717	-2652	2653	-68
chr6	43035525	43039315	43037773	3790	43037420	-1895	1895	353
chr6	27866609	27868605	27867416	1996	27867607	-998	998	-191
chr6	43178584	43181442	43179915	2858	43180013	-1429	1429	-98
chr6	31661405	31666726	31663994	5321	31664065	-2660	2661	-71
chr6	31638178	31642698	31641317	4520	31640438	-2260	2260	879
chr6	44249187	44250552	44249733	1365	44249869	-682	683	-136
chr6	109444358	109450716	109447712	6358	109447537	-3179	3179	175
chr6	33274740	33281352	33279534	6612	33278046	-3306	3306	1488
chr6	27836509	27838789	27837957	2280	27837649	-1140	1140	308
chr6	33314433	33318611	33316566	4178	33316522	-2089	2089	44
chr6	30655845	30657551	30656701	1706	30656698	-853	853	3
chr6	36213257	36216359	36214354	3102	36214808	-1551	1551	-454
chr6	10409401	10414509	10410119	5108	10411955	-2554	2554	-1836
chr6	32969777	32971785	32971690	2008	32970781	-1004	1004	909
chr6	10417953	10419627	10419520	1674	10418790	-837	837	730
chr6	21596595	21597942	21597493	1347	21597268	-673	674	225
chr6	32166568	32172513	32170424	5945	32169540	-2972	2973	884
chr6	43509094	43514301	43512822	5207	43511697	-2603	2604	1125
chr6	33453440	33455884	33455430	2444	33454662	-1222	1222	768
chr6	63712175	63713926	63712858	1751	63713050	-875	876	-192
chr6	26051501	26056616	26055811	5115	26054058	-2557	2558	1753
chr6	167825459	167828153	167826132	2694	167826806	-1347	1347	-674
chr6	167951225	167953069	167952079	1844	167952147	-922	922	-68
chr6	52499668	52507059	52504679	7391	52503363	-3695	3696	1316
chr6	33274740	33281352	33278670	6612	33278046	-3306	3306	624
chr6	26232827	26234688	26234265	1861	26233757	-930	931	508
chr6	31899044	31905019	31900059	5975	31902031	-2987	2988	-1972
chr6	43169162	43175414	43173939	6252	43172288	-3126	3126	1651
chr6	158764064	158767769	158767067	3705	158765916	-1852	1853	1151
chr6	42695518	42699158	42698397	3640	42697338	-1820	1820	1059
chr6	36213257	36216359	36214102	3102	36214808	-1551	1551	-706
chr6	44251736	44258674	44253723	6938	44255205	-3469	3469	-1482
chr6	52499668	52507059	52504751	7391	52503363	-3695	3696	1388
chr6	34420680	34422212	34421782	1532	34421446	-766	766	336
chr6	7579480	7581275	7580970	1795	7580377	-897	898	593
chr6	30340275	30342708	30341868	2433	30341491	-1216	1217	377
chr6	30585778	30590292	30586183	4514	30588035	-2257	2257	-1852
chr6	30704085	30709406	30704778	5321	30706745	-2660	2661	-1967
chr6	31967094	31972717	31970400	5623	31969905	-2811	2812	495
chr6	43012312	43015271	43013185	2959	43013791	-1479	1480	-606
chr6	43504562	43506078	43504896	1516	43505320	-758	758	-424
chr6	85612979	85617283	85615073	4304	85615131	-2152	2152	-58
chr6	116277460	116281260	116278922	3800	116279360	-1900	1900	-438
chr6	73392932	73395400	73394982	2468	73394166	-1234	1234	816
chr6	109444358	109450716	109449710	6358	109447537	-3179	3179	2173
chr6	43006663	43011099	43008735	4436	43008881	-2218	2218	-146
chr6	44251736	44258674	44251817	6938	44255205	-3469	3469	-3388
chr6	26596434	26599131	26598605	2697	26597782	-1348	1349	823
chr6	27836509	27838789	27838278	2280	27837649	-1140	1140	629
chr6	44251736	44258674	44256412	6938	44255205	-3469	3469	1207
chr6	27836509	27838789	27838154	2280	27837649	-1140	1140	505
chr6	41026923	41033476	41031727	6553	41030199	-3276	3277	1528
chr7	73441232	73442669	73442223	1437	73441950	-718	719	273
chr7	26191030	26193730	26193683	2700	26192380	-1350	1350	1303
chr7	100111737	100114186	100113661	2449	100112961	-1224	1225	700
chr7	98216252	98219264	98218028	3012	98217758	-1506	1506	270
chr7	102423668	102426666	102425386	2998	102425167	-1499	1499	219
chr7	100095581	100099543	100097337	3962	100097562	-1981	1981	-225
chr7	128392033	128393986	128392414	1953	128393009	-976	977	-595
chr7	72943790	72946510	72946233	2720	72945150	-1360	1360	1083
chr7	72948147	72949602	72948253	1455	72948874	-727	728	-621
chr7	45077044	45084967	45084907	7923	45081005	-3961	3962	3902
chr7	99384273	99390111	99385747	5838	99387192	-2919	2919	-1445
chr7	86861988	86864696	86864306	2708	86863342	-1354	1354	964
chr7	5311656	5317683	5316065	6027	5314669	-3013	3014	1396
chr7	73686244	73689956	73686640	3712	73688100	-1856	1856	-1460
chr7	73567717	73573474	73573353	5757	73570595	-2878	2879	2758
chr7	149782162	149788127	149782251	5965	149785144	-2982	2983	-2893
chr7	92088497	92091756	92089391	3259	92090126	-1629	1630	-735
chr7	5620239	5624111	5622907	3872	5622175	-1936	1936	732
chr7	149782162	149788127	149785729	5965	149785144	-2982	2983	585
chr7	44753786	44757107	44757060	3321	44755446	-1660	1661	1614
chr7	155744741	155746703	155745241	1962	155745722	-981	981	-481
chr7	140695743	140701166	140698146	5423	140698454	-2711	2712	-308
chr7	2699976	2705223	2700600	5247	2702599	-2623	2624	-1999
chr7	99494033	99496414	99494394	2381	99495223	-1190	1191	-829
chr7	152434253	152437412	152435730	3159	152435832	-1579	1580	-102
chr7	44753786	44757107	44756252	3321	44755446	-1660	1661	806
chr7	139338924	139343169	139341419	4245	139341046	-2122	2123	373
chr7	100095581	100099543	100099298	3962	100097562	-1981	1981	1736
chr7	44112477	44119400	44113961	6923	44115938	-3461	3462	-1977
chr7	92088497	92091756	92089519	3259	92090126	-1629	1630	-607
chr7	149876889	149882355	149878770	5466	149879622	-2733	2733	-852
chr7	44072267	44077171	44076478	4904	44074719	-2452	2452	1759
chr7	44112477	44119400	44116475	6923	44115938	-3461	3462	537
chr7	73567717	73573474	73572953	5757	73570595	-2878	2879	2358
chr7	73678995	73685102	73683218	6107	73682048	-3053	3054	1170
chr7	102316598	102322365	102317309	5767	102319481	-2883	2884	-2172
chr7	128392033	128393986	128393025	1953	128393009	-976	977	16
chr7	128944962	128948094	128945881	3132	128946528	-1566	1566	-647
chr7	102470751	102473139	102472267	2388	102471945	-1194	1194	322
chr7	151063028	151067417	151066928	4389	151065222	-2194	2195	1706
chr7	2375047	2380570	2378728	5523	2377808	-2761	2762	920
chr7	44577925	44579987	44579520	2062	44578956	-1031	1031	564
chr7	47365909	47372916	47369261	7007	47369412	-3503	3504	-151
chr7	72948147	72949602	72948879	1455	72948874	-727	728	5
chr7	128773764	128777661	128774616	3897	128775712	-1948	1949	-1096
chr7	135165605	135166956	135166782	1351	135166280	-675	676	502
chr7	100022660	100025012	100023561	2352	100023836	-1176	1176	-275
chr7	149222431	149225447	149224569	3016	149223939	-1508	1508	630
chr7	149762853	149767720	149764795	4867	149765286	-2433	2434	-491
chr7	100022660	100025012	100023758	2352	100023836	-1176	1176	-78
chr7	5307363	5310071	5308941	2708	5308717	-1354	1354	224
chr7	123684270	123685151	123684581	881	123684710	-440	441	-129
chr7	98916455	98920144	98917640	3689	98918299	-1844	1845	-659
chr7	6598839	6605317	6599961	6478	6602078	-3239	3239	-2117
chr7	45099880	45103698	45101575	3818	45101789	-1909	1909	-214
chr7	6505285	6512832	6509246	7547	6509058	-3773	3774	188
chr7	99390658	99393789	99390932	3131	99392223	-1565	1566	-1291
chr7	44571578	44574824	44572593	3246	44573201	-1623	1623	-608
chr7	6736023	6740696	6737822	4673	6738359	-2336	2337	-537
chr7	100111737	100114186	100114126	2449	100112961	-1224	1225	1165
chr7	43950229	43953401	43952806	3172	43951815	-1586	1586	991
chr7	149729678	149732633	149730584	2955	149731155	-1477	1478	-571
chr7	98304036	98306971	98304349	2935	98305503	-1467	1468	-1154
chr7	77624535	77627158	77627106	2623	77625846	-1311	1312	1260
chr7	2585176	2588032	2586232	2856	2586604	-1428	1428	-372
chr7	6505285	6512832	6510689	7547	6509058	-3773	3774	1631
chr7	131501554	131504934	131504314	3380	131503244	-1690	1690	1070
chr7	149729678	149732633	149730478	2955	149731155	-1477	1478	-677
chr7	151239687	151240600	151240516	913	151240143	-456	457	373
chr7	143379010	143384540	143382273	5530	143381775	-2765	2765	498
chr7	86861988	86864696	86864286	2708	86863342	-1354	1354	944
chr7	151063028	151067417	151064313	4389	151065222	-2194	2195	-909
chr7	2375047	2380570	2379165	5523	2377808	-2761	2762	1357
chr7	44112477	44119400	44116913	6923	44115938	-3461	3462	975
chr7	44565144	44571388	44566476	6244	44568266	-3122	3122	-1790
chr7	72835935	72837036	72836582	1101	72836485	-550	551	97
chr7	100819280	100825744	100819638	6464	100822512	-3232	3232	-2874
chr7	101087060	101094051	101087361	6991	101090555	-3495	3496	-3194
chr7	140453780	140459518	140454672	5738	140456649	-2869	2869	-1977
chr7	149265836	149267360	149266833	1524	149266598	-762	762	235
chr7	151213165	151215344	151213869	2179	151214254	-1089	1090	-385
chr7	151241396	151242689	151241908	1293	151242042	-646	647	-134
chr7	100069831	100073113	100071584	3282	100071472	-1641	1641	112
chr7	5373826	5380098	5377481	6272	5376962	-3136	3136	519
chr7	75418524	75421241	75418866	2717	75419882	-1358	1359	-1016
chr7	19697993	19698870	19698533	877	19698431	-438	439	102
chr7	102193392	102198663	102197229	5271	102196027	-2635	2636	1202
chr7	99394001	99398523	99394111	4522	99396262	-2261	2261	-2151
chr7	76062749	76068479	76064822	5730	76065614	-2865	2865	-792
chr7	152101599	152104530	152103233	2931	152103064	-1465	1466	169
chr7	6736023	6740696	6737911	4673	6738359	-2336	2337	-448
chr7	73686244	73689956	73687082	3712	73688100	-1856	1856	-1018
chr7	151052650	151056748	151052723	4098	151054699	-2049	2049	-1976
chr7	151052650	151056748	151055373	4098	151054699	-2049	2049	674
chr7	108568764	108570484	108569653	1720	108569624	-860	860	29
chr7	128656753	128659057	128656805	2304	128657905	-1152	1152	-1100
chr7	72948147	72949602	72948447	1455	72948874	-727	728	-427
chr7	5368774	5372857	5370405	4083	5370815	-2041	2042	-410
chr7	102464330	102469636	102466168	5306	102466983	-2653	2653	-815
chr7	44054987	44061717	44059554	6730	44058352	-3365	3365	1202
chr7	73678995	73685102	73683845	6107	73682048	-3053	3054	1797
chr7	75415481	75416938	75416282	1457	75416209	-728	729	73
chr7	86861988	86864696	86864615	2708	86863342	-1354	1354	1273
chr7	98877133	98882066	98881111	4933	98879599	-2466	2467	1512
chr7	149729678	149732633	149731686	2955	149731155	-1477	1478	531
chr7	149782162	149788127	149783933	5965	149785144	-2982	2983	-1211
chr7	151052650	151056748	151052667	4098	151054699	-2049	2049	-2032
chr7	99424507	99431122	99425212	6615	99427814	-3307	3308	-2602
chr7	75415481	75416938	75415650	1457	75416209	-728	729	-559
chr7	151048292	151050945	151049344	2653	151049618	-1326	1327	-274
chr7	151063028	151067417	151064618	4389	151065222	-2194	2195	-604
chr7	128773764	128777661	128775459	3897	128775712	-1948	1949	-253
chr7	149762853	149767720	149766229	4867	149765286	-2433	2434	943
chr7	143379010	143384540	143383001	5530	143381775	-2765	2765	1226
chr7	99398990	99403044	99400303	4054	99401017	-2027	2027	-714
chr7	74818763	74821904	74819583	3141	74820333	-1570	1571	-750
chr7	6156732	6160657	6156902	3925	6158694	-1962	1963	-1792
chr7	66111858	66116259	66114852	4401	66114058	-2200	2201	794
chr7	112470890	112472775	112472234	1885	112471832	-942	943	402
chr7	30371428	30372475	30372030	1047	30371951	-523	524	79
chr7	72948147	72949602	72948894	1455	72948874	-727	728	20
chr7	103097757	103099632	103098356	1875	103098694	-937	938	-338
chr7	73567717	73573474	73570653	5757	73570595	-2878	2879	58
chr7	140453780	140459518	140454630	5738	140456649	-2869	2869	-2019
chr7	101087060	101094051	101088846	6991	101090555	-3495	3496	-1709
chr7	72943790	72946510	72945597	2720	72945150	-1360	1360	447
chr7	75882715	75886360	75883833	3645	75884537	-1822	1823	-704
chr7	42918354	42920049	42919727	1695	42919201	-847	848	526
chr7	100100323	100103423	100102384	3100	100101873	-1550	1550	511
chr7	44571578	44574824	44572407	3246	44573201	-1623	1623	-794
chr7	151239687	151240600	151240491	913	151240143	-456	457	348
chr7	149782162	149788127	149784852	5965	149785144	-2982	2983	-292
chr7	99390658	99393789	99391040	3131	99392223	-1565	1566	-1183
chr7	43985103	43988395	43986674	3292	43986749	-1646	1646	-75
chr7	45077044	45084967	45084456	7923	45081005	-3961	3962	3451
chr7	100819280	100825744	100822479	6464	100822512	-3232	3232	-33
chr7	44112477	44119400	44116219	6923	44115938	-3461	3462	281
chr7	128944962	128948094	128947187	3132	128946528	-1566	1566	659
chr7	1495414	1502400	1495432	6986	1498907	-3493	3493	-3475
chr7	5354369	5358560	5357158	4191	5356464	-2095	2096	694
chr7	99417614	99422661	99419929	5047	99420137	-2523	2524	-208
chr7	151234921	151236954	151235247	2033	151235937	-1016	1017	-690
chr7	73731828	73739375	73737263	7547	73735601	-3773	3774	1662
chr7	2241669	2245495	2244710	3826	2243582	-1913	1913	1128
chr7	100022660	100025012	100023735	2352	100023836	-1176	1176	-101
chr7	2699976	2705223	2700683	5247	2702599	-2623	2624	-1916
chr7	43875981	43879580	43878457	3599	43877780	-1799	1800	677
chr7	44072267	44077171	44076588	4904	44074719	-2452	2452	1869
chr7	100213471	100215680	100214047	2209	100214575	-1104	1105	-528
chr7	151048292	151050945	151048985	2653	151049618	-1326	1327	-633
chr7	102193392	102198663	102195512	5271	102196027	-2635	2636	-515
chr7	100218480	100225933	100220949	7453	100222206	-3726	3727	-1257
chr7	6736023	6740696	6737441	4673	6738359	-2336	2337	-918
chr7	5373826	5380098	5376125	6272	5376962	-3136	3136	-837
chr7	105012176	105015235	105014267	3059	105013705	-1529	1530	562
chr7	128497154	128498561	128498084	1407	128497857	-703	704	227
chr7	100571803	100574670	100572390	2867	100573236	-1433	1434	-846
chr7	2699976	2705223	2700683	5247	2702599	-2623	2624	-1916
chr7	128948324	128950243	128948679	1919	128949283	-959	960	-604
chr7	99032929	99034303	99033028	1374	99033616	-687	687	-588
chr7	143395933	143400947	143397954	5014	143398440	-2507	2507	-486
chr7	74194020	74196350	74195293	2330	74195185	-1165	1165	108
chr7	128944962	128948094	128946607	3132	128946528	-1566	1566	79
chr7	99453368	99458456	99456488	5088	99455912	-2544	2544	576
chr7	100073305	100075967	100075570	2662	100074636	-1331	1331	934
chr7	148807029	148810170	148809098	3141	148808599	-1570	1571	499
chr7	107927716	107930135	107929783	2419	107928925	-1209	1210	858
chr7	76302026	76304970	76304224	2944	76303498	-1472	1472	726
chr7	139338924	139343169	139341501	4245	139341046	-2122	2123	455
chr7	139338924	139343169	139341259	4245	139341046	-2122	2123	213
chr7	45077044	45084967	45080923	7923	45081005	-3961	3962	-82
chr7	72943790	72946510	72946438	2720	72945150	-1360	1360	1288
chr7	100022660	100025012	100023453	2352	100023836	-1176	1176	-383
chr7	151048292	151050945	151048946	2653	151049618	-1326	1327	-672
chr7	100095581	100099543	100097715	3962	100097562	-1981	1981	153
chr7	99424507	99431122	99425318	6615	99427814	-3307	3308	-2496
chr7	151052650	151056748	151055068	4098	151054699	-2049	2049	369
chr7	151068290	151074583	151072131	6293	151071436	-3146	3147	695
chr7	107927716	107930135	107929783	2419	107928925	-1209	1210	858
chr7	73567717	73573474	73572910	5757	73570595	-2878	2879	2315
chr7	44753786	44757107	44756500	3321	44755446	-1660	1661	1054
chr7	76302026	76304970	76304065	2944	76303498	-1472	1472	567
chr7	131501554	131504934	131504484	3380	131503244	-1690	1690	1240
chr7	888244	891826	891009	3582	890035	-1791	1791	974
chr7	149782162	149788127	149783898	5965	149785144	-2982	2983	-1246
chr7	44054987	44061717	44060960	6730	44058352	-3365	3365	2608
chr7	44112477	44119400	44113717	6923	44115938	-3461	3462	-2221
chr7	73686244	73689956	73686900	3712	73688100	-1856	1856	-1200
chr7	99006792	99010261	99008426	3469	99008526	-1734	1735	-100
chr7	102193392	102198663	102197257	5271	102196027	-2635	2636	1230
chr7	128656753	128659057	128657786	2304	128657905	-1152	1152	-119
chr7	128656753	128659057	128658275	2304	128657905	-1152	1152	370
chr7	1495414	1502400	1499600	6986	1498907	-3493	3493	693
chr7	47365909	47372916	47368477	7007	47369412	-3503	3504	-935
chr7	99503131	99508469	99506281	5338	99505800	-2669	2669	481
chr7	100125157	100129493	100128120	4336	100127325	-2168	2168	795
chr7	102464330	102469636	102468331	5306	102466983	-2653	2653	1348
chr7	140453780	140459518	140456649	5738	140456649	-2869	2869	0
chr7	156656944	156658376	156658203	1432	156657660	-716	716	543
chr7	101204572	101211348	101210568	6776	101207960	-3388	3388	2608
chr7	102097201	102100968	102097414	3767	102099084	-1883	1884	-1670
chr7	151048292	151050945	151049069	2653	151049618	-1326	1327	-549
chr7	131501554	131504934	131504290	3380	131503244	-1690	1690	1046
chr7	43875981	43879580	43876495	3599	43877780	-1799	1800	-1285
chr7	135163282	135164985	135164751	1703	135164133	-851	852	618
chr7	1495414	1502400	1495539	6986	1498907	-3493	3493	-3368
chr7	73686244	73689956	73687039	3712	73688100	-1856	1856	-1061
chr7	99417614	99422661	99419370	5047	99420137	-2523	2524	-767
chr7	43875981	43879580	43876774	3599	43877780	-1799	1800	-1006
chr7	43968070	43973846	43973258	5776	43970958	-2888	2888	2300
chr7	98203121	98205944	98204124	2823	98204532	-1411	1412	-408
chr7	98286802	98291305	98291212	4503	98289053	-2251	2252	2159
chr7	99403811	99407237	99404879	3426	99405524	-1713	1713	-645
chr7	151052650	151056748	151056591	4098	151054699	-2049	2049	1892
chr7	2232019	2239800	2235102	7781	2235909	-3890	3891	-807
chr7	2232019	2239800	2235329	7781	2235909	-3890	3891	-580
chr7	151213165	151215344	151214020	2179	151214254	-1089	1090	-234
chr7	5311656	5317683	5313484	6027	5314669	-3013	3014	-1185
chr7	99394001	99398523	99394617	4522	99396262	-2261	2261	-1645
chr7	139358990	139360757	139360266	1767	139359873	-883	884	393
chr7	149253959	149256013	149254499	2054	149254986	-1027	1027	-487
chr7	149770963	149778654	149776934	7691	149774808	-3845	3846	2126
chr7	151048292	151050945	151048959	2653	151049618	-1326	1327	-659
chr7	151068290	151074583	151070011	6293	151071436	-3146	3147	-1425
chr7	73767615	73770524	73769320	2909	73769069	-1454	1455	251
chr7	99394001	99398523	99397965	4522	99396262	-2261	2261	1703
chr7	100111737	100114186	100112890	2449	100112961	-1224	1225	-71
chr7	44571578	44574824	44571704	3246	44573201	-1623	1623	-1497
chr7	74818763	74821904	74819589	3141	74820333	-1570	1571	-744
chr7	106283630	106286878	106284974	3248	106285254	-1624	1624	-280
chr7	100576486	100582989	100582428	6503	100579737	-3251	3252	2691
chr7	2247477	2251316	2250994	3839	2249396	-1919	1920	1598
chr7	100095581	100099543	100099315	3962	100097562	-1981	1981	1753
chr7	73686244	73689956	73687004	3712	73688100	-1856	1856	-1096
chr7	99424507	99431122	99425148	6615	99427814	-3307	3308	-2666
chr7	6022601	6023961	6023712	1360	6023281	-680	680	431
chr7	100095581	100099543	100099274	3962	100097562	-1981	1981	1712
chr7	151239687	151240600	151240116	913	151240143	-456	457	-27
chr7	66088889	66095431	66088914	6542	66092160	-3271	3271	-3246
chr7	148797611	148800533	148798651	2922	148799072	-1461	1461	-421
chr7	92112530	92113593	92113448	1063	92113061	-531	532	387
chr7	99481205	99486791	99486603	5586	99483998	-2793	2793	2605
chr7	6468308	6470084	6469755	1776	6469196	-888	888	559
chr7	99621847	99624991	99622417	3144	99623419	-1572	1572	-1002
chr7	128773764	128777661	128775083	3897	128775712	-1948	1949	-629
chr7	151048292	151050945	151049073	2653	151049618	-1326	1327	-545
chr7	66111858	66116259	66114850	4401	66114058	-2200	2201	792
chr7	135165605	135166956	135166577	1351	135166280	-675	676	297
chr7	100095581	100099543	100099187	3962	100097562	-1981	1981	1625
chr7	98203121	98205944	98204086	2823	98204532	-1411	1412	-446
chr7	76421312	76428476	76425079	7164	76424894	-3582	3582	185
chr7	6505285	6512832	6509209	7547	6509058	-3773	3774	151
chr7	26191030	26193730	26193583	2700	26192380	-1350	1350	1203
chr7	38907693	38909345	38909151	1652	38908519	-826	826	632
chr7	99891781	99894018	99892288	2237	99892899	-1118	1119	-611
chr7	151052650	151056748	151052738	4098	151054699	-2049	2049	-1961
chr7	139338924	139343169	139341498	4245	139341046	-2122	2123	452
chr7	100366311	100372652	100367630	6341	100369481	-3170	3171	-1851
chr7	99902601	99904472	99903271	1871	99903536	-935	936	-265
chr7	99453368	99458456	99456453	5088	99455912	-2544	2544	541
chr7	5307363	5310071	5308189	2708	5308717	-1354	1354	-528
chr7	100119767	100125000	100122300	5233	100122383	-2616	2617	-83
chr7	100095581	100099543	100099114	3962	100097562	-1981	1981	1552
chr7	102097201	102100968	102097465	3767	102099084	-1883	1884	-1619
chr7	1495414	1502400	1497195	6986	1498907	-3493	3493	-1712
chr7	1495414	1502400	1500350	6986	1498907	-3493	3493	1443
chr7	2573531	2578795	2578493	5264	2576163	-2632	2632	2330
chr7	19697993	19698870	19698718	877	19698431	-438	439	287
chr7	26191030	26193730	26193300	2700	26192380	-1350	1350	920
chr7	43875981	43879580	43877590	3599	43877780	-1799	1800	-190
chr7	44054987	44061717	44059554	6730	44058352	-3365	3365	1202
chr7	44072267	44077171	44073393	4904	44074719	-2452	2452	-1326
chr7	45077044	45084967	45082129	7923	45081005	-3961	3962	1124
chr7	45077044	45084967	45082793	7923	45081005	-3961	3962	1788
chr7	66992437	66995820	66995367	3383	66994128	-1691	1692	1239
chr7	73686244	73689956	73686896	3712	73688100	-1856	1856	-1204
chr7	76011671	76013941	76013793	2270	76012806	-1135	1135	987
chr7	76421312	76428476	76425016	7164	76424894	-3582	3582	122
chr7	99503131	99508469	99506053	5338	99505800	-2669	2669	253
chr7	99621847	99624991	99622560	3144	99623419	-1572	1572	-859
chr7	100073305	100075967	100075383	2662	100074636	-1331	1331	747
chr7	100089798	100094692	100092877	4894	100092245	-2447	2447	632
chr7	100095581	100099543	100097327	3962	100097562	-1981	1981	-235
chr7	100571803	100574670	100572569	2867	100573236	-1433	1434	-667
chr7	100576486	100582989	100577843	6503	100579737	-3251	3252	-1894
chr7	102464330	102469636	102468135	5306	102466983	-2653	2653	1152
chr7	103316327	103319232	103316920	2905	103317779	-1452	1453	-859
chr7	127589118	127590904	127589958	1786	127590011	-893	893	-53
chr7	135163282	135164985	135164660	1703	135164133	-851	852	527
chr7	149782162	149788127	149787520	5965	149785144	-2982	2983	2376
chr7	149876889	149882355	149879588	5466	149879622	-2733	2733	-34
chr7	151048292	151050945	151049095	2653	151049618	-1326	1327	-523
chr7	151048292	151050945	151050226	2653	151049618	-1326	1327	608
chr7	151068290	151074583	151071708	6293	151071436	-3146	3147	272
chr7	2252260	2259704	2255092	7444	2255982	-3722	3722	-890
chr7	47365909	47372916	47369591	7007	47369412	-3503	3504	179
chr7	66088889	66095431	66092601	6542	66092160	-3271	3271	441
chr7	47365909	47372916	47368449	7007	47369412	-3503	3504	-963
chr7	45077044	45084967	45082187	7923	45081005	-3961	3962	1182
chr7	143379010	143384540	143382591	5530	143381775	-2765	2765	816
chr7	143379010	143384540	143382592	5530	143381775	-2765	2765	817
chr7	44064091	44068532	44065373	4441	44066311	-2220	2221	-938
chr7	131477673	131480073	131478860	2400	131478873	-1200	1200	-13
chr7	43875981	43879580	43877077	3599	43877780	-1799	1800	-703
chr7	43875981	43879580	43877394	3599	43877780	-1799	1800	-386
chr7	156656944	156658376	156658208	1432	156657660	-716	716	548
chr7	101087060	101094051	101088837	6991	101090555	-3495	3496	-1718
chr7	149176563	149179753	149178978	3190	149178158	-1595	1595	820
chr7	43875981	43879580	43876612	3599	43877780	-1799	1800	-1168
chr7	43875981	43879580	43878014	3599	43877780	-1799	1800	234
chr7	43875981	43879580	43878664	3599	43877780	-1799	1800	884
chr7	43875981	43879580	43878954	3599	43877780	-1799	1800	1174
chr7	74171280	74175517	74174395	4237	74173398	-2118	2119	997
chr7	98203121	98205944	98203955	2823	98204532	-1411	1412	-577
chr7	2241669	2245495	2244655	3826	2243582	-1913	1913	1073
chr7	6493483	6498906	6498174	5423	6496194	-2711	2712	1980
chr7	43875981	43879580	43878668	3599	43877780	-1799	1800	888
chr7	72943790	72946510	72945707	2720	72945150	-1360	1360	557
chr7	76062749	76068479	76066392	5730	76065614	-2865	2865	778
chr7	99032929	99034303	99033051	1374	99033616	-687	687	-565
chr7	99036122	99040632	99038473	4510	99038377	-2255	2255	96
chr7	99481205	99486791	99486519	5586	99483998	-2793	2793	2521
chr7	99891781	99894018	99892414	2237	99892899	-1118	1119	-485
chr7	102464330	102469636	102467747	5306	102466983	-2653	2653	764
chr7	107927716	107930135	107929634	2419	107928925	-1209	1210	709
chr7	143395933	143400947	143397996	5014	143398440	-2507	2507	-444
chr7	149014273	149017621	149014965	3348	149015947	-1674	1674	-982
chr7	151052650	151056748	151056597	4098	151054699	-2049	2049	1898
chr7	155744741	155746703	155745419	1962	155745722	-981	981	-303
chr7	5373826	5380098	5374149	6272	5376962	-3136	3136	-2813
chr7	23701878	23704776	23702338	2898	23703327	-1449	1449	-989
chr7	44753786	44757107	44756191	3321	44755446	-1660	1661	745
chr7	45077044	45084967	45083385	7923	45081005	-3961	3962	2380
chr7	75418524	75421241	75418733	2717	75419882	-1358	1359	-1149
chr7	92589313	92591195	92590349	1882	92590254	-941	941	95
chr7	100089798	100094692	100091470	4894	100092245	-2447	2447	-775
chr7	44112477	44119400	44113673	6923	44115938	-3461	3462	-2265
chr7	149762853	149767720	149764803	4867	149765286	-2433	2434	-483
chr7	155744741	155746703	155745473	1962	155745722	-981	981	-249
chr7	5361695	5367078	5362791	5383	5364386	-2691	2692	-1595
chr7	128944962	128948094	128947903	3132	128946528	-1566	1566	1375
chr7	100571803	100574670	100572404	2867	100573236	-1433	1434	-832
chr7	152110353	152113108	152110647	2755	152111730	-1377	1378	-1083
chr7	42918354	42920049	42919126	1695	42919201	-847	848	-75
chr7	72948147	72949602	72948612	1455	72948874	-727	728	-262
chr7	73567717	73573474	73571278	5757	73570595	-2878	2879	683
chr7	100073305	100075967	100075330	2662	100074636	-1331	1331	694
chr7	101087060	101094051	101089118	6991	101090555	-3495	3496	-1437
chr7	151048292	151050945	151049277	2653	151049618	-1326	1327	-341
chr7	6414862	6421015	6417009	6153	6417938	-3076	3077	-929
chr7	128773764	128777661	128775718	3897	128775712	-1948	1949	6
chr7	149782162	149788127	149784096	5965	149785144	-2982	2983	-1048
chr7	101204572	101211348	101206234	6776	101207960	-3388	3388	-1726
chr7	149762853	149767720	149764858	4867	149765286	-2433	2434	-428
chr7	149253959	149256013	149255304	2054	149254986	-1027	1027	318
chr7	151239687	151240600	151240480	913	151240143	-456	457	337
chr7	1495414	1502400	1500274	6986	1498907	-3493	3493	1367
chr7	6598839	6605317	6599938	6478	6602078	-3239	3239	-2140
chr7	100089798	100094692	100091277	4894	100092245	-2447	2447	-968
chr7	99394001	99398523	99394113	4522	99396262	-2261	2261	-2149
chr7	149222431	149225447	149224477	3016	149223939	-1508	1508	538
chr7	5373826	5380098	5376887	6272	5376962	-3136	3136	-75
chr7	6505285	6512832	6505878	7547	6509058	-3773	3774	-3180
chr7	73731828	73739375	73737593	7547	73735601	-3773	3774	1992
chr7	6468308	6470084	6469718	1776	6469196	-888	888	522
chr7	102316598	102322365	102320470	5767	102319481	-2883	2884	989
chr7	151119250	151124604	151122779	5354	151121927	-2677	2677	852
chr7	102453417	102458057	102457694	4640	102455737	-2320	2320	1957
chr7	107927716	107930135	107929783	2419	107928925	-1209	1210	858
chr7	107922223	107925794	107924056	3571	107924008	-1785	1786	48
chr7	100089798	100094692	100092835	4894	100092245	-2447	2447	590
chr7	66088889	66095431	66092601	6542	66092160	-3271	3271	441
chr7	100069831	100073113	100071521	3282	100071472	-1641	1641	49
chr7	100069831	100073113	100070795	3282	100071472	-1641	1641	-677
chr7	156656944	156658376	156658208	1432	156657660	-716	716	548
chr7	100366311	100372652	100367422	6341	100369481	-3170	3171	-2059
chr7	43875981	43879580	43878113	3599	43877780	-1799	1800	333
chr7	100089798	100094692	100092918	4894	100092245	-2447	2447	673
chr7	100218480	100225933	100221168	7453	100222206	-3726	3727	-1038
chr7	100119767	100125000	100124891	5233	100122383	-2616	2617	2508
chr7	149729678	149732633	149730534	2955	149731155	-1477	1478	-621
chr7	99891781	99894018	99891852	2237	99892899	-1118	1119	-1047
chr7	144377439	144382006	144380010	4567	144379722	-2283	2284	288
chr7	151068290	151074583	151070189	6293	151071436	-3146	3147	-1247
chr7	151234921	151236954	151235573	2033	151235937	-1016	1017	-364
chr7	72948147	72949602	72948190	1455	72948874	-727	728	-684
chr7	100095581	100099543	100095775	3962	100097562	-1981	1981	-1787
chr7	105112684	105113420	105113283	736	105113052	-368	368	231
chr7	128773764	128777661	128775458	3897	128775712	-1948	1949	-254
chr7	2573531	2578795	2578282	5264	2576163	-2632	2632	2119
chr7	44112477	44119400	44117940	6923	44115938	-3461	3462	2002
chr7	66111858	66116259	66114866	4401	66114058	-2200	2201	808
chr7	100089798	100094692	100089818	4894	100092245	-2447	2447	-2427
chr7	47365909	47372916	47368425	7007	47369412	-3503	3504	-987
chr7	100089798	100094692	100093085	4894	100092245	-2447	2447	840
chr7	100089798	100094692	100093381	4894	100092245	-2447	2447	1136
chr7	120949393	120951470	120951135	2077	120950431	-1038	1039	704
chr7	151068290	151074583	151074228	6293	151071436	-3146	3147	2792
chr7	151147844	151149128	151149117	1284	151148486	-642	642	631
chr7	6736023	6740696	6737234	4673	6738359	-2336	2337	-1125
chr7	73731828	73739375	73736338	7547	73735601	-3773	3774	737
chr7	143395933	143400947	143399366	5014	143398440	-2507	2507	926
chr7	99417614	99422661	99419298	5047	99420137	-2523	2524	-839
chr7	30877254	30884157	30882948	6903	30880705	-3451	3452	2243
chr7	100564881	100571704	100565133	6823	100568292	-3411	3412	-3159
chr8	42434721	42438210	42437370	3489	42436465	-1744	1745	905
chr8	22179813	22182805	22180426	2992	22181309	-1496	1496	-883
chr8	97719814	97724754	97724662	4940	97722284	-2470	2470	2378
chr8	25418051	25421531	25419348	3480	25419791	-1740	1740	-443
chr8	140554657	140559924	140557184	5267	140557290	-2633	2634	-106
chr8	144431485	144437772	144435472	6287	144434628	-3143	3144	844
chr8	47734857	47739132	47735411	4275	47736994	-2137	2138	-1583
chr8	124553808	124557983	124556054	4175	124555895	-2087	2088	159
chr8	102653248	102658660	102653494	5412	102655954	-2706	2706	-2460
chr8	13131578	13134506	13132984	2928	13133042	-1464	1464	-58
chr8	143974839	143978636	143975285	3797	143976737	-1898	1899	-1452
chr8	100259976	100261768	100261670	1792	100260872	-896	896	798
chr8	22194122	22199690	22197327	5568	22196906	-2784	2784	421
chr8	94528312	94529250	94529184	938	94528781	-469	469	403
chr8	124537864	124539649	124539206	1785	124538756	-892	893	450
chr8	142532667	142538096	142537070	5429	142535381	-2714	2715	1689
chr8	9139422	9141409	9141273	1987	9140415	-993	994	858
chr8	8376168	8379882	8376471	3714	8378025	-1857	1857	-1554
chr8	97274351	97279248	97277329	4897	97276799	-2448	2449	530
chr8	126555222	126559654	126556398	4432	126557438	-2216	2216	-1040
chr8	37693616	37698922	37698037	5306	37696269	-2653	2653	1768
chr8	37693616	37698922	37698039	5306	37696269	-2653	2653	1770
chr8	42434721	42438210	42437370	3489	42436465	-1744	1745	905
chr8	144431485	144437772	144432423	6287	144434628	-3143	3144	-2205
chr8	27459000	27464241	27463312	5241	27461620	-2620	2621	1692
chr8	23246354	23247624	23246635	1270	23246989	-635	635	-354
chr8	143044412	143050754	143044744	6342	143047583	-3171	3171	-2839
chr8	144387627	144393263	144391400	5636	144390445	-2818	2818	955
chr8	143642901	143650193	143649828	7292	143646547	-3646	3646	3281
chr8	143642901	143650193	143650155	7292	143646547	-3646	3646	3608
chr8	93733302	93735334	93734854	2032	93734318	-1016	1016	536
chr8	144082058	144088146	144084827	6088	144085102	-3044	3044	-275
chr8	144810103	144812858	144810489	2755	144811480	-1377	1378	-991
chr8	38411651	38418890	38417928	7239	38415270	-3619	3620	2658
chr8	30793650	30795476	30793940	1826	30794563	-913	913	-623
chr8	97274351	97279248	97277380	4897	97276799	-2448	2449	581
chr8	22689056	22696052	22690594	6996	22692554	-3498	3498	-1960
chr8	144394278	144399885	144399613	5607	144397081	-2803	2804	2532
chr8	144387627	144393263	144390738	5636	144390445	-2818	2818	293
chr8	80485424	80487928	80487247	2504	80486676	-1252	1252	571
chr8	8376168	8379882	8377373	3714	8378025	-1857	1857	-652
chr8	55808940	55812863	55811093	3923	55810901	-1961	1962	192
chr8	144810103	144812858	144810740	2755	144811480	-1377	1378	-740
chr8	142662830	142666909	142664637	4079	142664869	-2039	2040	-232
chr8	140539130	140545768	140539365	6638	140542449	-3319	3319	-3084
chr8	37871650	37873951	37873017	2301	37872800	-1150	1151	217
chr8	140539130	140545768	140539340	6638	140542449	-3319	3319	-3109
chr8	70574747	70578865	70574771	4118	70576806	-2059	2059	-2035
chr8	144218536	144223658	144223200	5122	144221097	-2561	2561	2103
chr8	118109724	118112622	118111081	2898	118111173	-1449	1449	-92
chr8	47929860	47932956	47930709	3096	47931408	-1548	1548	-699
chr8	126555222	126559654	126557189	4432	126557438	-2216	2216	-249
chr8	140539130	140545768	140539324	6638	140542449	-3319	3319	-3125
chr8	37693616	37698922	37698543	5306	37696269	-2653	2653	2274
chr8	37844413	37845197	37844873	784	37844805	-392	392	68
chr8	144082058	144088146	144085671	6088	144085102	-3044	3044	569
chr8	22096859	22104067	22098241	7208	22100463	-3604	3604	-2222
chr8	22096859	22104067	22099891	7208	22100463	-3604	3604	-572
chr8	118109724	118112622	118110266	2898	118111173	-1449	1449	-907
chr8	144452784	144460425	144453231	7641	144456604	-3820	3821	-3373
chr8	94640999	94643119	94641971	2120	94642059	-1060	1060	-88
chr8	143728035	143731134	143728992	3099	143729584	-1549	1550	-592
chr8	143584700	143590456	143586840	5756	143587578	-2878	2878	-738
chr8	125434296	125437523	125436299	3227	125435909	-1613	1614	390
chr8	144394278	144399885	144397993	5607	144397081	-2803	2804	912
chr8	144840385	144842048	144841689	1663	144841216	-831	832	473
chr8	100948290	100954043	100948792	5753	100951166	-2876	2877	-2374
chr8	125023897	125025748	125024478	1851	125024822	-925	926	-344
chr8	144387627	144393263	144391000	5636	144390445	-2818	2818	555
chr8	143249113	143251772	143250140	2659	143250442	-1329	1330	-302
chr8	143044412	143050754	143044691	6342	143047583	-3171	3171	-2892
chr8	124537864	124539649	124539089	1785	124538756	-892	893	333
chr8	144421001	144424964	144424073	3963	144422982	-1981	1982	1091
chr8	38411651	38418890	38413939	7239	38415270	-3619	3620	-1331
chr8	126555222	126559654	126556652	4432	126557438	-2216	2216	-786
chr8	144850795	144853362	144851098	2567	144852078	-1283	1284	-980
chr8	38411651	38418890	38415966	7239	38415270	-3619	3620	696
chr8	140549986	140552966	140551328	2980	140551476	-1490	1490	-148
chr8	143044412	143050754	143044770	6342	143047583	-3171	3171	-2813
chr8	47929860	47932956	47930715	3096	47931408	-1548	1548	-693
chr8	70574747	70578865	70574930	4118	70576806	-2059	2059	-1876
chr8	22689056	22696052	22689612	6996	22692554	-3498	3498	-2942
chr8	37871650	37873951	37872804	2301	37872800	-1150	1151	4
chr8	55808940	55812863	55811015	3923	55810901	-1961	1962	114
chr8	63167178	63169534	63169399	2356	63168356	-1178	1178	1043
chr8	124553808	124557983	124555789	4175	124555895	-2087	2088	-106
chr8	126555222	126559654	126557465	4432	126557438	-2216	2216	27
chr8	140554657	140559924	140556210	5267	140557290	-2633	2634	-1080
chr8	67202642	67205053	67203224	2411	67203847	-1205	1206	-623
chr8	142540178	142547582	142542129	7404	142543880	-3702	3702	-1751
chr8	144394278	144399885	144399452	5607	144397081	-2803	2804	2371
chr8	99870462	99873179	99870883	2717	99871820	-1358	1359	-937
chr8	144421001	144424964	144424092	3963	144422982	-1981	1982	1110
chr8	38267327	38269820	38268399	2493	38268573	-1246	1247	-174
chr8	42434721	42438210	42437296	3489	42436465	-1744	1745	831
chr8	142679439	142681825	142680621	2386	142680632	-1193	1193	-11
chr8	144431485	144437772	144437064	6287	144434628	-3143	3144	2436
chr8	144079324	144081891	144080587	2567	144080607	-1283	1284	-20
chr8	37871650	37873951	37872761	2301	37872800	-1150	1151	-39
chr8	38411651	38418890	38414824	7239	38415270	-3619	3620	-446
chr8	22615738	22622302	22618946	6564	22619020	-3282	3282	-74
chr8	22615738	22622302	22620045	6564	22619020	-3282	3282	1025
chr8	97274351	97279248	97276514	4897	97276799	-2448	2449	-285
chr8	123014254	123017169	123015177	2915	123015711	-1457	1458	-534
chr8	143584700	143590456	143586822	5756	143587578	-2878	2878	-756
chr8	144082058	144088146	144084514	6088	144085102	-3044	3044	-588
chr8	27609471	27612070	27610514	2599	27610770	-1299	1300	-256
chr8	42434721	42438210	42436994	3489	42436465	-1744	1745	529
chr8	8700818	8703276	8702914	2458	8702047	-1229	1229	867
chr8	27459000	27464241	27463945	5241	27461620	-2620	2621	2325
chr8	124553808	124557983	124556253	4175	124555895	-2087	2088	358
chr8	123783510	123784947	123784478	1437	123784228	-718	719	250
chr8	125433112	125433578	125433380	466	125433345	-233	233	35
chr8	22998286	23005875	23005392	7589	23002080	-3794	3795	3312
chr8	37871650	37873951	37872557	2301	37872800	-1150	1151	-243
chr8	99870462	99873179	99870853	2717	99871820	-1358	1359	-967
chr8	37871650	37873951	37872437	2301	37872800	-1150	1151	-363
chr8	143249113	143251772	143250345	2659	143250442	-1329	1330	-97
chr8	102653248	102658660	102655580	5412	102655954	-2706	2706	-374
chr8	37871650	37873951	37872007	2301	37872800	-1150	1151	-793
chr8	97719814	97724754	97724728	4940	97722284	-2470	2470	2444
chr8	47734857	47739132	47735560	4275	47736994	-2137	2138	-1434
chr8	124553808	124557983	124557839	4175	124555895	-2087	2088	1944
chr8	125434296	125437523	125436367	3227	125435909	-1613	1614	458
chr8	125434296	125437523	125436500	3227	125435909	-1613	1614	591
chr8	144394278	144399885	144396657	5607	144397081	-2803	2804	-424
chr8	144840385	144842048	144841767	1663	144841216	-831	832	551
chr8	100259976	100261768	100261709	1792	100260872	-896	896	837
chr8	144082058	144088146	144083295	6088	144085102	-3044	3044	-1807
chr8	144401445	144404337	144401450	2892	144402891	-1446	1446	-1441
chr8	70162448	70164103	70163471	1655	70163275	-827	828	196
chr8	144431485	144437772	144436973	6287	144434628	-3143	3144	2345
chr8	38785910	38788020	38787475	2110	38786965	-1055	1055	510
chr8	47965843	47967371	47966325	1528	47966607	-764	764	-282
chr8	22998286	23005875	23004442	7589	23002080	-3794	3795	2362
chr8	38411651	38418890	38413690	7239	38415270	-3619	3620	-1580
chr8	38839260	38841667	38840341	2407	38840463	-1203	1204	-122
chr8	93733302	93735334	93733754	2032	93734318	-1016	1016	-564
chr8	97274351	97279248	97276951	4897	97276799	-2448	2449	152
chr8	125364253	125367868	125367088	3615	125366060	-1807	1808	1028
chr8	143249113	143251772	143250035	2659	143250442	-1329	1330	-407
chr8	144840385	144842048	144841858	1663	144841216	-831	832	642
chr8	144840385	144842048	144842016	1663	144841216	-831	832	800
chr8	22096859	22104067	22099858	7208	22100463	-3604	3604	-605
chr8	37693616	37698922	37696129	5306	37696269	-2653	2653	-140
chr8	143044412	143050754	143049292	6342	143047583	-3171	3171	1709
chr8	47910198	47912620	47912449	2422	47911409	-1211	1211	1040
chr8	143044412	143050754	143044676	6342	143047583	-3171	3171	-2907
chr8	37693616	37698922	37696138	5306	37696269	-2653	2653	-131
chr8	85176762	85178501	85177648	1739	85177631	-869	870	17
chr8	63167178	63169534	63168844	2356	63168356	-1178	1178	488
chr8	37844413	37845197	37845004	784	37844805	-392	392	199
chr8	11852220	11854490	11852635	2270	11853355	-1135	1135	-720
chr8	47734857	47739132	47735356	4275	47736994	-2137	2138	-1638
chr8	142662830	142666909	142664507	4079	142664869	-2039	2040	-362
chr8	11328178	11332268	11331684	4090	11330223	-2045	2045	1461
chr8	22179813	22182805	22180436	2992	22181309	-1496	1496	-873
chr8	97274351	97279248	97276617	4897	97276799	-2448	2449	-182
chr8	144394278	144399885	144399627	5607	144397081	-2803	2804	2546
chr8	91069501	91071834	91070331	2333	91070667	-1166	1167	-336
chr8	144082058	144088146	144085985	6088	144085102	-3044	3044	883
chr8	97274351	97279248	97276799	4897	97276799	-2448	2449	0
chr8	8376168	8379882	8377246	3714	8378025	-1857	1857	-779
chr8	42434721	42438210	42437527	3489	42436465	-1744	1745	1062
chr8	80518639	80519394	80519298	755	80519016	-377	378	282
chr8	144394278	144399885	144395180	5607	144397081	-2803	2804	-1901
chr8	80485424	80487928	80487672	2504	80486676	-1252	1252	996
chr8	27511346	27514937	27511895	3591	27513141	-1795	1796	-1246
chr8	94640999	94643119	94642053	2120	94642059	-1060	1060	-6
chr8	142662830	142666909	142666336	4079	142664869	-2039	2040	1467
chr8	144452784	144460425	144453426	7641	144456604	-3820	3821	-3178
chr8	140539130	140545768	140539349	6638	140542449	-3319	3319	-3100
chr8	42434721	42438210	42437492	3489	42436465	-1744	1745	1027
chr8	144840385	144842048	144841350	1663	144841216	-831	832	134
chr8	8376168	8379882	8376873	3714	8378025	-1857	1857	-1152
chr8	22689056	22696052	22691091	6996	22692554	-3498	3498	-1463
chr8	142655962	142661161	142659044	5199	142658561	-2599	2600	483
chr8	9139422	9141409	9140864	1987	9140415	-993	994	449
chr8	22194122	22199690	22194858	5568	22196906	-2784	2784	-2048
chr8	93733302	93735334	93734126	2032	93734318	-1016	1016	-192
chr9	133056804	133060628	133058091	3824	133058716	-1912	1912	-625
chr9	33463825	33467327	33466349	3502	33465576	-1751	1751	773
chr9	35702865	35707715	35703999	4850	35705290	-2425	2425	-1291
chr9	94565224	94569569	94567309	4345	94567396	-2172	2173	-87
chr9	95874487	95876792	95875263	2305	95875639	-1152	1153	-376
chr9	113372153	113375572	113374003	3419	113373862	-1709	1710	141
chr9	127885347	127889844	127886550	4497	127887595	-2248	2249	-1045
chr9	127885347	127889844	127886551	4497	127887595	-2248	2249	-1044
chr9	33463825	33467327	33464044	3502	33465576	-1751	1751	-1532
chr9	128634021	128638739	128636307	4718	128636380	-2359	2359	-73
chr9	34253944	34257362	34256372	3418	34255653	-1709	1709	719
chr9	35731772	35739402	35737758	7630	35735587	-3815	3815	2171
chr9	128213061	128220516	128220021	7455	128216788	-3727	3728	3233
chr9	131445554	131448853	131446593	3299	131447203	-1649	1650	-610
chr9	131626399	131631968	131628663	5569	131629183	-2784	2785	-520
chr9	136383328	136384880	136383369	1552	136384104	-776	776	-735
chr9	83970107	83972007	83971976	1900	83971057	-950	950	919
chr9	131477270	131480164	131478475	2894	131478717	-1447	1447	-242
chr9	133056804	133060628	133057852	3824	133058716	-1912	1912	-864
chr9	128248487	128251752	128248557	3265	128250119	-1632	1633	-1562
chr9	33463825	33467327	33464970	3502	33465576	-1751	1751	-606
chr9	128749177	128753493	128751477	4316	128751335	-2158	2158	142
chr9	34253944	34257362	34256403	3418	34255653	-1709	1709	750
chr9	131477270	131480164	131479295	2894	131478717	-1447	1447	578
chr9	133784797	133790731	133788360	5934	133787764	-2967	2967	596
chr9	35731772	35739402	35735124	7630	35735587	-3815	3815	-463
chr9	35731772	35739402	35732818	7630	35735587	-3815	3815	-2769
chr9	137779644	137785533	137782345	5889	137782588	-2944	2945	-243
chr9	127505392	127509723	127508523	4331	127507557	-2165	2166	966
chr9	37439351	37441262	37441078	1911	37440306	-955	956	772
chr9	127444592	127446702	127445165	2110	127445647	-1055	1055	-482
chr9	135480775	135488272	135486171	7497	135484523	-3748	3749	1648
chr9	127505392	127509723	127508175	4331	127507557	-2165	2166	618
chr9	6805457	6809301	6805599	3844	6807379	-1922	1922	-1780
chr9	134051794	134059486	134053410	7692	134055640	-3846	3846	-2230
chr9	137497503	137504580	137500768	7077	137501041	-3538	3539	-273
chr9	124854885	124859975	124858053	5090	124857430	-2545	2545	623
chr9	133331589	133339454	133333732	7865	133335521	-3932	3933	-1789
chr9	89000179	89003591	89001470	3412	89001885	-1706	1706	-415
chr9	35559314	35563587	35563033	4273	35561450	-2136	2137	1583
chr9	35702865	35707715	35707174	4850	35705290	-2425	2425	1884
chr9	35731772	35739402	35738883	7630	35735587	-3815	3815	3296
chr9	38619483	38622702	38620237	3219	38621092	-1609	1610	-855
chr9	93648003	93654631	93654470	6628	93651317	-3314	3314	3153
chr9	98079441	98082662	98081176	3221	98081051	-1610	1611	125
chr9	113165956	113167182	113166129	1226	113166569	-613	613	-440
chr9	133362037	133365675	133364905	3638	133363856	-1819	1819	1049
chr9	133408504	133411020	133410997	2516	133409762	-1258	1258	1235
chr9	133467712	133473562	133472160	5850	133470637	-2925	2925	1523
chr9	136905375	136910224	136908193	4849	136907799	-2424	2425	394
chr9	137609842	137616204	137615837	6362	137613023	-3181	3181	2814
chr9	137609842	137616204	137615917	6362	137613023	-3181	3181	2894
chr9	35731772	35739402	35739065	7630	35735587	-3815	3815	3478
chr9	89360796	89366140	89364143	5344	89363468	-2672	2672	675
chr9	89604431	89606523	89605256	2092	89605477	-1046	1046	-221
chr9	89604431	89606523	89605811	2092	89605477	-1046	1046	334
chr9	135502860	135507578	135503571	4718	135505219	-2359	2359	-1648
chr9	136375526	136382453	136381322	6927	136378989	-3463	3464	2333
chr9	136383328	136384880	136383399	1552	136384104	-776	776	-705
chr9	136722271	136724401	136723321	2130	136723336	-1065	1065	-15
chr9	134046841	134049394	134048455	2553	134048117	-1276	1277	338
chr9	127885347	127889844	127886564	4497	127887595	-2248	2249	-1031
chr9	33264050	33266662	33266047	2612	33265356	-1306	1306	691
chr9	128819965	128826614	128825025	6649	128823289	-3324	3325	1736
chr9	131434566	131437072	131436644	2506	131435819	-1253	1253	825
chr9	120855324	120856947	120856270	1623	120856135	-811	812	135
chr9	128725942	128731343	128731318	5401	128728642	-2700	2701	2676
chr9	128274995	128280014	128276303	5019	128277504	-2509	2510	-1201
chr9	128996254	128999170	128998615	2916	128997712	-1458	1458	903
chr9	133457800	133461719	133458032	3919	133459759	-1959	1960	-1727
chr9	89000179	89003591	89002226	3412	89001885	-1706	1706	341
chr9	35659126	35661228	35660618	2102	35660177	-1051	1051	441
chr9	83970107	83972007	83970808	1900	83971057	-950	950	-249
chr9	35659126	35661228	35660352	2102	35660177	-1051	1051	175
chr9	35659126	35661228	35660650	2102	35660177	-1051	1051	473
chr9	33918573	33924272	33923896	5699	33921422	-2849	2850	2474
chr9	32542331	32543577	32542368	1246	32542954	-623	623	-586
chr9	128616060	128621180	128618032	5120	128618620	-2560	2560	-588
chr9	127813708	127819260	127818300	5552	127816484	-2776	2776	1816
chr9	89360796	89366140	89363765	5344	89363468	-2672	2672	297
chr9	127518639	127525478	127523823	6839	127522058	-3419	3420	1765
chr9	34253944	34257362	34256502	3418	34255653	-1709	1709	849
chr9	131626399	131631968	131629218	5569	131629183	-2784	2785	35
chr9	133467712	133473562	133472092	5850	133470637	-2925	2925	1455
chr9	137554334	137556029	137555419	1695	137555181	-847	848	238
chr9	35731772	35739402	35739006	7630	35735587	-3815	3815	3419
chr9	135480775	135488272	135485995	7497	135484523	-3748	3749	1472
chr9	133766234	133770700	133769485	4466	133768467	-2233	2233	1018
chr9	136475943	136477927	136477280	1984	136476935	-992	992	345
chr9	113484836	113487848	113485647	3012	113486342	-1506	1506	-695
chr9	137609842	137616204	137612871	6362	137613023	-3181	3181	-152
chr9	127705572	127712055	127707137	6483	127708813	-3241	3242	-1676
chr9	94299828	94301830	94299879	2002	94300829	-1001	1001	-950
chr9	122850812	122854022	122853863	3210	122852417	-1605	1605	1446
chr9	127805849	127809297	127807655	3448	127807573	-1724	1724	82
chr9	135502860	135507578	135503192	4718	135505219	-2359	2359	-2027
chr9	137554334	137556029	137555536	1695	137555181	-847	848	355
chr9	35753744	35757958	35754073	4214	35755851	-2107	2107	-1778
chr9	131230305	131236361	131233453	6056	131233333	-3028	3028	120
chr9	128996254	128999170	128998625	2916	128997712	-1458	1458	913
chr9	133358709	133362004	133361115	3295	133360356	-1647	1648	759
chr9	128490695	128498064	128494581	7369	128494379	-3684	3685	202
chr9	35559314	35563587	35562548	4273	35561450	-2136	2137	1098
chr9	99826043	99827856	99826779	1813	99826949	-906	907	-170
chr9	128248487	128251752	128248655	3265	128250119	-1632	1633	-1464
chr9	133349415	133351371	133349427	1956	133350393	-978	978	-966
chr9	137187190	137192973	137189119	5783	137190081	-2891	2892	-962
chr9	133467712	133473562	133468026	5850	133470637	-2925	2925	-2611
chr9	38392156	38397683	38395917	5527	38394919	-2763	2764	998
chr9	128632467	128633664	128633295	1197	128633065	-598	599	230
chr9	133331589	133339454	133332039	7865	133335521	-3932	3933	-3482
chr9	33260305	33261210	33261119	905	33260757	-452	453	362
chr9	37439351	37441262	37439623	1911	37440306	-955	956	-683
chr9	35559314	35563587	35560530	4273	35561450	-2136	2137	-920
chr9	128213061	128220516	128218716	7455	128216788	-3727	3728	1928
chr9	124854885	124859975	124857931	5090	124857430	-2545	2545	501
chr9	128360412	128365600	128360441	5188	128363006	-2594	2594	-2565
chr9	113593756	113597466	113594094	3710	113595611	-1855	1855	-1517
chr9	89360796	89366140	89362363	5344	89363468	-2672	2672	-1105
chr9	128176150	128181503	128179035	5353	128178826	-2676	2677	209
chr9	89000179	89003591	89001720	3412	89001885	-1706	1706	-165
chr9	94299828	94301830	94300097	2002	94300829	-1001	1001	-732
chr9	133793292	133799798	133796435	6506	133796545	-3253	3253	-110
chr9	122911708	122916757	122911863	5049	122914232	-2524	2525	-2369
chr9	128176150	128181503	128179264	5353	128178826	-2676	2677	438
chr9	34253944	34257362	34255757	3418	34255653	-1709	1709	104
chr9	35702865	35707715	35705646	4850	35705290	-2425	2425	356
chr9	128213061	128220516	128220259	7455	128216788	-3727	3728	3471
chr9	128490695	128498064	128494581	7369	128494379	-3684	3685	202
chr9	128733186	128740885	128733506	7699	128737035	-3849	3850	-3529
chr9	129813032	129818156	129813817	5124	129815594	-2562	2562	-1777
chr9	135502860	135507578	135503929	4718	135505219	-2359	2359	-1290
chr9	93107068	93112941	93107700	5873	93110004	-2936	2937	-2304
chr9	131471418	131475702	131474716	4284	131473560	-2142	2142	1156
chr9	135480775	135488272	135488271	7497	135484523	-3748	3749	3748
chr9	33133703	33136653	33135288	2950	33135178	-1475	1475	110
chr9	136392527	136397942	136392695	5415	136395234	-2707	2708	-2539
chr9	89000179	89003591	89001845	3412	89001885	-1706	1706	-40
chr9	137497503	137504580	137500764	7077	137501041	-3538	3539	-277
chr9	127885347	127889844	127886648	4497	127887595	-2248	2249	-947
chr9	37420497	37424314	37422823	3817	37422405	-1908	1909	418
chr9	137187190	137192973	137187332	5783	137190081	-2891	2892	-2749
chr9	136671765	136679452	136672073	7687	136675608	-3843	3844	-3535
chr9	35054184	35059349	35057432	5165	35056766	-2582	2583	666
chr9	127813708	127819260	127815924	5552	127816484	-2776	2776	-560
chr9	93449471	93452662	93451004	3191	93451066	-1595	1596	-62
chr9	123113842	123117198	123114553	3356	123115520	-1678	1678	-967
chr9	123113842	123117198	123115233	3356	123115520	-1678	1678	-287
chr9	128213061	128220516	128219199	7455	128216788	-3727	3728	2411
chr9	33463825	33467327	33466364	3502	33465576	-1751	1751	788
chr9	33463825	33467327	33467131	3502	33465576	-1751	1751	1555
chr9	33463825	33467327	33467242	3502	33465576	-1751	1751	1666
chr9	133344602	133348611	133348236	4009	133346606	-2004	2005	1630
chr9	135502860	135507578	135503911	4718	135505219	-2359	2359	-1308
chr9	33133703	33136653	33135289	2950	33135178	-1475	1475	111
chr9	34988932	34991958	34990604	3026	34990445	-1513	1513	159
chr9	128480989	128485240	128484034	4251	128483114	-2125	2126	920
chr9	128749177	128753493	128751259	4316	128751335	-2158	2158	-76
chr9	133351389	133354160	133353795	2771	133352774	-1385	1386	1021
chr9	128213061	128220516	128220032	7455	128216788	-3727	3728	3244
chr9	34253944	34257362	34256036	3418	34255653	-1709	1709	383
chr9	5772838	5774487	5772982	1649	5773662	-824	825	-680
chr9	33463825	33467327	33465110	3502	33465576	-1751	1751	-466
chr9	105631876	105635585	105635050	3709	105633730	-1854	1855	1320
chr9	127459950	127463545	127461199	3595	127461747	-1797	1798	-548
chr9	35731772	35739402	35733106	7630	35735587	-3815	3815	-2481
chr9	35702865	35707715	35706353	4850	35705290	-2425	2425	1063
chr9	129808190	129811407	129808978	3217	129809798	-1608	1609	-820
chr9	105631876	105635585	105635265	3709	105633730	-1854	1855	1535
chr9	136790561	136793156	136792835	2595	136791858	-1297	1298	977
chr9	6006800	6009152	6007299	2352	6007976	-1176	1176	-677
chr9	14311927	14316843	14313608	4916	14314385	-2458	2458	-777
chr9	32542331	32543577	32542898	1246	32542954	-623	623	-56
chr9	69233399	69239477	69237054	6078	69236438	-3039	3039	616
chr9	69233399	69239477	69237955	6078	69236438	-3039	3039	1517
chr9	123111454	123112802	123112133	1348	123112128	-674	674	5
chr9	123113842	123117198	123114265	3356	123115520	-1678	1678	-1255
chr9	128274995	128280014	128276294	5019	128277504	-2509	2510	-1210
chr9	37439351	37441262	37440934	1911	37440306	-955	956	628
chr9	137187190	137192973	137187552	5783	137190081	-2891	2892	-2529
chr9	127813708	127819260	127817278	5552	127816484	-2776	2776	794
chr9	98084544	98088542	98087091	3998	98086543	-1999	1999	548
chr9	34988932	34991958	34990770	3026	34990445	-1513	1513	325
chr9	113593756	113597466	113596847	3710	113595611	-1855	1855	1236
chr9	128248487	128251752	128248631	3265	128250119	-1632	1633	-1488
chr9	35659126	35661228	35660409	2102	35660177	-1051	1051	232
chr9	124854885	124859975	124857366	5090	124857430	-2545	2545	-64
chr9	135502860	135507578	135503777	4718	135505219	-2359	2359	-1442
chr9	89000179	89003591	89001074	3412	89001885	-1706	1706	-811
chr9	127489712	127493687	127492876	3975	127491699	-1987	1988	1177
chr9	32542331	32543577	32542628	1246	32542954	-623	623	-326
chr9	95110527	95112409	95111625	1882	95111468	-941	941	157
chr9	113169070	113172403	113169720	3333	113170736	-1666	1667	-1016
chr9	35731772	35739402	35738363	7630	35735587	-3815	3815	2776
chr9	137609842	137616204	137612997	6362	137613023	-3181	3181	-26
chr9	137609842	137616204	137616011	6362	137613023	-3181	3181	2988
chr9	35702865	35707715	35707385	4850	35705290	-2425	2425	2095
chr9	89000179	89003591	89001994	3412	89001885	-1706	1706	109
chr9	131626399	131631968	131627992	5569	131629183	-2784	2785	-1191
chr9	136790561	136793156	136792318	2595	136791858	-1297	1298	460
chr9	19375794	19376683	19376336	889	19376238	-444	445	98
chr9	113372153	113375572	113374523	3419	113373862	-1709	1710	661
chr9	6006800	6009152	6007235	2352	6007976	-1176	1176	-741
chr9	134156570	134159906	134157997	3336	134158238	-1668	1668	-241
chr9	133056804	133060628	133058048	3824	133058716	-1912	1912	-668
chr9	89000179	89003591	89001383	3412	89001885	-1706	1706	-502
chr9	98084544	98088542	98087315	3998	98086543	-1999	1999	772
chr9	113372153	113375572	113373491	3419	113373862	-1709	1710	-371
chr9	122911708	122916757	122912036	5049	122914232	-2524	2525	-2196
chr9	128274995	128280014	128276316	5019	128277504	-2509	2510	-1188
chr9	128819965	128826614	128826601	6649	128823289	-3324	3325	3312
chr9	131471418	131475702	131474471	4284	131473560	-2142	2142	911
chr9	131481677	131484042	131482860	2365	131482859	-1182	1183	1
chr9	133351389	133354160	133351937	2771	133352774	-1385	1386	-837
chr9	133358709	133362004	133360091	3295	133360356	-1647	1648	-265
chr9	133784797	133790731	133789296	5934	133787764	-2967	2967	1532
chr9	135502860	135507578	135503839	4718	135505219	-2359	2359	-1380
chr9	137497503	137504580	137501720	7077	137501041	-3538	3539	679
chr9	137609842	137616204	137616055	6362	137613023	-3181	3181	3032
chr9	35089575	35091994	35090194	2419	35090784	-1209	1210	-590
chr9	134027254	134032898	134032672	5644	134030076	-2822	2822	2596
chr9	127459950	127463545	127461223	3595	127461747	-1797	1798	-524
chr9	128266983	128273996	128273847	7013	128270489	-3506	3507	3358
chr9	94299828	94301830	94299934	2002	94300829	-1001	1001	-895
chr9	128231159	128235536	128234079	4377	128233347	-2188	2189	732
chr9	32542331	32543577	32542678	1246	32542954	-623	623	-276
chr9	34988932	34991958	34990778	3026	34990445	-1513	1513	333
chr9	35659126	35661228	35660321	2102	35660177	-1051	1051	144
chr9	83006072	83009032	83007470	2960	83007552	-1480	1480	-82
chr9	89337223	89338859	89338514	1636	89338041	-818	818	473
chr9	89354115	89359960	89358893	5845	89357037	-2922	2923	1856
chr9	93659752	93663251	93662982	3499	93661501	-1749	1750	1481
chr9	95110527	95112409	95111592	1882	95111468	-941	941	124
chr9	129813032	129818156	129813761	5124	129815594	-2562	2562	-1833
chr9	131626399	131631968	131628613	5569	131629183	-2784	2785	-570
chr9	35702865	35707715	35704105	4850	35705290	-2425	2425	-1185
chr9	89360796	89366140	89362196	5344	89363468	-2672	2672	-1272
chr9	127813708	127819260	127817165	5552	127816484	-2776	2776	681
chr9	127505392	127509723	127508154	4331	127507557	-2165	2166	597
chr9	32542331	32543577	32543100	1246	32542954	-623	623	146
chr9	128468990	128473495	128471313	4505	128471242	-2252	2253	71
chr9	135480775	135488272	135487369	7497	135484523	-3748	3749	2846
chr9	15467592	15470015	15469018	2423	15468803	-1211	1212	215
chr9	126880303	126883549	126881880	3246	126881926	-1623	1623	-46
chr9	35731772	35739402	35736900	7630	35735587	-3815	3815	1313
chr9	113372153	113375572	113374129	3419	113373862	-1709	1710	267
chr9	113169070	113172403	113169253	3333	113170736	-1666	1667	-1483
chr9	136938341	136945118	136940919	6777	136941729	-3388	3389	-810
chr9	133064416	133070067	133068761	5651	133067241	-2825	2826	1520
chr9	136671765	136679452	136672378	7687	136675608	-3843	3844	-3230
chr9	89000179	89003591	89002838	3412	89001885	-1706	1706	953
chr9	62798835	62802978	62801461	4143	62800906	-2071	2072	555
chr9	136114816	136119949	136116688	5133	136117382	-2566	2567	-694
chr9	37425522	37429247	37426624	3725	37427384	-1862	1863	-760
chr9	130892607	130895048	130893471	2441	130893827	-1220	1221	-356
chr9	133351389	133354160	133354056	2771	133352774	-1385	1386	1282
chr9	35089575	35091994	35090236	2419	35090784	-1209	1210	-548
chr9	128819965	128826614	128825037	6649	128823289	-3324	3325	1748
chr9	95110527	95112409	95111547	1882	95111468	-941	941	79
chr9	128248487	128251752	128248678	3265	128250119	-1632	1633	-1441
chr9	124854885	124859975	124856767	5090	124857430	-2545	2545	-663
chr9	128749177	128753493	128753380	4316	128751335	-2158	2158	2045
chr9	137609842	137616204	137615070	6362	137613023	-3181	3181	2047
chr9	127813708	127819260	127818363	5552	127816484	-2776	2776	1879
chr9	129813032	129818156	129814050	5124	129815594	-2562	2562	-1544
chr9	89000179	89003591	89002275	3412	89001885	-1706	1706	390
chr9	89360796	89366140	89362352	5344	89363468	-2672	2672	-1116
chr9	128634021	128638739	128635187	4718	128636380	-2359	2359	-1193
chr9	37425522	37429247	37428646	3725	37427384	-1862	1863	1262
chr9	34253944	34257362	34257168	3418	34255653	-1709	1709	1515
chr9	137457730	137462960	137462308	5230	137460345	-2615	2615	1963
chr9	19375794	19376683	19376264	889	19376238	-444	445	26
chr9	94299828	94301830	94301000	2002	94300829	-1001	1001	171
chr9	34253944	34257362	34255845	3418	34255653	-1709	1709	192
chr9	128480989	128485240	128484005	4251	128483114	-2125	2126	891
chr9	137079388	137083387	137082711	3999	137081387	-1999	2000	1324
chr9	128098930	128105598	128101174	6668	128102264	-3334	3334	-1090
chr9	122911708	122916757	122911909	5049	122914232	-2524	2525	-2323
chr9	128274995	128280014	128275927	5019	128277504	-2509	2510	-1577
chr9	133344602	133348611	133345249	4009	133346606	-2004	2005	-1357
chr9	33918573	33924272	33923951	5699	33921422	-2849	2850	2529
chr9	89000179	89003591	89001528	3412	89001885	-1706	1706	-357
chr9	89000179	89003591	89001797	3412	89001885	-1706	1706	-88
chr9	98010444	98012080	98011369	1636	98011262	-818	818	107
chr9	133766234	133770700	133770447	4466	133768467	-2233	2233	1980
chr9	128274995	128280014	128276698	5019	128277504	-2509	2510	-806
chr10	15094682	15099034	15096279	4352	15096858	-2176	2176	-579
chr10	69381366	69385981	69384819	4615	69383673	-2307	2308	1146
chr10	49523953	49524860	49524458	907	49524406	-453	454	52
chr10	124993101	124994244	124993947	1143	124993672	-571	572	275
chr10	102145109	102147464	102146861	2355	102146286	-1177	1178	575
chr10	99611342	99613599	99613539	2257	99612470	-1128	1129	1069
chr10	132783128	132790105	132784918	6977	132786616	-3488	3489	-1698
chr10	102480001	102481698	102480107	1697	102480849	-848	849	-742
chr10	46583176	46585245	46584498	2069	46584210	-1034	1035	288
chr10	102792934	102798784	102797999	5850	102795859	-2925	2925	2140
chr10	8067508	8074330	8069540	6822	8070919	-3411	3411	-1379
chr10	8067508	8074330	8073783	6822	8070919	-3411	3411	2864
chr10	132706436	132713238	132710362	6802	132709837	-3401	3401	525
chr10	101003135	101007790	101004017	4655	101005462	-2327	2328	-1445
chr10	21173190	21175488	21173674	2298	21174339	-1149	1149	-665
chr10	8067508	8074330	8069537	6822	8070919	-3411	3411	-1382
chr10	102066283	102069433	102066525	3150	102067858	-1575	1575	-1333
chr10	13652978	13656125	13654398	3147	13654551	-1573	1574	-153
chr10	100977482	100981334	100978223	3852	100979408	-1926	1926	-1185
chr10	79303249	79307796	79307468	4547	79305522	-2273	2274	1946
chr10	118045637	118048174	118046145	2537	118046905	-1268	1269	-760
chr10	43386262	43389901	43386927	3639	43388081	-1819	1820	-1154
chr10	118045637	118048174	118045920	2537	118046905	-1268	1269	-985
chr10	119058174	119060311	119058184	2137	119059242	-1068	1069	-1058
chr10	12166689	12169824	12167887	3135	12168256	-1567	1568	-369
chr10	97448821	97452978	97452168	4157	97450899	-2078	2079	1269
chr10	100977482	100981334	100980896	3852	100979408	-1926	1926	1488
chr10	102480001	102481698	102480885	1697	102480849	-848	849	36
chr10	132706436	132713238	132710409	6802	132709837	-3401	3401	572
chr10	77805848	77810145	77805915	4297	77807996	-2148	2149	-2081
chr10	12166689	12169824	12169339	3135	12168256	-1567	1568	1083
chr10	73766668	73770278	73768829	3610	73768473	-1805	1805	356
chr10	43386262	43389901	43387569	3639	43388081	-1819	1820	-512
chr10	8061244	8066267	8064131	5023	8063755	-2511	2512	376
chr10	133311937	133313862	133312934	1925	133312899	-962	963	35
chr10	104294856	104298762	104297633	3906	104296809	-1953	1953	824
chr10	8067508	8074330	8073738	6822	8070919	-3411	3411	2819
chr10	133262574	133265861	133263100	3287	133264217	-1643	1644	-1117
chr10	49523953	49524860	49524245	907	49524406	-453	454	-161
chr10	87861059	87865585	87864497	4526	87863322	-2263	2263	1175
chr10	68074145	68075843	68075200	1698	68074994	-849	849	206
chr10	102398193	102402416	102398275	4223	102400304	-2111	2112	-2029
chr10	118045637	118048174	118047032	2537	118046905	-1268	1269	127
chr10	17227819	17230883	17230671	3064	17229351	-1532	1532	1320
chr10	8067508	8074330	8069531	6822	8070919	-3411	3411	-1388
chr10	8061244	8066267	8064095	5023	8063755	-2511	2512	340
chr10	49523953	49524860	49524511	907	49524406	-453	454	105
chr10	49523953	49524860	49524710	907	49524406	-453	454	304
chr10	102066283	102069433	102067128	3150	102067858	-1575	1575	-730
chr10	388152	391420	390285	3268	389786	-1634	1634	499
chr10	131968838	131970875	131970748	2037	131969856	-1018	1019	892
chr10	131954358	131955938	131955761	1580	131955148	-790	790	613
chr10	133417926	133425328	133420161	7402	133421627	-3701	3701	-1466
chr10	987317	989625	988464	2308	988471	-1154	1154	-7
chr10	49516752	49519064	49516763	2312	49517908	-1156	1156	-1145
chr10	124620090	124623135	124622749	3045	124621612	-1522	1523	1137
chr10	73766668	73770278	73767939	3610	73768473	-1805	1805	-534
chr10	8061244	8066267	8064095	5023	8063755	-2511	2512	340
chr10	97462263	97466541	97463997	4278	97464402	-2139	2139	-405
chr10	62812712	62814296	62813365	1584	62813504	-792	792	-139
chr10	8057119	8061031	8058419	3912	8059075	-1956	1956	-656
chr10	52314151	52316000	52314533	1849	52315075	-924	925	-542
chr10	28529684	28534500	28532694	4816	28532092	-2408	2408	602
chr10	8067508	8074330	8069534	6822	8070919	-3411	3411	-1385
chr10	133417926	133425328	133419584	7402	133421627	-3701	3701	-2043
chr10	6113793	6115331	6115154	1538	6114562	-769	769	592
chr10	69399344	69406656	69401061	7312	69403000	-3656	3656	-1939
chr10	102377274	102382834	102379389	5560	102380054	-2780	2780	-665
chr10	62812712	62814296	62814271	1584	62813504	-792	792	767
chr10	73791792	73794781	73792435	2989	73793286	-1494	1495	-851
chr10	71818321	71820131	71819522	1810	71819226	-905	905	296
chr10	8067508	8074330	8074109	6822	8070919	-3411	3411	3190
chr10	119667448	119671103	119669959	3655	119669275	-1827	1828	684
chr10	73771408	73774536	73773397	3128	73772972	-1564	1564	425
chr10	62812712	62814296	62813739	1584	62813504	-792	792	235
chr10	27184436	27186754	27186624	2318	27185595	-1159	1159	1029
chr10	100992682	100995828	100993313	3146	100994255	-1573	1573	-942
chr10	62812712	62814296	62813424	1584	62813504	-792	792	-80
chr10	97462263	97466541	97462670	4278	97464402	-2139	2139	-1732
chr10	8067508	8074330	8074021	6822	8070919	-3411	3411	3102
chr10	77805848	77810145	77807822	4297	77807996	-2148	2149	-174
chr10	43386262	43389901	43387534	3639	43388081	-1819	1820	-547
chr10	996087	998958	996109	2871	997522	-1435	1436	-1413
chr10	125837054	125839817	125839015	2763	125838435	-1381	1382	580
chr10	73791792	73794781	73792319	2989	73793286	-1494	1495	-967
chr10	100977482	100981334	100981194	3852	100979408	-1926	1926	1786
chr10	102377274	102382834	102380313	5560	102380054	-2780	2780	259
chr10	8061244	8066267	8064059	5023	8063755	-2511	2512	304
chr10	77805848	77810145	77805877	4297	77807996	-2148	2149	-2119
chr10	102066283	102069433	102067991	3150	102067858	-1575	1575	133
chr10	133262574	133265861	133263222	3287	133264217	-1643	1644	-995
chr10	17227819	17230883	17229828	3064	17229351	-1532	1532	477
chr10	22319041	22323062	22321676	4021	22321051	-2010	2011	625
chr10	75230651	75237486	75230921	6835	75234068	-3417	3418	-3147
chr10	94400130	94404116	94402611	3986	94402123	-1993	1993	488
chr10	132706436	132713238	132708336	6802	132709837	-3401	3401	-1501
chr10	124983256	124984125	124983540	869	124983690	-434	435	-150
chr10	102145109	102147464	102147376	2355	102146286	-1177	1178	1090
chr10	102377274	102382834	102382135	5560	102380054	-2780	2780	2081
chr10	73771408	73774536	73773796	3128	73772972	-1564	1564	824
chr10	8061244	8066267	8064095	5023	8063755	-2511	2512	340
chr10	42796436	42797093	42796844	657	42796764	-328	329	80
chr10	73771408	73774536	73771736	3128	73772972	-1564	1564	-1236
chr10	73771408	73774536	73772091	3128	73772972	-1564	1564	-881
chr10	97676871	97680985	97679803	4114	97678928	-2057	2057	875
chr10	102145109	102147464	102146971	2355	102146286	-1177	1178	685
chr10	102402655	102408688	102403964	6033	102405671	-3016	3017	-1707
chr10	118685211	118687823	118686106	2612	118686517	-1306	1306	-411
chr10	73771408	73774536	73772457	3128	73772972	-1564	1564	-515
chr10	102398193	102402416	102399307	4223	102400304	-2111	2112	-997
chr10	281350	283823	283417	2473	282586	-1236	1237	831
chr10	24543416	24545180	24544223	1764	24544298	-882	882	-75
chr10	119036988	119038474	119038373	1486	119037731	-743	743	642
chr10	123153882	123155905	123155086	2023	123154893	-1011	1012	193
chr10	15094682	15099034	15096652	4352	15096858	-2176	2176	-206
chr10	125837054	125839817	125839100	2763	125838435	-1381	1382	665
chr10	11935028	11937350	11936708	2322	11936189	-1161	1161	519
chr10	12166689	12169824	12169330	3135	12168256	-1567	1568	1074
chr10	69169977	69171690	69171344	1713	69170833	-856	857	511
chr10	101003135	101007790	101003655	4655	101005462	-2327	2328	-1807
chr10	97676871	97680985	97677876	4114	97678928	-2057	2057	-1052
chr10	102377274	102382834	102382350	5560	102380054	-2780	2780	2296
chr10	46583176	46585245	46583849	2069	46584210	-1034	1035	-361
chr10	80156207	80162938	80161949	6731	80159572	-3365	3366	2377
chr10	32925313	32926612	32926110	1299	32925962	-649	650	148
chr10	21492944	21497507	21495615	4563	21495225	-2281	2282	390
chr10	24543416	24545180	24544101	1764	24544298	-882	882	-197
chr10	119042137	119044220	119042614	2083	119043178	-1041	1042	-564
chr10	22319041	22323062	22321553	4021	22321051	-2010	2011	502
chr10	124620090	124623135	124621973	3045	124621612	-1522	1523	361
chr10	74117489	74119368	74118180	1879	74118428	-939	940	-248
chr10	119671690	119679074	119672320	7384	119675382	-3692	3692	-3062
chr10	102402655	102408688	102405378	6033	102405671	-3016	3017	-293
chr10	102420994	102428735	102423370	7741	102424864	-3870	3871	-1494
chr10	8057119	8061031	8058486	3912	8059075	-1956	1956	-589
chr10	8067508	8074330	8073760	6822	8070919	-3411	3411	2841
chr10	8057119	8061031	8058477	3912	8059075	-1956	1956	-598
chr10	119035300	119036469	119036043	1169	119035884	-584	585	159
chr10	1017418	1020781	1019776	3363	1019099	-1681	1682	677
chr10	63464421	63466215	63465404	1794	63465318	-897	897	86
chr10	80517006	80519475	80517916	2469	80518240	-1234	1235	-324
chr10	87861059	87865585	87862303	4526	87863322	-2263	2263	-1019
chr10	97458975	97460991	97459380	2016	97459983	-1008	1008	-603
chr10	98392765	98396262	98395242	3497	98394513	-1748	1749	729
chr10	100977482	100981334	100979242	3852	100979408	-1926	1926	-166
chr10	102641772	102647701	102644815	5929	102644736	-2964	2965	79
chr10	133262574	133265861	133263022	3287	133264217	-1643	1644	-1195
chr10	133348995	133354196	133352411	5201	133351595	-2600	2601	816
chr10	124984429	124985509	124984963	1080	124984969	-540	540	-6
chr10	69367364	69370635	69369556	3271	69368999	-1635	1636	557
chr10	79303249	79307796	79304080	4547	79305522	-2273	2274	-1442
chr10	133301561	133304689	133302961	3128	133303125	-1564	1564	-164
chr10	21515919	21519049	21516416	3130	21517484	-1565	1565	-1068
chr10	12166689	12169824	12167887	3135	12168256	-1567	1568	-369
chr10	996087	998958	996202	2871	997522	-1435	1436	-1320
chr10	22319041	22323062	22319967	4021	22321051	-2010	2011	-1084
chr10	24543416	24545180	24544140	1764	24544298	-882	882	-158
chr10	49516752	49519064	49517107	2312	49517908	-1156	1156	-801
chr10	49523953	49524860	49524616	907	49524406	-453	454	210
chr10	73771408	73774536	73773571	3128	73772972	-1564	1564	599
chr10	78040404	78042638	78040617	2234	78041521	-1117	1117	-904
chr10	97458975	97460991	97460127	2016	97459983	-1008	1008	144
chr10	97676871	97680985	97678022	4114	97678928	-2057	2057	-906
chr10	98414108	98416840	98415074	2732	98415474	-1366	1366	-400
chr10	102398193	102402416	102398451	4223	102400304	-2111	2112	-1853
chr10	124984429	124985509	124984877	1080	124984969	-540	540	-92
chr10	74117489	74119368	74118180	1879	74118428	-939	940	-248
chr10	79350474	79354233	79353806	3759	79352353	-1879	1880	1453
chr10	97456739	97457848	97456990	1109	97457293	-554	555	-303
chr10	73496535	73498828	73498662	2293	73497681	-1146	1147	981
chr10	62812712	62814296	62812954	1584	62813504	-792	792	-550
chr10	5763825	5765606	5765335	1781	5764715	-890	891	620
chr10	8067508	8074330	8073914	6822	8070919	-3411	3411	2995
chr10	102149352	102156869	102149958	7517	102153110	-3758	3759	-3152
chr10	100992682	100995828	100993593	3146	100994255	-1573	1573	-662
chr10	73766668	73770278	73769125	3610	73768473	-1805	1805	652
chr10	73766668	73770278	73769833	3610	73768473	-1805	1805	1360
chr10	1048502	1049054	1048876	552	1048778	-276	276	98
chr10	97458975	97460991	97460920	2016	97459983	-1008	1008	937
chr10	18658475	18660772	18659666	2297	18659623	-1148	1149	43
chr10	69399344	69406656	69405044	7312	69403000	-3656	3656	2044
chr10	98423393	98426737	98425850	3344	98425065	-1672	1672	785
chr10	73771408	73774536	73771828	3128	73772972	-1564	1564	-1144
chr10	69399344	69406656	69405026	7312	69403000	-3656	3656	2026
chr10	3777815	3782398	3782077	4583	3780106	-2291	2292	1971
chr10	8067508	8074330	8074229	6822	8070919	-3411	3411	3310
chr10	73496535	73498828	73498743	2293	73497681	-1146	1147	1062
chr10	1008935	1012885	1012599	3950	1010910	-1975	1975	1689
chr10	84144903	84146689	84144973	1786	84145796	-893	893	-823
chr10	97448821	97452978	97452179	4157	97450899	-2078	2079	1280
chr10	28529684	28534500	28533595	4816	28532092	-2408	2408	1503
chr10	97456739	97457848	97456996	1109	97457293	-554	555	-297
chr10	43386262	43389901	43386609	3639	43388081	-1819	1820	-1472
chr10	21515919	21519049	21516316	3130	21517484	-1565	1565	-1168
chr10	21492944	21497507	21495566	4563	21495225	-2281	2282	341
chr10	71812717	71817431	71812823	4714	71815074	-2357	2357	-2251
chr10	69367364	69370635	69369599	3271	69368999	-1635	1636	600
chr10	6113793	6115331	6115002	1538	6114562	-769	769	440
chr10	8067508	8074330	8069587	6822	8070919	-3411	3411	-1332
chr10	73771408	73774536	73772969	3128	73772972	-1564	1564	-3
chr10	97676871	97680985	97679826	4114	97678928	-2057	2057	898
chr10	100283027	100287226	100286145	4199	100285126	-2099	2100	1019
chr10	8061244	8066267	8064095	5023	8063755	-2511	2512	340
chr10	100992682	100995828	100993465	3146	100994255	-1573	1573	-790
chr10	102377274	102382834	102381162	5560	102380054	-2780	2780	1108
chr10	102066283	102069433	102067527	3150	102067858	-1575	1575	-331
chr10	101060343	101065453	101064952	5110	101062898	-2555	2555	2054
chr10	24543416	24545180	24544043	1764	24544298	-882	882	-255
chr10	42796436	42797093	42797067	657	42796764	-328	329	303
chr10	101060343	101065453	101064345	5110	101062898	-2555	2555	1447
chr11	73307065	73312027	73311230	4962	73309546	-2481	2481	1684
chr11	1596299	1598659	1597436	2360	1597479	-1180	1180	-43
chr11	6606944	6613110	6609144	6166	6610027	-3083	3083	-883
chr11	63996914	64002113	63997182	5199	63999513	-2599	2600	-2331
chr11	65914927	65922841	65917250	7914	65918884	-3957	3957	-1634
chr11	66254364	66259748	66258739	5384	66257056	-2692	2692	1683
chr11	67489750	67497730	67491909	7980	67493740	-3990	3990	-1831
chr11	67489750	67497730	67495164	7980	67493740	-3990	3990	1424
chr11	118369592	118371779	118371522	2187	118370685	-1093	1094	837
chr11	66624045	66629755	66625630	5710	66626900	-2855	2855	-1270
chr11	2995938	3001124	3001058	5186	2998531	-2593	2593	2527
chr11	3822916	3824712	3824084	1796	3823814	-898	898	270
chr11	44933525	44935588	44934776	2063	44934556	-1031	1032	220
chr11	43335508	43337426	43335916	1918	43336467	-959	959	-551
chr11	65775055	65783036	65778100	7981	65779045	-3990	3991	-945
chr11	66634831	66639889	66639750	5058	66637360	-2529	2529	2390
chr11	67308074	67314201	67309479	6127	67311137	-3063	3064	-1658
chr11	126291097	126294776	126292603	3679	126292936	-1839	1840	-333
chr11	812545	815675	812762	3130	814110	-1565	1565	-1348
chr11	62884779	62890157	62885495	5378	62887468	-2689	2689	-1973
chr11	117193029	117196774	117193214	3745	117194901	-1872	1873	-1687
chr11	66335067	66338108	66335835	3041	66336587	-1520	1521	-752
chr11	67351777	67354319	67351940	2542	67353048	-1271	1271	-1108
chr11	65086044	65089150	65086444	3106	65087597	-1553	1553	-1153
chr11	118623193	118629450	118627958	6257	118626321	-3128	3129	1637
chr11	62531653	62533331	62532383	1678	62532492	-839	839	-109
chr11	47411298	47416455	47415327	5157	47413876	-2578	2579	1451
chr11	57699499	57700408	57699970	909	57699953	-454	455	17
chr11	62624916	62632527	62630245	7611	62628721	-3805	3806	1524
chr11	57308068	57309784	57308402	1716	57308926	-858	858	-524
chr11	65711560	65719441	65718636	7881	65715500	-3940	3941	3136
chr11	119046334	119051042	119048801	4708	119048688	-2354	2354	113
chr11	46375539	46377637	46376549	2098	46376588	-1049	1049	-39
chr11	58616739	58618178	58617210	1439	58617458	-719	720	-248
chr11	71998978	72006294	72001474	7316	72002636	-3658	3658	-1162
chr11	62660241	62666599	62666503	6358	62663420	-3179	3179	3083
chr11	64223872	64227729	64225865	3857	64225800	-1928	1929	65
chr11	65879274	65883826	65882237	4552	65881550	-2276	2276	687
chr11	62676500	62683117	62676637	6617	62679808	-3308	3309	-3171
chr11	65775055	65783036	65779379	7981	65779045	-3990	3991	334
chr11	44077125	44080767	44079426	3642	44078946	-1821	1821	480
chr11	47416484	47421318	47418818	4834	47418901	-2417	2417	-83
chr11	72093117	72097369	72095201	4252	72095243	-2126	2126	-42
chr11	71998978	72006294	72006226	7316	72002636	-3658	3658	3590
chr11	65498987	65501167	65500187	2180	65500077	-1090	1090	110
chr11	6606944	6613110	6613040	6166	6610027	-3083	3083	3013
chr11	47235726	47241595	47237703	5869	47238660	-2934	2935	-957
chr11	67489750	67497730	67493042	7980	67493740	-3990	3990	-698
chr11	65996412	66000833	66000377	4421	65998622	-2210	2211	1755
chr11	61733507	61738977	61736322	5470	61736242	-2735	2735	80
chr11	62690078	62693132	62692403	3054	62691605	-1527	1527	798
chr11	118623193	118629450	118627867	6257	118626321	-3128	3129	1546
chr11	62804927	62807252	62805387	2325	62806089	-1162	1163	-702
chr11	64223872	64227729	64224568	3857	64225800	-1928	1929	-1232
chr11	85663692	85665273	85664420	1581	85664482	-790	791	-62
chr11	45869169	45872371	45869697	3202	45870770	-1601	1601	-1073
chr11	66464852	66470360	66468876	5508	66467606	-2754	2754	1270
chr11	46395872	46401244	46397495	5372	46398558	-2686	2686	-1063
chr11	47411298	47416455	47413438	5157	47413876	-2578	2579	-438
chr11	66254364	66259748	66258814	5384	66257056	-2692	2692	1758
chr11	72233961	72240637	72238372	6676	72237299	-3338	3338	1073
chr11	73869721	73873519	73873156	3798	73871620	-1899	1899	1536
chr11	65914927	65922841	65920372	7914	65918884	-3957	3957	1488
chr11	378381	382101	380165	3720	380241	-1860	1860	-76
chr11	62531653	62533331	62532777	1678	62532492	-839	839	285
chr11	65711560	65719441	65713649	7881	65715500	-3940	3941	-1851
chr11	65879274	65883826	65883406	4552	65881550	-2276	2276	1856
chr11	3124137	3128605	3126562	4468	3126371	-2234	2234	191
chr11	72093117	72097369	72093602	4252	72095243	-2126	2126	-1641
chr11	126274286	126278158	126277626	3872	126276222	-1936	1936	1404
chr11	62784799	62792273	62789031	7474	62788536	-3737	3737	495
chr11	32088435	32093565	32091380	5130	32091000	-2565	2565	380
chr11	34151342	34155769	34152422	4427	34153555	-2213	2214	-1133
chr11	60850951	60854746	60853334	3795	60852848	-1897	1898	486
chr11	62624916	62632527	62627118	7611	62628721	-3805	3806	-1603
chr11	64316793	64322457	64319843	5664	64319625	-2832	2832	218
chr11	65105007	65110555	65107529	5548	65107781	-2774	2774	-252
chr11	65105007	65110555	65107912	5548	65107781	-2774	2774	131
chr11	66692864	66696045	66692997	3181	66694454	-1590	1591	-1457
chr11	68158062	68159094	68158210	1032	68158578	-516	516	-368
chr11	68423026	68429949	68423681	6923	68426487	-3461	3462	-2806
chr11	119335052	119338374	119336214	3322	119336713	-1661	1661	-499
chr11	126274286	126278158	126275389	3872	126276222	-1936	1936	-833
chr11	130195042	130201789	130198599	6747	130198415	-3373	3374	184
chr11	62574123	62576539	62575943	2416	62575331	-1208	1208	612
chr11	72014811	72019425	72015838	4614	72017118	-2307	2307	-1280
chr11	65616459	65619083	65617326	2624	65617771	-1312	1312	-445
chr11	6606944	6613110	6610036	6166	6610027	-3083	3083	9
chr11	65711560	65719441	65718866	7881	65715500	-3940	3941	3366
chr11	58616739	58618178	58616785	1439	58617458	-719	720	-673
chr11	67364256	67367946	67364838	3690	67366101	-1845	1845	-1263
chr11	65879274	65883826	65883679	4552	65881550	-2276	2276	2129
chr11	126262717	126268473	126265070	5756	126265595	-2878	2878	-525
chr11	117193029	117196774	117195941	3745	117194901	-1872	1873	1040
chr11	70472501	70475804	70473433	3303	70474152	-1651	1652	-719
chr11	47572424	47575600	47573413	3176	47574012	-1588	1588	-599
chr11	61964171	61969736	61968246	5565	61966953	-2782	2783	1293
chr11	126262717	126268473	126263966	5756	126265595	-2878	2878	-1629
chr11	65118993	65122566	65122380	3573	65120779	-1786	1787	1601
chr11	66624045	66629755	66624468	5710	66626900	-2855	2855	-2432
chr11	64303510	64307796	64304566	4286	64305653	-2143	2143	-1087
chr11	66624045	66629755	66625341	5710	66626900	-2855	2855	-1559
chr11	70371196	70373587	70372117	2391	70372391	-1195	1196	-274
chr11	67308074	67314201	67309533	6127	67311137	-3063	3064	-1604
chr11	72093117	72097369	72096771	4252	72095243	-2126	2126	1528
chr11	62690078	62693132	62690663	3054	62691605	-1527	1527	-942
chr11	62690078	62693132	62690862	3054	62691605	-1527	1527	-743
chr11	65204574	65209713	65206516	5139	65207143	-2569	2570	-627
chr11	62784799	62792273	62792141	7474	62788536	-3737	3737	3605
chr11	66692864	66696045	66693256	3181	66694454	-1590	1591	-1198
chr11	72014811	72019425	72015364	4614	72017118	-2307	2307	-1754
chr11	67248238	67251335	67250119	3097	67249786	-1548	1549	333
chr11	62735693	62740158	62738329	4465	62737925	-2232	2233	404
chr11	67297068	67303170	67299110	6102	67300119	-3051	3051	-1009
chr11	71436861	71441992	71437935	5131	71439426	-2565	2566	-1491
chr11	119046334	119051042	119046649	4708	119048688	-2354	2354	-2039
chr11	85684967	85686382	85686135	1415	85685674	-707	708	461
chr11	119335052	119338374	119335683	3322	119336713	-1661	1661	-1030
chr11	73975273	73979041	73978357	3768	73977157	-1884	1884	1200
chr11	65343887	65348080	65346317	4193	65345983	-2096	2097	334
chr11	72105292	72112069	72108667	6777	72108680	-3388	3389	-13
chr11	2901007	2903975	2903370	2968	2902491	-1484	1484	879
chr11	61402686	61405178	61403172	2492	61403932	-1246	1246	-760
chr11	62528104	62530139	62528474	2035	62529121	-1017	1018	-647
chr11	62528104	62530139	62529132	2035	62529121	-1017	1018	11
chr11	64229816	64237784	64230289	7968	64233800	-3984	3984	-3511
chr11	65711560	65719441	65719087	7881	65715500	-3940	3941	3587
chr11	64223872	64227729	64227203	3857	64225800	-1928	1929	1403
chr11	57308068	57309784	57308582	1716	57308926	-858	858	-344
chr11	119046334	119051042	119048801	4708	119048688	-2354	2354	113
chr11	65890396	65895821	65891203	5425	65893108	-2712	2713	-1905
chr11	118479131	118485719	118484297	6588	118482425	-3294	3294	1872
chr11	64316793	64322457	64316922	5664	64319625	-2832	2832	-2703
chr11	72753693	72758080	72754933	4387	72755886	-2193	2194	-953
chr11	62574123	62576539	62575905	2416	62575331	-1208	1208	574
chr11	3826310	3829595	3827859	3285	3827952	-1642	1643	-93
chr11	47235726	47241595	47238166	5869	47238660	-2934	2935	-494
chr11	73975273	73979041	73978285	3768	73977157	-1884	1884	1128
chr11	119355302	119358215	119357207	2913	119356758	-1456	1457	449
chr11	65711560	65719441	65712693	7881	65715500	-3940	3941	-2807
chr11	83166258	83166951	83166468	693	83166604	-346	347	-136
chr11	117285846	117293161	117290533	7315	117289503	-3657	3658	1030
chr11	119335052	119338374	119335110	3322	119336713	-1661	1661	-1603
chr11	47411298	47416455	47415290	5157	47413876	-2578	2579	1414
chr11	47282607	47285218	47282617	2611	47283912	-1305	1306	-1295
chr11	3822916	3824712	3824068	1796	3823814	-898	898	254
chr11	64316793	64322457	64317114	5664	64319625	-2832	2832	-2511
chr11	70343587	70346464	70343873	2877	70345025	-1438	1439	-1152
chr11	2661252	2664864	2662007	3612	2663058	-1806	1806	-1051
chr11	72093117	72097369	72094969	4252	72095243	-2126	2126	-274
chr11	95788260	95790889	95790650	2629	95789574	-1314	1315	1076
chr11	118907214	118908931	118907491	1717	118908072	-858	859	-581
chr11	57310112	57313715	57312593	3603	57311913	-1801	1802	680
chr11	118629732	118636242	118632159	6510	118632987	-3255	3255	-828
chr11	67308074	67314201	67310169	6127	67311137	-3063	3064	-968
chr11	62715108	62717077	62715574	1969	62716092	-984	985	-518
chr11	65996412	66000833	65999665	4421	65998622	-2210	2211	1043
chr11	72753693	72758080	72755002	4387	72755886	-2193	2194	-884
chr11	130912908	130916972	130914855	4064	130914940	-2032	2032	-85
chr11	63824414	63829841	63826980	5427	63827127	-2713	2714	-147
chr11	74847279	74851339	74848196	4060	74849309	-2030	2030	-1113
chr11	32088435	32093565	32091324	5130	32091000	-2565	2565	324
chr11	65204574	65209713	65206526	5139	65207143	-2569	2570	-617
chr11	94797765	94801624	94799659	3859	94799694	-1929	1930	-35
chr11	117204741	117207453	117207065	2712	117206097	-1356	1356	968
chr11	57310112	57313715	57313046	3603	57311913	-1801	1802	1133
chr11	72011255	72014299	72013934	3044	72012777	-1522	1522	1157
chr11	69076342	69084207	69078542	7865	69080274	-3932	3933	-1732
chr11	58616739	58618178	58617300	1439	58617458	-719	720	-158
chr11	65118993	65122566	65120986	3573	65120779	-1786	1787	207
chr11	118479131	118485719	118484197	6588	118482425	-3294	3294	1772
chr11	65879274	65883826	65883759	4552	65881550	-2276	2276	2209
chr11	67308074	67314201	67309855	6127	67311137	-3063	3064	-1282
chr11	66624045	66629755	66624421	5710	66626900	-2855	2855	-2479
chr11	66624045	66629755	66624550	5710	66626900	-2855	2855	-2350
chr11	61419417	61420697	61419967	1280	61420057	-640	640	-90
chr11	62531653	62533331	62531936	1678	62532492	-839	839	-556
chr11	64216964	64223381	64219748	6417	64220172	-3208	3209	-424
chr11	66514074	66515361	66514546	1287	66514717	-643	644	-171
chr11	67489750	67497730	67497529	7980	67493740	-3990	3990	3789
chr11	95788260	95790889	95788515	2629	95789574	-1314	1315	-1059
chr11	63901412	63903099	63902673	1687	63902255	-843	844	418
chr11	72014811	72019425	72018843	4614	72017118	-2307	2307	1725
chr11	3089033	3094249	3093604	5216	3091641	-2608	2608	1963
chr11	65105007	65110555	65109766	5548	65107781	-2774	2774	1985
chr11	62624916	62632527	62626622	7611	62628721	-3805	3806	-2099
chr11	68158062	68159094	68158424	1032	68158578	-516	516	-154
chr11	3796635	3799013	3798089	2378	3797824	-1189	1189	265
chr11	1596299	1598659	1597655	2360	1597479	-1180	1180	176
chr11	62624916	62632527	62631097	7611	62628721	-3805	3806	2376
chr11	85723589	85724870	85724263	1281	85724229	-640	641	34
chr11	66335067	66338108	66337719	3041	66336587	-1520	1521	1132
chr11	65501854	65504991	65504814	3137	65503422	-1568	1569	1392
chr11	118623193	118629450	118628492	6257	118626321	-3128	3129	2171
chr11	65914927	65922841	65917294	7914	65918884	-3957	3957	-1590
chr11	72011255	72014299	72013650	3044	72012777	-1522	1522	873
chr11	118479131	118485719	118480187	6588	118482425	-3294	3294	-2238
chr11	64768857	64769612	64769239	755	64769234	-377	378	5
chr11	63911228	63917655	63912679	6427	63914441	-3213	3214	-1762
chr11	66058139	66060260	66058359	2121	66059199	-1060	1061	-840
chr11	68780244	68785602	68780648	5358	68782923	-2679	2679	-2275
chr11	65105007	65110555	65109762	5548	65107781	-2774	2774	1981
chr11	65204574	65209713	65206553	5139	65207143	-2569	2570	-590
chr11	34151342	34155769	34152446	4427	34153555	-2213	2214	-1109
chr11	73389759	73395104	73392284	5345	73392431	-2672	2673	-147
chr11	69672745	69675417	69673254	2672	69674081	-1336	1336	-827
chr11	62676500	62683117	62678917	6617	62679808	-3308	3309	-891
chr11	65498987	65501167	65499150	2180	65500077	-1090	1090	-927
chr11	3089033	3094249	3090619	5216	3091641	-2608	2608	-1022
chr11	57310112	57313715	57312959	3603	57311913	-1801	1802	1046
chr11	67351777	67354319	67352006	2542	67353048	-1271	1271	-1042
chr11	65498987	65501167	65500527	2180	65500077	-1090	1090	450
chr11	67297068	67303170	67299885	6102	67300119	-3051	3051	-234
chr11	66335067	66338108	66336330	3041	66336587	-1520	1521	-257
chr11	117189066	117191893	117190230	2827	117190479	-1413	1414	-249
chr11	117404867	117410730	117409694	5863	117407798	-2931	2932	1896
chr11	117204741	117207453	117206463	2712	117206097	-1356	1356	366
chr11	34051294	34053643	34052397	2349	34052468	-1174	1175	-71
chr11	62528104	62530139	62529307	2035	62529121	-1017	1018	186
chr11	62528104	62530139	62529863	2035	62529121	-1017	1018	742
chr11	66692864	66696045	66694340	3181	66694454	-1590	1591	-114
chr11	85684967	85686382	85685546	1415	85685674	-707	708	-128
chr11	85684967	85686382	85685998	1415	85685674	-707	708	324
chr11	57688859	57691757	57690048	2898	57690308	-1449	1449	-260
chr11	68158062	68159094	68158673	1032	68158578	-516	516	95
chr11	72011255	72014299	72013551	3044	72012777	-1522	1522	774
chr11	64316793	64322457	64318246	5664	64319625	-2832	2832	-1379
chr11	66668693	66672944	66669258	4251	66670818	-2125	2126	-1560
chr11	85663692	85665273	85664466	1581	85664482	-790	791	-16
chr11	65318920	65324008	65321056	5088	65321464	-2544	2544	-408
chr11	69651393	69656336	69653084	4943	69653864	-2471	2472	-780
chr11	64803868	64807066	64805751	3198	64805467	-1599	1599	284
chr11	65501854	65504991	65502547	3137	65503422	-1568	1569	-875
chr11	118629732	118636242	118631476	6510	118632987	-3255	3255	-1511
chr11	130195042	130201789	130198559	6747	130198415	-3373	3374	144
chr11	6606944	6613110	6609770	6166	6610027	-3083	3083	-257
chr11	65111174	65113466	65111407	2292	65112320	-1146	1146	-913
chr11	69076342	69084207	69078514	7865	69080274	-3932	3933	-1760
chr11	3796635	3799013	3798010	2378	3797824	-1189	1189	186
chr11	65105007	65110555	65108302	5548	65107781	-2774	2774	521
chr11	65996412	66000833	65997583	4421	65998622	-2210	2211	-1039
chr11	67248238	67251335	67250414	3097	67249786	-1548	1549	628
chr11	72838624	72842714	72841455	4090	72840669	-2045	2045	786
chr11	62735693	62740158	62738317	4465	62737925	-2232	2233	392
chr11	62784799	62792273	62786559	7474	62788536	-3737	3737	-1977
chr11	57736464	57740504	57740483	4040	57738484	-2020	2020	1999
chr11	64205593	64207897	64207400	2304	64206745	-1152	1152	655
chr11	63911228	63917655	63913997	6427	63914441	-3213	3214	-444
chr11	58616739	58618178	58616764	1439	58617458	-719	720	-694
chr11	63901412	63903099	63902678	1687	63902255	-843	844	423
chr11	73869721	73873519	73872805	3798	73871620	-1899	1899	1185
chr11	130195042	130201789	130196729	6747	130198415	-3373	3374	-1686
chr11	64216964	64223381	64219914	6417	64220172	-3208	3209	-258
chr11	65505028	65509115	65505373	4087	65507071	-2043	2044	-1698
chr11	65505028	65509115	65505705	4087	65507071	-2043	2044	-1366
chr11	7663311	7666553	7666547	3242	7664932	-1621	1621	1615
chr11	65505028	65509115	65506461	4087	65507071	-2043	2044	-610
chr11	62784799	62792273	62786628	7474	62788536	-3737	3737	-1908
chr11	59575969	59577447	59576511	1478	59576708	-739	739	-197
chr11	45809387	45812715	45810956	3328	45811051	-1664	1664	-95
chr11	57302017	57307999	57302636	5982	57305008	-2991	2991	-2372
chr11	62784799	62792273	62786317	7474	62788536	-3737	3737	-2219
chr11	118623193	118629450	118627820	6257	118626321	-3128	3129	1499
chr11	118623193	118629450	118628127	6257	118626321	-3128	3129	1806
chr11	126262717	126268473	126265421	5756	126265595	-2878	2878	-174
chr11	62645684	62649727	62648063	4043	62647705	-2021	2022	358
chr11	639184	645283	640571	6099	642233	-3049	3050	-1662
chr11	119308545	119312905	119310877	4360	119310725	-2180	2180	152
chr11	588797	592412	591405	3615	590604	-1807	1808	801
chr11	46370878	46375416	46371484	4538	46373147	-2269	2269	-1663
chr11	47171073	47175930	47171711	4857	47173501	-2428	2429	-1790
chr11	61515711	61521372	61516004	5661	61518541	-2830	2831	-2537
chr11	62624916	62632527	62629610	7611	62628721	-3805	3806	889
chr11	64316793	64322457	64316912	5664	64319625	-2832	2832	-2713
chr11	65105007	65110555	65109887	5548	65107781	-2774	2774	2106
chr11	66692864	66696045	66694254	3181	66694454	-1590	1591	-200
chr11	117404867	117410730	117409736	5863	117407798	-2931	2932	1938
chr11	126291097	126294776	126294163	3679	126292936	-1839	1840	1227
chr11	72776640	72782080	72781166	5440	72779360	-2720	2720	1806
chr11	72776640	72782080	72781167	5440	72779360	-2720	2720	1807
chr11	118907214	118908931	118908386	1717	118908072	-858	859	314
chr11	62531653	62533331	62533327	1678	62532492	-839	839	835
chr11	45920272	45926469	45923505	6197	45923370	-3098	3099	135
chr11	1596299	1598659	1598255	2360	1597479	-1180	1180	776
chr11	34161571	34165542	34164704	3971	34163556	-1985	1986	1148
chr11	57795413	57798006	57796826	2593	57796709	-1296	1297	117
chr11	65711560	65719441	65719297	7881	65715500	-3940	3941	3797
chr11	66835292	66839375	66838392	4083	66837333	-2041	2042	1059
chr11	72011255	72014299	72014053	3044	72012777	-1522	1522	1276
chr11	72014811	72019425	72018400	4614	72017118	-2307	2307	1282
chr11	47267926	47271655	47267977	3729	47269790	-1864	1865	-1813
chr11	57688859	57691757	57690251	2898	57690308	-1449	1449	-57
chr11	66281630	66283388	66282774	1758	66282509	-879	879	265
chr11	66692864	66696045	66693040	3181	66694454	-1590	1591	-1414
chr11	47177460	47179317	47178412	1857	47178388	-928	929	24
chr11	65498987	65501167	65499074	2180	65500077	-1090	1090	-1003
chr11	117193029	117196774	117193879	3745	117194901	-1872	1873	-1022
chr11	117285846	117293161	117287355	7315	117289503	-3657	3658	-2148
chr11	72014811	72019425	72015639	4614	72017118	-2307	2307	-1479
chr11	72753693	72758080	72757856	4387	72755886	-2193	2194	1970
chr11	47321428	47328300	47323675	6872	47324864	-3436	3436	-1189
chr11	62598883	62605203	62604027	6320	62602043	-3160	3160	1984
chr11	64316793	64322457	64317092	5664	64319625	-2832	2832	-2533
chr11	66058139	66060260	66058935	2121	66059199	-1060	1061	-264
chr11	117189066	117191893	117190257	2827	117190479	-1413	1414	-222
chr11	126262717	126268473	126266866	5756	126265595	-2878	2878	1271
chr11	66284234	66289459	66288233	5225	66286846	-2612	2613	1387
chr11	62531653	62533331	62533067	1678	62532492	-839	839	575
chr11	68365021	68368146	68365614	3125	68366583	-1562	1563	-969
chr11	66284234	66289459	66284579	5225	66286846	-2612	2613	-2267
chr11	47171073	47175930	47174976	4857	47173501	-2428	2429	1475
chr11	1583608	1585427	1584748	1819	1584517	-909	910	231
chr11	46395872	46401244	46397739	5372	46398558	-2686	2686	-819
chr11	64367067	64372248	64369557	5181	64369657	-2590	2591	-100
chr11	65111174	65113466	65112004	2292	65112320	-1146	1146	-316
chr11	63901412	63903099	63902282	1687	63902255	-843	844	27
chr11	67467743	67471352	67468018	3609	67469547	-1804	1805	-1529
chr11	72105292	72112069	72110481	6777	72108680	-3388	3389	1801
chr11	83166258	83166951	83166652	693	83166604	-346	347	48
chr11	865739	871044	865764	5305	868391	-2652	2653	-2627
chr11	46676404	46681354	46681331	4950	46678879	-2475	2475	2452
chr11	126262717	126268473	126263969	5756	126265595	-2878	2878	-1626
chr11	47572424	47575600	47573264	3176	47574012	-1588	1588	-748
chr11	126262717	126268473	126265099	5756	126265595	-2878	2878	-496
chr11	45809387	45812715	45810786	3328	45811051	-1664	1664	-265
chr11	3796635	3799013	3797949	2378	3797824	-1189	1189	125
chr11	64229816	64237784	64237197	7968	64233800	-3984	3984	3397
chr11	3089033	3094249	3090660	5216	3091641	-2608	2608	-981
chr11	46377936	46383449	46379011	5513	46380692	-2756	2757	-1681
chr11	130195042	130201789	130198408	6747	130198415	-3373	3374	-7
chr11	65204574	65209713	65206636	5139	65207143	-2569	2570	-507
chr11	7994925	7996248	7995013	1323	7995586	-661	662	-573
chr11	62624916	62632527	62629294	7611	62628721	-3805	3806	573
chr11	47171073	47175930	47171491	4857	47173501	-2428	2429	-2010
chr11	68780244	68785602	68784834	5358	68782923	-2679	2679	1911
chr11	47411298	47416455	47415084	5157	47413876	-2578	2579	1208
chr11	126262717	126268473	126266529	5756	126265595	-2878	2878	934
chr11	58616739	58618178	58617434	1439	58617458	-719	720	-24
chr11	66668693	66672944	66668814	4251	66670818	-2125	2126	-2004
chr11	66254364	66259748	66258645	5384	66257056	-2692	2692	1589
chr11	118907214	118908931	118908357	1717	118908072	-858	859	285
chr11	65498987	65501167	65500966	2180	65500077	-1090	1090	889
chr11	65501854	65504991	65501983	3137	65503422	-1568	1569	-1439
chr11	64216964	64223381	64219776	6417	64220172	-3208	3209	-396
chr11	67308074	67314201	67311848	6127	67311137	-3063	3064	711
chr11	73975273	73979041	73976822	3768	73977157	-1884	1884	-335
chr11	378381	382101	380848	3720	380241	-1860	1860	607
chr11	62824837	62826967	62825420	2130	62825902	-1065	1065	-482
chr11	118479131	118485719	118484197	6588	118482425	-3294	3294	1772
chr11	119308545	119312905	119311539	4360	119310725	-2180	2180	814
chr11	77666223	77667494	77667296	1271	77666858	-635	636	438
chr11	66001614	66005880	66003368	4266	66003747	-2133	2133	-379
chr11	73975273	73979041	73976867	3768	73977157	-1884	1884	-290
chr11	126274286	126278158	126277499	3872	126276222	-1936	1936	1277
chr11	47321428	47328300	47323719	6872	47324864	-3436	3436	-1145
chr11	62908128	62912016	62910930	3888	62910072	-1944	1944	858
chr11	73975273	73979041	73976660	3768	73977157	-1884	1884	-497
chr11	6680696	6683979	6682178	3283	6682337	-1641	1642	-159
chr11	64316793	64322457	64319767	5664	64319625	-2832	2832	142
chr11	94797765	94801624	94799939	3859	94799694	-1929	1930	245
chr11	65711560	65719441	65714562	7881	65715500	-3940	3941	-938
chr11	62645684	62649727	62647027	4043	62647705	-2021	2022	-678
chr11	47448285	47451711	47449014	3426	47449998	-1713	1713	-984
chr11	62735693	62740158	62738428	4465	62737925	-2232	2233	503
chr11	73307065	73312027	73311225	4962	73309546	-2481	2481	1679
chr11	65204574	65209713	65204821	5139	65207143	-2569	2570	-2322
chr11	62804927	62807252	62805386	2325	62806089	-1162	1163	-703
chr11	63911228	63917655	63915576	6427	63914441	-3213	3214	1135
chr11	378381	382101	379938	3720	380241	-1860	1860	-303
chr11	526957	534085	533450	7128	530521	-3564	3564	2929
chr11	639184	645283	640489	6099	642233	-3049	3050	-1744
chr11	3117270	3121563	3119575	4293	3119416	-2146	2147	159
chr11	3822916	3824712	3824071	1796	3823814	-898	898	257
chr11	6606944	6613110	6610165	6166	6610027	-3083	3083	138
chr11	44930624	44932474	44930781	1850	44931549	-925	925	-768
chr11	46375539	46377637	46375941	2098	46376588	-1049	1049	-647
chr11	47411298	47416455	47414478	5157	47413876	-2578	2579	602
chr11	47411298	47416455	47414617	5157	47413876	-2578	2579	741
chr11	47572424	47575600	47572888	3176	47574012	-1588	1588	-1124
chr11	47572424	47575600	47573294	3176	47574012	-1588	1588	-718
chr11	57321490	57325061	57321798	3571	57323275	-1785	1786	-1477
chr11	58616739	58618178	58617555	1439	58617458	-719	720	97
chr11	62528104	62530139	62528855	2035	62529121	-1017	1018	-266
chr11	62624916	62632527	62627110	7611	62628721	-3805	3806	-1611
chr11	62908128	62912016	62910021	3888	62910072	-1944	1944	-51
chr11	63911228	63917655	63914488	6427	63914441	-3213	3214	47
chr11	63996914	64002113	64000242	5199	63999513	-2599	2600	729
chr11	64271351	64275589	64271640	4238	64273470	-2119	2119	-1830
chr11	64803868	64807066	64804261	3198	64805467	-1599	1599	-1206
chr11	64803868	64807066	64804365	3198	64805467	-1599	1599	-1102
chr11	65118993	65122566	65120848	3573	65120779	-1786	1787	69
chr11	65118993	65122566	65122143	3573	65120779	-1786	1787	1364
chr11	65616459	65619083	65616980	2624	65617771	-1312	1312	-791
chr11	65616459	65619083	65617286	2624	65617771	-1312	1312	-485
chr11	65711560	65719441	65719270	7881	65715500	-3940	3941	3770
chr11	65890396	65895821	65894032	5425	65893108	-2712	2713	924
chr11	66284234	66289459	66284963	5225	66286846	-2612	2613	-1883
chr11	67297068	67303170	67298825	6102	67300119	-3051	3051	-1294
chr11	67297068	67303170	67299089	6102	67300119	-3051	3051	-1030
chr11	67308074	67314201	67309482	6127	67311137	-3063	3064	-1655
chr11	69076342	69084207	69078520	7865	69080274	-3932	3933	-1754
chr11	70371196	70373587	70372182	2391	70372391	-1195	1196	-209
chr11	70472501	70475804	70472873	3303	70474152	-1651	1652	-1279
chr11	70472501	70475804	70473327	3303	70474152	-1651	1652	-825
chr11	71436861	71441992	71438943	5131	71439426	-2565	2566	-483
chr11	71477344	71483186	71478416	5842	71480265	-2921	2921	-1849
chr11	72014811	72019425	72015719	4614	72017118	-2307	2307	-1399
chr11	72014811	72019425	72016029	4614	72017118	-2307	2307	-1089
chr11	72233961	72240637	72238045	6676	72237299	-3338	3338	746
chr11	73975273	73979041	73976903	3768	73977157	-1884	1884	-254
chr11	117189066	117191893	117190269	2827	117190479	-1413	1414	-210
chr11	117204741	117207453	117206434	2712	117206097	-1356	1356	337
chr11	71998978	72006294	72001325	7316	72002636	-3658	3658	-1311
chr11	526957	534085	533787	7128	530521	-3564	3564	3266
chr11	65711560	65719441	65718424	7881	65715500	-3940	3941	2924
chr11	66281630	66283388	66283332	1758	66282509	-879	879	823
chr11	66339780	66343268	66341215	3488	66341524	-1744	1744	-309
chr11	6606944	6613110	6608113	6166	6610027	-3083	3083	-1914
chr11	73975273	73979041	73976660	3768	73977157	-1884	1884	-497
chr11	64310996	64316646	64314910	5650	64313821	-2825	2825	1089
chr11	588797	592412	591436	3615	590604	-1807	1808	832
chr11	34355330	34359644	34356764	4314	34357487	-2157	2157	-723
chr11	44077125	44080767	44077730	3642	44078946	-1821	1821	-1216
chr11	47235726	47241595	47237938	5869	47238660	-2934	2935	-722
chr11	62528104	62530139	62528419	2035	62529121	-1017	1018	-702
chr11	62528104	62530139	62529713	2035	62529121	-1017	1018	592
chr11	62598883	62605203	62603216	6320	62602043	-3160	3160	1173
chr11	68158062	68159094	68158185	1032	68158578	-516	516	-393
chr11	70472501	70475804	70472865	3303	70474152	-1651	1652	-1287
chr11	72014811	72019425	72014886	4614	72017118	-2307	2307	-2232
chr11	85723589	85724870	85724120	1281	85724229	-640	641	-109
chr11	118369592	118371779	118371601	2187	118370685	-1093	1094	916
chr11	118519138	118520902	118519702	1764	118520020	-882	882	-318
chr11	119308545	119312905	119310441	4360	119310725	-2180	2180	-284
chr11	119308545	119312905	119312300	4360	119310725	-2180	2180	1575
chr11	126274286	126278158	126277621	3872	126276222	-1936	1936	1399
chr11	126291097	126294776	126293040	3679	126292936	-1839	1840	104
chr11	47171073	47175930	47175102	4857	47173501	-2428	2429	1601
chr11	66624045	66629755	66625096	5710	66626900	-2855	2855	-1804
chr11	68890061	68891873	68891325	1812	68890967	-906	906	358
chr11	64223872	64227729	64227639	3857	64225800	-1928	1929	1839
chr11	83166258	83166951	83166691	693	83166604	-346	347	87
chr11	66229736	66231390	66230933	1654	66230563	-827	827	370
chr11	46395872	46401244	46397656	5372	46398558	-2686	2686	-902
chr11	47282607	47285218	47284471	2611	47283912	-1305	1306	559
chr11	64216964	64223381	64219350	6417	64220172	-3208	3209	-822
chr11	83168276	83169809	83169453	1533	83169042	-766	767	411
chr11	118502921	118504676	118504507	1755	118503798	-877	878	709
chr11	62645684	62649727	62648688	4043	62647705	-2021	2022	983
chr11	3796635	3799013	3797920	2378	3797824	-1189	1189	96
chr11	62660241	62666599	62665452	6358	62663420	-3179	3179	2032
chr11	45920272	45926469	45924229	6197	45923370	-3098	3099	859
chr11	3822916	3824712	3823960	1796	3823814	-898	898	146
chr11	119308545	119312905	119310468	4360	119310725	-2180	2180	-257
chr11	62908128	62912016	62910115	3888	62910072	-1944	1944	43
chr11	3124137	3128605	3126503	4468	3126371	-2234	2234	132
chr11	65124683	65126041	65125967	1358	65125362	-679	679	605
chr11	44077125	44080767	44079500	3642	44078946	-1821	1821	554
chr11	57699499	57700408	57700005	909	57699953	-454	455	52
chr11	65114207	65118729	65115907	4522	65116468	-2261	2261	-561
chr11	62528104	62530139	62528987	2035	62529121	-1017	1018	-134
chr11	6606944	6613110	6609077	6166	6610027	-3083	3083	-950
chr11	85684967	85686382	85685067	1415	85685674	-707	708	-607
chr11	2901007	2903975	2903262	2968	2902491	-1484	1484	771
chr11	62645684	62649727	62648995	4043	62647705	-2021	2022	1290
chr11	65086044	65089150	65087351	3106	65087597	-1553	1553	-246
chr11	65118993	65122566	65121199	3573	65120779	-1786	1787	420
chr11	71998978	72006294	72005244	7316	72002636	-3658	3658	2608
chr11	72014811	72019425	72016156	4614	72017118	-2307	2307	-962
chr11	117204741	117207453	117206941	2712	117206097	-1356	1356	844
chr11	118261495	118262953	118262625	1458	118262224	-729	729	401
chr11	65711560	65719441	65712102	7881	65715500	-3940	3941	-3398
chr11	66058139	66060260	66059037	2121	66059199	-1060	1061	-162
chr11	46395872	46401244	46397315	5372	46398558	-2686	2686	-1243
chr11	67308074	67314201	67309868	6127	67311137	-3063	3064	-1269
chr11	62624916	62632527	62628822	7611	62628721	-3805	3806	101
chr11	32097386	32100488	32098440	3102	32098937	-1551	1551	-497
chr11	67489750	67497730	67497258	7980	67493740	-3990	3990	3518
chr11	34161571	34165542	34162730	3971	34163556	-1985	1986	-826
chr11	62528104	62530139	62528423	2035	62529121	-1017	1018	-698
chr11	83166258	83166951	83166611	693	83166604	-346	347	7
chr11	65879274	65883826	65881460	4552	65881550	-2276	2276	-90
chr11	67351777	67354319	67353499	2542	67353048	-1271	1271	451
chr11	57795413	57798006	57796476	2593	57796709	-1296	1297	-233
chr11	57795413	57798006	57796701	2593	57796709	-1296	1297	-8
chr11	118623193	118629450	118627566	6257	118626321	-3128	3129	1245
chr11	62531653	62533331	62532615	1678	62532492	-839	839	123
chr11	119015794	119017017	119015874	1223	119016405	-611	612	-531
chr11	117204741	117207453	117206424	2712	117206097	-1356	1356	327
chr11	68158062	68159094	68158765	1032	68158578	-516	516	187
chr11	46377936	46383449	46382098	5513	46380692	-2756	2757	1406
chr11	67364256	67367946	67365492	3690	67366101	-1845	1845	-609
chr11	126291097	126294776	126292931	3679	126292936	-1839	1840	-5
chr11	64229816	64237784	64229876	7968	64233800	-3984	3984	-3924
chr11	67308074	67314201	67309962	6127	67311137	-3063	3064	-1175
chr11	129870713	129874079	129873075	3366	129872396	-1683	1683	679
chr11	66284234	66289459	66287638	5225	66286846	-2612	2613	792
chr11	85723589	85724870	85724696	1281	85724229	-640	641	467
chr11	66668693	66672944	66669216	4251	66670818	-2125	2126	-1602
chr11	94797765	94801624	94799670	3859	94799694	-1929	1930	-24
chr11	66493841	66497453	66497353	3612	66495647	-1806	1806	1706
chr11	71998978	72006294	72003419	7316	72002636	-3658	3658	783
chr11	61302498	61305113	61303975	2615	61303805	-1307	1308	170
chr11	68027744	68032802	68027772	5058	68030273	-2529	2529	-2501
chr11	72776640	72782080	72781152	5440	72779360	-2720	2720	1792
chr11	526957	534085	532642	7128	530521	-3564	3564	2121
chr11	62784799	62792273	62791722	7474	62788536	-3737	3737	3186
chr11	47471655	47474223	47473178	2568	47472939	-1284	1284	239
chr11	67489750	67497730	67495131	7980	67493740	-3990	3990	1391
chr11	47235726	47241595	47240003	5869	47238660	-2934	2935	1343
chr11	47177460	47179317	47179220	1857	47178388	-928	929	832
chr11	2954631	2956024	2954648	1393	2955327	-696	697	-679
chr11	63996914	64002113	63996922	5199	63999513	-2599	2600	-2591
chr11	62574123	62576539	62576046	2416	62575331	-1208	1208	715
chr11	83166258	83166951	83166279	693	83166604	-346	347	-325
chr11	117285846	117293161	117289538	7315	117289503	-3657	3658	35
chr11	6480507	6482315	6481491	1808	6481411	-904	904	80
chr11	64768857	64769612	64769297	755	64769234	-377	378	63
chr11	66229736	66231390	66230905	1654	66230563	-827	827	342
chr11	59575969	59577447	59576189	1478	59576708	-739	739	-519
chr11	65711560	65719441	65716797	7881	65715500	-3940	3941	1297
chr11	118751761	118756715	118755480	4954	118754238	-2477	2477	1242
chr11	126262717	126268473	126266794	5756	126265595	-2878	2878	1199
chr11	126262717	126268473	126267695	5756	126265595	-2878	2878	2100
chr11	126262717	126268473	126268029	5756	126265595	-2878	2878	2434
chr11	62690078	62693132	62691134	3054	62691605	-1527	1527	-471
chr11	126262717	126268473	126263782	5756	126265595	-2878	2878	-1813
chr11	117285846	117293161	117288000	7315	117289503	-3657	3658	-1503
chr11	46703637	46709031	46704611	5394	46706334	-2697	2697	-1723
chr11	126274286	126278158	126277022	3872	126276222	-1936	1936	800
chr11	62676500	62683117	62677652	6617	62679808	-3308	3309	-2156
chr11	71998978	72006294	71999797	7316	72002636	-3658	3658	-2839
chr11	67489750	67497730	67494041	7980	67493740	-3990	3990	301
chr11	65086044	65089150	65086770	3106	65087597	-1553	1553	-827
chr11	65086044	65089150	65087060	3106	65087597	-1553	1553	-537
chr11	58578278	58580336	58579566	2058	58579307	-1029	1029	259
chr11	68780244	68785602	68784852	5358	68782923	-2679	2679	1929
chr11	47411298	47416455	47415347	5157	47413876	-2578	2579	1471
chr11	57321490	57325061	57321922	3571	57323275	-1785	1786	-1353
chr11	62531653	62533331	62533130	1678	62532492	-839	839	638
chr11	66273975	66280041	66276134	6066	66277008	-3033	3033	-874
chr11	32097386	32100488	32098410	3102	32098937	-1551	1551	-527
chr11	44077125	44080767	44078993	3642	44078946	-1821	1821	47
chr11	45809387	45812715	45811173	3328	45811051	-1664	1664	122
chr11	47448285	47451711	47449006	3426	47449998	-1713	1713	-992
chr11	65501854	65504991	65504474	3137	65503422	-1568	1569	1052
chr11	66522673	66525987	66523500	3314	66524330	-1657	1657	-830
chr11	68365021	68368146	68365600	3125	68366583	-1562	1563	-983
chr11	83168276	83169809	83169057	1533	83169042	-766	767	15
chr11	117285846	117293161	117289107	7315	117289503	-3657	3658	-396
chr11	67995096	67996498	67995661	1402	67995797	-701	701	-136
chr11	62784799	62792273	62790632	7474	62788536	-3737	3737	2096
chr11	64201600	64203728	64203208	2128	64202664	-1064	1064	544
chr11	63911228	63917655	63914320	6427	63914441	-3213	3214	-121
chr11	119355302	119358215	119358049	2913	119356758	-1456	1457	1291
chr11	62598883	62605203	62604189	6320	62602043	-3160	3160	2146
chr11	66538045	66541098	66539418	3053	66539571	-1526	1527	-153
chr11	70472501	70475804	70472872	3303	70474152	-1651	1652	-1280
chr12	6670572	6673593	6673404	3021	6672082	-1510	1511	1322
chr12	111448313	111449877	111448423	1564	111449095	-782	782	-672
chr12	57598924	57603426	57600413	4502	57601175	-2251	2251	-762
chr12	57598924	57603426	57600907	4502	57601175	-2251	2251	-268
chr12	57598924	57603426	57601676	4502	57601175	-2251	2251	501
chr12	56234018	56238448	56237669	4430	56236233	-2215	2215	1436
chr12	54281748	54284447	54283121	2699	54283097	-1349	1350	24
chr12	54281748	54284447	54284364	2699	54283097	-1349	1350	1267
chr12	56091361	56096581	56095767	5220	56093971	-2610	2610	1796
chr12	120196260	120198087	120196821	1827	120197173	-913	914	-352
chr12	49553737	49556186	49554460	2449	49554961	-1224	1225	-501
chr12	56234018	56238448	56235693	4430	56236233	-2215	2215	-540
chr12	57533220	57535212	57534043	1992	57534216	-996	996	-173
chr12	118067918	118070671	118068589	2753	118069294	-1376	1377	-705
chr12	53057221	53064650	53063756	7429	53060935	-3714	3715	2821
chr12	56317368	56321971	56317581	4603	56319669	-2301	2302	-2088
chr12	57266661	57271217	57266815	4556	57268939	-2278	2278	-2124
chr12	56001962	56008616	56003837	6654	56005289	-3327	3327	-1452
chr12	53187066	53189132	53187586	2066	53188099	-1033	1033	-513
chr12	2858256	2861607	2858728	3351	2859931	-1675	1676	-1203
chr12	119987958	119991032	119990196	3074	119989495	-1537	1537	701
chr12	6676896	6679314	6678968	2418	6678105	-1209	1209	863
chr12	6591339	6594266	6593114	2927	6592802	-1463	1464	312
chr12	56097722	56102514	56102184	4792	56100118	-2396	2396	2066
chr12	89351270	89356136	89351967	4866	89353703	-2433	2433	-1736
chr12	6969236	6974302	6970885	5066	6971769	-2533	2533	-884
chr12	49557247	49560571	49558920	3324	49558909	-1662	1662	11
chr12	53190887	53194619	53193803	3732	53192753	-1866	1866	1050
chr12	132617879	132624092	132621642	6213	132620985	-3106	3107	657
chr12	56001962	56008616	56005004	6654	56005289	-3327	3327	-285
chr12	57763599	57767444	57764150	3845	57765521	-1922	1923	-1371
chr12	125135522	125143141	125136663	7619	125139331	-3809	3810	-2668
chr12	113386096	113392622	113387749	6526	113389359	-3263	3263	-1610
chr12	53215397	53218511	53215718	3114	53216954	-1557	1557	-1236
chr12	121437911	121443007	121441131	5096	121440459	-2548	2548	672
chr12	104303836	104304780	104304430	944	104304308	-472	472	122
chr12	6326872	6328797	6327436	1925	6327834	-962	963	-398
chr12	6591339	6594266	6593169	2927	6592802	-1463	1464	367
chr12	49041094	49042700	49042626	1606	49041897	-803	803	729
chr12	57266661	57271217	57266824	4556	57268939	-2278	2278	-2115
chr12	7017287	7019686	7018425	2399	7018486	-1199	1200	-61
chr12	50094725	50099260	50099088	4535	50096992	-2267	2268	2096
chr12	121802646	121809496	121804811	6850	121806071	-3425	3425	-1260
chr12	53209102	53212236	53211396	3134	53210669	-1567	1567	727
chr12	53225367	53232216	53227512	6849	53228791	-3424	3425	-1279
chr12	57598924	57603426	57599106	4502	57601175	-2251	2251	-2069
chr12	52255895	52257155	52256084	1260	52256525	-630	630	-441
chr12	53190887	53194619	53191473	3732	53192753	-1866	1866	-1280
chr12	55723690	55725009	55724380	1319	55724349	-659	660	31
chr12	56091361	56096581	56093363	5220	56093971	-2610	2610	-608
chr12	56132433	56137618	56132452	5185	56135025	-2592	2593	-2573
chr12	66304157	66305903	66304737	1746	66305030	-873	873	-293
chr12	113156995	113159177	113157772	2182	113158086	-1091	1091	-314
chr12	6199467	6204063	6200497	4596	6201765	-2298	2298	-1268
chr12	54008956	54012581	54009632	3625	54010768	-1812	1813	-1136
chr12	124400323	124404953	124402541	4630	124402638	-2315	2315	-97
chr12	125135522	125143141	125136822	7619	125139331	-3809	3810	-2509
chr12	6591339	6594266	6593113	2927	6592802	-1463	1464	311
chr12	92143582	92146790	92144277	3208	92145186	-1604	1604	-909
chr12	121649859	121656331	121653110	6472	121653095	-3236	3236	15
chr12	118032907	118034806	118034212	1899	118033856	-949	950	356
chr12	1784791	1786714	1786193	1923	1785752	-961	962	441
chr12	6933139	6938324	6936184	5185	6935731	-2592	2593	453
chr12	49030583	49034206	49032991	3623	49032394	-1811	1812	597
chr12	6676896	6679314	6678417	2418	6678105	-1209	1209	312
chr12	6939900	6943679	6941424	3779	6941789	-1889	1890	-365
chr12	47779066	47783305	47780654	4239	47781185	-2119	2120	-531
chr12	53065405	53067890	53066341	2485	53066647	-1242	1243	-306
chr12	53409325	53411807	53409514	2482	53410566	-1241	1241	-1052
chr12	53479728	53483476	53481235	3748	53481602	-1874	1874	-367
chr12	53484514	53488457	53486107	3943	53486485	-1971	1972	-378
chr12	56091361	56096581	56094444	5220	56093971	-2610	2610	473
chr12	124908910	124915502	124913484	6592	124912206	-3296	3296	1278
chr12	132816587	132819835	132816787	3248	132818211	-1624	1624	-1424
chr12	55900722	55903559	55901791	2837	55902140	-1418	1419	-349
chr12	56086571	56090822	56088823	4251	56088696	-2125	2126	127
chr12	56227839	56232891	56232780	5052	56230365	-2526	2526	2415
chr12	100266150	100268029	100266975	1879	100267089	-939	940	-114
chr12	122474070	122476224	122474107	2154	122475147	-1077	1077	-1040
chr12	6591339	6594266	6591732	2927	6592802	-1463	1464	-1070
chr12	6933139	6938324	6936298	5185	6935731	-2592	2593	567
chr12	56086571	56090822	56088863	4251	56088696	-2125	2126	167
chr12	1592135	1595391	1593719	3256	1593763	-1628	1628	-44
chr12	100266150	100268029	100266952	1879	100267089	-939	940	-137
chr12	47779066	47783305	47781049	4239	47781185	-2119	2120	-136
chr12	113936788	113942118	113940154	5330	113939453	-2665	2665	701
chr12	12716324	12719045	12718283	2721	12717684	-1360	1361	599
chr12	132617879	132624092	132620469	6213	132620985	-3106	3107	-516
chr12	1592135	1595391	1593207	3256	1593763	-1628	1628	-556
chr12	14773939	14775891	14775769	1952	14774915	-976	976	854
chr12	53218970	53222745	53219961	3775	53220857	-1887	1888	-896
chr12	79933415	79936322	79935175	2907	79934868	-1453	1454	307
chr12	48832979	48838253	48834334	5274	48835616	-2637	2637	-1282
chr12	124908910	124915502	124911706	6592	124912206	-3296	3296	-500
chr12	108522872	108525222	108523286	2350	108524047	-1175	1175	-761
chr12	57750622	57756759	57750982	6137	57753690	-3068	3069	-2708
chr12	122857966	122862040	122861141	4074	122860003	-2037	2037	1138
chr12	56126774	56129585	56128574	2811	56128179	-1405	1406	395
chr12	53190887	53194619	53193838	3732	53192753	-1866	1866	1085
chr12	48832979	48838253	48836902	5274	48835616	-2637	2637	1286
chr12	121649859	121656331	121653129	6472	121653095	-3236	3236	34
chr12	132703125	132707151	132704801	4026	132705138	-2013	2013	-337
chr12	48832979	48838253	48834388	5274	48835616	-2637	2637	-1228
chr12	49041094	49042700	49042568	1606	49041897	-803	803	671
chr12	56234018	56238448	56236405	4430	56236233	-2215	2215	172
chr12	53057221	53064650	53063563	7429	53060935	-3714	3715	2628
chr12	120196260	120198087	120197330	1827	120197173	-913	914	157
chr12	49272639	49273885	49272898	1246	49273262	-623	623	-364
chr12	53057221	53064650	53058059	7429	53060935	-3714	3715	-2876
chr12	49563141	49568229	49563467	5088	49565685	-2544	2544	-2218
chr12	118032907	118034806	118033897	1899	118033856	-949	950	41
chr12	125135522	125143141	125142243	7619	125139331	-3809	3810	2912
chr12	124013017	124014983	124014250	1966	124014000	-983	983	250
chr12	120196260	120198087	120196905	1827	120197173	-913	914	-268
chr12	6199467	6204063	6200507	4596	6201765	-2298	2298	-1258
chr12	79933415	79936322	79935002	2907	79934868	-1453	1454	134
chr12	2858256	2861607	2859241	3351	2859931	-1675	1676	-690
chr12	6939900	6943679	6941471	3779	6941789	-1889	1890	-318
chr12	120578605	120581408	120581142	2803	120580006	-1401	1402	1136
chr12	120211582	120217953	120212294	6371	120214767	-3185	3186	-2473
chr12	56097722	56102514	56102295	4792	56100118	-2396	2396	2177
chr12	56126774	56129585	56128681	2811	56128179	-1405	1406	502
chr12	56181193	56183498	56181536	2305	56182345	-1152	1153	-809
chr12	103977342	103981821	103980906	4479	103979581	-2239	2240	1325
chr12	120578605	120581408	120579134	2803	120580006	-1401	1402	-872
chr12	51357971	51360254	51359378	2283	51359112	-1141	1142	266
chr12	48856534	48860307	48858044	3773	48858420	-1886	1887	-376
chr12	49553737	49556186	49555885	2449	49554961	-1224	1225	924
chr12	52287803	52290466	52288128	2663	52289134	-1331	1332	-1006
chr12	49035435	49038705	49037651	3270	49037070	-1635	1635	581
chr12	48856534	48860307	48857176	3773	48858420	-1886	1887	-1244
chr12	50130410	50137469	50134506	7059	50133939	-3529	3530	567
chr12	55821315	55822556	55822056	1241	55821935	-620	621	121
chr12	56001962	56008616	56003869	6654	56005289	-3327	3327	-1420
chr12	56001962	56008616	56004739	6654	56005289	-3327	3327	-550
chr12	56342696	56346344	56346154	3648	56344520	-1824	1824	1634
chr12	56599343	56606181	56600388	6838	56602762	-3419	3419	-2374
chr12	76763121	76766307	76764199	3186	76764714	-1593	1593	-515
chr12	113281527	113289453	113284615	7926	113285490	-3963	3963	-875
chr12	131914699	131921918	131920055	7219	131918308	-3609	3610	1747
chr12	69573423	69574586	69574090	1163	69574004	-581	582	86
chr12	12716324	12719045	12718824	2721	12717684	-1360	1361	1140
chr12	46370707	46373018	46371271	2311	46371862	-1155	1156	-591
chr12	48832979	48838253	48833303	5274	48835616	-2637	2637	-2313
chr12	120094775	120096551	120096535	1776	120095663	-888	888	872
chr12	53305713	53308629	53308507	2916	53307171	-1458	1458	1336
chr12	55821315	55822556	55822111	1241	55821935	-620	621	176
chr12	46370707	46373018	46371339	2311	46371862	-1155	1156	-523
chr12	132617879	132624092	132621606	6213	132620985	-3106	3107	621
chr12	57516638	57517655	57516892	1017	57517146	-508	509	-254
chr12	49557247	49560571	49557527	3324	49558909	-1662	1662	-1382
chr12	113156995	113159177	113158751	2182	113158086	-1091	1091	665
chr12	120129203	120130975	120129306	1772	120130089	-886	886	-783
chr12	57731610	57736520	57731828	4910	57734065	-2455	2455	-2237
chr12	53484514	53488457	53486175	3943	53486485	-1971	1972	-310
chr12	64454653	64457236	64455951	2583	64455944	-1291	1292	7
chr12	1784791	1786714	1786322	1923	1785752	-961	962	570
chr12	111448313	111449877	111448464	1564	111449095	-782	782	-631
chr12	6591339	6594266	6593472	2927	6592802	-1463	1464	670
chr12	100266150	100268029	100267073	1879	100267089	-939	940	-16
chr12	2819524	2823210	2820180	3686	2821367	-1843	1843	-1187
chr12	120154935	120158723	120155340	3788	120156829	-1894	1894	-1489
chr12	130870304	130873748	130873084	3444	130872026	-1722	1722	1058
chr12	131710994	131712861	131711433	1867	131711927	-933	934	-494
chr12	121437911	121443007	121441074	5096	121440459	-2548	2548	615
chr12	132717478	132721286	132720708	3808	132719382	-1904	1904	1326
chr12	57527681	57530135	57528372	2454	57528908	-1227	1227	-536
chr12	6591339	6594266	6592041	2927	6592802	-1463	1464	-761
chr12	69262318	69262758	69262527	440	69262538	-220	220	-11
chr12	113159239	113162377	113161311	3138	113160808	-1569	1569	503
chr12	120099547	120106931	120103918	7384	120103239	-3692	3692	679
chr12	49030583	49034206	49033945	3623	49032394	-1811	1812	1551
chr12	49557247	49560571	49559960	3324	49558909	-1662	1662	1051
chr12	57101072	57108599	57106575	7527	57104835	-3763	3764	1740
chr12	124908910	124915502	124912411	6592	124912206	-3296	3296	205
chr12	53454646	53455693	53455490	1047	53455169	-523	524	321
chr12	6670572	6673593	6673416	3021	6672082	-1510	1511	1334
chr12	49016771	49019074	49018768	2303	49017922	-1151	1152	846
chr12	49045595	49048539	49046715	2944	49047067	-1472	1472	-352
chr12	132617879	132624092	132621555	6213	132620985	-3106	3107	570
chr12	124908910	124915502	124913265	6592	124912206	-3296	3296	1059
chr12	52169964	52174040	52171486	4076	52172002	-2038	2038	-516
chr12	120563415	120566419	120563812	3004	120564917	-1502	1502	-1105
chr12	123263359	123267825	123267204	4466	123265592	-2233	2233	1612
chr12	56227839	56232891	56231435	5052	56230365	-2526	2526	1070
chr12	122225007	122227498	122226015	2491	122226252	-1245	1246	-237
chr12	12716324	12719045	12717919	2721	12717684	-1360	1361	235
chr12	6670572	6673593	6673252	3021	6672082	-1510	1511	1170
chr12	7017287	7019686	7018418	2399	7018486	-1199	1200	-68
chr12	7017287	7019686	7018420	2399	7018486	-1199	1200	-66
chr12	57527681	57530135	57527908	2454	57528908	-1227	1227	-1000
chr12	48856534	48860307	48858047	3773	48858420	-1886	1887	-373
chr12	6326872	6328797	6327883	1925	6327834	-962	963	49
chr12	3016698	3022962	3020654	6264	3019830	-3132	3132	824
chr12	124337430	124343452	124340355	6022	124340441	-3011	3011	-86
chr12	57745350	57747331	57746638	1981	57746340	-990	991	298
chr12	57519555	57526255	57526088	6700	57522905	-3350	3350	3183
chr12	6975935	6978632	6976365	2697	6977283	-1348	1349	-918
chr12	56342696	56346344	56343418	3648	56344520	-1824	1824	-1102
chr12	104303836	104304780	104304260	944	104304308	-472	472	-48
chr12	6563457	6565893	6563656	2436	6564675	-1218	1218	-1019
chr12	120461457	120464402	120462080	2945	120462929	-1472	1473	-849
chr12	56342696	56346344	56343835	3648	56344520	-1824	1824	-685
chr12	109560130	109562274	109561093	2144	109561202	-1072	1072	-109
chr12	56086571	56090822	56088138	4251	56088696	-2125	2126	-558
chr12	46370707	46373018	46370827	2311	46371862	-1155	1156	-1035
chr12	121809934	121813909	121810826	3975	121811921	-1987	1988	-1095
chr12	121815326	121820885	121819577	5559	121818105	-2779	2780	1472
chr12	57519555	57526255	57525064	6700	57522905	-3350	3350	2159
chr12	112021998	112023375	112022230	1377	112022686	-688	689	-456
chr12	100163744	100167544	100166432	3800	100165644	-1900	1900	788
chr12	55989974	55993607	55992264	3633	55991790	-1816	1817	474
chr12	112148897	112152451	112151892	3554	112150674	-1777	1777	1218
chr12	49563141	49568229	49564779	5088	49565685	-2544	2544	-906
chr12	124908910	124915502	124913399	6592	124912206	-3296	3296	1193
chr12	50130410	50137469	50130587	7059	50133939	-3529	3530	-3352
chr12	6578454	6581171	6578894	2717	6579812	-1358	1359	-918
chr12	52287803	52290466	52287996	2663	52289134	-1331	1332	-1138
chr12	96258870	96259888	96259810	1018	96259379	-509	509	431
chr12	57527681	57530135	57528402	2454	57528908	-1227	1227	-506
chr12	121437911	121443007	121442782	5096	121440459	-2548	2548	2323
chr12	132617879	132624092	132620309	6213	132620985	-3106	3107	-676
chr12	57519555	57526255	57525523	6700	57522905	-3350	3350	2618
chr12	55989974	55993607	55992641	3633	55991790	-1816	1817	851
chr12	119178986	119181132	119179642	2146	119180059	-1073	1073	-417
chr12	124908910	124915502	124912639	6592	124912206	-3296	3296	433
chr12	49553737	49556186	49555795	2449	49554961	-1224	1225	834
chr12	56091361	56096581	56092769	5220	56093971	-2610	2610	-1202
chr12	71662787	71664453	71663227	1666	71663620	-833	833	-393
chr12	49030583	49034206	49030733	3623	49032394	-1811	1812	-1661
chr12	56120388	56122689	56121311	2301	56121538	-1150	1151	-227
chr12	48939868	48942244	48941084	2376	48941056	-1188	1188	28
chr12	132816587	132819835	132816672	3248	132818211	-1624	1624	-1539
chr12	6767353	6771853	6769945	4500	6769603	-2250	2250	342
chr12	6767353	6771853	6770156	4500	6769603	-2250	2250	553
chr12	56314440	56316472	56314920	2032	56315456	-1016	1016	-536
chr12	71753750	71756513	71755284	2763	71755131	-1381	1382	153
chr12	55900722	55903559	55901699	2837	55902140	-1418	1419	-441
chr12	56317368	56321971	56319927	4603	56319669	-2301	2302	258
chr12	6939900	6943679	6940944	3779	6941789	-1889	1890	-845
chr12	56097722	56102514	56098849	4792	56100118	-2396	2396	-1269
chr12	2858256	2861607	2859068	3351	2859931	-1675	1676	-863
chr12	6933139	6938324	6936475	5185	6935731	-2592	2593	744
chr12	6939900	6943679	6940931	3779	6941789	-1889	1890	-858
chr12	6939900	6943679	6941383	3779	6941789	-1889	1890	-406
chr12	6939900	6943679	6941750	3779	6941789	-1889	1890	-39
chr12	53190887	53194619	53193762	3732	53192753	-1866	1866	1009
chr12	55723690	55725009	55724479	1319	55724349	-659	660	130
chr12	55817617	55819993	55817683	2376	55818805	-1188	1188	-1122
chr12	56155108	56159297	56155696	4189	56157202	-2094	2095	-1506
chr12	57731610	57736520	57732935	4910	57734065	-2455	2455	-1130
chr12	6943962	6944845	6944583	883	6944403	-441	442	180
chr12	6578454	6581171	6581141	2717	6579812	-1358	1359	1329
chr12	56599343	56606181	56603677	6838	56602762	-3419	3419	915
chr12	120154935	120158723	120155343	3788	120156829	-1894	1894	-1486
chr12	12716324	12719045	12717835	2721	12717684	-1360	1361	151
chr12	12716324	12719045	12718152	2721	12717684	-1360	1361	468
chr12	14773939	14775891	14775263	1952	14774915	-976	976	348
chr12	50094725	50099260	50098783	4535	50096992	-2267	2268	1791
chr12	55726829	55729610	55727307	2781	55728219	-1390	1391	-912
chr12	56234018	56238448	56235240	4430	56236233	-2215	2215	-993
chr12	57101072	57108599	57102326	7527	57104835	-3763	3764	-2509
chr12	57101072	57108599	57105170	7527	57104835	-3763	3764	335
chr12	57101072	57108599	57107687	7527	57104835	-3763	3764	2852
chr12	113386096	113392622	113387084	6526	113389359	-3263	3263	-2275
chr12	54281748	54284447	54284269	2699	54283097	-1349	1350	1172
chr12	56097722	56102514	56101531	4792	56100118	-2396	2396	1413
chr12	57101072	57108599	57108194	7527	57104835	-3763	3764	3359
chr12	49272639	49273885	49272944	1246	49273262	-623	623	-318
chr12	56155108	56159297	56158491	4189	56157202	-2094	2095	1289
chr12	56314440	56316472	56315142	2032	56315456	-1016	1016	-314
chr12	6933139	6938324	6937005	5185	6935731	-2592	2593	1274
chr12	2937137	2938360	2937640	1223	2937748	-611	612	-108
chr12	6939900	6943679	6941407	3779	6941789	-1889	1890	-382
chr12	31323435	31326127	31325417	2692	31324781	-1346	1346	636
chr12	56342696	56346344	56343454	3648	56344520	-1824	1824	-1066
chr12	6591339	6594266	6592417	2927	6592802	-1463	1464	-385
chr12	49025975	49028516	49027833	2541	49027245	-1270	1271	588
chr12	49272639	49273885	49272990	1246	49273262	-623	623	-272
chr12	108522872	108525222	108524400	2350	108524047	-1175	1175	353
chr12	121000610	121002694	121001247	2084	121001652	-1042	1042	-405
chr12	121217068	121219148	121217137	2080	121218108	-1040	1040	-971
chr12	132617879	132624092	132620264	6213	132620985	-3106	3107	-721
chr12	53065405	53067890	53065931	2485	53066647	-1242	1243	-716
chr12	109951278	109953859	109953100	2581	109952568	-1290	1291	532
chr12	6860428	6862720	6862521	2292	6861574	-1146	1146	947
chr12	56227839	56232891	56231335	5052	56230365	-2526	2526	970
chr12	6230324	6234750	6233424	4426	6232537	-2213	2213	887
chr12	53057221	53064650	53059920	7429	53060935	-3714	3715	-1015
chr12	56091361	56096581	56095751	5220	56093971	-2610	2610	1780
chr12	69737882	69740243	69739800	2361	69739062	-1180	1181	738
chr12	55723690	55725009	55724419	1319	55724349	-659	660	70
chr12	52169964	52174040	52171403	4076	52172002	-2038	2038	-599
chr12	112406397	112408452	112408309	2055	112407424	-1027	1028	885
chr12	6943962	6944845	6944760	883	6944403	-441	442	357
chr12	49030583	49034206	49033829	3623	49032394	-1811	1812	1435
chr12	49022355	49025404	49024634	3049	49023879	-1524	1525	755
chr12	68806919	68809853	68808481	2934	68808386	-1467	1467	95
chr12	121336118	121340384	121337373	4266	121338251	-2133	2133	-878
chr12	131714027	131715222	131714282	1195	131714624	-597	598	-342
chr12	56001962	56008616	56004786	6654	56005289	-3327	3327	-503
chr12	56097722	56102514	56098849	4792	56100118	-2396	2396	-1269
chr12	56176221	56179271	56179017	3050	56177746	-1525	1525	1271
chr12	113386096	113392622	113388533	6526	113389359	-3263	3263	-826
chr12	49563141	49568229	49566474	5088	49565685	-2544	2544	789
chr12	56120388	56122689	56120715	2301	56121538	-1150	1151	-823
chr12	56126774	56129585	56128608	2811	56128179	-1405	1406	429
chr12	56338591	56341911	56339763	3320	56340251	-1660	1660	-488
chr12	56086571	56090822	56088823	4251	56088696	-2125	2126	127
chr12	56126774	56129585	56128460	2811	56128179	-1405	1406	281
chr12	57101072	57108599	57105300	7527	57104835	-3763	3764	465
chr12	112148897	112152451	112149751	3554	112150674	-1777	1777	-923
chr12	53714833	53718250	53715229	3417	53716541	-1708	1709	-1312
chr12	53714833	53718250	53715829	3417	53716541	-1708	1709	-712
chr12	108525372	108529285	108526255	3913	108527328	-1956	1957	-1073
chr12	132783961	132791688	132784144	7727	132787824	-3863	3864	-3680
chr12	109567538	109569951	109568831	2413	109568744	-1206	1207	87
chr12	6933139	6938324	6934493	5185	6935731	-2592	2593	-1238
chr12	53460662	53462092	53461027	1430	53461377	-715	715	-350
chr12	132617879	132624092	132619713	6213	132620985	-3106	3107	-1272
chr12	124908910	124915502	124911923	6592	124912206	-3296	3296	-283
chr12	132077125	132078768	132077664	1643	132077946	-821	822	-282
chr12	3016698	3022962	3021936	6264	3019830	-3132	3132	2106
chr12	57731610	57736520	57734670	4910	57734065	-2455	2455	605
chr12	56132433	56137618	56137552	5185	56135025	-2592	2593	2527
chr12	118032907	118034806	118033897	1899	118033856	-949	950	41
chr12	53057221	53064650	53057667	7429	53060935	-3714	3715	-3268
chr12	56181193	56183498	56181521	2305	56182345	-1152	1153	-824
chr12	109560130	109562274	109561824	2144	109561202	-1072	1072	622
chr12	56724272	56726888	56724458	2616	56725580	-1308	1308	-1122
chr12	1592135	1595391	1593714	3256	1593763	-1628	1628	-49
chr12	6569349	6570722	6570594	1373	6570035	-686	687	559
chr12	47795527	47800324	47797072	4797	47797925	-2398	2399	-853
chr12	48342010	48344318	48343273	2308	48343164	-1154	1154	109
chr12	49272639	49273885	49273144	1246	49273262	-623	623	-118
chr12	49630967	49636488	49631859	5521	49633727	-2760	2761	-1868
chr12	49630967	49636488	49635414	5521	49633727	-2760	2761	1687
chr12	50130410	50137469	50134558	7059	50133939	-3529	3530	619
chr12	51241438	51243335	51242682	1897	51242386	-948	949	296
chr12	53460662	53462092	53461061	1430	53461377	-715	715	-316
chr12	53709496	53714776	53714078	5280	53712136	-2640	2640	1942
chr12	55828249	55831305	55828397	3056	55829777	-1528	1528	-1380
chr12	56097722	56102514	56099979	4792	56100118	-2396	2396	-139
chr12	56155108	56159297	56157858	4189	56157202	-2094	2095	656
chr12	56314440	56316472	56315142	2032	56315456	-1016	1016	-314
chr12	56338591	56341911	56339190	3320	56340251	-1660	1660	-1061
chr12	56354056	56358231	56355510	4175	56356143	-2087	2088	-633
chr12	56599343	56606181	56600089	6838	56602762	-3419	3419	-2673
chr12	57731610	57736520	57732855	4910	57734065	-2455	2455	-1210
chr12	69592547	69595008	69593532	2461	69593777	-1230	1231	-245
chr12	76763121	76766307	76764199	3186	76764714	-1593	1593	-515
chr12	110347512	110350104	110350006	2592	110348808	-1296	1296	1198
chr12	120458553	120461086	120459958	2533	120459819	-1266	1267	139
chr12	122516507	122517786	122517350	1279	122517146	-639	640	204
chr12	124908910	124915502	124912690	6592	124912206	-3296	3296	484
chr12	131942790	131950517	131943719	7727	131946653	-3863	3864	-2934
chr12	132783961	132791688	132784121	7727	132787824	-3863	3864	-3703
chr12	132816587	132819835	132816780	3248	132818211	-1624	1624	-1431
chr12	55817617	55819993	55817728	2376	55818805	-1188	1188	-1077
chr12	116276419	116279385	116277121	2966	116277902	-1483	1483	-781
chr12	49041094	49042700	49042191	1606	49041897	-803	803	294
chr12	49045595	49048539	49046370	2944	49047067	-1472	1472	-697
chr12	132573445	132578588	132574426	5143	132576016	-2571	2572	-1590
chr12	113159239	113162377	113161982	3138	113160808	-1569	1569	1174
chr12	56132433	56137618	56137581	5185	56135025	-2592	2593	2556
chr12	100266150	100268029	100267046	1879	100267089	-939	940	-43
chr12	100266150	100268029	100267047	1879	100267089	-939	940	-42
chr12	2819524	2823210	2820156	3686	2821367	-1843	1843	-1211
chr12	47779066	47783305	47779119	4239	47781185	-2119	2120	-2066
chr12	49030583	49034206	49031295	3623	49032394	-1811	1812	-1099
chr12	56205989	56207385	56206668	1396	56206687	-698	698	-19
chr12	56317368	56321971	56319111	4603	56319669	-2301	2302	-558
chr12	56614479	56616314	56615372	1835	56615396	-917	918	-24
chr12	57101072	57108599	57107313	7527	57104835	-3763	3764	2478
chr12	57533220	57535212	57533968	1992	57534216	-996	996	-248
chr12	69262318	69262758	69262554	440	69262538	-220	220	16
chr12	120563415	120566419	120565167	3004	120564917	-1502	1502	250
chr12	132257743	132263351	132260980	5608	132260547	-2804	2804	433
chr12	57519555	57526255	57525500	6700	57522905	-3350	3350	2595
chr12	113156995	113159177	113158760	2182	113158086	-1091	1091	674
chr12	57763599	57767444	57767005	3845	57765521	-1922	1923	1484
chr12	52169964	52174040	52172287	4076	52172002	-2038	2038	285
chr12	56354056	56358231	56354812	4175	56356143	-2087	2088	-1331
chr12	53714833	53718250	53715299	3417	53716541	-1708	1709	-1242
chr12	56086571	56090822	56088557	4251	56088696	-2125	2126	-139
chr12	52896547	52900449	52898884	3902	52898498	-1951	1951	386
chr12	47783949	47787095	47785694	3146	47785522	-1573	1573	172
chr12	6591339	6594266	6593114	2927	6592802	-1463	1464	312
chr12	49016771	49019074	49018715	2303	49017922	-1151	1152	793
chr12	132617879	132624092	132621702	6213	132620985	-3106	3107	717
chr12	53714833	53718250	53716395	3417	53716541	-1708	1709	-146
chr12	132783961	132791688	132784254	7727	132787824	-3863	3864	-3570
chr12	54180021	54185957	54182931	5936	54182989	-2968	2968	-58
chr12	56097722	56102514	56102145	4792	56100118	-2396	2396	2027
chr12	132617879	132624092	132621313	6213	132620985	-3106	3107	328
chr12	57530984	57532372	57532087	1388	57531678	-694	694	409
chr12	124908910	124915502	124912517	6592	124912206	-3296	3296	311
chr12	104303836	104304780	104303878	944	104304308	-472	472	-430
chr12	53464848	53468070	53467423	3222	53466459	-1611	1611	964
chr12	56001962	56008616	56004652	6654	56005289	-3327	3327	-637
chr12	53709496	53714776	53711934	5280	53712136	-2640	2640	-202
chr12	49030583	49034206	49033411	3623	49032394	-1811	1812	1017
chr12	3016698	3022962	3021911	6264	3019830	-3132	3132	2081
chr12	6969236	6974302	6971072	5066	6971769	-2533	2533	-697
chr12	53187066	53189132	53187748	2066	53188099	-1033	1033	-351
chr12	53190887	53194619	53193333	3732	53192753	-1866	1866	580
chr12	53479728	53483476	53482004	3748	53481602	-1874	1874	402
chr12	54180021	54185957	54183395	5936	54182989	-2968	2968	406
chr12	57821598	57826707	57823614	5109	57824152	-2554	2555	-538
chr12	113281527	113289453	113285921	7926	113285490	-3963	3963	431
chr12	3039555	3043906	3040511	4351	3041730	-2175	2176	-1219
chr12	69573423	69574586	69574090	1163	69574004	-581	582	86
chr12	57519555	57526255	57524304	6700	57522905	-3350	3350	1399
chr12	124908910	124915502	124911850	6592	124912206	-3296	3296	-356
chr12	57763599	57767444	57765422	3845	57765521	-1922	1923	-99
chr12	53057221	53064650	53058452	7429	53060935	-3714	3715	-2483
chr12	56132433	56137618	56134157	5185	56135025	-2592	2593	-868
chr12	56132433	56137618	56132495	5185	56135025	-2592	2593	-2530
chr12	56317368	56321971	56319374	4603	56319669	-2301	2302	-295
chr12	56001962	56008616	56005141	6654	56005289	-3327	3327	-148
chr12	49030583	49034206	49033174	3623	49032394	-1811	1812	780
chr12	56314440	56316472	56316088	2032	56315456	-1016	1016	632
chr12	56001962	56008616	56002248	6654	56005289	-3327	3327	-3041
chr12	56001962	56008616	56002250	6654	56005289	-3327	3327	-3039
chr12	112021998	112023375	112022406	1377	112022686	-688	689	-280
chr12	56097722	56102514	56101808	4792	56100118	-2396	2396	1690
chr12	56354056	56358231	56356569	4175	56356143	-2087	2088	426
chr12	57101072	57108599	57105543	7527	57104835	-3763	3764	708
chr12	120578605	120581408	120581154	2803	120580006	-1401	1402	1148
chr12	54008956	54012581	54011399	3625	54010768	-1812	1813	631
chr12	47965279	47967555	47966685	2276	47966417	-1138	1138	268
chr12	124908910	124915502	124913404	6592	124912206	-3296	3296	1198
chr12	2858256	2861607	2859377	3351	2859931	-1675	1676	-554
chr12	53454646	53455693	53454858	1047	53455169	-523	524	-311
chr12	57527681	57530135	57528676	2454	57528908	-1227	1227	-232
chr12	121809934	121813909	121810826	3975	121811921	-1987	1988	-1095
chr12	132617879	132624092	132621719	6213	132620985	-3106	3107	734
chr12	56338591	56341911	56340175	3320	56340251	-1660	1660	-76
chr12	56614479	56616314	56615594	1835	56615396	-917	918	198
chr12	56097722	56102514	56098849	4792	56100118	-2396	2396	-1269
chr12	69262318	69262758	69262381	440	69262538	-220	220	-157
chr12	111643297	111647483	111644090	4186	111645390	-2093	2093	-1300
chr12	121231585	121235306	121232448	3721	121233445	-1860	1861	-997
chr12	6591339	6594266	6591958	2927	6592802	-1463	1464	-844
chr12	54180021	54185957	54182320	5936	54182989	-2968	2968	-669
chr12	121815326	121820885	121817369	5559	121818105	-2779	2780	-736
chr12	122516507	122517786	122517287	1279	122517146	-639	640	141
chr12	53479728	53483476	53483190	3748	53481602	-1874	1874	1588
chr12	6199467	6204063	6200505	4596	6201765	-2298	2298	-1260
chr12	52241092	52244113	52241515	3021	52242602	-1510	1511	-1087
chr12	57516638	57517655	57517024	1017	57517146	-508	509	-122
chr12	49030583	49034206	49033961	3623	49032394	-1811	1812	1567
chr12	52241092	52244113	52243114	3021	52242602	-1510	1511	512
chr12	122524837	122526923	122526919	2086	122525880	-1043	1043	1039
chr12	56001962	56008616	56003766	6654	56005289	-3327	3327	-1523
chr12	108525372	108529285	108526355	3913	108527328	-1956	1957	-973
chr12	56132433	56137618	56133856	5185	56135025	-2592	2593	-1169
chr12	2819524	2823210	2822887	3686	2821367	-1843	1843	1520
chr12	6326872	6328797	6327312	1925	6327834	-962	963	-522
chr12	57598924	57603426	57600401	4502	57601175	-2251	2251	-774
chr12	120563415	120566419	120565085	3004	120564917	-1502	1502	168
chr12	112165755	112169901	112169625	4146	112167828	-2073	2073	1797
chr12	6537804	6539496	6538176	1692	6538650	-846	846	-474
chr12	53027779	53029810	53027876	2031	53028794	-1015	1016	-918
chr12	53027779	53029810	53028020	2031	53028794	-1015	1016	-774
chr12	53972367	53976330	53975278	3963	53974348	-1981	1982	930
chr12	56091361	56096581	56094516	5220	56093971	-2610	2610	545
chr12	121225785	121229381	121229022	3596	121227583	-1798	1798	1439
chr12	132703125	132707151	132704884	4026	132705138	-2013	2013	-254
chr12	71662787	71664453	71663555	1666	71663620	-833	833	-65
chr12	6767353	6771853	6770605	4500	6769603	-2250	2250	1002
chr12	1592135	1595391	1593719	3256	1593763	-1628	1628	-44
chr12	49030583	49034206	49034167	3623	49032394	-1811	1812	1773
chr12	52896547	52900449	52898830	3902	52898498	-1951	1951	332
chr12	49043708	49045580	49044444	1872	49044644	-936	936	-200
chr12	53709496	53714776	53713718	5280	53712136	-2640	2640	1582
chr12	55749118	55751489	55749559	2371	55750303	-1185	1186	-744
chr12	3292996	3299779	3298260	6783	3296387	-3391	3392	1873
chr12	12716324	12719045	12717897	2721	12717684	-1360	1361	213
chr12	12716324	12719045	12718260	2721	12717684	-1360	1361	576
chr12	49030583	49034206	49031629	3623	49032394	-1811	1812	-765
chr12	57731610	57736520	57735412	4910	57734065	-2455	2455	1347
chr12	122516507	122517786	122517334	1279	122517146	-639	640	188
chr12	124324507	124326810	124324783	2303	124325658	-1151	1152	-875
chr13	26213607	26215550	26214371	1943	26214578	-971	972	-207
chr13	51451223	51455296	51452457	4073	51453259	-2036	2037	-802
chr13	51451223	51455296	51452003	4073	51453259	-2036	2037	-1256
chr13	98445230	98450904	98446141	5674	98448067	-2837	2837	-1926
chr13	19646416	19647802	19646791	1386	19647109	-693	693	-318
chr13	113324572	113327913	113326024	3341	113326242	-1670	1671	-218
chr13	43878087	43881335	43881311	3248	43879711	-1624	1624	1600
chr13	113080489	113087913	113085148	7424	113084201	-3712	3712	947
chr13	21045137	21047729	21046173	2592	21046433	-1296	1296	-260
chr13	25311302	25313246	25312887	1944	25312274	-972	972	613
chr13	19662685	19664787	19663080	2102	19663736	-1051	1051	-656
chr13	98445230	98450904	98448493	5674	98448067	-2837	2837	426
chr13	21146752	21148289	21147405	1537	21147520	-768	769	-115
chr13	51771332	51773316	51771395	1984	51772324	-992	992	-929
chr13	20986734	20989196	20989043	2462	20987965	-1231	1231	1078
chr13	36996802	37001223	37000686	4421	36999012	-2210	2211	1674
chr13	36996802	37001223	37000738	4421	36999012	-2210	2211	1726
chr13	52030593	52033024	52031007	2431	52031808	-1215	1216	-801
chr13	110711040	110716889	110715581	5849	110713964	-2924	2925	1617
chr13	51935066	51938514	51935600	3448	51936790	-1724	1724	-1190
chr13	26213607	26215550	26214413	1943	26214578	-971	972	-165
chr13	27619883	27622605	27621920	2722	27621244	-1361	1361	676
chr13	44434137	44435047	44434184	910	44434592	-455	455	-408
chr13	51582623	51585336	51584715	2713	51583979	-1356	1357	736
chr13	110644918	110647902	110646075	2984	110646410	-1492	1492	-335
chr13	51451223	51455296	51452418	4073	51453259	-2036	2037	-841
chr13	26213607	26215550	26214052	1943	26214578	-971	972	-526
chr13	19861704	19865358	19864159	3654	19863531	-1827	1827	628
chr13	52030593	52033024	52032850	2431	52031808	-1215	1216	1042
chr13	98445230	98450904	98446808	5674	98448067	-2837	2837	-1259
chr13	110711040	110716889	110712890	5849	110713964	-2924	2925	-1074
chr13	110711040	110716889	110715418	5849	110713964	-2924	2925	1454
chr13	21045137	21047729	21045845	2592	21046433	-1296	1296	-588
chr13	21376773	21381738	21381486	4965	21379255	-2482	2483	2231
chr13	110711040	110716889	110715592	5849	110713964	-2924	2925	1628
chr13	113324572	113327913	113326000	3341	113326242	-1670	1671	-242
chr13	26213607	26215550	26213784	1943	26214578	-971	972	-794
chr13	36996802	37001223	37000631	4421	36999012	-2210	2211	1619
chr13	45464725	45467246	45464960	2521	45465985	-1260	1261	-1025
chr13	27619883	27622605	27621907	2722	27621244	-1361	1361	663
chr13	110711040	110716889	110714207	5849	110713964	-2924	2925	243
chr13	110711040	110716889	110715833	5849	110713964	-2924	2925	1869
chr13	26213607	26215550	26215074	1943	26214578	-971	972	496
chr13	21146752	21148289	21147607	1537	21147520	-768	769	87
chr13	52030593	52033024	52030806	2431	52031808	-1215	1216	-1002
chr13	51935066	51938514	51937515	3448	51936790	-1724	1724	725
chr14	22772576	22775111	22774023	2535	22773843	-1267	1268	180
chr14	37590976	37598955	37592035	7979	37594965	-3989	3990	-2930
chr14	77109774	77111569	77109816	1795	77110671	-897	898	-855
chr14	39030787	39032798	39032682	2011	39031792	-1005	1006	890
chr14	24439351	24443282	24442069	3931	24441316	-1965	1966	753
chr14	102040257	102043650	102042725	3393	102041953	-1696	1697	772
chr14	102047666	102050630	102049793	2964	102049148	-1482	1482	645
chr14	102334706	102338843	102335669	4137	102336774	-2068	2069	-1105
chr14	73259675	73264904	73262526	5229	73262289	-2614	2615	237
chr14	24439351	24443282	24442815	3931	24441316	-1965	1966	1499
chr14	72970323	72972463	72971051	2140	72971393	-1070	1070	-342
chr14	73717420	73722089	73717580	4669	73719754	-2334	2335	-2174
chr14	24156801	24158705	24158139	1904	24157753	-952	952	386
chr14	55349560	55352629	55350488	3069	55351094	-1534	1535	-606
chr14	93181158	93186174	93183317	5016	93183666	-2508	2508	-349
chr14	23526329	23531046	23526557	4717	23528687	-2358	2359	-2130
chr14	102013657	102015601	102015312	1944	102014629	-972	972	683
chr14	22870968	22878539	22875953	7571	22874753	-3785	3786	1200
chr14	102047666	102050630	102048613	2964	102049148	-1482	1482	-535
chr14	24174799	24182454	24179459	7655	24178626	-3827	3828	833
chr14	74797511	74799602	74798612	2091	74798556	-1045	1046	56
chr14	102040257	102043650	102042101	3393	102041953	-1696	1697	148
chr14	104712481	104716306	104714318	3825	104714393	-1912	1913	-75
chr14	105173723	105177738	105176748	4015	105175730	-2007	2008	1018
chr14	55349560	55352629	55351825	3069	55351094	-1534	1535	731
chr14	20455593	20458059	20457511	2466	20456826	-1233	1233	685
chr14	21085377	21087584	21087075	2207	21086480	-1103	1104	595
chr14	23358681	23361706	23360827	3025	23360193	-1512	1513	634
chr14	24100431	24104868	24102803	4437	24102649	-2218	2219	154
chr14	93181158	93186174	93183248	5016	93183666	-2508	2508	-418
chr14	69770320	69771886	69771428	1566	69771103	-783	783	325
chr14	37590976	37598955	37592256	7979	37594965	-3989	3990	-2709
chr14	73103189	73105342	73103419	2153	73104265	-1076	1077	-846
chr14	75523840	75526076	75525108	2236	75524958	-1118	1118	150
chr14	39173632	39176689	39175374	3057	39175160	-1528	1529	214
chr14	22840676	22847590	22842413	6914	22844133	-3457	3457	-1720
chr14	37590976	37598955	37592193	7979	37594965	-3989	3990	-2772
chr14	24100431	24104868	24102852	4437	24102649	-2218	2219	203
chr14	21090213	21095907	21091458	5694	21093060	-2847	2847	-1602
chr14	21210691	21212500	21211915	1809	21211595	-904	905	320
chr14	23554939	23558224	23556864	3285	23556581	-1642	1643	283
chr14	23554939	23558224	23557010	3285	23556581	-1642	1643	429
chr14	104767164	104770642	104770340	3478	104768903	-1739	1739	1437
chr14	74797511	74799602	74797785	2091	74798556	-1045	1046	-771
chr14	21502342	21504253	21503079	1911	21503297	-955	956	-218
chr14	100147286	100151346	100149322	4060	100149316	-2030	2030	6
chr14	60720250	60724618	60723484	4368	60722434	-2184	2184	1050
chr14	68791266	68797146	68795280	5880	68794206	-2940	2940	1074
chr14	75134264	75135904	75134775	1640	75135084	-820	820	-309
chr14	39173632	39176689	39176075	3057	39175160	-1528	1529	915
chr14	22840676	22847590	22845318	6914	22844133	-3457	3457	1185
chr14	24428305	24433297	24428938	4992	24430801	-2496	2496	-1863
chr14	24212069	24214183	24214134	2114	24213126	-1057	1057	1008
chr14	104708668	104710615	104709291	1947	104709641	-973	974	-350
chr14	61279399	61281740	61281699	2341	61280569	-1170	1171	1130
chr14	103503301	103511016	103503416	7715	103507158	-3857	3858	-3742
chr14	37590976	37598955	37592035	7979	37594965	-3989	3990	-2930
chr14	75134264	75135904	75134866	1640	75135084	-820	820	-218
chr14	24301047	24305199	24301661	4152	24303123	-2076	2076	-1462
chr14	73711891	73715294	73713038	3403	73713592	-1701	1702	-554
chr14	22840676	22847590	22845320	6914	22844133	-3457	3457	1187
chr14	20455593	20458059	20455930	2466	20456826	-1233	1233	-896
chr14	39177852	39179957	39179098	2105	39178904	-1052	1053	194
chr14	23526329	23531046	23526393	4717	23528687	-2358	2359	-2294
chr14	24174799	24182454	24179423	7655	24178626	-3827	3828	797
chr14	64945345	64949117	64947699	3772	64947231	-1886	1886	468
chr14	103560475	103563773	103562051	3298	103562124	-1649	1649	-73
chr14	21085377	21087584	21085797	2207	21086480	-1103	1104	-683
chr14	24428305	24433297	24431629	4992	24430801	-2496	2496	828
chr14	21090213	21095907	21091449	5694	21093060	-2847	2847	-1611
chr14	65411591	65414608	65411943	3017	65413099	-1508	1509	-1156
chr14	92944557	92947660	92946454	3103	92946108	-1551	1552	346
chr14	102047666	102050630	102048551	2964	102049148	-1482	1482	-597
chr14	22870968	22878539	22872270	7571	22874753	-3785	3786	-2483
chr14	75276674	75281886	75278873	5212	75279280	-2606	2606	-407
chr14	104712481	104716306	104713233	3825	104714393	-1912	1913	-1160
chr14	92930826	92934198	92931254	3372	92932512	-1686	1686	-1258
chr14	21487467	21487898	21487554	431	21487682	-215	216	-128
chr14	22775910	22778916	22778826	3006	22777413	-1503	1503	1413
chr14	52720852	52723150	52720981	2298	52722001	-1149	1149	-1020
chr14	60720250	60724618	60723367	4368	60722434	-2184	2184	933
chr14	90272281	90275170	90272526	2889	90273725	-1444	1445	-1199
chr14	101980856	101986724	101983193	5868	101983790	-2934	2934	-597
chr14	24100431	24104868	24103526	4437	24102649	-2218	2219	877
chr14	91312839	91317873	91314016	5034	91315356	-2517	2517	-1340
chr14	20455593	20458059	20457104	2466	20456826	-1233	1233	278
chr14	102081621	102082982	102082243	1361	102082301	-680	681	-58
chr14	37590976	37598955	37592142	7979	37594965	-3989	3990	-2823
chr14	74663130	74667767	74663995	4637	74665448	-2318	2319	-1453
chr14	74797511	74799602	74799385	2091	74798556	-1045	1046	829
chr14	90405678	90407600	90406167	1922	90406639	-961	961	-472
chr14	68791266	68797146	68793068	5880	68794206	-2940	2940	-1138
chr14	24439351	24443282	24440201	3931	24441316	-1965	1966	-1115
chr14	102926806	102933566	102928853	6760	102930186	-3380	3380	-1333
chr14	75002191	75005988	75002976	3797	75004089	-1898	1899	-1113
chr14	37590976	37598955	37592106	7979	37594965	-3989	3990	-2859
chr14	60720250	60724618	60723639	4368	60722434	-2184	2184	1205
chr14	100147286	100151346	100149502	4060	100149316	-2030	2030	186
chr14	104708668	104710615	104710122	1947	104709641	-973	974	481
chr14	39177852	39179957	39179462	2105	39178904	-1052	1053	558
chr14	24439351	24443282	24442207	3931	24441316	-1965	1966	891
chr14	90396332	90398457	90397173	2125	90397394	-1062	1063	-221
chr14	20455593	20458059	20455659	2466	20456826	-1233	1233	-1167
chr14	101980856	101986724	101985810	5868	101983790	-2934	2934	2020
chr14	24100431	24104868	24102788	4437	24102649	-2218	2219	139
chr14	24174799	24182454	24179659	7655	24178626	-3827	3828	1033
chr14	24096815	24099371	24098436	2556	24098093	-1278	1278	343
chr14	21090213	21095907	21092376	5694	21093060	-2847	2847	-684
chr14	36665555	36667947	36666591	2392	36666751	-1196	1196	-160
chr14	77326283	77327634	77327484	1351	77326958	-675	676	526
chr14	60282588	60283227	60283152	639	60282907	-319	320	245
chr14	24174799	24182454	24182409	7655	24178626	-3827	3828	3783
chr14	24188111	24191629	24189429	3518	24189870	-1759	1759	-441
chr14	54763723	54768986	54764533	5263	54766354	-2631	2632	-1821
chr14	75276674	75281886	75278993	5212	75279280	-2606	2606	-287
chr14	103694780	103702565	103699480	7785	103698672	-3892	3893	808
chr14	23358681	23361706	23360034	3025	23360193	-1512	1513	-159
chr14	24439351	24443282	24439913	3931	24441316	-1965	1966	-1403
chr14	69765765	69769422	69769210	3657	69767593	-1828	1829	1617
chr14	37590976	37598955	37592035	7979	37594965	-3989	3990	-2930
chr14	21090213	21095907	21092389	5694	21093060	-2847	2847	-671
chr14	37590976	37598955	37592107	7979	37594965	-3989	3990	-2858
chr14	24100431	24104868	24103910	4437	24102649	-2218	2219	1261
chr14	24174799	24182454	24182067	7655	24178626	-3827	3828	3441
chr14	24204978	24207962	24206638	2984	24206470	-1492	1492	168
chr14	39177852	39179957	39177903	2105	39178904	-1052	1053	-1001
chr14	90272281	90275170	90272600	2889	90273725	-1444	1445	-1125
chr14	91312839	91317873	91313727	5034	91315356	-2517	2517	-1629
chr14	21429394	21431465	21431228	2071	21430429	-1035	1036	799
chr14	74905060	74910833	74907065	5773	74907946	-2886	2887	-881
chr14	49633140	49638710	49635078	5570	49635925	-2785	2785	-847
chr14	93181158	93186174	93183121	5016	93183666	-2508	2508	-545
chr14	96457995	96459480	96458119	1485	96458737	-742	743	-618
chr14	37590976	37598955	37592107	7979	37594965	-3989	3990	-2858
chr14	37590976	37598955	37592147	7979	37594965	-3989	3990	-2818
chr14	37590976	37598955	37594951	7979	37594965	-3989	3990	-14
chr14	54788942	54791127	54789159	2185	54790034	-1092	1093	-875
chr14	64521469	64523778	64522962	2309	64522623	-1154	1155	339
chr14	92007970	92011857	92010998	3887	92009913	-1943	1944	1085
chr14	93181158	93186174	93183843	5016	93183666	-2508	2508	177
chr14	99508687	99511010	99510399	2323	99509848	-1161	1162	551
chr14	105411124	105414571	105411800	3447	105412847	-1723	1724	-1047
chr14	24174799	24182454	24179882	7655	24178626	-3827	3828	1256
chr14	64751649	64755281	64753641	3632	64753465	-1816	1816	176
chr14	35290705	35293188	35292372	2483	35291946	-1241	1242	426
chr14	102205371	102209790	102208757	4419	102207580	-2209	2210	1177
chr14	24136319	24139271	24139197	2952	24137795	-1476	1476	1402
chr14	24136319	24139271	24138769	2952	24137795	-1476	1476	974
chr14	24290517	24292787	24290916	2270	24291652	-1135	1135	-736
chr14	37590976	37598955	37592045	7979	37594965	-3989	3990	-2920
chr14	92944557	92947660	92946356	3103	92946108	-1551	1552	248
chr14	64751649	64755281	64753737	3632	64753465	-1816	1816	272
chr14	24301047	24305199	24303089	4152	24303123	-2076	2076	-34
chr14	74797511	74799602	74798496	2091	74798556	-1045	1046	-60
chr14	75134264	75135904	75134956	1640	75135084	-820	820	-128
chr14	22840676	22847590	22844386	6914	22844133	-3457	3457	253
chr14	24439351	24443282	24440523	3931	24441316	-1965	1966	-793
chr14	68791266	68797146	68792905	5880	68794206	-2940	2940	-1301
chr14	22775910	22778916	22776273	3006	22777413	-1503	1503	-1140
chr14	23358681	23361706	23358878	3025	23360193	-1512	1513	-1315
chr14	91312839	91317873	91313304	5034	91315356	-2517	2517	-2052
chr14	24290517	24292787	24292646	2270	24291652	-1135	1135	994
chr14	91312839	91317873	91313632	5034	91315356	-2517	2517	-1724
chr14	77022122	77028914	77026664	6792	77025518	-3396	3396	1146
chr14	24188111	24191629	24190646	3518	24189870	-1759	1759	776
chr14	49784615	49786084	49784628	1469	49785349	-734	735	-721
chr14	103560475	103563773	103562076	3298	103562124	-1649	1649	-48
chr14	24301047	24305199	24305002	4152	24303123	-2076	2076	1879
chr14	91312839	91317873	91313199	5034	91315356	-2517	2517	-2157
chr14	93181158	93186174	93184242	5016	93183666	-2508	2508	576
chr14	20455593	20458059	20457416	2466	20456826	-1233	1233	590
chr14	22840676	22847590	22842708	6914	22844133	-3457	3457	-1425
chr14	24156801	24158705	24157553	1904	24157753	-952	952	-200
chr14	24236399	24239111	24238362	2712	24237755	-1356	1356	607
chr14	37590976	37598955	37592108	7979	37594965	-3989	3990	-2857
chr14	39173632	39176689	39176571	3057	39175160	-1528	1529	1411
chr14	64521469	64523778	64521708	2309	64522623	-1154	1155	-915
chr14	64521469	64523778	64522465	2309	64522623	-1154	1155	-158
chr14	74797511	74799602	74798019	2091	74798556	-1045	1046	-537
chr14	93181158	93186174	93183171	5016	93183666	-2508	2508	-495
chr14	103560475	103563773	103560939	3298	103562124	-1649	1649	-1185
chr14	75002191	75005988	75003597	3797	75004089	-1898	1899	-492
chr14	24096815	24099371	24098212	2556	24098093	-1278	1278	119
chr14	55349560	55352629	55352591	3069	55351094	-1534	1535	1497
chr14	74797511	74799602	74798270	2091	74798556	-1045	1046	-286
chr14	68786165	68788502	68787676	2337	68787333	-1168	1169	343
chr14	75134264	75135904	75135862	1640	75135084	-820	820	778
chr14	23554939	23558224	23557274	3285	23556581	-1642	1643	693
chr14	103518305	103523222	103522353	4917	103520763	-2458	2459	1590
chr14	65411591	65414608	65411902	3017	65413099	-1508	1509	-1197
chr14	24174799	24182454	24179676	7655	24178626	-3827	3828	1050
chr14	24301047	24305199	24304580	4152	24303123	-2076	2076	1457
chr14	56617151	56620688	56617192	3537	56618919	-1768	1769	-1727
chr14	73736758	73738373	73737079	1615	73737565	-807	808	-486
chr14	75276674	75281886	75280594	5212	75279280	-2606	2606	1314
chr14	90263485	90267321	90265141	3836	90265403	-1918	1918	-262
chr14	102205371	102209790	102208680	4419	102207580	-2209	2210	1100
chr14	102951916	102956093	102952501	4177	102954004	-2088	2089	-1503
chr14	35312015	35313618	35312977	1603	35312816	-801	802	161
chr14	24307134	24312575	24311608	5441	24309854	-2720	2721	1754
chr14	24191760	24193111	24191812	1351	24192435	-675	676	-623
chr14	24301047	24305199	24302053	4152	24303123	-2076	2076	-1070
chr14	75276674	75281886	75281622	5212	75279280	-2606	2606	2342
chr14	24174799	24182454	24175554	7655	24178626	-3827	3828	-3072
chr14	93181158	93186174	93183708	5016	93183666	-2508	2508	42
chr14	24174799	24182454	24182159	7655	24178626	-3827	3828	3533
chr14	73259675	73264904	73262409	5229	73262289	-2614	2615	120
chr14	73272219	73274038	73272914	1819	73273128	-909	910	-214
chr14	74905060	74910833	74909569	5773	74907946	-2886	2887	1623
chr14	57388722	57391864	57391559	3142	57390293	-1571	1571	1266
chr14	73259675	73264904	73261291	5229	73262289	-2614	2615	-998
chr14	37590976	37598955	37592008	7979	37594965	-3989	3990	-2957
chr14	73961082	73963963	73961314	2881	73962522	-1440	1441	-1208
chr14	102334706	102338843	102335642	4137	102336774	-2068	2069	-1132
chr14	37590976	37598955	37591582	7979	37594965	-3989	3990	-3383
chr14	24174799	24182454	24179868	7655	24178626	-3827	3828	1242
chr14	37590976	37598955	37592256	7979	37594965	-3989	3990	-2709
chr14	75002191	75005988	75004902	3797	75004089	-1898	1899	813
chr14	37590976	37598955	37594942	7979	37594965	-3989	3990	-23
chr14	24236399	24239111	24237068	2712	24237755	-1356	1356	-687
chr14	75002191	75005988	75003567	3797	75004089	-1898	1899	-522
chr14	55349560	55352629	55352377	3069	55351094	-1534	1535	1283
chr14	21210691	21212500	21211342	1809	21211595	-904	905	-253
chr14	68791266	68797146	68792979	5880	68794206	-2940	2940	-1227
chr14	37590976	37598955	37592134	7979	37594965	-3989	3990	-2831
chr14	102205371	102209790	102209233	4419	102207580	-2209	2210	1653
chr14	60972199	60973142	60972270	943	60972670	-471	472	-400
chr14	21424868	21428451	21428196	3583	21426659	-1791	1792	1537
chr14	75276674	75281886	75280062	5212	75279280	-2606	2606	782
chr14	93181158	93186174	93183837	5016	93183666	-2508	2508	171
chr14	93181158	93186174	93184224	5016	93183666	-2508	2508	558
chr14	68786165	68788502	68787876	2337	68787333	-1168	1169	543
chr14	35290705	35293188	35292403	2483	35291946	-1241	1242	457
chr14	75276674	75281886	75281370	5212	75279280	-2606	2606	2090
chr14	24174799	24182454	24182053	7655	24178626	-3827	3828	3427
chr14	24096815	24099371	24098470	2556	24098093	-1278	1278	377
chr14	24439351	24443282	24441019	3931	24441316	-1965	1966	-297
chr14	23554939	23558224	23557247	3285	23556581	-1642	1643	666
chr14	34514366	34520017	34516522	5651	34517191	-2825	2826	-669
chr14	64939070	64940503	64939818	1433	64939786	-716	717	32
chr14	22772576	22775111	22774389	2535	22773843	-1267	1268	546
chr14	37590976	37598955	37592326	7979	37594965	-3989	3990	-2639
chr14	34783367	34785369	34783925	2002	34784368	-1001	1001	-443
chr14	74797511	74799602	74799291	2091	74798556	-1045	1046	735
chr14	77022122	77028914	77026385	6792	77025518	-3396	3396	867
chr14	102926806	102933566	102929505	6760	102930186	-3380	3380	-681
chr14	102984369	102987367	102986532	2998	102985868	-1499	1499	664
chr14	103560475	103563773	103560714	3298	103562124	-1649	1649	-1410
chr15	64702610	64705239	64703031	2629	64703924	-1314	1315	-893
chr15	74628952	74631529	74629776	2577	74630240	-1288	1289	-464
chr15	41455862	41458546	41457825	2684	41457204	-1342	1342	621
chr15	43527364	43530964	43527970	3600	43529164	-1800	1800	-1194
chr15	39579908	39582628	39582296	2720	39581268	-1360	1360	1028
chr15	65382601	65388862	65388519	6261	65385731	-3130	3131	2788
chr15	65382601	65388862	65386057	6261	65385731	-3130	3131	326
chr15	84797637	84803180	84802198	5543	84800408	-2771	2772	1790
chr15	43527364	43530964	43528177	3600	43529164	-1800	1800	-987
chr15	43788688	43796365	43793700	7677	43792526	-3838	3839	1174
chr15	90944411	90948039	90944974	3628	90946225	-1814	1814	-1251
chr15	65331857	65336664	65335378	4807	65334260	-2403	2404	1118
chr15	66778972	66784905	66781987	5933	66781938	-2966	2967	49
chr15	90904903	90908548	90905987	3645	90906725	-1822	1823	-738
chr15	90888521	90894285	90893409	5764	90891403	-2882	2882	2006
chr15	75656685	75661843	75657049	5158	75659264	-2579	2579	-2215
chr15	41455862	41458546	41457876	2684	41457204	-1342	1342	672
chr15	90951225	90954353	90952950	3128	90952789	-1564	1564	161
chr15	41836480	41843900	41842534	7420	41840190	-3710	3710	2344
chr15	74618754	74623819	74619216	5065	74621286	-2532	2533	-2070
chr15	75345909	75353480	75349219	7571	75349694	-3785	3786	-475
chr15	90888521	90894285	90893767	5764	90891403	-2882	2882	2364
chr15	90904903	90908548	90907313	3645	90906725	-1822	1823	588
chr15	74894736	74901341	74896180	6605	74898038	-3302	3303	-1858
chr15	84643442	84646430	84645393	2988	84644936	-1494	1494	457
chr15	65331857	65336664	65335816	4807	65334260	-2403	2404	1556
chr15	74618754	74623819	74619287	5065	74621286	-2532	2533	-1999
chr15	75371185	75374734	75371878	3549	75372959	-1774	1775	-1081
chr15	84797637	84803180	84797952	5543	84800408	-2771	2772	-2456
chr15	90888521	90894285	90893146	5764	90891403	-2882	2882	1743
chr15	40851014	40858545	40853210	7531	40854779	-3765	3766	-1569
chr15	74632540	74634438	74632831	1898	74633489	-949	949	-658
chr15	74835391	74839136	74837201	3745	74837263	-1872	1873	-62
chr15	75354890	75356998	75356843	2108	75355944	-1054	1054	899
chr15	90888521	90894285	90893784	5764	90891403	-2882	2882	2381
chr15	90951225	90954353	90953239	3128	90952789	-1564	1564	450
chr15	89327998	89330483	89328953	2485	89329240	-1242	1243	-287
chr15	49624418	49627632	49625370	3214	49626025	-1607	1607	-655
chr15	63046141	63050902	63048746	4761	63048521	-2380	2381	225
chr15	41566976	41572781	41572494	5805	41569878	-2902	2903	2616
chr15	66503113	66504166	66503435	1053	66503639	-526	527	-204
chr15	40329964	40332652	40331711	2688	40331308	-1344	1344	403
chr15	72195606	72201234	72199735	5628	72198420	-2814	2814	1315
chr15	90877071	90880513	90880209	3442	90878792	-1721	1721	1417
chr15	72755500	72758642	72755606	3142	72757071	-1571	1571	-1465
chr15	39579908	39582628	39582236	2720	39581268	-1360	1360	968
chr15	65326130	65330182	65329561	4052	65328156	-2026	2026	1405
chr15	84621472	84626271	84621817	4799	84623871	-2399	2400	-2054
chr15	89319724	89322636	89321174	2912	89321180	-1456	1456	-6
chr15	75359475	75364149	75359639	4674	75361812	-2337	2337	-2173
chr15	65326130	65330182	65329058	4052	65328156	-2026	2026	902
chr15	65650233	65655050	65653936	4817	65652641	-2408	2409	1295
chr15	66504518	66506468	66505500	1950	66505493	-975	975	7
chr15	75047723	75051748	75049160	4025	75049735	-2012	2013	-575
chr15	43788688	43796365	43792137	7677	43792526	-3838	3839	-389
chr15	43788688	43796365	43792205	7677	43792526	-3838	3839	-321
chr15	65331857	65336664	65335311	4807	65334260	-2403	2404	1051
chr15	72473804	72475475	72474666	1671	72474639	-835	836	27
chr15	90227539	90231216	90228002	3677	90229377	-1838	1839	-1375
chr15	75359475	75364149	75361138	4674	75361812	-2337	2337	-674
chr15	41455862	41458546	41457815	2684	41457204	-1342	1342	611
chr15	41765548	41768947	41766705	3399	41767247	-1699	1700	-542
chr15	75359475	75364149	75361363	4674	75361812	-2337	2337	-449
chr15	41562492	41564648	41562577	2156	41563570	-1078	1078	-993
chr15	51535894	51536131	51535923	237	51536012	-118	119	-89
chr15	81000190	81003342	81003239	3152	81001766	-1576	1576	1473
chr15	74835391	74839136	74838690	3745	74837263	-1872	1873	1427
chr15	65326130	65330182	65328463	4052	65328156	-2026	2026	307
chr15	43788688	43796365	43794973	7677	43792526	-3838	3839	2447
chr15	39587421	39591945	39591255	4524	39589683	-2262	2262	1572
chr15	42408729	42412566	42412220	3837	42410647	-1918	1919	1573
chr15	65326130	65330182	65329443	4052	65328156	-2026	2026	1287
chr15	43788688	43796365	43795620	7677	43792526	-3838	3839	3094
chr15	89327998	89330483	89330200	2485	89329240	-1242	1243	960
chr15	74618754	74623819	74622496	5065	74621286	-2532	2533	1210
chr15	64153289	64158974	64156900	5685	64156131	-2842	2843	769
chr15	40452989	40460305	40458952	7316	40456647	-3658	3658	2305
chr15	41566976	41572781	41571087	5805	41569878	-2902	2903	1209
chr15	65326130	65330182	65329564	4052	65328156	-2026	2026	1408
chr15	88467587	88471343	88467595	3756	88469465	-1878	1878	-1870
chr15	72473804	72475475	72474975	1671	72474639	-835	836	336
chr15	40452989	40460305	40458764	7316	40456647	-3658	3658	2117
chr15	40766125	40771496	40771419	5371	40768810	-2685	2686	2609
chr15	52263218	52267746	52264205	4528	52265482	-2264	2264	-1277
chr15	40743080	40749349	40745216	6269	40746214	-3134	3135	-998
chr15	90888521	90894285	90889624	5764	90891403	-2882	2882	-1779
chr15	39587421	39591945	39589905	4524	39589683	-2262	2262	222
chr15	40452989	40460305	40458783	7316	40456647	-3658	3658	2136
chr15	45148650	45153718	45151190	5068	45151184	-2534	2534	6
chr15	90904903	90908548	90905637	3645	90906725	-1822	1823	-1088
chr15	40743080	40749349	40745228	6269	40746214	-3134	3135	-986
chr15	41566976	41572781	41568269	5805	41569878	-2902	2903	-1609
chr15	41836480	41843900	41836936	7420	41840190	-3710	3710	-3254
chr15	66702227	66704543	66702382	2316	66703385	-1158	1158	-1003
chr15	70096189	70098303	70096823	2114	70097246	-1057	1057	-423
chr15	92998137	93000821	93000594	2684	92999479	-1342	1342	1115
chr15	64949607	64951180	64949897	1573	64950393	-786	787	-496
chr15	48330860	48332403	48331581	1543	48331631	-771	772	-50
chr15	72755500	72758642	72756381	3142	72757071	-1571	1571	-690
chr15	41836480	41843900	41840199	7420	41840190	-3710	3710	9
chr15	40766125	40771496	40768027	5371	40768810	-2685	2686	-783
chr15	52235751	52237649	52237541	1898	52236700	-949	949	841
chr15	40766125	40771496	40768036	5371	40768810	-2685	2686	-774
chr15	41765548	41768947	41767850	3399	41767247	-1699	1700	603
chr15	90877071	90880513	90880169	3442	90878792	-1721	1721	1377
chr15	75679603	75685815	75685657	6212	75682709	-3106	3106	2948
chr15	43399874	43403076	43401746	3202	43401475	-1601	1601	271
chr15	75354890	75356998	75356828	2108	75355944	-1054	1054	884
chr15	90944411	90948039	90944952	3628	90946225	-1814	1814	-1273
chr15	66503113	66504166	66503258	1053	66503639	-526	527	-381
chr15	90270058	90271778	90271387	1720	90270918	-860	860	469
chr15	90641285	90643891	90642024	2606	90642588	-1303	1303	-564
chr15	40465508	40469738	40466021	4230	40467623	-2115	2115	-1602
chr15	41455862	41458546	41457732	2684	41457204	-1342	1342	528
chr15	41908315	41912972	41909846	4657	41910643	-2328	2329	-797
chr15	42140193	42143679	42141891	3486	42141936	-1743	1743	-45
chr15	43527364	43530964	43529736	3600	43529164	-1800	1800	572
chr15	45148650	45153718	45152377	5068	45151184	-2534	2534	1193
chr15	52244710	52249136	52248780	4426	52246923	-2213	2213	1857
chr15	65650233	65655050	65650716	4817	65652641	-2408	2409	-1925
chr15	74618754	74623819	74619268	5065	74621286	-2532	2533	-2018
chr15	74835391	74839136	74838718	3745	74837263	-1872	1873	1455
chr15	90083451	90085471	90084174	2020	90084461	-1010	1010	-287
chr15	90958766	90962964	90961747	4198	90960865	-2099	2099	882
chr15	43788688	43796365	43795607	7677	43792526	-3838	3839	3081
chr15	65590282	65591907	65591717	1625	65591094	-812	813	623
chr15	64149074	64152651	64152626	3577	64150862	-1788	1789	1764
chr15	40851014	40858545	40855959	7531	40854779	-3765	3766	1180
chr15	41576154	41578761	41578041	2607	41577457	-1303	1304	584
chr15	40851014	40858545	40853177	7531	40854779	-3765	3766	-1602
chr15	43527364	43530964	43528293	3600	43529164	-1800	1800	-871
chr15	43788688	43796365	43795441	7677	43792526	-3838	3839	2915
chr15	70096189	70098303	70096702	2114	70097246	-1057	1057	-544
chr15	42408729	42412566	42411324	3837	42410647	-1918	1919	677
chr15	41765548	41768947	41766015	3399	41767247	-1699	1700	-1232
chr15	74894736	74901341	74897711	6605	74898038	-3302	3303	-327
chr15	39587421	39591945	39591567	4524	39589683	-2262	2262	1884
chr15	75354890	75356998	75354979	2108	75355944	-1054	1054	-965
chr15	84797637	84803180	84798442	5543	84800408	-2771	2772	-1966
chr15	90888521	90894285	90893657	5764	90891403	-2882	2882	2254
chr15	40452989	40460305	40458567	7316	40456647	-3658	3658	1920
chr15	72249947	72252345	72250017	2398	72251146	-1199	1199	-1129
chr15	75359475	75364149	75359713	4674	75361812	-2337	2337	-2099
chr15	45148650	45153718	45152332	5068	45151184	-2534	2534	1148
chr15	84643442	84646430	84645452	2988	84644936	-1494	1494	516
chr15	90888521	90894285	90893810	5764	90891403	-2882	2882	2407
chr15	70047849	70052287	70049928	4438	70050068	-2219	2219	-140
chr15	65650233	65655050	65650931	4817	65652641	-2408	2409	-1710
chr15	64153289	64158974	64156430	5685	64156131	-2842	2843	299
chr15	75345909	75353480	75349230	7571	75349694	-3785	3786	-464
chr15	74835391	74839136	74838336	3745	74837263	-1872	1873	1073
chr15	90951225	90954353	90953170	3128	90952789	-1564	1564	381
chr15	90929609	90931480	90931177	1871	90930544	-935	936	633
chr15	40851014	40858545	40857000	7531	40854779	-3765	3766	2221
chr15	43527364	43530964	43529308	3600	43529164	-1800	1800	144
chr15	90888521	90894285	90892741	5764	90891403	-2882	2882	1338
chr15	63594448	63598402	63597452	3954	63596425	-1977	1977	1027
chr15	90944411	90948039	90947749	3628	90946225	-1814	1814	1524
chr15	41765548	41768947	41766349	3399	41767247	-1699	1700	-898
chr15	90917671	90920571	90918339	2900	90919121	-1450	1450	-782
chr15	75345909	75353480	75348987	7571	75349694	-3785	3786	-707
chr15	66778972	66784905	66781069	5933	66781938	-2966	2967	-869
chr15	40465508	40469738	40466347	4230	40467623	-2115	2115	-1276
chr15	64153289	64158974	64156859	5685	64156131	-2842	2843	728
chr15	75656685	75661843	75657206	5158	75659264	-2579	2579	-2058
chr15	41566976	41572781	41567472	5805	41569878	-2902	2903	-2406
chr15	90877071	90880513	90879473	3442	90878792	-1721	1721	681
chr15	50492838	50494441	50494233	1603	50493639	-801	802	594
chr15	65382601	65388862	65384368	6261	65385731	-3130	3131	-1363
chr15	90888521	90894285	90889521	5764	90891403	-2882	2882	-1882
chr15	43527364	43530964	43528442	3600	43529164	-1800	1800	-722
chr15	74835391	74839136	74838723	3745	74837263	-1872	1873	1460
chr15	50492838	50494441	50493874	1603	50493639	-801	802	235
chr15	45148650	45153718	45151915	5068	45151184	-2534	2534	731
chr15	74835391	74839136	74838176	3745	74837263	-1872	1873	913
chr16	28586169	28593471	28592369	7302	28589820	-3651	3651	2549
chr16	30062636	30066263	30065810	3627	30064449	-1813	1814	1361
chr16	85669771	85672580	85671085	2809	85671175	-1404	1405	-90
chr16	88855998	88858993	88858790	2995	88857495	-1497	1498	1295
chr16	67611005	67613167	67612020	2162	67612086	-1081	1081	-66
chr16	3288292	3290038	3289713	1746	3289165	-873	873	548
chr16	4271610	4274244	4272763	2634	4272927	-1317	1317	-164
chr16	58498418	58505394	58503926	6976	58501906	-3488	3488	2020
chr16	72787162	72789386	72787252	2224	72788274	-1112	1112	-1022
chr16	58663623	58669481	58667286	5858	58666552	-2929	2929	734
chr16	1959125	1966168	1961612	7043	1962646	-3521	3522	-1034
chr16	10531814	10534170	10533028	2356	10532992	-1178	1178	36
chr16	10922171	10925851	10922414	3680	10924011	-1840	1840	-1597
chr16	66729236	66733182	66730181	3946	66731209	-1973	1973	-1028
chr16	69657437	69660025	69659862	2588	69658731	-1294	1294	1131
chr16	69936157	69940225	69940170	4068	69938191	-2034	2034	1979
chr16	89289966	89292515	89290737	2549	89291240	-1274	1275	-503
chr16	67611005	67613167	67611604	2162	67612086	-1081	1081	-482
chr16	68692259	68696902	68695286	4643	68694580	-2321	2322	706
chr16	70254291	70259651	70259149	5360	70256971	-2680	2680	2178
chr16	20735735	20737765	20736516	2030	20736750	-1015	1015	-234
chr16	28497674	28503397	28497990	5723	28500535	-2861	2862	-2545
chr16	57990061	57997553	57997034	7492	57993807	-3746	3746	3227
chr16	85655107	85657930	85655835	2823	85656518	-1411	1412	-683
chr16	89284260	89287126	89285635	2866	89285693	-1433	1433	-58
chr16	70478421	70483634	70479756	5213	70481027	-2606	2607	-1271
chr16	30381003	30383713	30381464	2710	30382358	-1355	1355	-894
chr16	28832080	28838312	28833210	6232	28835196	-3116	3116	-1986
chr16	28497674	28503397	28498525	5723	28500535	-2861	2862	-2010
chr16	67611005	67613167	67611515	2162	67612086	-1081	1081	-571
chr16	1365773	1371577	1370054	5804	1368675	-2902	2902	1379
chr16	28832080	28838312	28833196	6232	28835196	-3116	3116	-2000
chr16	31487340	31490193	31488290	2853	31488766	-1426	1427	-476
chr16	30182803	30190232	30186437	7429	30186517	-3714	3715	-80
chr16	1697559	1699736	1699023	2177	1698647	-1088	1089	376
chr16	74471657	74473759	74472383	2102	74472708	-1051	1051	-325
chr16	30889949	30893482	30893252	3533	30891715	-1766	1767	1537
chr16	89284260	89287126	89285500	2866	89285693	-1433	1433	-193
chr16	57469630	57476418	57470991	6788	57473024	-3394	3394	-2033
chr16	28832080	28838312	28832356	6232	28835196	-3116	3116	-2840
chr16	1361273	1364144	1362657	2871	1362708	-1435	1436	-51
chr16	89738113	89741017	89740290	2904	89739565	-1452	1452	725
chr16	30761511	30763962	30761604	2451	30762736	-1225	1226	-1132
chr16	4759564	4764820	4762752	5256	4762192	-2628	2628	560
chr16	18853555	18855910	18853754	2355	18854732	-1177	1178	-978
chr16	31487340	31490193	31489217	2853	31488766	-1426	1427	451
chr16	28832080	28838312	28835097	6232	28835196	-3116	3116	-99
chr16	68353010	68360872	68358590	7862	68356941	-3931	3931	1649
chr16	19113540	19116200	19115740	2660	19114870	-1330	1330	870
chr16	28829637	28831079	28830759	1442	28830358	-721	721	401
chr16	68736273	68738936	68738315	2663	68737604	-1331	1332	711
chr16	30381003	30383713	30382296	2710	30382358	-1355	1355	-62
chr16	28829637	28831079	28830995	1442	28830358	-721	721	637
chr16	8734789	8740962	8735749	6173	8737875	-3086	3087	-2126
chr16	2282462	2285839	2284367	3377	2284150	-1688	1689	217
chr16	67611005	67613167	67611195	2162	67612086	-1081	1081	-891
chr16	28984813	28992064	28985418	7251	28988438	-3625	3626	-3020
chr16	15606768	15608941	15608485	2173	15607854	-1086	1087	631
chr16	24822664	24823982	24823887	1318	24823323	-659	659	564
chr16	30722456	30723500	30723071	1044	30722978	-522	522	93
chr16	31091027	31096534	31093406	5507	31093780	-2753	2754	-374
chr16	646228	650683	647983	4455	648455	-2227	2228	-472
chr16	18788032	18791633	18788988	3601	18789832	-1800	1801	-844
chr16	22324751	22327672	22326123	2921	22326211	-1460	1461	-88
chr16	284032	287503	285568	3471	285767	-1735	1736	-199
chr16	628162	632343	631257	4181	630252	-2090	2091	1005
chr16	646228	650683	648297	4455	648455	-2227	2228	-158
chr16	1434288	1438866	1436792	4578	1436577	-2289	2289	215
chr16	3660301	3664971	3662869	4670	3662636	-2335	2335	233
chr16	31036732	31043319	31039808	6587	31040025	-3293	3294	-217
chr16	31487340	31490193	31488855	2853	31488766	-1426	1427	89
chr16	57990061	57997553	57997019	7492	57993807	-3746	3746	3212
chr16	67027380	67030346	67029781	2966	67028863	-1483	1483	918
chr16	67878599	67882170	67879900	3571	67880384	-1785	1786	-484
chr16	69936157	69940225	69939114	4068	69938191	-2034	2034	923
chr16	74997083	75000931	75000048	3848	74999007	-1924	1924	1041
chr16	75231844	75239844	75236934	8000	75235844	-4000	4000	1090
chr16	1442531	1449768	1443973	7237	1446149	-3618	3619	-2176
chr16	28483594	28490242	28488646	6648	28486918	-3324	3324	1728
chr16	31492858	31495892	31493182	3034	31494375	-1517	1517	-1193
chr16	68736273	68738936	68738315	2663	68737604	-1331	1332	711
chr16	31122285	31129104	31127087	6819	31125694	-3409	3410	1393
chr16	173302	177107	173496	3805	175204	-1902	1903	-1708
chr16	1450183	1453232	1451627	3049	1451707	-1524	1525	-80
chr16	27499723	27502447	27501345	2724	27501085	-1362	1362	260
chr16	30068401	30074981	30069641	6580	30071691	-3290	3290	-2050
chr16	30358036	30360133	30359619	2097	30359084	-1048	1049	535
chr16	31465835	31468841	31466041	3006	31467338	-1503	1503	-1297
chr16	67728283	67732358	67731172	4075	67730320	-2037	2038	852
chr16	70254291	70259651	70258127	5360	70256971	-2680	2680	1156
chr16	70684326	70688707	70688195	4381	70686516	-2190	2191	1679
chr16	75231844	75239844	75237268	8000	75235844	-4000	4000	1424
chr16	75565960	75567787	75566513	1827	75566873	-913	914	-360
chr16	89281135	89284093	89281719	2958	89282614	-1479	1479	-895
chr16	4458259	4461936	4461768	3677	4460097	-1838	1839	1671
chr16	84067122	84069658	84067796	2536	84068390	-1268	1268	-594
chr16	68736273	68738936	68738315	2663	68737604	-1331	1332	711
chr16	67611005	67613167	67611405	2162	67612086	-1081	1081	-681
chr16	4889741	4897034	4892090	7293	4893387	-3646	3647	-1297
chr16	4354715	4358889	4354944	4174	4356802	-2087	2087	-1858
chr16	28586169	28593471	28591627	7302	28589820	-3651	3651	1807
chr16	89742758	89745913	89742935	3155	89744335	-1577	1578	-1400
chr16	30761511	30763962	30763164	2451	30762736	-1225	1226	428
chr16	58515032	58518254	58516653	3222	58516643	-1611	1611	10
chr16	68556453	68560206	68558028	3753	68558329	-1876	1877	-301
chr16	8643392	8649003	8646337	5611	8646197	-2805	2806	140
chr16	57752812	57758263	57755212	5451	57755537	-2725	2726	-325
chr16	29811711	29817697	29816807	5986	29814704	-2993	2993	2103
chr16	30523214	30530505	30524568	7291	30526859	-3645	3646	-2291
chr16	28984813	28992064	28986164	7251	28988438	-3625	3626	-2274
chr16	30722456	30723500	30722639	1044	30722978	-522	522	-339
chr16	89281135	89284093	89282698	2958	89282614	-1479	1479	84
chr16	57752812	57758263	57752902	5451	57755537	-2725	2726	-2635
chr16	85090403	85096139	85093407	5736	85093271	-2868	2868	136
chr16	89562010	89564667	89562346	2657	89563338	-1328	1329	-992
chr16	284032	287503	286659	3471	285767	-1735	1736	892
chr16	28872810	28875732	28873728	2922	28874271	-1461	1461	-543
chr16	31465835	31468841	31466607	3006	31467338	-1503	1503	-731
chr16	31487340	31490193	31487681	2853	31488766	-1426	1427	-1085
chr16	57651993	57655794	57655470	3801	57653893	-1900	1901	1577
chr16	29804322	29808524	29807666	4202	29806423	-2101	2101	1243
chr16	67027380	67030346	67029752	2966	67028863	-1483	1483	889
chr16	28838528	28846122	28844257	7594	28842325	-3797	3797	1932
chr16	2768472	2772733	2770354	4261	2770602	-2130	2131	-248
chr16	57469630	57476418	57473356	6788	57473024	-3394	3394	332
chr16	2966010	2972404	2971110	6394	2969207	-3197	3197	1903
chr16	67027380	67030346	67029410	2966	67028863	-1483	1483	547
chr16	30963146	30967856	30964243	4710	30965501	-2355	2355	-1258
chr16	67611005	67613167	67612016	2162	67612086	-1081	1081	-70
chr16	70478421	70483634	70482749	5213	70481027	-2606	2607	1722
chr16	30381003	30383713	30381118	2710	30382358	-1355	1355	-1240
chr16	67611005	67613167	67611615	2162	67612086	-1081	1081	-471
chr16	4688036	4694986	4689252	6950	4691511	-3475	3475	-2259
chr16	30381003	30383713	30381025	2710	30382358	-1355	1355	-1333
chr16	69130865	69133680	69132128	2815	69132272	-1407	1408	-144
chr16	30753550	30760117	30759682	6567	30756833	-3283	3284	2849
chr16	793150	795905	794160	2755	794527	-1377	1378	-367
chr16	4858319	4860489	4858648	2170	4859404	-1085	1085	-756
chr16	25256943	25258525	25257065	1582	25257734	-791	791	-669
chr16	27226660	27232027	27226741	5367	27229343	-2683	2684	-2602
chr16	30358036	30360133	30358445	2097	30359084	-1048	1049	-639
chr16	30963146	30967856	30964988	4710	30965501	-2355	2355	-513
chr16	89738113	89741017	89739940	2904	89739565	-1452	1452	375
chr16	89738113	89741017	89740290	2904	89739565	-1452	1452	725
chr16	28904484	28907031	28905507	2547	28905757	-1273	1274	-250
chr16	31190636	31194669	31191099	4033	31192652	-2016	2017	-1553
chr16	2270436	2274870	2271798	4434	2272653	-2217	2217	-855
chr16	67611005	67613167	67612019	2162	67612086	-1081	1081	-67
chr16	28912393	28917138	28914488	4745	28914765	-2372	2373	-277
chr16	30381003	30383713	30382151	2710	30382358	-1355	1355	-207
chr16	8643392	8649003	8646324	5611	8646197	-2805	2806	127
chr16	3055091	3060102	3056011	5011	3057596	-2505	2506	-1585
chr16	30708751	30711193	30711032	2442	30709972	-1221	1221	1060
chr16	57990061	57997553	57997194	7492	57993807	-3746	3746	3387
chr16	67149143	67156537	67149740	7394	67152840	-3697	3697	-3100
chr16	1450183	1453232	1450620	3049	1451707	-1524	1525	-1087
chr16	30708751	30711193	30709994	2442	30709972	-1221	1221	22
chr16	89738113	89741017	89739976	2904	89739565	-1452	1452	411
chr16	68736273	68738936	68738315	2663	68737604	-1331	1332	711
chr16	31036732	31043319	31039644	6587	31040025	-3293	3294	-381
chr16	2759719	2762104	2761895	2385	2760911	-1192	1193	984
chr16	87412777	87415443	87413116	2666	87414110	-1333	1333	-994
chr16	1980953	1988494	1986125	7541	1984723	-3770	3771	1402
chr16	31199384	31201918	31201740	2534	31200651	-1267	1267	1089
chr16	72787162	72789386	72787516	2224	72788274	-1112	1112	-758
chr16	85609962	85614727	85613344	4765	85612344	-2382	2383	1000
chr16	30523214	30530505	30524845	7291	30526859	-3645	3646	-2014
chr16	22324751	22327672	22326164	2921	22326211	-1460	1461	-47
chr16	29808851	29810382	29810205	1531	29809616	-765	766	589
chr16	68736273	68738936	68738315	2663	68737604	-1331	1332	711
chr16	68736273	68738936	68738315	2663	68737604	-1331	1332	711
chr16	1978930	1980663	1979830	1733	1979796	-866	867	34
chr16	19113540	19116200	19116066	2660	19114870	-1330	1330	1196
chr16	67636170	67638382	67637747	2212	67637276	-1106	1106	471
chr16	69317979	69322237	69321139	4258	69320108	-2129	2129	1031
chr16	89870559	89874430	89873587	3871	89872494	-1935	1936	1093
chr16	1361273	1364144	1362631	2871	1362708	-1435	1436	-77
chr16	15032781	15036463	15036183	3682	15034622	-1841	1841	1561
chr16	4622923	4625896	4624987	2973	4624409	-1486	1487	578
chr16	28829637	28831079	28830692	1442	28830358	-721	721	334
chr16	15606768	15608941	15608512	2173	15607854	-1086	1087	658
chr16	29999770	30003880	30001461	4110	30001825	-2055	2055	-364
chr16	30381003	30383713	30381067	2710	30382358	-1355	1355	-1291
chr16	30358036	30360133	30359071	2097	30359084	-1048	1049	-13
chr16	67724640	67726891	67726099	2251	67725765	-1125	1126	334
chr16	30753550	30760117	30759044	6567	30756833	-3283	3284	2211
chr16	57469630	57476418	57474001	6788	57473024	-3394	3394	977
chr16	75656022	75657040	75656333	1018	75656531	-509	509	-198
chr16	30068401	30074981	30069855	6580	30071691	-3290	3290	-1836
chr16	28877326	28879696	28878675	2370	28878511	-1185	1185	164
chr16	28832080	28838312	28836271	6232	28835196	-3116	3116	1075
chr16	4901789	4905013	4904016	3224	4903401	-1612	1612	615
chr16	30928180	30935330	30930268	7150	30931755	-3575	3575	-1487
chr16	1816453	1823145	1816965	6692	1819799	-3346	3346	-2834
chr16	89284260	89287126	89285561	2866	89285693	-1433	1433	-132
chr16	70462064	70468050	70463695	5986	70465057	-2993	2993	-1362
chr16	1816453	1823145	1819957	6692	1819799	-3346	3346	158
chr16	4510154	4515089	4512820	4935	4512621	-2467	2468	199
chr16	30652605	30657065	30652987	4460	30654835	-2230	2230	-1848
chr16	1196625	1203045	1201677	6420	1199835	-3210	3210	1842
chr16	67611005	67613167	67612019	2162	67612086	-1081	1081	-67
chr16	69936157	69940225	69939886	4068	69938191	-2034	2034	1695
chr16	67611005	67613167	67611509	2162	67612086	-1081	1081	-577
chr16	89273292	89279892	89275169	6600	89276592	-3300	3300	-1423
chr16	30753550	30760117	30757481	6567	30756833	-3283	3284	648
chr16	3055091	3060102	3057151	5011	3057596	-2505	2506	-445
chr16	1492737	1499307	1494311	6570	1496022	-3285	3285	-1711
chr16	2711770	2716397	2712621	4627	2714083	-2313	2314	-1462
chr16	2711770	2716397	2712725	4627	2714083	-2313	2314	-1358
chr16	30068401	30074981	30070083	6580	30071691	-3290	3290	-1608
chr16	30764376	30767232	30766777	2856	30765804	-1428	1428	973
chr16	67190909	67196477	67194743	5568	67193693	-2784	2784	1050
chr16	70365375	70366543	70366161	1168	70365959	-584	584	202
chr16	83910023	83917933	83915082	7910	83913978	-3955	3955	1104
chr16	85680444	85682679	85681671	2235	85681561	-1117	1118	110
chr16	30780760	30782163	30781855	1403	30781461	-701	702	394
chr16	30552109	30557344	30555676	5235	30554726	-2617	2618	950
chr16	69327055	69332382	69328926	5327	69329718	-2663	2664	-792
chr16	85660431	85665896	85662888	5465	85663163	-2732	2733	-275
chr16	75656022	75657040	75656250	1018	75656531	-509	509	-281
chr16	1434288	1438866	1438632	4578	1436577	-2289	2289	2055
chr16	70534131	70535584	70535320	1453	70534857	-726	727	463
chr16	88731457	88739128	88737806	7671	88735292	-3835	3836	2514
chr16	29811711	29817697	29816458	5986	29814704	-2993	2993	1754
chr16	4880899	4887501	4883761	6602	4884200	-3301	3301	-439
chr16	284032	287503	285197	3471	285767	-1735	1736	-570
chr16	68292977	68298169	68296651	5192	68295573	-2596	2596	1078
chr16	29808851	29810382	29809558	1531	29809616	-765	766	-58
chr16	2070465	2076837	2076576	6372	2073651	-3186	3186	2925
chr16	67149143	67156537	67149496	7394	67152840	-3697	3697	-3344
chr16	2070465	2076837	2072249	6372	2073651	-3186	3186	-1402
chr16	28838528	28846122	28842979	7594	28842325	-3797	3797	654
chr16	4688036	4694986	4693810	6950	4691511	-3475	3475	2299
chr16	67743519	67745655	67744409	2136	67744587	-1068	1068	-178
chr16	2261938	2266817	2262305	4879	2264377	-2439	2440	-2072
chr16	58507462	58513079	58509310	5617	58510270	-2808	2809	-960
chr16	67664315	67668740	67668069	4425	67666527	-2212	2213	1542
chr16	2039835	2043287	2040175	3452	2041561	-1726	1726	-1386
chr16	70260196	70261653	70261109	1457	70260924	-728	729	185
chr16	3660301	3664971	3664412	4670	3662636	-2335	2335	1776
chr16	4880899	4887501	4885678	6602	4884200	-3301	3301	1478
chr16	30602880	30605973	30604985	3093	30604426	-1546	1547	559
chr16	30602880	30605973	30604616	3093	30604426	-1546	1547	190
chr16	4510154	4515089	4513800	4935	4512621	-2467	2468	1179
chr16	30780760	30782163	30782016	1403	30781461	-701	702	555
chr16	30663823	30669859	30667592	6036	30666841	-3018	3018	751
chr16	75109654	75113268	75112648	3614	75111461	-1807	1807	1187
chr16	89738113	89741017	89738816	2904	89739565	-1452	1452	-749
chr16	2282462	2285839	2284816	3377	2284150	-1688	1689	666
chr16	24789977	24792081	24791138	2104	24791029	-1052	1052	109
chr16	70676427	70682201	70679834	5774	70679314	-2887	2887	520
chr16	29808851	29810382	29810104	1531	29809616	-765	766	488
chr16	28586169	28593471	28591993	7302	28589820	-3651	3651	2173
chr16	58498418	58505394	58504610	6976	58501906	-3488	3488	2704
chr16	646228	650683	648415	4455	648455	-2227	2228	-40
chr16	30068401	30074981	30070275	6580	30071691	-3290	3290	-1416
chr16	30652605	30657065	30654869	4460	30654835	-2230	2230	34
chr16	58498418	58505394	58503862	6976	58501906	-3488	3488	1956
chr16	89870559	89874430	89873810	3871	89872494	-1935	1936	1316
chr16	2711770	2716397	2713622	4627	2714083	-2313	2314	-461
chr16	84479557	84482663	84480629	3106	84481110	-1553	1553	-481
chr16	3288292	3290038	3289518	1746	3289165	-873	873	353
chr16	30963146	30967856	30965831	4710	30965501	-2355	2355	330
chr16	74997083	75000931	75000088	3848	74999007	-1924	1924	1081
chr16	67269788	67271831	67270746	2043	67270809	-1021	1022	-63
chr16	67878599	67882170	67879109	3571	67880384	-1785	1786	-1275
chr16	2184491	2188869	2186790	4378	2186680	-2189	2189	110
chr16	11913819	11916936	11915547	3117	11915377	-1558	1559	170
chr16	30062636	30066263	30065810	3627	30064449	-1813	1814	1361
chr16	87866791	87870288	87868952	3497	87868539	-1748	1749	413
chr16	30068401	30074981	30068838	6580	30071691	-3290	3290	-2853
chr16	30663823	30669859	30664722	6036	30666841	-3018	3018	-2119
chr16	30978687	30981767	30980094	3080	30980227	-1540	1540	-133
chr16	628162	632343	630025	4181	630252	-2090	2091	-227
chr16	628162	632343	630232	4181	630252	-2090	2091	-20
chr16	4271610	4274244	4272753	2634	4272927	-1317	1317	-174
chr16	28872810	28875732	28873450	2922	28874271	-1461	1461	-821
chr16	30523214	30530505	30525981	7291	30526859	-3645	3646	-878
chr16	30532477	30535754	30532670	3277	30534115	-1638	1639	-1445
chr16	57770289	57774454	57771353	4165	57772371	-2082	2083	-1018
chr16	72793149	72796195	72795726	3046	72794672	-1523	1523	1054
chr16	89899124	89906062	89904269	6938	89902593	-3469	3469	1676
chr16	1365773	1371577	1367658	5804	1368675	-2902	2902	-1017
chr16	30068401	30074981	30068649	6580	30071691	-3290	3290	-3042
chr16	30532477	30535754	30534252	3277	30534115	-1638	1639	137
chr16	31112887	31120243	31117662	7356	31116565	-3678	3678	1097
chr16	84067122	84069658	84068385	2536	84068390	-1268	1268	-5
chr16	30978687	30981767	30981139	3080	30980227	-1540	1540	912
chr16	77190314	77195460	77193546	5146	77192887	-2573	2573	659
chr16	8854148	8856447	8854972	2299	8855297	-1149	1150	-325
chr16	19066724	19069103	19068687	2379	19067913	-1189	1190	774
chr16	30707115	30708701	30707574	1586	30707908	-793	793	-334
chr16	89281135	89284093	89283575	2958	89282614	-1479	1479	961
chr16	4880899	4887501	4887210	6602	4884200	-3301	3301	3010
chr16	68736273	68738936	68738295	2663	68737604	-1331	1332	691
chr16	31190636	31194669	31190776	4033	31192652	-2016	2017	-1876
chr16	67149143	67156537	67149830	7394	67152840	-3697	3697	-3010
chr16	29992230	29994098	29993707	1868	29993164	-934	934	543
chr16	31036732	31043319	31039755	6587	31040025	-3293	3294	-270
chr16	85660431	85665896	85662920	5465	85663163	-2732	2733	-243
chr16	28912393	28917138	28914487	4745	28914765	-2372	2373	-278
chr16	28923583	28925837	28924414	2254	28924710	-1127	1127	-296
chr16	83910023	83917933	83915192	7910	83913978	-3955	3955	1214
chr16	85660431	85665896	85663493	5465	85663163	-2732	2733	330
chr16	69936157	69940225	69937567	4068	69938191	-2034	2034	-624
chr16	29992230	29994098	29993707	1868	29993164	-934	934	543
chr16	646228	650683	648368	4455	648455	-2227	2228	-87
chr16	793150	795905	795741	2755	794527	-1377	1378	1214
chr16	1196625	1203045	1198724	6420	1199835	-3210	3210	-1111
chr16	4458259	4461936	4461897	3677	4460097	-1838	1839	1800
chr16	4831855	4834001	4832059	2146	4832928	-1073	1073	-869
chr16	4880899	4887501	4881820	6602	4884200	-3301	3301	-2380
chr16	4880899	4887501	4884663	6602	4884200	-3301	3301	463
chr16	11674976	11677664	11677355	2688	11676320	-1344	1344	1035
chr16	14664812	14669103	14667720	4291	14666957	-2145	2146	763
chr16	28497674	28503397	28497832	5723	28500535	-2861	2862	-2703
chr16	30062636	30066263	30065810	3627	30064449	-1813	1814	1361
chr16	67264153	67266391	67264391	2238	67265272	-1119	1119	-881
chr16	67829359	67834774	67831243	5415	67832066	-2707	2708	-823
chr16	89543556	89548953	89548003	5397	89546254	-2698	2699	1749
chr16	89870559	89874430	89873641	3871	89872494	-1935	1936	1147
chr16	89899124	89906062	89904883	6938	89902593	-3469	3469	2290
chr16	89281135	89284093	89281225	2958	89282614	-1479	1479	-1389
chr16	70761771	70764648	70763015	2877	70763209	-1438	1439	-194
chr16	89281135	89284093	89282413	2958	89282614	-1479	1479	-201
chr16	363010	370814	370169	7804	366912	-3902	3902	3257
chr16	77190314	77195460	77194883	5146	77192887	-2573	2573	1996
chr16	8643392	8649003	8644719	5611	8646197	-2805	2806	-1478
chr16	27459712	27466096	27465385	6384	27462904	-3192	3192	2481
chr16	67829359	67834774	67830575	5415	67832066	-2707	2708	-1491
chr16	75264015	75266782	75266711	2767	75265398	-1383	1384	1313
chr16	1959125	1966168	1962928	7043	1962646	-3521	3522	282
chr16	30984658	30987058	30985565	2400	30985858	-1200	1200	-293
chr16	628162	632343	630205	4181	630252	-2090	2091	-47
chr16	633191	638855	634903	5664	636023	-2832	2832	-1120
chr16	8854148	8856447	8854937	2299	8855297	-1149	1150	-360
chr16	8854148	8856447	8855127	2299	8855297	-1149	1150	-170
chr16	8854148	8856447	8855292	2299	8855297	-1149	1150	-5
chr16	10531814	10534170	10531827	2356	10532992	-1178	1178	-1165
chr16	13919696	13923003	13920187	3307	13921349	-1653	1654	-1162
chr16	28497674	28503397	28497841	5723	28500535	-2861	2862	-2694
chr16	28497674	28503397	28498334	5723	28500535	-2861	2862	-2201
chr16	30708751	30711193	30709945	2442	30709972	-1221	1221	-27
chr16	68270619	68275074	68274900	4455	68272846	-2227	2228	2054
chr16	1745789	1748628	1748617	2839	1747208	-1419	1420	1409
chr16	4695248	4701454	4699361	6206	4698351	-3103	3103	1010
chr16	68679536	68683187	68682370	3651	68681361	-1825	1826	1009
chr16	68736273	68738936	68738315	2663	68737604	-1331	1332	711
chr16	68679536	68683187	68681000	3651	68681361	-1825	1826	-361
chr16	89148956	89155817	89154104	6861	89152386	-3430	3431	1718
chr16	8902916	8906576	8903355	3660	8904746	-1830	1830	-1391
chr16	8643392	8649003	8646269	5611	8646197	-2805	2806	72
chr16	89273292	89279892	89279207	6600	89276592	-3300	3300	2615
chr16	67863571	67868718	67868538	5147	67866144	-2573	2574	2394
chr16	1665505	1669312	1668049	3807	1667408	-1903	1904	641
chr16	1361273	1364144	1362249	2871	1362708	-1435	1436	-459
chr16	67925197	67932425	67930999	7228	67928811	-3614	3614	2188
chr16	24789977	24792081	24790496	2104	24791029	-1052	1052	-533
chr16	4458259	4461936	4461846	3677	4460097	-1838	1839	1749
chr16	30978687	30981767	30980085	3080	30980227	-1540	1540	-142
chr16	4809547	4813648	4811728	4101	4811597	-2050	2051	131
chr16	72793149	72796195	72793929	3046	72794672	-1523	1523	-743
chr16	89159009	89163550	89160402	4541	89161279	-2270	2271	-877
chr16	28483594	28490242	28487678	6648	28486918	-3324	3324	760
chr16	15032781	15036463	15036303	3682	15034622	-1841	1841	1681
chr16	3676417	3680359	3679753	3942	3678388	-1971	1971	1365
chr16	28877326	28879696	28878642	2370	28878511	-1185	1185	131
chr16	30764376	30767232	30766856	2856	30765804	-1428	1428	1052
chr16	30602880	30605973	30604258	3093	30604426	-1546	1547	-168
chr16	89710957	89712742	89711971	1785	89711849	-892	893	122
chr16	89710957	89712742	89711972	1785	89711849	-892	893	123
chr16	31112887	31120243	31120228	7356	31116565	-3678	3678	3663
chr16	66931184	66933469	66932211	2285	66932326	-1142	1143	-115
chr16	71848090	71854149	71850422	6059	71851119	-3029	3030	-697
chr16	30652605	30657065	30656280	4460	30654835	-2230	2230	1445
chr16	75231844	75239844	75233905	8000	75235844	-4000	4000	-1939
chr16	83910023	83917933	83915153	7910	83913978	-3955	3955	1175
chr16	89281135	89284093	89283370	2958	89282614	-1479	1479	756
chr16	1978930	1980663	1979884	1733	1979796	-866	867	88
chr16	1196625	1203045	1198638	6420	1199835	-3210	3210	-1197
chr16	28872810	28875732	28873650	2922	28874271	-1461	1461	-621
chr16	30602880	30605973	30604854	3093	30604426	-1546	1547	428
chr16	1665505	1669312	1669081	3807	1667408	-1903	1904	1673
chr16	173302	177107	173550	3805	175204	-1902	1903	-1654
chr16	1365773	1371577	1370121	5804	1368675	-2902	2902	1446
chr16	30957778	30959774	30958800	1996	30958776	-998	998	24
chr16	72106873	72109112	72107510	2239	72107992	-1119	1120	-482
chr16	67244874	67250719	67249202	5845	67247796	-2922	2923	1406
chr16	11674976	11677664	11676185	2688	11676320	-1344	1344	-135
chr16	3591048	3597698	3591096	6650	3594373	-3325	3325	-3277
chr16	75231844	75239844	75236484	8000	75235844	-4000	4000	640
chr16	28973752	28977800	28975198	4048	28975776	-2024	2024	-578
chr16	30708751	30711193	30710802	2442	30709972	-1221	1221	830
chr16	1959125	1966168	1959718	7043	1962646	-3521	3522	-2928
chr16	67728283	67732358	67731285	4075	67730320	-2037	2038	965
chr16	633191	638855	635285	5664	636023	-2832	2832	-738
chr16	67434381	67440550	67438864	6169	67437465	-3084	3085	1399
chr16	89281135	89284093	89281809	2958	89282614	-1479	1479	-805
chr16	2930481	2937615	2933147	7134	2934048	-3567	3567	-901
chr16	2242306	2249429	2246900	7123	2245867	-3561	3562	1033
chr16	85798463	85800457	85799238	1994	85799460	-997	997	-222
chr16	2966010	2972404	2971842	6394	2969207	-3197	3197	2635
chr16	70380551	70385411	70381552	4860	70382981	-2430	2430	-1429
chr16	89284260	89287126	89284392	2866	89285693	-1433	1433	-1301
chr16	2261938	2266817	2264175	4879	2264377	-2439	2440	-202
chr16	4933704	4938661	4937025	4957	4936182	-2478	2479	843
chr16	88731457	88739128	88736192	7671	88735292	-3835	3836	900
chr16	68679536	68683187	68681012	3651	68681361	-1825	1826	-349
chr16	1703559	1707165	1706525	3606	1705362	-1803	1803	1163
chr16	1434288	1438866	1434492	4578	1436577	-2289	2289	-2085
chr16	1434288	1438866	1436458	4578	1436577	-2289	2289	-119
chr16	1454233	1461151	1455782	6918	1457692	-3459	3459	-1910
chr16	1492737	1499307	1497068	6570	1496022	-3285	3285	1046
chr16	1503827	1509634	1507646	5807	1506730	-2903	2904	916
chr16	2282462	2285839	2285470	3377	2284150	-1688	1689	1320
chr16	2518655	2519775	2519733	1120	2519215	-560	560	518
chr16	3055091	3060102	3058208	5011	3057596	-2505	2506	612
chr16	3288292	3290038	3289442	1746	3289165	-873	873	277
chr16	10760540	10767729	10761524	7189	10764134	-3594	3595	-2610
chr16	28832080	28838312	28835600	6232	28835196	-3116	3116	404
chr16	28838528	28846122	28843085	7594	28842325	-3797	3797	760
chr16	28838528	28846122	28845916	7594	28842325	-3797	3797	3591
chr16	28923583	28925837	28924520	2254	28924710	-1127	1127	-190
chr16	28973752	28977800	28975263	4048	28975776	-2024	2024	-513
chr16	50307643	50311032	50310770	3389	50309337	-1694	1695	1433
chr16	67636170	67638382	67637959	2212	67637276	-1106	1106	683
chr16	67664315	67668740	67667875	4425	67666527	-2212	2213	1348
chr16	69936157	69940225	69937226	4068	69938191	-2034	2034	-965
chr16	70260196	70261653	70261158	1457	70260924	-728	729	234
chr16	70684326	70688707	70688228	4381	70686516	-2190	2191	1712
chr16	72787162	72789386	72787644	2224	72788274	-1112	1112	-630
chr16	72793149	72796195	72795138	3046	72794672	-1523	1523	466
chr16	84616601	84619423	84617517	2822	84618012	-1411	1411	-495
chr16	87851607	87858842	87851755	7235	87855224	-3617	3618	-3469
chr16	88731457	88739128	88738878	7671	88735292	-3835	3836	3586
chr16	88740696	88746844	88742385	6148	88743770	-3074	3074	-1385
chr16	89281135	89284093	89281393	2958	89282614	-1479	1479	-1221
chr16	89281135	89284093	89281805	2958	89282614	-1479	1479	-809
chr16	89281135	89284093	89282686	2958	89282614	-1479	1479	72
chr16	89289966	89292515	89290765	2549	89291240	-1274	1275	-475
chr16	89738113	89741017	89738841	2904	89739565	-1452	1452	-724
chr16	89899124	89906062	89900722	6938	89902593	-3469	3469	-1871
chr16	30381003	30383713	30381791	2710	30382358	-1355	1355	-567
chr16	2852487	2856076	2853882	3589	2854281	-1794	1795	-399
chr16	4688036	4694986	4694362	6950	4691511	-3475	3475	2851
chr16	88621803	88625422	88622294	3619	88623612	-1809	1810	-1318
chr16	87866791	87870288	87869141	3497	87868539	-1748	1749	602
chr16	22324751	22327672	22325916	2921	22326211	-1460	1461	-295
chr16	30652605	30657065	30656391	4460	30654835	-2230	2230	1556
chr16	31487340	31490193	31487460	2853	31488766	-1426	1427	-1306
chr16	15032781	15036463	15033396	3682	15034622	-1841	1841	-1226
chr16	27226660	27232027	27226818	5367	27229343	-2683	2684	-2525
chr16	89284260	89287126	89285427	2866	89285693	-1433	1433	-266
chr16	24789977	24792081	24790173	2104	24791029	-1052	1052	-856
chr16	67244874	67250719	67247395	5845	67247796	-2922	2923	-401
chr16	1317422	1323517	1320585	6095	1320469	-3047	3048	116
chr16	1503827	1509634	1507315	5807	1506730	-2903	2904	585
chr16	3288292	3290038	3289699	1746	3289165	-873	873	534
chr16	3739138	3741352	3739683	2214	3740245	-1107	1107	-562
chr16	18853555	18855910	18853737	2355	18854732	-1177	1178	-995
chr16	24789977	24792081	24791452	2104	24791029	-1052	1052	423
chr16	27459712	27466096	27462315	6384	27462904	-3192	3192	-589
chr16	28838528	28846122	28844093	7594	28842325	-3797	3797	1768
chr16	28881329	28885725	28884602	4396	28883527	-2198	2198	1075
chr16	29798806	29801692	29799114	2886	29800249	-1443	1443	-1135
chr16	30720435	30722097	30721467	1662	30721266	-831	831	201
chr16	57511744	57515599	57512866	3855	57513671	-1927	1928	-805
chr16	58498418	58505394	58503865	6976	58501906	-3488	3488	1959
chr16	77197872	77200842	77198122	2970	77199357	-1485	1485	-1235
chr16	1361273	1364144	1362860	2871	1362708	-1435	1436	152
chr16	30068401	30074981	30069529	6580	30071691	-3290	3290	-2162
chr16	30358036	30360133	30358121	2097	30359084	-1048	1049	-963
chr16	29804322	29808524	29805162	4202	29806423	-2101	2101	-1261
chr16	793150	795905	795711	2755	794527	-1377	1378	1184
chr16	15606768	15608941	15608360	2173	15607854	-1086	1087	506
chr16	70462064	70468050	70463706	5986	70465057	-2993	2993	-1351
chr16	363010	370814	368609	7804	366912	-3902	3902	1697
chr16	1365773	1371577	1367344	5804	1368675	-2902	2902	-1331
chr16	70254291	70259651	70254626	5360	70256971	-2680	2680	-2345
chr16	30552109	30557344	30555784	5235	30554726	-2617	2618	1058
chr16	2699609	2705811	2702467	6202	2702710	-3101	3101	-243
chr16	30652605	30657065	30656276	4460	30654835	-2230	2230	1441
chr16	67611005	67613167	67612031	2162	67612086	-1081	1081	-55
chr16	1959125	1966168	1962155	7043	1962646	-3521	3522	-491
chr16	11674976	11677664	11676080	2688	11676320	-1344	1344	-240
chr16	30350971	30354406	30353225	3435	30352688	-1717	1718	537
chr16	67863571	67868718	67868348	5147	67866144	-2573	2574	2204
chr16	89738113	89741017	89739800	2904	89739565	-1452	1452	235
chr16	1442531	1449768	1447551	7237	1446149	-3618	3619	1402
chr16	88576759	88580831	88577411	4072	88578795	-2036	2036	-1384
chr16	88731457	88739128	88733413	7671	88735292	-3835	3836	-1879
chr16	72106873	72109112	72107454	2239	72107992	-1119	1120	-538
chr16	30707115	30708701	30707644	1586	30707908	-793	793	-264
chr16	68353010	68360872	68355802	7862	68356941	-3931	3931	-1139
chr16	30720435	30722097	30721452	1662	30721266	-831	831	186
chr16	30602880	30605973	30604110	3093	30604426	-1546	1547	-316
chr16	2261938	2266817	2264297	4879	2264377	-2439	2440	-80
chr16	30182803	30190232	30186831	7429	30186517	-3714	3715	314
chr16	4688036	4694986	4694070	6950	4691511	-3475	3475	2559
chr16	776688	783985	780632	7297	780336	-3648	3649	296
chr16	1196625	1203045	1198689	6420	1199835	-3210	3210	-1146
chr16	3656196	3659529	3658068	3333	3657862	-1666	1667	206
chr16	4809547	4813648	4811198	4101	4811597	-2050	2051	-399
chr16	30602880	30605973	30604817	3093	30604426	-1546	1547	391
chr16	30602880	30605973	30604915	3093	30604426	-1546	1547	489
chr16	30963146	30967856	30964996	4710	30965501	-2355	2355	-505
chr16	77197872	77200842	77198217	2970	77199357	-1485	1485	-1140
chr16	89284260	89287126	89285579	2866	89285693	-1433	1433	-114
chr16	2184491	2188869	2185148	4378	2186680	-2189	2189	-1532
chr16	4354715	4358889	4358083	4174	4356802	-2087	2087	1281
chr16	30182803	30190232	30188111	7429	30186517	-3714	3715	1594
chr16	57469630	57476418	57469971	6788	57473024	-3394	3394	-3053
chr16	67149143	67156537	67149602	7394	67152840	-3697	3697	-3238
chr16	31183182	31187477	31183926	4295	31185329	-2147	2148	-1403
chr16	67244874	67250719	67249141	5845	67247796	-2922	2923	1345
chr16	4271610	4274244	4272743	2634	4272927	-1317	1317	-184
chr16	29804322	29808524	29807849	4202	29806423	-2101	2101	1426
chr16	30602880	30605973	30604526	3093	30604426	-1546	1547	100
chr16	67829359	67834774	67829964	5415	67832066	-2707	2708	-2102
chr16	1959125	1966168	1964291	7043	1962646	-3521	3522	1645
chr16	72100210	72105556	72104113	5346	72102883	-2673	2673	1230
chr16	4880899	4887501	4885559	6602	4884200	-3301	3301	1359
chr16	1196625	1203045	1201909	6420	1199835	-3210	3210	2074
chr16	1745789	1748628	1748258	2839	1747208	-1419	1420	1050
chr16	30602880	30605973	30604702	3093	30604426	-1546	1547	276
chr16	28872810	28875732	28873529	2922	28874271	-1461	1461	-742
chr16	85669771	85672580	85672541	2809	85671175	-1404	1405	1366
chr16	28899255	28904080	28902021	4825	28901667	-2412	2413	354
chr16	68736273	68738936	68738315	2663	68737604	-1331	1332	711
chr16	28497674	28503397	28499731	5723	28500535	-2861	2862	-804
chr16	30068401	30074981	30068917	6580	30071691	-3290	3290	-2774
chr16	85665949	85666871	85666159	922	85666410	-461	461	-251
chr16	3117271	3122301	3120062	5030	3119786	-2515	2515	276
chr16	2261938	2266817	2263110	4879	2264377	-2439	2440	-1267
chr16	88731457	88739128	88738699	7671	88735292	-3835	3836	3407
chr16	30523214	30530505	30525863	7291	30526859	-3645	3646	-996
chr16	28838528	28846122	28844425	7594	28842325	-3797	3797	2100
chr16	4889741	4897034	4894580	7293	4893387	-3646	3647	1193
chr16	85647754	85654167	85648624	6413	85650960	-3206	3207	-2336
chr16	28923583	28925837	28924461	2254	28924710	-1127	1127	-249
chr16	30062636	30066263	30065810	3627	30064449	-1813	1814	1361
chr16	75242073	75249856	75242656	7783	75245964	-3891	3892	-3308
chr16	28832080	28838312	28836493	6232	28835196	-3116	3116	1297
chr16	88731457	88739128	88734428	7671	88735292	-3835	3836	-864
chr16	30722456	30723500	30722652	1044	30722978	-522	522	-326
chr16	70254291	70259651	70259108	5360	70256971	-2680	2680	2137
chr16	84090202	84091859	84090906	1657	84091030	-828	829	-124
chr16	66931184	66933469	66932105	2285	66932326	-1142	1143	-221
chr16	28832080	28838312	28834606	6232	28835196	-3116	3116	-590
chr16	77197872	77200842	77198228	2970	77199357	-1485	1485	-1129
chr16	31130049	31132230	31130468	2181	31131139	-1090	1091	-671
chr16	89099490	89101792	89101015	2302	89100641	-1151	1151	374
chr16	85655107	85657930	85656583	2823	85656518	-1411	1412	65
chr16	4880899	4887501	4881982	6602	4884200	-3301	3301	-2218
chr16	29966850	29971531	29968131	4681	29969190	-2340	2341	-1059
chr16	29966850	29971531	29968132	4681	29969190	-2340	2341	-1058
chr16	67925197	67932425	67930044	7228	67928811	-3614	3614	1233
chr16	30602880	30605973	30605123	3093	30604426	-1546	1547	697
chr16	28973752	28977800	28975489	4048	28975776	-2024	2024	-287
chr16	29804322	29808524	29808242	4202	29806423	-2101	2101	1819
chr16	30652605	30657065	30656246	4460	30654835	-2230	2230	1411
chr16	68736273	68738936	68738315	2663	68737604	-1331	1332	711
chr16	4880899	4887501	4884650	6602	4884200	-3301	3301	450
chr16	28904484	28907031	28905743	2547	28905757	-1273	1274	-14
chr16	67190909	67196477	67193058	5568	67193693	-2784	2784	-635
chr16	15606768	15608941	15608301	2173	15607854	-1086	1087	447
chr16	66729236	66733182	66732417	3946	66731209	-1973	1973	1208
chr16	88705275	88707482	88707210	2207	88706378	-1103	1104	832
chr16	74470007	74471382	74471231	1375	74470694	-687	688	537
chr16	19698549	19700596	19700436	2047	19699572	-1023	1024	864
chr16	75231844	75239844	75233884	8000	75235844	-4000	4000	-1960
chr16	89148956	89155817	89154247	6861	89152386	-3430	3431	1861
chr16	88482813	88489371	88489057	6558	88486092	-3279	3279	2965
chr16	3055091	3060102	3057377	5011	3057596	-2505	2506	-219
chr16	18788032	18791633	18789106	3601	18789832	-1800	1801	-726
chr16	19698549	19700596	19699505	2047	19699572	-1023	1024	-67
chr16	30066510	30068011	30067284	1501	30067260	-750	751	24
chr16	89284260	89287126	89284971	2866	89285693	-1433	1433	-722
chr16	89917661	89920700	89920216	3039	89919180	-1519	1520	1036
chr16	67169194	67171238	67169778	2044	67170216	-1022	1022	-438
chr16	396796	401800	399629	5004	399298	-2502	2502	331
chr16	3483708	3487420	3485782	3712	3485564	-1856	1856	218
chr16	4271610	4274244	4272735	2634	4272927	-1317	1317	-192
chr16	10531814	10534170	10532232	2356	10532992	-1178	1178	-760
chr16	15032781	15036463	15033355	3682	15034622	-1841	1841	-1267
chr16	30523214	30530505	30525992	7291	30526859	-3645	3646	-867
chr17	43194180	43196202	43194477	2022	43195191	-1011	1011	-714
chr17	17878041	17884081	17882783	6040	17881061	-3020	3020	1722
chr17	7848349	7851767	7848888	3418	7850058	-1709	1709	-1170
chr17	7462460	7465813	7463304	3353	7464136	-1676	1677	-832
chr17	39728765	39731741	39729470	2976	39730253	-1488	1488	-783
chr17	44396683	44401321	44399831	4638	44399002	-2319	2319	829
chr17	74948948	74954705	74952334	5757	74951826	-2878	2879	508
chr17	82434526	82437764	82435845	3238	82436145	-1619	1619	-300
chr17	63432647	63434814	63434530	2167	63433730	-1083	1084	800
chr17	81557511	81561769	81559267	4258	81559640	-2129	2129	-373
chr17	1006382	1009300	1007173	2918	1007841	-1459	1459	-668
chr17	34960667	34962395	34961261	1728	34961531	-864	864	-270
chr17	42113414	42118920	42113767	5506	42116167	-2753	2753	-2400
chr17	74769145	74775822	74771818	6677	74772483	-3338	3339	-665
chr17	78436694	78439297	78439085	2603	78437995	-1301	1302	1090
chr17	82440634	82446427	82445929	5793	82443530	-2896	2897	2399
chr17	42689449	42696237	42695859	6788	42692843	-3394	3394	3016
chr17	7702055	7707000	7702754	4945	7704527	-2472	2473	-1773
chr17	56891277	56895579	56891509	4302	56893428	-2151	2151	-1919
chr17	29284207	29288797	29287123	4590	29286502	-2295	2295	621
chr17	74203109	74204696	74204219	1587	74203902	-793	794	317
chr17	42683740	42687661	42685238	3921	42685700	-1960	1961	-462
chr17	43016359	43019133	43018055	2774	43017746	-1387	1387	309
chr17	80288838	80291169	80290603	2331	80290003	-1165	1166	600
chr17	58507671	58512659	58511310	4988	58510165	-2494	2494	1145
chr17	7592390	7597141	7592763	4751	7594765	-2375	2376	-2002
chr17	42689449	42696237	42696065	6788	42692843	-3394	3394	3222
chr17	39407156	39408609	39408271	1453	39407882	-726	727	389
chr17	7307175	7315026	7313394	7851	7311100	-3925	3926	2294
chr17	8160685	8167141	8161516	6456	8163913	-3228	3228	-2397
chr17	992445	999751	997260	7306	996098	-3653	3653	1162
chr17	74948948	74954705	74952035	5757	74951826	-2878	2879	209
chr17	39721711	39726043	39725797	4332	39723877	-2166	2166	1920
chr17	78425315	78426764	78425367	1449	78426039	-724	725	-672
chr17	3549254	3555030	3554785	5776	3552142	-2888	2888	2643
chr17	44678314	44679295	44678669	981	44678804	-490	491	-135
chr17	28722974	28728512	28725550	5538	28725743	-2769	2769	-193
chr17	51119138	51121363	51120455	2225	51120250	-1112	1113	205
chr17	62625481	62629716	62627874	4235	62627598	-2117	2118	276
chr17	75521122	75527354	75522251	6232	75524238	-3116	3116	-1987
chr17	74438782	74442371	74439908	3589	74440576	-1794	1795	-668
chr17	43011924	43015085	43013601	3161	43013504	-1580	1581	97
chr17	75262561	75268220	75265849	5659	75265390	-2829	2830	459
chr17	7921868	7925555	7925043	3687	7923711	-1843	1844	1332
chr17	80210167	80215516	80213903	5349	80212841	-2674	2675	1062
chr17	80210167	80215516	80214625	5349	80212841	-2674	2675	1784
chr17	8169536	8174503	8173586	4967	8172019	-2483	2484	1567
chr17	18250938	18253415	18251726	2477	18252176	-1238	1239	-450
chr17	4933605	4936631	4934468	3026	4935118	-1513	1513	-650
chr17	17795938	17803368	17796346	7430	17799653	-3715	3715	-3307
chr17	17795938	17803368	17797129	7430	17799653	-3715	3715	-2524
chr17	41871285	41873204	41871828	1919	41872244	-959	960	-416
chr17	5488531	5489865	5489707	1334	5489198	-667	667	509
chr17	7592390	7597141	7595868	4751	7594765	-2375	2376	1103
chr17	7254469	7260166	7254682	5697	7257317	-2848	2849	-2635
chr17	82440634	82446427	82444738	5793	82443530	-2896	2897	1208
chr17	38729310	38734813	38731363	5503	38732061	-2751	2752	-698
chr17	50190941	50196814	50194409	5873	50193877	-2936	2937	532
chr17	1049984	1053955	1050143	3971	1051969	-1985	1986	-1826
chr17	28694425	28697623	28695356	3198	28696024	-1599	1599	-668
chr17	2332172	2334126	2332248	1954	2333149	-977	977	-901
chr17	5183814	5186956	5184006	3142	5185385	-1571	1571	-1379
chr17	41688102	41692609	41690945	4507	41690355	-2253	2254	590
chr17	43011924	43015085	43013343	3161	43013504	-1580	1581	-161
chr17	44396683	44401321	44398827	4638	44399002	-2319	2319	-175
chr17	37540046	37543090	37541794	3044	37541568	-1522	1522	226
chr17	75846036	75851256	75848635	5220	75848646	-2610	2610	-11
chr17	41873403	41876994	41873910	3591	41875198	-1795	1796	-1288
chr17	7848349	7851767	7851667	3418	7850058	-1709	1709	1609
chr17	39721711	39726043	39724747	4332	39723877	-2166	2166	870
chr17	65055443	65058855	65056574	3412	65057149	-1706	1706	-575
chr17	75237049	75243516	75243113	6467	75240282	-3233	3234	2831
chr17	1673481	1680156	1677578	6675	1676818	-3337	3338	760
chr17	7439163	7443547	7442672	4384	7441355	-2192	2192	1317
chr17	7439163	7443547	7443053	4384	7441355	-2192	2192	1698
chr17	7507823	7510944	7508953	3121	7509383	-1560	1561	-430
chr17	18322556	18325030	18322679	2474	18323793	-1237	1237	-1114
chr17	37540046	37543090	37542534	3044	37541568	-1522	1522	966
chr17	39721711	39726043	39724808	4332	39723877	-2166	2166	931
chr17	42673357	42679541	42674376	6184	42676449	-3092	3092	-2073
chr17	45240535	45244357	45241134	3822	45242446	-1911	1911	-1312
chr17	75127946	75132713	75128697	4767	75130329	-2383	2384	-1632
chr17	75809772	75814336	75812147	4564	75812054	-2282	2282	93
chr17	80109833	80114525	80109995	4692	80112179	-2346	2346	-2184
chr17	81671316	81673637	81672618	2321	81672476	-1160	1161	142
chr17	39407156	39408609	39407571	1453	39407882	-726	727	-311
chr17	50190941	50196814	50193990	5873	50193877	-2936	2937	113
chr17	1894561	1897653	1897135	3092	1896107	-1546	1546	1028
chr17	8263392	8270249	8268991	6857	8266820	-3428	3429	2171
chr17	39721711	39726043	39723967	4332	39723877	-2166	2166	90
chr17	75635900	75641390	75640196	5490	75638645	-2745	2745	1551
chr17	1673481	1680156	1676606	6675	1676818	-3337	3338	-212
chr17	2700778	2705369	2704391	4591	2703073	-2295	2296	1318
chr17	28895284	28902159	28901049	6875	28898721	-3437	3438	2328
chr17	42113414	42118920	42117982	5506	42116167	-2753	2753	1815
chr17	45096206	45098918	45098400	2712	45097562	-1356	1356	838
chr17	75262561	75268220	75266883	5659	75265390	-2829	2830	1493
chr17	79782846	79787906	79785064	5060	79785376	-2530	2530	-312
chr17	80106410	80109693	80107690	3283	80108051	-1641	1642	-361
chr17	80109833	80114525	80110772	4692	80112179	-2346	2346	-1407
chr17	80210167	80215516	80215117	5349	80212841	-2674	2675	2276
chr17	80347807	80352211	80347994	4404	80350009	-2202	2202	-2015
chr17	44347639	44353095	44351759	5456	44350367	-2728	2728	1392
chr17	39721711	39726043	39723967	4332	39723877	-2166	2166	90
chr17	1681035	1685175	1681614	4140	1683105	-2070	2070	-1491
chr17	28739932	28745368	28741140	5436	28742650	-2718	2718	-1510
chr17	44087100	44089847	44087446	2747	44088473	-1373	1374	-1027
chr17	64503510	64508251	64504760	4741	64505880	-2370	2371	-1120
chr17	73192008	73197414	73196913	5406	73194711	-2703	2703	2202
chr17	7315683	7321959	7317814	6276	7318821	-3138	3138	-1007
chr17	42689449	42696237	42691152	6788	42692843	-3394	3394	-1691
chr17	59706128	59708662	59707447	2534	59707395	-1267	1267	52
chr17	40130465	40133417	40131435	2952	40131941	-1476	1476	-506
chr17	63587570	63592972	63589230	5402	63590271	-2701	2701	-1041
chr17	45393965	45399231	45396013	5266	45396598	-2633	2633	-585
chr17	4933605	4936631	4934356	3026	4935118	-1513	1513	-762
chr17	12991593	12994199	12993738	2606	12992896	-1303	1303	842
chr17	43204323	43210535	43210073	6212	43207429	-3106	3106	2644
chr17	47915007	47917583	47916266	2576	47916295	-1288	1288	-29
chr17	74769145	74775822	74771749	6677	74772483	-3338	3339	-734
chr17	1651291	1656542	1651547	5251	1653916	-2625	2626	-2369
chr17	4147103	4150116	4149913	3013	4148609	-1506	1507	1304
chr17	7235511	7240997	7237387	5486	7238254	-2743	2743	-867
chr17	42985377	42990151	42987376	4774	42987764	-2387	2387	-388
chr17	74203109	74204696	74203999	1587	74203902	-793	794	97
chr17	75521122	75527354	75521490	6232	75524238	-3116	3116	-2748
chr17	75635900	75641390	75640960	5490	75638645	-2745	2745	2315
chr17	75819268	75823770	75822605	4502	75821519	-2251	2251	1086
chr17	45146218	45150638	45148504	4420	45148428	-2210	2210	76
chr17	75732450	75738142	75737644	5692	75735296	-2846	2846	2348
chr17	7379598	7384840	7383315	5242	7382219	-2621	2621	1096
chr17	39721711	39726043	39725079	4332	39723877	-2166	2166	1202
chr17	40094377	40098613	40097303	4236	40096495	-2118	2118	808
chr17	4942629	4946191	4945195	3562	4944410	-1781	1781	785
chr17	58004611	58009560	58005926	4949	58007085	-2474	2475	-1159
chr17	74203109	74204696	74204306	1587	74203902	-793	794	404
chr17	76276237	76279695	76278034	3458	76277966	-1729	1729	68
chr17	4813957	4820797	4818283	6840	4817377	-3420	3420	906
chr17	42999850	43004306	43002771	4456	43002078	-2228	2228	693
chr17	45146218	45150638	45149667	4420	45148428	-2210	2210	1239
chr17	63587570	63592972	63590461	5402	63590271	-2701	2701	190
chr17	74759228	74763996	74762162	4768	74761612	-2384	2384	550
chr17	7496006	7498255	7496783	2249	7497130	-1124	1125	-347
chr17	42985377	42990151	42987413	4774	42987764	-2387	2387	-351
chr17	44347639	44353095	44350307	5456	44350367	-2728	2728	-60
chr17	74839910	74844526	74844472	4616	74842218	-2308	2308	2254
chr17	17202430	17203607	17202819	1177	17203018	-588	589	-199
chr17	42701839	42703985	42703624	2146	42702912	-1073	1073	712
chr17	44150926	44157249	44154890	6323	44154087	-3161	3162	803
chr17	61404218	61406573	61405755	2355	61405395	-1177	1178	360
chr17	80288838	80291169	80290726	2331	80290003	-1165	1166	723
chr17	8160685	8167141	8160829	6456	8163913	-3228	3228	-3084
chr17	44396683	44401321	44400427	4638	44399002	-2319	2319	1425
chr17	78826815	78828995	78828943	2180	78827905	-1090	1090	1038
chr17	7412949	7415590	7415555	2641	7414269	-1320	1321	1286
chr17	18099510	18101574	18100386	2064	18100542	-1032	1032	-156
chr17	28739932	28745368	28741431	5436	28742650	-2718	2718	-1219
chr17	75777828	75780226	75778764	2398	75779027	-1199	1199	-263
chr17	45401708	45406228	45404082	4520	45403968	-2260	2260	114
chr17	81118192	81121593	81120715	3401	81119892	-1700	1701	823
chr17	42556892	42564020	42563156	7128	42560456	-3564	3564	2700
chr17	4163770	4166110	4165026	2340	4164940	-1170	1170	86
chr17	7345264	7349743	7348354	4479	7347503	-2239	2240	851
chr17	7587796	7591079	7589767	3283	7589437	-1641	1642	330
chr17	17227140	17229865	17228117	2725	17228502	-1362	1363	-385
chr17	28339935	28343791	28340327	3856	28341863	-1928	1928	-1536
chr17	29284207	29288797	29286724	4590	29286502	-2295	2295	222
chr17	36598665	36602832	36602087	4167	36600748	-2083	2084	1339
chr17	39195743	39200912	39197427	5169	39198327	-2584	2585	-900
chr17	50190941	50196814	50194372	5873	50193877	-2936	2937	495
chr17	59105272	59106824	59106681	1552	59106048	-776	776	633
chr17	63829091	63832952	63831954	3861	63831021	-1930	1931	933
chr17	63829091	63832952	63832729	3861	63831021	-1930	1931	1708
chr17	64503510	64508251	64506149	4741	64505880	-2370	2371	269
chr17	1775493	1777461	1776603	1968	1776477	-984	984	126
chr17	63829091	63832952	63830810	3861	63831021	-1930	1931	-211
chr17	2034151	2038424	2036009	4273	2036287	-2136	2137	-278
chr17	7279714	7286981	7284294	7267	7283347	-3633	3634	947
chr17	41688102	41692609	41688925	4507	41690355	-2253	2254	-1430
chr17	39721711	39726043	39724747	4332	39723877	-2166	2166	870
chr17	39721711	39726043	39724008	4332	39723877	-2166	2166	131
chr17	50190941	50196814	50195961	5873	50193877	-2936	2937	2084
chr17	42683740	42687661	42685236	3921	42685700	-1960	1961	-464
chr17	7900896	7903762	7903338	2866	7902329	-1433	1433	1009
chr17	18244843	18247818	18245993	2975	18246330	-1487	1488	-337
chr17	38768388	38771057	38769607	2669	38769722	-1334	1335	-115
chr17	63829091	63832952	63831916	3861	63831021	-1930	1931	895
chr17	3939465	3946039	3943499	6574	3942752	-3287	3287	747
chr17	44396683	44401321	44401181	4638	44399002	-2319	2319	2179
chr17	41970375	41977151	41971949	6776	41973763	-3388	3388	-1814
chr17	40351066	40354608	40354351	3542	40352837	-1771	1771	1514
chr17	44396683	44401321	44400186	4638	44399002	-2319	2319	1184
chr17	80336515	80343412	80340052	6897	80339963	-3448	3449	89
chr17	2332172	2334126	2333694	1954	2333149	-977	977	545
chr17	78111073	78113386	78113172	2313	78112229	-1156	1157	943
chr17	42689449	42696237	42695543	6788	42692843	-3394	3394	2700
chr17	1673481	1680156	1677672	6675	1676818	-3337	3338	854
chr17	7279714	7286981	7283245	7267	7283347	-3633	3634	-102
chr17	47834867	47837843	47835018	2976	47836355	-1488	1488	-1337
chr17	80347807	80352211	80348047	4404	80350009	-2202	2202	-1962
chr17	7854768	7858993	7858719	4225	7856880	-2112	2113	1839
chr17	7921868	7925555	7925115	3687	7923711	-1843	1844	1404
chr17	17202430	17203607	17202944	1177	17203018	-588	589	-74
chr17	41978232	41982288	41982281	4056	41980260	-2028	2028	2021
chr17	7921868	7925555	7922886	3687	7923711	-1843	1844	-825
chr17	4090489	4091872	4090814	1383	4091180	-691	692	-366
chr17	39721711	39726043	39723967	4332	39723877	-2166	2166	90
chr17	38916970	38922118	38918642	5148	38919544	-2574	2574	-902
chr17	79782846	79787906	79784382	5060	79785376	-2530	2530	-994
chr17	78118186	78122512	78121018	4326	78120349	-2163	2163	669
chr17	50190941	50196814	50192651	5873	50193877	-2936	2937	-1226
chr17	39721711	39726043	39723405	4332	39723877	-2166	2166	-472
chr17	39721711	39726043	39723966	4332	39723877	-2166	2166	89
chr17	39721711	39726043	39723967	4332	39723877	-2166	2166	90
chr17	39721711	39726043	39723967	4332	39723877	-2166	2166	90
chr17	2040640	2045366	2042541	4726	2043003	-2363	2363	-462
chr17	2376479	2380200	2376981	3721	2378339	-1860	1861	-1358
chr17	41968416	41970105	41968658	1689	41969260	-844	845	-602
chr17	42683740	42687661	42686975	3921	42685700	-1960	1961	1275
chr17	43502778	43505591	43504645	2813	43504184	-1406	1407	461
chr17	44004112	44010689	44008557	6577	44007400	-3288	3289	1157
chr17	67907223	67912787	67909677	5564	67910005	-2782	2782	-328
chr17	73284381	73289143	73285218	4762	73286762	-2381	2381	-1544
chr17	80420318	80427446	80423570	7128	80423882	-3564	3564	-312
chr17	40094377	40098613	40095639	4236	40096495	-2118	2118	-856
chr17	50553010	50557224	50555535	4214	50555117	-2107	2107	418
chr17	75237049	75243516	75243481	6467	75240282	-3233	3234	3199
chr17	39721711	39726043	39724747	4332	39723877	-2166	2166	870
chr17	76467793	76470909	76469969	3116	76469351	-1558	1558	618
chr17	75521122	75527354	75524436	6232	75524238	-3116	3116	198
chr17	7315683	7321959	7319145	6276	7318821	-3138	3138	324
chr17	7455407	7458192	7455836	2785	7456799	-1392	1393	-963
chr17	2376479	2380200	2379072	3721	2378339	-1860	1861	733
chr17	7254469	7260166	7258703	5697	7257317	-2848	2849	1386
chr17	28395733	28399462	28396176	3729	28397597	-1864	1865	-1421
chr17	76735848	76737031	76735904	1183	76736439	-591	592	-535
chr17	34960667	34962395	34961586	1728	34961531	-864	864	55
chr17	44396683	44401321	44397463	4638	44399002	-2319	2319	-1539
chr17	58351659	58354351	58351849	2692	58353005	-1346	1346	-1156
chr17	7501869	7505058	7502540	3189	7503463	-1594	1595	-923
chr17	28335233	28336406	28335471	1173	28335819	-586	587	-348
chr17	42113414	42118920	42114602	5506	42116167	-2753	2753	-1565
chr17	7852212	7853906	7853001	1694	7853059	-847	847	-58
chr17	38910561	38915886	38915041	5325	38913223	-2662	2663	1818
chr17	45393965	45399231	45397922	5266	45396598	-2633	2633	1324
chr17	50087229	50090409	50089245	3180	50088819	-1590	1590	426
chr17	7315683	7321959	7321750	6276	7318821	-3138	3138	2929
chr17	7254469	7260166	7254723	5697	7257317	-2848	2849	-2594
chr17	40133773	40136017	40133846	2244	40134895	-1122	1122	-1049
chr17	42556892	42564020	42563173	7128	42560456	-3564	3564	2717
chr17	42556892	42564020	42563261	7128	42560456	-3564	3564	2805
chr17	42574049	42578307	42574193	4258	42576178	-2129	2129	-1985
chr17	78356468	78362526	78358883	6058	78359497	-3029	3029	-614
chr17	17218250	17220839	17219083	2589	17219544	-1294	1295	-461
chr17	28673553	28675466	28674566	1913	28674509	-956	957	57
chr17	81865106	81871973	81869551	6867	81868539	-3433	3434	1012
chr17	2034151	2038424	2035975	4273	2036287	-2136	2137	-312
chr17	31529185	31533912	31532360	4727	31531548	-2363	2364	812
chr17	1727906	1733140	1732408	5234	1730523	-2617	2617	1885
chr17	7498492	7501147	7500951	2655	7499819	-1327	1328	1132
chr17	7832069	7836219	7833124	4150	7834144	-2075	2075	-1020
chr17	7832069	7836219	7833591	4150	7834144	-2075	2075	-553
chr17	45135353	45138364	45136583	3011	45136858	-1505	1506	-275
chr17	3939465	3946039	3941014	6574	3942752	-3287	3287	-1738
chr17	28907168	28909913	28908818	2745	28908540	-1372	1373	278
chr17	18969812	18975379	18971213	5567	18972595	-2783	2784	-1382
chr17	37540046	37543090	37542519	3044	37541568	-1522	1522	951
chr17	45138640	45145902	45143509	7262	45142271	-3631	3631	1238
chr17	75521122	75527354	75523747	6232	75524238	-3116	3116	-491
chr17	7576250	7583423	7580774	7173	7579836	-3586	3587	938
chr17	1673481	1680156	1679093	6675	1676818	-3337	3338	2275
chr17	40362452	40368361	40363470	5909	40365406	-2954	2955	-1936
chr17	13003336	13004701	13003968	1365	13004018	-682	683	-50
chr17	28879659	28885696	28884264	6037	28882677	-3018	3019	1587
chr17	45240535	45244357	45243952	3822	45242446	-1911	1911	1506
chr17	56891277	56895579	56891989	4302	56893428	-2151	2151	-1439
chr17	77494755	77501031	77500147	6276	77497893	-3138	3138	2254
chr17	44175959	44179447	44177710	3488	44177703	-1744	1744	7
chr17	2676784	2681893	2680223	5109	2679338	-2554	2555	885
chr17	29264948	29268974	29267531	4026	29266961	-2013	2013	570
chr17	17202430	17203607	17202871	1177	17203018	-588	589	-147
chr17	1003045	1005808	1003740	2763	1004426	-1381	1382	-686
chr17	40094377	40098613	40095848	4236	40096495	-2118	2118	-647
chr17	7349946	7353527	7352680	3581	7351736	-1790	1791	944
chr17	28739932	28745368	28742029	5436	28742650	-2718	2718	-621
chr17	43011924	43015085	43012278	3161	43013504	-1580	1581	-1226
chr17	1009445	1012541	1010754	3096	1010993	-1548	1548	-239
chr17	7848349	7851767	7849482	3418	7850058	-1709	1709	-576
chr17	8474881	8477170	8475772	2289	8476025	-1144	1145	-253
chr17	15997322	16000639	15999723	3317	15998980	-1658	1659	743
chr17	42689449	42696237	42692673	6788	42692843	-3394	3394	-170
chr17	44347639	44353095	44349742	5456	44350367	-2728	2728	-625
chr17	75689924	75691807	75690692	1883	75690865	-941	942	-173
chr17	76021988	76024648	76023505	2660	76023318	-1330	1330	187
chr17	76735848	76737031	76737005	1183	76736439	-591	592	566
chr17	21299517	21305479	21302209	5962	21302498	-2981	2981	-289
chr17	77481994	77489914	77482260	7920	77485954	-3960	3960	-3694
chr17	17878041	17884081	17882858	6040	17881061	-3020	3020	1797
chr17	28739932	28745368	28740513	5436	28742650	-2718	2718	-2137
chr17	42556892	42564020	42563151	7128	42560456	-3564	3564	2695
chr17	42701839	42703985	42702486	2146	42702912	-1073	1073	-426
chr17	7462460	7465813	7463124	3353	7464136	-1676	1677	-1012
chr17	16040012	16043873	16040486	3861	16041942	-1930	1931	-1456
chr17	44396683	44401321	44400138	4638	44399002	-2319	2319	1136
chr17	59698609	59700264	59699727	1655	59699436	-827	828	291
chr17	7570289	7574403	7572822	4114	7572346	-2057	2057	476
chr17	40351066	40354608	40352474	3542	40352837	-1771	1771	-363
chr17	75521122	75527354	75524389	6232	75524238	-3116	3116	151
chr17	18969812	18975379	18971644	5567	18972595	-2783	2784	-951
chr17	21001198	21006116	21004935	4918	21003657	-2459	2459	1278
chr17	1465735	1471920	1471293	6185	1468827	-3092	3093	2466
chr17	39721711	39726043	39723967	4332	39723877	-2166	2166	90
chr17	4813957	4820797	4818784	6840	4817377	-3420	3420	1407
chr17	1540670	1545582	1541616	4912	1543126	-2456	2456	-1510
chr17	1727906	1733140	1730889	5234	1730523	-2617	2617	366
chr17	1775493	1777461	1776578	1968	1776477	-984	984	101
chr17	2298338	2300534	2299941	2196	2299436	-1098	1098	505
chr17	7039993	7043203	7041736	3210	7041598	-1605	1605	138
chr17	7345264	7349743	7349003	4479	7347503	-2239	2240	1500
chr17	7557803	7561047	7558948	3244	7559425	-1622	1622	-477
chr17	7702055	7707000	7703081	4945	7704527	-2472	2473	-1446
chr17	17844845	17851065	17847637	6220	17847955	-3110	3110	-318
chr17	18250938	18253415	18251785	2477	18252176	-1238	1239	-391
chr17	18928240	18929396	18928826	1156	18928818	-578	578	8
chr17	28382028	28385585	28384566	3557	28383806	-1778	1779	760
chr17	28739932	28745368	28741515	5436	28742650	-2718	2718	-1135
chr17	42020038	42025413	42021618	5375	42022725	-2687	2688	-1107
chr17	42574049	42578307	42577098	4258	42576178	-2129	2129	920
chr17	42844599	42847490	42844902	2891	42846044	-1445	1446	-1142
chr17	43502778	43505591	43504710	2813	43504184	-1406	1407	526
chr17	47834867	47837843	47837084	2976	47836355	-1488	1488	729
chr17	63829091	63832952	63830346	3861	63831021	-1930	1931	-675
chr17	65014253	65016194	65014557	1941	65015223	-970	971	-666
chr17	75223249	75225903	75225436	2654	75224576	-1327	1327	860
chr17	79782846	79787906	79784305	5060	79785376	-2530	2530	-1071
chr17	44396683	44401321	44399968	4638	44399002	-2319	2319	966
chr17	78436694	78439297	78437772	2603	78437995	-1301	1302	-223
chr17	81920227	81924019	81922884	3792	81922123	-1896	1896	761
chr17	4942629	4946191	4944879	3562	4944410	-1781	1781	469
chr17	17795938	17803368	17797283	7430	17799653	-3715	3715	-2370
chr17	42556892	42564020	42562733	7128	42560456	-3564	3564	2277
chr17	42673357	42679541	42674385	6184	42676449	-3092	3092	-2064
chr17	61408575	61409182	61409020	607	61408878	-303	304	142
chr17	81917089	81918340	81917562	1251	81917714	-625	626	-152
chr17	82244950	82251153	82250115	6203	82248051	-3101	3102	2064
chr17	7307175	7315026	7314128	7851	7311100	-3925	3926	3028
chr17	18241317	18244822	18241982	3505	18243069	-1752	1753	-1087
chr17	80379387	80382210	80381959	2823	80380798	-1411	1412	1161
chr17	27293289	27295033	27294366	1744	27294161	-872	872	205
chr17	67907223	67912787	67912105	5564	67910005	-2782	2782	2100
chr17	76276237	76279695	76277239	3458	76277966	-1729	1729	-727
chr17	78356468	78362526	78358390	6058	78359497	-3029	3029	-1107
chr17	7412949	7415590	7414668	2641	7414269	-1320	1321	399
chr17	17795938	17803368	17797072	7430	17799653	-3715	3715	-2581
chr17	42541346	42543511	42543226	2165	42542428	-1082	1083	798
chr17	3663706	3665691	3664273	1985	3664698	-992	993	-425
chr17	7006779	7010272	7010095	3493	7008525	-1746	1747	1570
chr17	28907168	28909913	28907592	2745	28908540	-1372	1373	-948
chr17	38735074	38736928	38735387	1854	38736001	-927	927	-614
chr17	44353457	44358364	44355133	4907	44355910	-2453	2454	-777
chr17	44396683	44401321	44400984	4638	44399002	-2319	2319	1982
chr17	47926633	47928712	47927828	2079	47927672	-1039	1040	156
chr17	67907223	67912787	67912326	5564	67910005	-2782	2782	2321
chr17	39721711	39726043	39724008	4332	39723877	-2166	2166	131
chr17	4968225	4973236	4968807	5011	4970730	-2505	2506	-1923
chr17	16378948	16381785	16381057	2837	16380366	-1418	1419	691
chr17	38798206	38801517	38799332	3311	38799861	-1655	1656	-529
chr17	76013049	76020659	76017856	7610	76016854	-3805	3805	1002
chr17	1513934	1518307	1518009	4373	1516120	-2186	2187	1889
chr17	2335876	2339742	2336518	3866	2337809	-1933	1933	-1291
chr17	2380222	2383876	2380230	3654	2382049	-1827	1827	-1819
chr17	4163770	4166110	4164876	2340	4164940	-1170	1170	-64
chr17	7307175	7315026	7313570	7851	7311100	-3925	3926	2470
chr17	7576250	7583423	7578165	7173	7579836	-3586	3587	-1671
chr17	40628016	40631912	40628976	3896	40629964	-1948	1948	-988
chr17	43011924	43015085	43014197	3161	43013504	-1580	1581	693
chr17	43011924	43015085	43014869	3161	43013504	-1580	1581	1365
chr17	44175959	44179447	44176609	3488	44177703	-1744	1744	-1094
chr17	44175959	44179447	44178466	3488	44177703	-1744	1744	763
chr17	45107026	45113394	45112605	6368	45110210	-3184	3184	2395
chr17	63829091	63832952	63829419	3861	63831021	-1930	1931	-1602
chr17	75262561	75268220	75268141	5659	75265390	-2829	2830	2751
chr17	80336515	80343412	80340067	6897	80339963	-3448	3449	104
chr17	81111167	81117493	81116034	6326	81114330	-3163	3163	1704
chr17	7576250	7583423	7577482	7173	7579836	-3586	3587	-2354
chr17	8204746	8206826	8205335	2080	8205786	-1040	1040	-451
chr17	42844599	42847490	42845687	2891	42846044	-1445	1446	-357
chr17	44347639	44353095	44352127	5456	44350367	-2728	2728	1760
chr17	78436694	78439297	78439217	2603	78437995	-1301	1302	1222
chr17	79795859	79799114	79796283	3255	79797486	-1627	1628	-1203
chr17	7307175	7315026	7313434	7851	7311100	-3925	3926	2334
chr17	42556892	42564020	42562953	7128	42560456	-3564	3564	2497
chr17	42689449	42696237	42695780	6788	42692843	-3394	3394	2937
chr17	42689449	42696237	42695781	6788	42692843	-3394	3394	2938
chr17	75269418	75273502	75270158	4084	75271460	-2042	2042	-1302
chr17	75846036	75851256	75847819	5220	75848646	-2610	2610	-827
chr17	68511566	68513260	68512451	1694	68512413	-847	847	38
chr17	68511566	68513260	68512452	1694	68512413	-847	847	39
chr17	2040640	2045366	2043052	4726	2043003	-2363	2363	49
chr17	80994079	80997287	80997053	3208	80995683	-1604	1604	1370
chr17	44195188	44201905	44197256	6717	44198546	-3358	3359	-1290
chr17	75262561	75268220	75265762	5659	75265390	-2829	2830	372
chr17	41820396	41827990	41821713	7594	41824193	-3797	3797	-2480
chr17	58004611	58009560	58006964	4949	58007085	-2474	2475	-121
chr17	2366067	2370719	2367394	4652	2368393	-2326	2326	-999
chr17	31529185	31533912	31531664	4727	31531548	-2363	2364	116
chr17	42313951	42316678	42316067	2727	42315314	-1363	1364	753
chr17	50107293	50114832	50114203	7539	50111062	-3769	3770	3141
chr17	1673481	1680156	1675195	6675	1676818	-3337	3338	-1623
chr17	43011924	43015085	43014332	3161	43013504	-1580	1581	828
chr17	78118186	78122512	78120844	4326	78120349	-2163	2163	495
chr17	4155123	4157487	4156867	2364	4156305	-1182	1182	562
chr17	42844599	42847490	42845982	2891	42846044	-1445	1446	-62
chr17	3926148	3930798	3928324	4650	3928473	-2325	2325	-149
chr17	44396683	44401321	44398892	4638	44399002	-2319	2319	-110
chr17	28401996	28404378	28402290	2382	28403187	-1191	1191	-897
chr17	39461301	39463284	39462809	1983	39462292	-991	992	517
chr17	50190941	50196814	50196327	5873	50193877	-2936	2937	2450
chr17	7848349	7851767	7849597	3418	7850058	-1709	1709	-461
chr17	50538414	50542722	50539253	4308	50540568	-2154	2154	-1315
chr17	7592390	7597141	7593926	4751	7594765	-2375	2376	-839
chr17	8474881	8477170	8475686	2289	8476025	-1144	1145	-339
chr17	40628016	40631912	40628897	3896	40629964	-1948	1948	-1067
chr17	47829683	47832934	47832203	3251	47831308	-1625	1626	895
chr17	28351505	28354792	28353305	3287	28353148	-1643	1644	157
chr17	5488531	5489865	5489258	1334	5489198	-667	667	60
chr17	76735848	76737031	76736420	1183	76736439	-591	592	-19
chr17	75237049	75243516	75241844	6467	75240282	-3233	3234	1562
chr17	50107293	50114832	50114264	7539	50111062	-3769	3770	3202
chr17	28719811	28721596	28720812	1785	28720703	-892	893	109
chr17	39715599	39717130	39715836	1531	39716364	-765	766	-528
chr17	42683740	42687661	42683899	3921	42685700	-1960	1961	-1801
chr17	64503510	64508251	64504315	4741	64505880	-2370	2371	-1565
chr17	7235511	7240997	7235576	5486	7238254	-2743	2743	-2678
chr17	7511468	7513866	7513084	2398	7512667	-1199	1199	417
chr17	28673553	28675466	28675012	1913	28674509	-956	957	503
chr17	28879659	28885696	28881281	6037	28882677	-3018	3019	-1396
chr17	38729310	38734813	38730791	5503	38732061	-2751	2752	-1270
chr17	64499688	64501162	64500602	1474	64500425	-737	737	177
chr17	79782846	79787906	79786646	5060	79785376	-2530	2530	1270
chr17	18004360	18008478	18004467	4118	18006419	-2059	2059	-1952
chr17	21299517	21305479	21303211	5962	21302498	-2981	2981	713
chr17	50369682	50373895	50370510	4213	50371788	-2106	2107	-1278
chr17	4968225	4973236	4973219	5011	4970730	-2505	2506	2489
chr17	75237049	75243516	75241766	6467	75240282	-3233	3234	1484
chr17	41970375	41977151	41973612	6776	41973763	-3388	3388	-151
chr17	48927815	48932284	48931688	4469	48930049	-2234	2235	1639
chr17	43194180	43196202	43194952	2022	43195191	-1011	1011	-239
chr17	1472527	1474984	1474946	2457	1473755	-1228	1229	1191
chr17	28339935	28343791	28342385	3856	28341863	-1928	1928	522
chr17	39721711	39726043	39724004	4332	39723877	-2166	2166	127
chr17	1673481	1680156	1678843	6675	1676818	-3337	3338	2025
chr17	29291693	29295031	29294053	3338	29293362	-1669	1669	691
chr17	7006779	7010272	7009677	3493	7008525	-1746	1747	1152
chr17	58004611	58009560	58005742	4949	58007085	-2474	2475	-1343
chr17	68539566	68543194	68542795	3628	68541380	-1814	1814	1415
chr17	61409253	61413712	61412289	4459	61411482	-2229	2230	807
chr17	28895284	28902159	28898492	6875	28898721	-3437	3438	-229
chr17	7279714	7286981	7285708	7267	7283347	-3633	3634	2361
chr17	45393965	45399231	45395174	5266	45396598	-2633	2633	-1424
chr17	7507823	7510944	7509142	3121	7509383	-1560	1561	-241
chr17	50745539	50746720	50745807	1181	50746129	-590	591	-322
chr17	74839910	74844526	74844468	4616	74842218	-2308	2308	2250
chr17	80288838	80291169	80289775	2331	80290003	-1165	1166	-228
chr17	82485599	82488598	82487977	2999	82487098	-1499	1500	879
chr17	28879659	28885696	28880842	6037	28882677	-3018	3019	-1835
chr17	28719811	28721596	28720607	1785	28720703	-892	893	-96
chr17	28673553	28675466	28675012	1913	28674509	-956	957	503
chr17	75237049	75243516	75239433	6467	75240282	-3233	3234	-849
chr17	1465735	1471920	1467904	6185	1468827	-3092	3093	-923
chr17	2323898	2326194	2324241	2296	2325046	-1148	1148	-805
chr17	2332172	2334126	2333014	1954	2333149	-977	977	-135
chr17	3818405	3819899	3818407	1494	3819152	-747	747	-745
chr17	4731475	4734592	4733217	3117	4733033	-1558	1559	184
chr17	5488531	5489865	5489153	1334	5489198	-667	667	-45
chr17	7006779	7010272	7009830	3493	7008525	-1746	1747	1305
chr17	7439163	7443547	7441532	4384	7441355	-2192	2192	177
chr17	7576250	7583423	7579836	7173	7579836	-3586	3587	0
chr17	7854768	7858993	7858053	4225	7856880	-2112	2113	1173
chr17	7854768	7858993	7858204	4225	7856880	-2112	2113	1324
chr17	17491975	17499336	17495496	7361	17495655	-3680	3681	-159
chr17	18244843	18247818	18245602	2975	18246330	-1487	1488	-728
chr17	18244843	18247818	18246397	2975	18246330	-1487	1488	67
chr17	18928240	18929396	18928937	1156	18928818	-578	578	119
chr17	19382896	19385725	19384405	2829	19384310	-1414	1415	95
chr17	21312574	21316045	21314278	3471	21314309	-1735	1736	-31
chr17	28694425	28697623	28695394	3198	28696024	-1599	1599	-630
chr17	38714074	38717216	38715669	3142	38715645	-1571	1571	24
chr17	39529786	39533409	39530979	3623	39531597	-1811	1812	-618
chr17	40133773	40136017	40134394	2244	40134895	-1122	1122	-501
chr17	41978232	41982288	41981855	4056	41980260	-2028	2028	1595
chr17	47829683	47832934	47831793	3251	47831308	-1625	1626	485
chr17	50070189	50073125	50071516	2936	50071657	-1468	1468	-141
chr17	50538414	50542722	50540865	4308	50540568	-2154	2154	297
chr17	56948761	56950860	56950467	2099	56949810	-1049	1050	657
chr17	58004611	58009560	58005382	4949	58007085	-2474	2475	-1703
chr17	60390461	60392855	60391900	2394	60391658	-1197	1197	242
chr17	61979899	61983005	61982246	3106	61981452	-1553	1553	794
chr17	64503510	64508251	64506202	4741	64505880	-2370	2371	322
chr17	74769145	74775822	74775690	6677	74772483	-3338	3339	3207
chr17	75237049	75243516	75240082	6467	75240282	-3233	3234	-200
chr17	75269418	75273502	75269422	4084	75271460	-2042	2042	-2038
chr17	75846036	75851256	75848601	5220	75848646	-2610	2610	-45
chr17	76013049	76020659	76015017	7610	76016854	-3805	3805	-1837
chr17	76013049	76020659	76015335	7610	76016854	-3805	3805	-1519
chr17	76276237	76279695	76278180	3458	76277966	-1729	1729	214
chr17	76735848	76737031	76736996	1183	76736439	-591	592	557
chr17	78123992	78128530	78126594	4538	78126261	-2269	2269	333
chr17	78425315	78426764	78426534	1449	78426039	-724	725	495
chr17	7576250	7583423	7577972	7173	7579836	-3586	3587	-1864
chr17	51119138	51121363	51120530	2225	51120250	-1112	1113	280
chr17	44087100	44089847	44087596	2747	44088473	-1373	1374	-877
chr17	78118186	78122512	78120697	4326	78120349	-2163	2163	348
chr17	45284286	45289060	45284879	4774	45286673	-2387	2387	-1794
chr17	81865106	81871973	81868952	6867	81868539	-3433	3434	413
chr17	7498492	7501147	7500991	2655	7499819	-1327	1328	1172
chr17	42663303	42666830	42665544	3527	42665066	-1763	1764	478
chr17	42673357	42679541	42674411	6184	42676449	-3092	3092	-2038
chr17	39721711	39726043	39723328	4332	39723877	-2166	2166	-549
chr17	75245842	75247052	75246571	1210	75246447	-605	605	124
chr17	28746148	28752424	28749016	6276	28749286	-3138	3138	-270
chr17	42667513	42672925	42669578	5412	42670219	-2706	2706	-641
chr17	63693098	63700942	63694835	7844	63697020	-3922	3922	-2185
chr17	74769145	74775822	74773638	6677	74772483	-3338	3339	1155
chr17	1640823	1648233	1645614	7410	1644528	-3705	3705	1086
chr17	7576250	7583423	7578876	7173	7579836	-3586	3587	-960
chr17	992445	999751	998927	7306	996098	-3653	3653	2829
chr17	2332172	2334126	2332982	1954	2333149	-977	977	-167
chr17	2419178	2423660	2420851	4482	2421419	-2241	2241	-568
chr17	4933605	4936631	4934126	3026	4935118	-1513	1513	-992
chr17	7235511	7240997	7236391	5486	7238254	-2743	2743	-1863
chr17	7501869	7505058	7503746	3189	7503463	-1594	1595	283
chr17	7557803	7561047	7560824	3244	7559425	-1622	1622	1399
chr17	28626760	28633745	28628417	6985	28630252	-3492	3493	-1835
chr17	41820396	41827990	41820998	7594	41824193	-3797	3797	-3195
chr17	42701839	42703985	42703782	2146	42702912	-1073	1073	870
chr17	42844599	42847490	42845999	2891	42846044	-1445	1446	-45
chr17	45078530	45084046	45081689	5516	45081288	-2758	2758	401
chr17	47123802	47126789	47123915	2987	47125295	-1493	1494	-1380
chr17	47829683	47832934	47831381	3251	47831308	-1625	1626	73
chr17	65014253	65016194	65014769	1941	65015223	-970	971	-454
chr17	68539566	68543194	68542107	3628	68541380	-1814	1814	727
chr17	74438782	74442371	74440131	3589	74440576	-1794	1795	-445
chr17	75521122	75527354	75523696	6232	75524238	-3116	3116	-542
chr17	37540046	37543090	37542342	3044	37541568	-1522	1522	774
chr17	39721711	39726043	39724004	4332	39723877	-2166	2166	127
chr17	40344961	40349821	40349810	4860	40347391	-2430	2430	2419
chr17	58507671	58512659	58511276	4988	58510165	-2494	2494	1111
chr17	65014253	65016194	65014706	1941	65015223	-970	971	-517
chr17	73284381	73289143	73286038	4762	73286762	-2381	2381	-724
chr17	8169536	8174503	8174187	4967	8172019	-2483	2484	2168
chr17	7832069	7836219	7833666	4150	7834144	-2075	2075	-478
chr17	74769145	74775822	74771997	6677	74772483	-3338	3339	-486
chr17	80210167	80215516	80212094	5349	80212841	-2674	2675	-747
chr17	1651291	1656542	1653996	5251	1653916	-2625	2626	80
chr17	7379598	7384840	7383275	5242	7382219	-2621	2621	1056
chr17	28739932	28745368	28741419	5436	28742650	-2718	2718	-1231
chr17	7345264	7349743	7347988	4479	7347503	-2239	2240	485
chr17	64503510	64508251	64506219	4741	64505880	-2370	2371	339
chr17	75237049	75243516	75242837	6467	75240282	-3233	3234	2555
chr17	4194714	4196585	4194949	1871	4195649	-935	936	-700
chr17	59695010	59697951	59697316	2941	59696480	-1470	1471	836
chr17	59695010	59697951	59697387	2941	59696480	-1470	1471	907
chr17	75237049	75243516	75239385	6467	75240282	-3233	3234	-897
chr17	7592390	7597141	7593099	4751	7594765	-2375	2376	-1666
chr17	7702055	7707000	7703123	4945	7704527	-2472	2473	-1404
chr17	16040012	16043873	16040469	3861	16041942	-1930	1931	-1473
chr17	57256410	57260045	57257094	3635	57258227	-1817	1818	-1133
chr17	64499688	64501162	64500611	1474	64500425	-737	737	186
chr17	81118192	81121593	81118385	3401	81119892	-1700	1701	-1507
chr17	39721711	39726043	39724008	4332	39723877	-2166	2166	131
chr17	2298338	2300534	2299620	2196	2299436	-1098	1098	184
chr17	2298338	2300534	2299621	2196	2299436	-1098	1098	185
chr17	2298338	2300534	2299758	2196	2299436	-1098	1098	322
chr17	2298338	2300534	2300249	2196	2299436	-1098	1098	813
chr17	42683740	42687661	42686933	3921	42685700	-1960	1961	1233
chr17	47681025	47683871	47682698	2846	47682448	-1423	1423	250
chr17	46938202	46941023	46940700	2821	46939612	-1410	1411	1088
chr17	7315683	7321959	7321684	6276	7318821	-3138	3138	2863
chr17	5183814	5186956	5183852	3142	5185385	-1571	1571	-1533
chr17	7439163	7443547	7443044	4384	7441355	-2192	2192	1689
chr17	7462460	7465813	7462738	3353	7464136	-1676	1677	-1398
chr17	7557803	7561047	7560081	3244	7559425	-1622	1622	656
chr17	18099510	18101574	18100350	2064	18100542	-1032	1032	-192
chr17	18244843	18247818	18245779	2975	18246330	-1487	1488	-551
chr17	18244843	18247818	18246010	2975	18246330	-1487	1488	-320
chr17	28626760	28633745	28633072	6985	28630252	-3492	3493	2820
chr17	28879659	28885696	28884296	6037	28882677	-3018	3019	1619
chr17	38710638	38713175	38713082	2537	38711906	-1268	1269	1176
chr17	42778403	42782066	42779054	3663	42780234	-1831	1832	-1180
chr17	45240535	45244357	45241427	3822	45242446	-1911	1911	-1019
chr17	74759228	74763996	74762130	4768	74761612	-2384	2384	518
chr17	5488531	5489865	5489554	1334	5489198	-667	667	356
chr17	61409253	61413712	61412105	4459	61411482	-2229	2230	623
chr17	80109833	80114525	80113304	4692	80112179	-2346	2346	1125
chr17	1049984	1053955	1050546	3971	1051969	-1985	1986	-1423
chr17	28347203	28350625	28348014	3422	28348914	-1711	1711	-900
chr17	28895284	28902159	28900999	6875	28898721	-3437	3438	2278
chr17	44396683	44401321	44399077	4638	44399002	-2319	2319	75
chr17	73192008	73197414	73196679	5406	73194711	-2703	2703	1968
chr17	42113414	42118920	42117985	5506	42116167	-2753	2753	1818
chr17	4933605	4936631	4934406	3026	4935118	-1513	1513	-712
chr17	82440634	82446427	82444088	5793	82443530	-2896	2897	558
chr17	42844599	42847490	42844736	2891	42846044	-1445	1446	-1308
chr17	50087229	50090409	50089159	3180	50088819	-1590	1590	340
chr17	7592390	7597141	7592578	4751	7594765	-2375	2376	-2187
chr17	12991593	12994199	12993744	2606	12992896	-1303	1303	848
chr17	18004360	18008478	18007425	4118	18006419	-2059	2059	1006
chr17	38729310	38734813	38731353	5503	38732061	-2751	2752	-708
chr17	68539566	68543194	68542716	3628	68541380	-1814	1814	1336
chr17	28910215	28912278	28911136	2063	28911246	-1031	1032	-110
chr17	79782846	79787906	79785063	5060	79785376	-2530	2530	-313
chr17	36598665	36602832	36599754	4167	36600748	-2083	2084	-994
chr17	39461301	39463284	39462381	1983	39462292	-991	992	89
chr17	58507671	58512659	58511353	4988	58510165	-2494	2494	1188
chr17	7587796	7591079	7589509	3283	7589437	-1641	1642	72
chr17	7921868	7925555	7922816	3687	7923711	-1843	1844	-895
chr17	7507823	7510944	7509031	3121	7509383	-1560	1561	-352
chr17	68539566	68543194	68542707	3628	68541380	-1814	1814	1327
chr17	18244843	18247818	18246456	2975	18246330	-1487	1488	126
chr17	40094377	40098613	40096081	4236	40096495	-2118	2118	-414
chr17	42556892	42564020	42563410	7128	42560456	-3564	3564	2954
chr17	18241317	18244822	18242627	3505	18243069	-1752	1753	-442
chr17	7439163	7443547	7442742	4384	7441355	-2192	2192	1387
chr17	42667513	42672925	42668031	5412	42670219	-2706	2706	-2188
chr17	12991593	12994199	12993746	2606	12992896	-1303	1303	850
chr17	67824477	67827199	67826311	2722	67825838	-1361	1361	473
chr17	44150926	44157249	44152636	6323	44154087	-3161	3162	-1451
chr17	76307047	76311771	76307477	4724	76309409	-2362	2362	-1932
chr17	28944811	28951700	28950069	6889	28948255	-3444	3445	1814
chr17	28944811	28951700	28950071	6889	28948255	-3444	3445	1816
chr17	39461301	39463284	39462327	1983	39462292	-991	992	35
chr17	44396683	44401321	44397443	4638	44399002	-2319	2319	-1559
chr17	63693098	63700942	63693736	7844	63697020	-3922	3922	-3284
chr17	57256410	57260045	57257490	3635	57258227	-1817	1818	-737
chr17	28673553	28675466	28674563	1913	28674509	-956	957	54
chr17	76467793	76470909	76468858	3116	76469351	-1558	1558	-493
chr17	28913546	28914934	28914012	1388	28914240	-694	694	-228
chr17	7832069	7836219	7832887	4150	7834144	-2075	2075	-1257
chr17	39721711	39726043	39724747	4332	39723877	-2166	2166	870
chr17	44353457	44358364	44356262	4907	44355910	-2453	2454	352
chr17	81111167	81117493	81115832	6326	81114330	-3163	3163	1502
chr17	80106410	80109693	80107617	3283	80108051	-1641	1642	-434
chr17	17795938	17803368	17796884	7430	17799653	-3715	3715	-2769
chr17	19382896	19385725	19384393	2829	19384310	-1414	1415	83
chr17	80429303	80431407	80429868	2104	80430355	-1052	1052	-487
chr17	7576250	7583423	7577425	7173	7579836	-3586	3587	-2411
chr17	75667151	75669929	75667179	2778	75668540	-1389	1389	-1361
chr17	42990574	42993243	42991031	2669	42991908	-1334	1335	-877
chr17	39726614	39728501	39727755	1887	39727557	-943	944	198
chr17	7006779	7010272	7010003	3493	7008525	-1746	1747	1478
chr17	7557803	7561047	7560907	3244	7559425	-1622	1622	1482
chr17	43194180	43196202	43195076	2022	43195191	-1011	1011	-115
chr17	42663303	42666830	42663403	3527	42665066	-1763	1764	-1663
chr17	64503510	64508251	64504281	4741	64505880	-2370	2371	-1599
chr17	7852212	7853906	7852251	1694	7853059	-847	847	-808
chr17	7254469	7260166	7254709	5697	7257317	-2848	2849	-2608
chr17	4968225	4973236	4969693	5011	4970730	-2505	2506	-1037
chr17	7279714	7286981	7284531	7267	7283347	-3633	3634	1184
chr17	75262561	75268220	75265860	5659	75265390	-2829	2830	470
chr17	3926148	3930798	3928016	4650	3928473	-2325	2325	-457
chr17	75667151	75669929	75668539	2778	75668540	-1389	1389	-1
chr17	28907168	28909913	28907639	2745	28908540	-1372	1373	-901
chr17	41970375	41977151	41976652	6776	41973763	-3388	3388	2889
chr17	64503510	64508251	64504690	4741	64505880	-2370	2371	-1190
chr17	4942629	4946191	4943458	3562	4944410	-1781	1781	-952
chr17	4942629	4946191	4944641	3562	4944410	-1781	1781	231
chr17	7848349	7851767	7848443	3418	7850058	-1709	1709	-1615
chr17	28722974	28728512	28725373	5538	28725743	-2769	2769	-370
chr17	74948948	74954705	74949297	5757	74951826	-2878	2879	-2529
chr17	75521122	75527354	75521862	6232	75524238	-3116	3116	-2376
chr17	82440634	82446427	82441823	5793	82443530	-2896	2897	-1707
chr17	28895284	28902159	28901555	6875	28898721	-3437	3438	2834
chr17	1673481	1680156	1675274	6675	1676818	-3337	3338	-1544
chr17	2700778	2705369	2703361	4591	2703073	-2295	2296	288
chr17	29284207	29288797	29286226	4590	29286502	-2295	2295	-276
chr17	39461301	39463284	39462193	1983	39462292	-991	992	-99
chr17	42020038	42025413	42024016	5375	42022725	-2687	2688	1291
chr17	56948761	56950860	56950261	2099	56949810	-1049	1050	451
chr17	61979899	61983005	61982551	3106	61981452	-1553	1553	1099
chr17	75667151	75669929	75667370	2778	75668540	-1389	1389	-1170
chr17	79782846	79787906	79785012	5060	79785376	-2530	2530	-364
chr17	5022843	5026851	5023961	4008	5024847	-2004	2004	-886
chr17	29291693	29295031	29294077	3338	29293362	-1669	1669	715
chr17	50087229	50090409	50088302	3180	50088819	-1590	1590	-517
chr17	28895284	28902159	28898584	6875	28898721	-3437	3438	-137
chr17	75237049	75243516	75242129	6467	75240282	-3233	3234	1847
chr17	4933605	4936631	4934586	3026	4935118	-1513	1513	-532
chr17	7576250	7583423	7579890	7173	7579836	-3586	3587	54
chr17	42120998	42125598	42123294	4600	42123298	-2300	2300	-4
chr17	74438782	74442371	74440622	3589	74440576	-1794	1795	46
chr17	76307047	76311771	76307482	4724	76309409	-2362	2362	-1927
chr17	42020038	42025413	42021542	5375	42022725	-2687	2688	-1183
chr17	7583649	7587294	7587159	3645	7585471	-1822	1823	1688
chr17	75521122	75527354	75524494	6232	75524238	-3116	3116	256
chr17	79782846	79787906	79784542	5060	79785376	-2530	2530	-834
chr18	63317627	63320820	63318380	3193	63319223	-1596	1597	-843
chr18	63317627	63320820	63318836	3193	63319223	-1596	1597	-387
chr18	49812786	49814711	49813878	1925	49813748	-962	963	130
chr18	3595782	3602098	3597180	6316	3598940	-3158	3158	-1760
chr18	21517230	21520257	21518065	3027	21518743	-1513	1514	-678
chr18	35372617	35374917	35374039	2300	35373767	-1150	1150	272
chr18	35372617	35374917	35374332	2300	35373767	-1150	1150	565
chr18	49846034	49848178	49847231	2144	49847106	-1072	1072	125
chr18	79967528	79969509	79968123	1981	79968518	-990	991	-395
chr18	62185669	62188883	62187623	3214	62187276	-1607	1607	347
chr18	50273097	50277850	50275858	4753	50275473	-2376	2377	385
chr18	62185669	62188883	62187667	3214	62187276	-1607	1607	391
chr18	62185669	62188883	62187668	3214	62187276	-1607	1607	392
chr18	3255826	3259727	3255913	3901	3257776	-1950	1951	-1863
chr18	669960	672085	670739	2125	671022	-1062	1063	-283
chr18	50273097	50277850	50274261	4753	50275473	-2376	2377	-1212
chr18	3447992	3452859	3450422	4867	3450425	-2433	2434	-3
chr18	35372617	35374917	35374246	2300	35373767	-1150	1150	479
chr18	49490967	49493831	49491545	2864	49492399	-1432	1432	-854
chr18	50273097	50277850	50274246	4753	50275473	-2376	2377	-1227
chr18	62715363	62718723	62717252	3360	62717043	-1680	1680	209
chr18	693493	695024	694282	1531	694258	-765	766	24
chr18	79897350	79905145	79899086	7795	79901247	-3897	3898	-2161
chr18	46087575	46090286	46088196	2711	46088930	-1355	1356	-734
chr18	62185669	62188883	62187514	3214	62187276	-1607	1607	238
chr18	50273097	50277850	50276682	4753	50275473	-2376	2377	1209
chr18	13097564	13100384	13099582	2820	13098974	-1410	1410	608
chr18	50273097	50277850	50274245	4753	50275473	-2376	2377	-1228
chr18	62715363	62718723	62717229	3360	62717043	-1680	1680	186
chr19	19532553	19538908	19535082	6355	19535730	-3177	3178	-648
chr19	17494675	17498944	17497399	4269	17496809	-2134	2135	590
chr19	39472284	39475545	39474894	3261	39473914	-1630	1631	980
chr19	57393880	57396875	57394185	2995	57395377	-1497	1498	-1192
chr19	2431074	2435595	2434064	4521	2433334	-2260	2261	730
chr19	19103317	19107167	19105635	3850	19105242	-1925	1925	393
chr19	45687071	45692076	45687489	5005	45689573	-2502	2503	-2084
chr19	3775612	3779148	3779041	3536	3777380	-1768	1768	1661
chr19	49115568	49121274	49116378	5706	49118421	-2853	2853	-2043
chr19	12917961	12919779	12919268	1818	12918870	-909	909	398
chr19	48463395	48465025	48464336	1630	48464210	-815	815	126
chr19	10134253	10141167	10137989	6914	10137710	-3457	3457	279
chr19	1583822	1586418	1584613	2596	1585120	-1298	1298	-507
chr19	2714614	2719840	2717408	5226	2717227	-2613	2613	181
chr19	6749457	6750791	6750552	1334	6750124	-667	667	428
chr19	16566522	16569480	16568165	2958	16568001	-1479	1479	164
chr19	35633470	35637471	35637461	4001	35635470	-2000	2001	1991
chr19	39419128	39424796	39424785	5668	39421962	-2834	2834	2823
chr19	39468353	39471640	39468862	3287	39469996	-1643	1644	-1134
chr19	40588478	40592729	40589177	4251	40590603	-2125	2126	-1426
chr19	44900438	44908115	44901049	7677	44904276	-3838	3839	-3227
chr19	49138497	49141672	49141465	3175	49140084	-1587	1588	1381
chr19	10283282	10285919	10284564	2637	10284600	-1318	1319	-36
chr19	46845726	46848507	46846067	2781	46847116	-1390	1391	-1049
chr19	35058636	35061653	35060785	3017	35060144	-1508	1509	641
chr19	44176806	44177703	44177656	897	44177254	-448	449	402
chr19	44176806	44177703	44177658	897	44177254	-448	449	404
chr19	8467672	8469618	8468777	1946	8468645	-973	973	132
chr19	11053751	11060071	11059819	6320	11056911	-3160	3160	2908
chr19	17775943	17783122	17778144	7179	17779532	-3589	3590	-1388
chr19	41438867	41440516	41439535	1649	41439691	-824	825	-156
chr19	41867888	41873387	41869735	5499	41870637	-2749	2750	-902
chr19	48635470	48640265	48640097	4795	48637867	-2397	2398	2230
chr19	17499440	17503337	17500514	3897	17501388	-1948	1949	-874
chr19	55089389	55095990	55092538	6601	55092689	-3300	3301	-151
chr19	13815912	13820547	13819463	4635	13818229	-2317	2318	1234
chr19	13965178	13970347	13965517	5169	13967762	-2584	2585	-2245
chr19	18857767	18863898	18860078	6131	18860832	-3065	3066	-754
chr19	36145838	36153599	36146304	7761	36149718	-3880	3881	-3414
chr19	46781825	46784657	46784623	2832	46783241	-1416	1416	1382
chr19	49657409	49660289	49659823	2880	49658849	-1440	1440	974
chr19	40777730	40782088	40780086	4358	40779909	-2179	2179	177
chr19	15394829	15401119	15397561	6290	15397974	-3145	3145	-413
chr19	4320626	4325247	4324468	4621	4322936	-2310	2311	1532
chr19	15225066	15228429	15228095	3363	15226747	-1681	1682	1348
chr19	48463395	48465025	48464264	1630	48464210	-815	815	54
chr19	49551791	49558652	49556407	6861	49555221	-3430	3431	1186
chr19	55452470	55454237	55453198	1767	55453353	-883	884	-155
chr19	15376680	15381665	15380524	4985	15379172	-2492	2493	1352
chr19	45469520	45473607	45472977	4087	45471563	-2043	2044	1414
chr19	49905219	49909275	49909077	4056	49907247	-2028	2028	1830
chr19	16223454	16229467	16228864	6013	16226460	-3006	3007	2404
chr19	47511912	47515824	47514892	3912	47513868	-1956	1956	1024
chr19	49551791	49558652	49557209	6861	49555221	-3430	3431	1988
chr19	1583822	1586418	1585127	2596	1585120	-1298	1298	7
chr19	6469420	6472062	6471332	2642	6470741	-1321	1321	591
chr19	5208663	5213174	5212134	4511	5210918	-2255	2256	1216
chr19	1266238	1270644	1269931	4406	1268441	-2203	2203	1490
chr19	5915235	5919250	5917804	4015	5917242	-2007	2008	562
chr19	11722699	11727130	11723256	4431	11724914	-2215	2216	-1658
chr19	6730133	6734723	6731082	4590	6732428	-2295	2295	-1346
chr19	42405170	42411347	42407294	6177	42408258	-3088	3089	-964
chr19	18254287	18261258	18257796	6971	18257772	-3485	3486	24
chr19	15262772	15269348	15265411	6576	15266060	-3288	3288	-649
chr19	38307105	38311441	38309254	4336	38309273	-2168	2168	-19
chr19	49448790	49451112	49449505	2322	49449951	-1161	1161	-446
chr19	10551020	10554757	10552300	3737	10552888	-1868	1869	-588
chr19	35275842	35280215	35278783	4373	35278028	-2186	2187	755
chr19	55238404	55243383	55239650	4979	55240893	-2489	2490	-1243
chr19	10134253	10141167	10138470	6914	10137710	-3457	3457	760
chr19	10134253	10141167	10140108	6914	10137710	-3457	3457	2398
chr19	12923517	12926735	12924721	3218	12925126	-1609	1609	-405
chr19	1982757	1990357	1986481	7600	1986557	-3800	3800	-76
chr19	3615800	3622862	3620800	7062	3619331	-3531	3531	1469
chr19	41293196	41295340	41294423	2144	41294268	-1072	1072	155
chr19	10827416	10833436	10831057	6020	10830426	-3010	3010	631
chr19	2431074	2435595	2431813	4521	2433334	-2260	2261	-1521
chr19	39354259	39357434	39357014	3175	39355846	-1587	1588	1168
chr19	41904466	41911902	41906495	7436	41908184	-3718	3718	-1689
chr19	49670119	49673361	49670382	3242	49671740	-1621	1621	-1358
chr19	49584646	49592221	49588500	7575	49588433	-3787	3788	67
chr19	10389884	10392152	10391661	2268	10391018	-1134	1134	643
chr19	7517979	7523710	7520653	5731	7520844	-2865	2866	-191
chr19	7612048	7617257	7612238	5209	7614652	-2604	2605	-2414
chr19	13965178	13970347	13970151	5169	13967762	-2584	2585	2389
chr19	35008000	35013976	35010089	5976	35010988	-2988	2988	-899
chr19	35497831	35502821	35499996	4990	35500326	-2495	2495	-330
chr19	39385700	39389540	39385932	3840	39387620	-1920	1920	-1688
chr19	45068231	45072886	45069116	4655	45070558	-2327	2328	-1442
chr19	49459448	49463835	49462658	4387	49461641	-2193	2194	1017
chr19	58477046	58482175	58479817	5129	58479610	-2564	2565	207
chr19	11377286	11379250	11378013	1964	11378268	-982	982	-255
chr19	1072477	1075921	1073550	3444	1074199	-1722	1722	-649
chr19	1233887	1238206	1234255	4319	1236046	-2159	2160	-1791
chr19	2214130	2221211	2216368	7081	2217670	-3540	3541	-1302
chr19	3113269	3119670	3113396	6401	3116469	-3200	3201	-3073
chr19	3615800	3622862	3619106	7062	3619331	-3531	3531	-225
chr19	3775612	3779148	3778302	3536	3777380	-1768	1768	922
chr19	4815945	4818196	4816943	2251	4817070	-1125	1126	-127
chr19	8506504	8512089	8510733	5585	8509296	-2792	2793	1437
chr19	10351670	10354714	10353071	3044	10353192	-1522	1522	-121
chr19	11021859	11024709	11023558	2850	11023284	-1425	1425	274
chr19	11360447	11362924	11361331	2477	11361685	-1238	1239	-354
chr19	14408173	14410057	14409037	1884	14409115	-942	942	-78
chr19	17243939	17247375	17245123	3436	17245657	-1718	1718	-534
chr19	35264850	35271773	35266486	6923	35268311	-3461	3462	-1825
chr19	38307105	38311441	38307733	4336	38309273	-2168	2168	-1540
chr19	39385700	39389540	39386719	3840	39387620	-1920	1920	-901
chr19	39419128	39424796	39424037	5668	39421962	-2834	2834	2075
chr19	39478800	39483840	39480712	5040	39481320	-2520	2520	-608
chr19	43534040	43536379	43535537	2339	43535209	-1169	1170	328
chr19	45384870	45386240	45385861	1370	45385555	-685	685	306
chr19	45523576	45524892	45524601	1316	45524234	-658	658	367
chr19	45687071	45692076	45688395	5005	45689573	-2502	2503	-1178
chr19	49635102	49639104	49636676	4002	49637103	-2001	2001	-427
chr19	50246852	50250183	50249120	3331	50248517	-1665	1666	603
chr19	55096316	55101340	55099032	5024	55098828	-2512	2512	204
chr19	58510229	58517412	58511725	7183	58513820	-3591	3592	-2095
chr19	19193256	19198520	19193986	5264	19195888	-2632	2632	-1902
chr19	35008000	35013976	35013338	5976	35010988	-2988	2988	2350
chr19	47082486	47085801	47085118	3315	47084143	-1657	1658	975
chr19	50246852	50250183	50249749	3331	50248517	-1665	1666	1232
chr19	1121199	1126034	1123592	4835	1123616	-2417	2418	-24
chr19	1233887	1238206	1234691	4319	1236046	-2159	2160	-1355
chr19	7892718	7896424	7895617	3706	7894571	-1853	1853	1046
chr19	8322515	8323247	8322872	732	8322881	-366	366	-9
chr19	10148176	10152959	10149638	4783	10150567	-2391	2392	-929
chr19	13822409	13828088	13825648	5679	13825248	-2839	2840	400
chr19	19193256	19198520	19197522	5264	19195888	-2632	2632	1634
chr19	29610095	29611959	29610564	1864	29611027	-932	932	-463
chr19	33203365	33207801	33204750	4436	33205583	-2218	2218	-833
chr19	35633470	35637471	35634358	4001	35635470	-2000	2001	-1112
chr19	38307105	38311441	38308995	4336	38309273	-2168	2168	-278
chr19	45350389	45354350	45351414	3961	45352369	-1980	1981	-955
chr19	46696868	46699455	46697193	2587	46698161	-1293	1294	-968
chr19	46775172	46780504	46777273	5332	46777838	-2666	2666	-565
chr19	49660466	49664399	49660768	3933	49662432	-1966	1967	-1664
chr19	52212059	52213951	52212729	1892	52213005	-946	946	-276
chr19	54121661	54126179	54124606	4518	54123920	-2259	2259	686
chr19	55089389	55095990	55091383	6601	55092689	-3300	3301	-1306
chr19	55401575	55404914	55404408	3339	55403244	-1669	1670	1164
chr19	17775943	17783122	17776259	7179	17779532	-3589	3590	-3273
chr19	18564234	18568789	18568584	4555	18566511	-2277	2278	2073
chr19	4320626	4325247	4325223	4621	4322936	-2310	2311	2287
chr19	12929557	12932866	12930338	3309	12931211	-1654	1655	-873
chr19	38299626	38307035	38304278	7409	38303330	-3704	3705	948
chr19	46696868	46699455	46697746	2587	46698161	-1293	1294	-415
chr19	35887389	35891006	35888489	3617	35889197	-1808	1809	-708
chr19	38384722	38386466	38385992	1744	38385594	-872	872	398
chr19	10148176	10152959	10149868	4783	10150567	-2391	2392	-699
chr19	40447795	40453485	40451448	5690	40450640	-2845	2845	808
chr19	12755633	12762195	12757944	6562	12758914	-3281	3281	-970
chr19	36016726	36019826	36019004	3100	36018276	-1550	1550	728
chr19	7897337	7899282	7898685	1945	7898309	-972	973	376
chr19	11240540	11248413	11241722	7873	11244476	-3936	3937	-2754
chr19	11377286	11379250	11378726	1964	11378268	-982	982	458
chr19	18780155	18786763	18786595	6608	18783459	-3304	3304	3136
chr19	11737721	11739287	11738904	1566	11738504	-783	783	400
chr19	41381120	41383983	41382798	2863	41382551	-1431	1432	247
chr19	4320626	4325247	4323755	4621	4322936	-2310	2311	819
chr19	7961217	7963412	7963146	2195	7962314	-1097	1098	832
chr19	35058636	35061653	35059793	3017	35060144	-1508	1509	-351
chr19	38299626	38307035	38304473	7409	38303330	-3704	3705	1143
chr19	15167145	15173491	15170740	6346	15170318	-3173	3173	422
chr19	55077143	55083096	55080189	5953	55080119	-2976	2977	70
chr19	19202284	19205236	19203112	2952	19203760	-1476	1476	-648
chr19	19278205	19283215	19280265	5010	19280710	-2505	2505	-445
chr19	10148176	10152959	10149486	4783	10150567	-2391	2392	-1081
chr19	40717506	40719847	40717881	2341	40718676	-1170	1171	-795
chr19	10392394	10397062	10395473	4668	10394728	-2334	2334	745
chr19	17731663	17737777	17733352	6114	17734720	-3057	3057	-1368
chr19	36021646	36026033	36024453	4387	36023839	-2193	2194	614
chr19	39419128	39424796	39423008	5668	39421962	-2834	2834	1046
chr19	41904466	41911902	41905211	7436	41908184	-3718	3718	-2973
chr19	43503491	43508174	43506848	4683	43505832	-2341	2342	1016
chr19	48743378	48746493	48745850	3115	48744935	-1557	1558	915
chr19	54159301	54163476	54159640	4175	54161388	-2087	2088	-1748
chr19	54174005	54178274	54174276	4269	54176139	-2134	2135	-1863
chr19	1583822	1586418	1585065	2596	1585120	-1298	1298	-55
chr19	50246852	50250183	50247053	3331	50248517	-1665	1666	-1464
chr19	39412499	39418242	39417663	5743	39415370	-2871	2872	2293
chr19	38907098	38913277	38907222	6179	38910187	-3089	3090	-2965
chr19	44900438	44908115	44901283	7677	44904276	-3838	3839	-2993
chr19	4443937	4449892	4448465	5955	4446914	-2977	2978	1551
chr19	4847753	4853847	4852070	6094	4850800	-3047	3047	1270
chr19	32353322	32357281	32354484	3959	32355301	-1979	1980	-817
chr19	35058636	35061653	35060376	3017	35060144	-1508	1509	232
chr19	47404456	47409507	47407386	5051	47406981	-2525	2526	405
chr19	13916585	13924029	13920911	7444	13920307	-3722	3722	604
chr19	15423859	15431554	15425643	7695	15427706	-3847	3848	-2063
chr19	11354764	11358402	11357682	3638	11356583	-1819	1819	1099
chr19	35264850	35271773	35267451	6923	35268311	-3461	3462	-860
chr19	2992896	2996552	2993574	3656	2994724	-1828	1828	-1150
chr19	15111233	15118277	15117979	7044	15114755	-3522	3522	3224
chr19	19677153	19680094	19680089	2941	19678623	-1470	1471	1466
chr19	39419128	39424796	39424038	5668	39421962	-2834	2834	2076
chr19	46704016	46706420	46704314	2404	46705218	-1202	1202	-904
chr19	55577169	55581417	55577896	4248	55579293	-2124	2124	-1397
chr19	15225066	15228429	15227844	3363	15226747	-1681	1682	1097
chr19	4320626	4325247	4323010	4621	4322936	-2310	2311	74
chr19	1919367	1927356	1924319	7989	1923361	-3994	3995	958
chr19	9808893	9814868	9811155	5975	9811880	-2987	2988	-725
chr19	36008531	36012328	36008650	3797	36010429	-1898	1899	-1779
chr19	52275523	52282144	52277507	6621	52278833	-3310	3311	-1326
chr19	35633470	35637471	35634369	4001	35635470	-2000	2001	-1101
chr19	49985481	49989217	49988404	3736	49987349	-1868	1868	1055
chr19	49992539	49994375	49992897	1836	49993457	-918	918	-560
chr19	11354764	11358402	11356871	3638	11356583	-1819	1819	288
chr19	12947728	12954867	12954274	7139	12951297	-3569	3570	2977
chr19	13916585	13924029	13918957	7444	13920307	-3722	3722	-1350
chr19	13916585	13924029	13919937	7444	13920307	-3722	3722	-370
chr19	15184241	15188677	15185558	4436	15186459	-2218	2218	-901
chr19	35256606	35260006	35259058	3400	35258306	-1700	1700	752
chr19	49014198	49019399	49015857	5201	49016798	-2600	2601	-941
chr19	10798099	10804809	10802382	6710	10801454	-3355	3355	928
chr19	55595392	55599857	55597796	4465	55597624	-2232	2233	172
chr19	55657977	55661777	55660575	3800	55659877	-1900	1900	698
chr19	44900438	44908115	44903357	7677	44904276	-3838	3839	-919
chr19	4320626	4325247	4324545	4621	4322936	-2310	2311	1609
chr19	19496717	19504383	19498655	7666	19500550	-3833	3833	-1895
chr19	1233887	1238206	1235065	4319	1236046	-2159	2160	-981
chr19	19107734	19114283	19107942	6549	19111008	-3274	3275	-3066
chr19	49584646	49592221	49590575	7575	49588433	-3787	3788	2142
chr19	46987834	46991233	46989640	3399	46989533	-1699	1700	107
chr19	41355923	41362626	41357909	6703	41359274	-3351	3352	-1365
chr19	41314605	41318891	41316757	4286	41316748	-2143	2143	9
chr19	49344265	49349095	49347252	4830	49346680	-2415	2415	572
chr19	751532	758258	757540	6726	754895	-3363	3363	2645
chr19	46996729	47004488	47000392	7759	47000608	-3879	3880	-216
chr19	40762384	40765521	40765201	3137	40763952	-1568	1569	1249
chr19	15111233	15118277	15113783	7044	15114755	-3522	3522	-972
chr19	2409770	2417145	2416581	7375	2413457	-3687	3688	3124
chr19	17721388	17729011	17726314	7623	17725199	-3811	3812	1115
chr19	41891599	41898271	41895420	6672	41894935	-3336	3336	485
chr19	10982667	10988411	10985297	5744	10985539	-2872	2872	-242
chr19	18853124	18856146	18854899	3022	18854635	-1511	1511	264
chr19	19532553	19538908	19535082	6355	19535730	-3177	3178	-648
chr19	46987834	46991233	46989641	3399	46989533	-1699	1700	108
chr19	19117986	19121855	19121643	3869	19119920	-1934	1935	1723
chr19	49115568	49121274	49118854	5706	49118421	-2853	2853	433
chr19	58470627	58475872	58471936	5245	58473249	-2622	2623	-1313
chr19	16184954	16191399	16191028	6445	16188176	-3222	3223	2852
chr19	54159301	54163476	54163102	4175	54161388	-2087	2088	1714
chr19	17721388	17729011	17725046	7623	17725199	-3811	3812	-153
chr19	54183209	54187528	54187278	4319	54185368	-2159	2160	1910
chr19	3470871	3476456	3474887	5585	3473663	-2792	2793	1224
chr19	40702072	40705374	40703545	3302	40703723	-1651	1651	-178
chr19	4443937	4449892	4446632	5955	4446914	-2977	2978	-282
chr19	40717506	40719847	40717724	2341	40718676	-1170	1171	-952
chr19	45549210	45554664	45550787	5454	45551937	-2727	2727	-1150
chr19	13830912	13832341	13830971	1429	13831626	-714	715	-655
chr19	10252922	10260203	10258298	7281	10256562	-3640	3641	1736
chr19	11118333	11124743	11120148	6410	11121538	-3205	3205	-1390
chr19	11445545	11448599	11447770	3054	11447072	-1527	1527	698
chr19	18164585	18171838	18169673	7253	18168211	-3626	3627	1462
chr19	18164585	18171838	18169674	7253	18168211	-3626	3627	1463
chr19	35019188	35023198	35021507	4010	35021193	-2005	2005	314
chr19	35739309	35741282	35741238	1973	35740295	-986	987	943
chr19	48463395	48465025	48464493	1630	48464210	-815	815	283
chr19	55083196	55089089	55085877	5893	55086142	-2946	2947	-265
chr19	10982667	10988411	10986371	5744	10985539	-2872	2872	832
chr19	40372720	40375195	40374597	2475	40373957	-1237	1238	640
chr19	40777730	40782088	40780458	4358	40779909	-2179	2179	549
chr19	45468260	45469092	45468475	832	45468676	-416	416	-201
chr19	751532	758258	758171	6726	754895	-3363	3363	3276
chr19	19202284	19205236	19203129	2952	19203760	-1476	1476	-631
chr19	13965178	13970347	13965730	5169	13967762	-2584	2585	-2032
chr19	32353322	32357281	32354959	3959	32355301	-1979	1980	-342
chr19	39419128	39424796	39424565	5668	39421962	-2834	2834	2603
chr19	11380537	11387243	11383203	6706	11383890	-3353	3353	-687
chr19	49660466	49664399	49661806	3933	49662432	-1966	1967	-626
chr19	41381120	41383983	41383838	2863	41382551	-1431	1432	1287
chr19	2214130	2221211	2220128	7081	2217670	-3540	3541	2458
chr19	4013210	4018035	4013265	4825	4015622	-2412	2413	-2357
chr19	12730916	12736809	12731050	5893	12733862	-2946	2947	-2812
chr19	55083196	55089089	55087613	5893	55086142	-2946	2947	1471
chr19	3470871	3476456	3474789	5585	3473663	-2792	2793	1126
chr19	40436373	40442438	40441584	6065	40439405	-3032	3033	2179
chr19	1416525	1420746	1418355	4221	1418635	-2110	2111	-280
chr19	6749457	6750791	6750604	1334	6750124	-667	667	480
chr19	16848277	16854895	16854197	6618	16851586	-3309	3309	2611
chr19	45068231	45072886	45071720	4655	45070558	-2327	2328	1162
chr19	18535861	18540930	18537618	5069	18538395	-2534	2535	-777
chr19	48635470	48640265	48639388	4795	48637867	-2397	2398	1521
chr19	49931112	49936594	49933048	5482	49933853	-2741	2741	-805
chr19	48956555	48963666	48960839	7111	48960110	-3555	3556	729
chr19	35264850	35271773	35267861	6923	35268311	-3461	3462	-450
chr19	58470627	58475872	58471347	5245	58473249	-2622	2623	-1902
chr19	19496717	19504383	19501254	7666	19500550	-3833	3833	704
chr19	10392394	10397062	10395097	4668	10394728	-2334	2334	369
chr19	38384722	38386466	38386164	1744	38385594	-872	872	570
chr19	35008000	35013976	35013357	5976	35010988	-2988	2988	2369
chr19	37362618	37365254	37362909	2636	37363936	-1318	1318	-1027
chr19	37362618	37365254	37363684	2636	37363936	-1318	1318	-252
chr19	2043697	2049191	2046676	5494	2046444	-2747	2747	232
chr19	13109149	13116163	13112743	7014	13112656	-3507	3507	87
chr19	45625109	45630255	45626819	5146	45627682	-2573	2573	-863
chr19	45468260	45469092	45468627	832	45468676	-416	416	-49
chr19	19352507	19357760	19357407	5253	19355133	-2626	2627	2274
chr19	35741394	35745382	35744291	3988	35743388	-1994	1994	903
chr19	751532	758258	758149	6726	754895	-3363	3363	3254
chr19	17578129	17582223	17579502	4094	17580176	-2047	2047	-674
chr19	7517979	7523710	7519462	5731	7520844	-2865	2866	-1382
chr19	49660466	49664399	49660807	3933	49662432	-1966	1967	-1625
chr19	6730133	6734723	6731892	4590	6732428	-2295	2295	-536
chr19	11101440	11104839	11102764	3399	11103139	-1699	1700	-375
chr19	38918273	38919774	38918789	1501	38919023	-750	751	-234
chr19	49594175	49599158	49594896	4983	49596666	-2491	2492	-1770
chr19	18780155	18786763	18782926	6608	18783459	-3304	3304	-533
chr19	38841768	38844218	38844026	2450	38842993	-1225	1225	1033
chr19	54174005	54178274	54174176	4269	54176139	-2134	2135	-1963
chr19	17731663	17737777	17734321	6114	17734720	-3057	3057	-399
chr19	10551020	10554757	10552999	3737	10552888	-1868	1869	111
chr19	48466534	48471738	48470443	5204	48469136	-2602	2602	1307
chr19	33095759	33100129	33096293	4370	33097944	-2185	2185	-1651
chr19	17785534	17788938	17786574	3404	17787236	-1702	1702	-662
chr19	11354764	11358402	11354909	3638	11356583	-1819	1819	-1674
chr19	11360447	11362924	11362557	2477	11361685	-1238	1239	872
chr19	11377286	11379250	11378102	1964	11378268	-982	982	-166
chr19	41305325	41307306	41305758	1981	41306315	-990	991	-557
chr19	45829574	45831684	45831470	2110	45830629	-1055	1055	841
chr19	18929230	18934643	18931339	5413	18931936	-2706	2707	-597
chr19	1977478	1981248	1979953	3770	1979363	-1885	1885	590
chr19	2214130	2221211	2214610	7081	2217670	-3540	3541	-3060
chr19	49103462	49111092	49107624	7630	49107277	-3815	3815	347
chr19	1416525	1420746	1418342	4221	1418635	-2110	2111	-293
chr19	16553593	16561456	16555248	7863	16557524	-3931	3932	-2276
chr19	6730133	6734723	6731270	4590	6732428	-2295	2295	-1158
chr19	11053751	11060071	11059852	6320	11056911	-3160	3160	2941
chr19	19677153	19680094	19679465	2941	19678623	-1470	1471	842
chr19	4701317	4706069	4702031	4752	4703693	-2376	2376	-1662
chr19	47044661	47047555	47046657	2894	47046108	-1447	1447	549
chr19	4490521	4494948	4493846	4427	4492734	-2213	2214	1112
chr19	11214348	11217832	11216940	3484	11216090	-1742	1742	850
chr19	12755633	12762195	12756206	6562	12758914	-3281	3281	-2708
chr19	45469520	45473607	45472873	4087	45471563	-2043	2044	1310
chr19	55238404	55243383	55242449	4979	55240893	-2489	2490	1556
chr19	1072477	1075921	1073733	3444	1074199	-1722	1722	-466
chr19	47036305	47041215	47040449	4910	47038760	-2455	2455	1689
chr19	48799386	48800516	48799714	1130	48799951	-565	565	-237
chr19	45711134	45714520	45712124	3386	45712827	-1693	1693	-703
chr19	13104148	13107203	13105445	3055	13105675	-1527	1528	-230
chr19	43534040	43536379	43534487	2339	43535209	-1169	1170	-722
chr19	6737052	6741393	6739777	4341	6739222	-2170	2171	555
chr19	10134253	10141167	10137186	6914	10137710	-3457	3457	-524
chr19	11324723	11328667	11325310	3944	11326695	-1972	1972	-1385
chr19	12013714	12017840	12015285	4126	12015777	-2063	2063	-492
chr19	18564234	18568789	18564941	4555	18566511	-2277	2278	-1570
chr19	44176806	44177703	44177416	897	44177254	-448	449	162
chr19	33095759	33100129	33096376	4370	33097944	-2185	2185	-1568
chr19	18564234	18568789	18564882	4555	18566511	-2277	2278	-1629
chr19	19202284	19205236	19202402	2952	19203760	-1476	1476	-1358
chr19	19337171	19343548	19341273	6377	19340359	-3188	3189	914
chr19	13965178	13970347	13968583	5169	13967762	-2584	2585	821
chr19	15111233	15118277	15111426	7044	15114755	-3522	3522	-3329
chr19	54159301	54163476	54160281	4175	54161388	-2087	2088	-1107
chr19	48920414	48925085	48921192	4671	48922749	-2335	2336	-1557
chr19	49657409	49660289	49657880	2880	49658849	-1440	1440	-969
chr19	18134033	18138296	18134827	4263	18136164	-2131	2132	-1337
chr19	16566522	16569480	16568135	2958	16568001	-1479	1479	134
chr19	11506757	11512488	11508011	5731	11509622	-2865	2866	-1611
chr19	42405170	42411347	42407373	6177	42408258	-3088	3089	-885
chr19	48964804	48966628	48966589	1824	48965716	-912	912	873
chr19	18461870	18468889	18465538	7019	18465379	-3509	3510	159
chr19	7532874	7534340	7533763	1466	7533607	-733	733	156
chr19	45883913	45887300	45885128	3387	45885606	-1693	1694	-478
chr19	41300848	41303249	41302572	2401	41302048	-1200	1201	524
chr19	41300848	41303249	41302573	2401	41302048	-1200	1201	525
chr19	49931112	49936594	49933081	5482	49933853	-2741	2741	-772
chr19	20195563	20197615	20197448	2052	20196589	-1026	1026	859
chr19	19274912	19277209	19276580	2297	19276060	-1148	1149	520
chr19	35633470	35637471	35634353	4001	35635470	-2000	2001	-1117
chr19	54156260	54158450	54158395	2190	54157355	-1095	1095	1040
chr19	1440038	1442971	1440093	2933	1441504	-1466	1467	-1411
chr19	3205807	3209777	3207195	3970	3207792	-1985	1985	-597
chr19	12013714	12017840	12015020	4126	12015777	-2063	2063	-757
chr19	57777705	57779895	57778996	2190	57778800	-1095	1095	196
chr19	49660466	49664399	49663428	3933	49662432	-1966	1967	996
chr19	17499440	17503337	17500385	3897	17501388	-1948	1949	-1003
chr19	41882289	41886639	41884461	4350	41884464	-2175	2175	-3
chr19	48472391	48475678	48474925	3287	48474034	-1643	1644	891
chr19	12705397	12707356	12705534	1959	12706376	-979	980	-842
chr19	55083196	55089089	55086470	5893	55086142	-2946	2947	328
chr19	45358028	45361457	45358693	3429	45359742	-1714	1715	-1049
chr19	54121661	54126179	54124586	4518	54123920	-2259	2259	666
chr19	8548477	8556204	8551938	7727	8552340	-3863	3864	-402
chr19	48869169	48877051	48874105	7882	48873110	-3941	3941	995
chr19	45068231	45072886	45071609	4655	45070558	-2327	2328	1051
chr19	35122049	35123546	35123456	1497	35122797	-748	749	659
chr19	39472284	39475545	39473239	3261	39473914	-1630	1631	-675
chr19	41891599	41898271	41892052	6672	41894935	-3336	3336	-2883
chr19	54156260	54158450	54156811	2190	54157355	-1095	1095	-544
chr19	39385700	39389540	39385977	3840	39387620	-1920	1920	-1643
chr19	50289706	50294088	50292383	4382	50291897	-2191	2191	486
chr19	35122049	35123546	35122899	1497	35122797	-748	749	102
chr19	47082486	47085801	47085160	3315	47084143	-1657	1658	1017
chr19	11214348	11217832	11216990	3484	11216090	-1742	1742	900
chr19	35249295	35255398	35250485	6103	35252346	-3051	3052	-1861
chr19	48968399	48971464	48969412	3065	48969931	-1532	1533	-519
chr19	19056965	19062096	19057509	5131	19059530	-2565	2566	-2021
chr19	1072477	1075921	1074135	3444	1074199	-1722	1722	-64
chr19	6751414	6755318	6754636	3904	6753366	-1952	1952	1270
chr19	7628501	7631491	7629824	2990	7629996	-1495	1495	-172
chr19	11344733	11347200	11346515	2467	11345966	-1233	1234	549
chr19	12034726	12037151	12035651	2425	12035938	-1212	1213	-287
chr19	16322959	16327392	16327072	4433	16325175	-2216	2217	1897
chr19	18254287	18261258	18257132	6971	18257772	-3485	3486	-640
chr19	40211515	40218653	40217314	7138	40215084	-3569	3569	2230
chr19	45711134	45714520	45711756	3386	45712827	-1693	1693	-1071
chr19	45711134	45714520	45712707	3386	45712827	-1693	1693	-120
chr19	57777705	57779895	57779446	2190	57778800	-1095	1095	646
chr19	19107734	19114283	19107990	6549	19111008	-3274	3275	-3018
chr19	16566522	16569480	16566550	2958	16568001	-1479	1479	-1451
chr19	17721388	17729011	17726080	7623	17725199	-3811	3812	881
chr19	40375328	40378483	40376743	3155	40376905	-1577	1578	-162
chr19	1982757	1990357	1990159	7600	1986557	-3800	3800	3602
chr19	39468353	39471640	39469313	3287	39469996	-1643	1644	-683
chr19	15231099	15234917	15231781	3818	15233008	-1909	1909	-1227
chr19	5261094	5265657	5265022	4563	5263375	-2281	2282	1647
chr19	16566522	16569480	16568143	2958	16568001	-1479	1479	142
chr19	20195563	20197615	20197608	2052	20196589	-1026	1026	1019
chr19	1977478	1981248	1978328	3770	1979363	-1885	1885	-1035
chr19	17499440	17503337	17500495	3897	17501388	-1948	1949	-893
chr19	35281311	35283188	35282534	1877	35282249	-938	939	285
chr19	41275057	41278774	41276184	3717	41276915	-1858	1859	-731
chr19	45469520	45473607	45470835	4087	45471563	-2043	2044	-728
chr19	45687071	45692076	45687706	5005	45689573	-2502	2503	-1867
chr19	54159301	54163476	54160188	4175	54161388	-2087	2088	-1200
chr19	7897337	7899282	7899210	1945	7898309	-972	973	901
chr19	48799386	48800516	48799754	1130	48799951	-565	565	-197
chr19	55238404	55243383	55242223	4979	55240893	-2489	2490	1330
chr19	2431074	2435595	2434444	4521	2433334	-2260	2261	1110
chr19	7871816	7878749	7872321	6933	7875282	-3466	3467	-2961
chr19	7871816	7878749	7873281	6933	7875282	-3466	3467	-2001
chr19	8506504	8512089	8510725	5585	8509296	-2792	2793	1429
chr19	12947728	12954867	12948765	7139	12951297	-3569	3570	-2532
chr19	16184954	16191399	16190887	6445	16188176	-3222	3223	2711
chr19	18863939	18867165	18867000	3226	18865552	-1613	1613	1448
chr19	19344453	19351465	19345006	7012	19347959	-3506	3506	-2953
chr19	38341558	38344163	38344105	2605	38342860	-1302	1303	1245
chr19	41391567	41393941	41391942	2374	41392754	-1187	1187	-812
chr19	49144314	49150355	49149564	6041	49147334	-3020	3021	2230
chr19	49448790	49451112	49449501	2322	49449951	-1161	1161	-450
chr19	55345366	55352009	55346297	6643	55348687	-3321	3322	-2390
chr19	58477046	58482175	58480062	5129	58479610	-2564	2565	452
chr19	17808063	17812258	17808190	4195	17810160	-2097	2098	-1970
chr19	41305325	41307306	41305710	1981	41306315	-990	991	-605
chr19	10827416	10833436	10831640	6020	10830426	-3010	3010	1214
chr19	36119985	36125422	36120712	5437	36122703	-2718	2719	-1991
chr19	1878166	1882368	1881268	4202	1880267	-2101	2101	1001
chr19	3765537	3771580	3771576	6043	3768558	-3021	3022	3018
chr19	45304350	45308682	45307488	4332	45306516	-2166	2166	972
chr19	15167145	15173491	15170342	6346	15170318	-3173	3173	24
chr19	33399379	33404868	33401803	5489	33402123	-2744	2745	-320
chr19	35256606	35260006	35259032	3400	35258306	-1700	1700	726
chr19	40436373	40442438	40441744	6065	40439405	-3032	3033	2339
chr19	40777730	40782088	40780382	4358	40779909	-2179	2179	473
chr19	42405170	42411347	42407373	6177	42408258	-3088	3089	-885
chr19	45829574	45831684	45830159	2110	45830629	-1055	1055	-470
chr19	6751414	6755318	6755266	3904	6753366	-1952	1952	1900
chr19	12712504	12718751	12715058	6247	12715627	-3123	3124	-569
chr19	10680403	10683453	10681313	3050	10681928	-1525	1525	-615
chr19	15111233	15118277	15111406	7044	15114755	-3522	3522	-3349
chr19	15111233	15118277	15115345	7044	15114755	-3522	3522	590
chr19	19319831	19326189	19320494	6358	19323010	-3179	3179	-2516
chr19	43542524	43546896	43543500	4372	43544710	-2186	2186	-1210
chr19	48635470	48640265	48639338	4795	48637867	-2397	2398	1471
chr19	48635470	48640265	48640207	4795	48637867	-2397	2398	2340
chr19	55111832	55117981	55112549	6149	55114906	-3074	3075	-2357
chr19	57777705	57779895	57779138	2190	57778800	-1095	1095	338
chr19	10283282	10285919	10283750	2637	10284600	-1318	1319	-850
chr19	10833475	10836396	10835253	2921	10834935	-1460	1461	318
chr19	16575480	16578656	16576236	3176	16577068	-1588	1588	-832
chr19	54174005	54178274	54174158	4269	54176139	-2134	2135	-1981
chr19	2049893	2051651	2050867	1758	2050772	-879	879	95
chr19	3571396	3579085	3576926	7689	3575240	-3844	3845	1686
chr19	5672122	5678722	5678641	6600	5675422	-3300	3300	3219
chr19	7517979	7523710	7520079	5731	7520844	-2865	2866	-765
chr19	7612048	7617257	7612302	5209	7614652	-2604	2605	-2350
chr19	7921420	7922948	7921702	1528	7922184	-764	764	-482
chr19	39472284	39475545	39474529	3261	39473914	-1630	1631	615
chr19	45063419	45067140	45064375	3721	45065279	-1860	1861	-904
chr19	45261310	45265389	45264883	4079	45263349	-2039	2040	1534
chr19	49657409	49660289	49658619	2880	49658849	-1440	1440	-230
chr19	55345366	55352009	55347886	6643	55348687	-3321	3322	-801
chr19	3113269	3119670	3113470	6401	3116469	-3200	3201	-2999
chr19	12763486	12765075	12763752	1589	12764280	-794	795	-528
chr19	12921084	12923182	12922588	2098	12922133	-1049	1049	455
chr19	18161578	18164165	18163068	2587	18162871	-1293	1294	197
chr19	19274912	19277209	19276609	2297	19276060	-1148	1149	549
chr19	39472284	39475545	39473211	3261	39473914	-1630	1631	-703
chr19	41431666	41436601	41432326	4935	41434133	-2467	2468	-1807
chr19	41891599	41898271	41892794	6672	41894935	-3336	3336	-2141
chr19	45687071	45692076	45687567	5005	45689573	-2502	2503	-2006
chr19	45711134	45714520	45713424	3386	45712827	-1693	1693	597
chr19	48635470	48640265	48638982	4795	48637867	-2397	2398	1115
chr19	48743378	48746493	48743452	3115	48744935	-1557	1558	-1483
chr19	50360852	50363239	50362065	2387	50362045	-1193	1194	20
chr19	7628501	7631491	7629554	2990	7629996	-1495	1495	-442
chr19	7628501	7631491	7629826	2990	7629996	-1495	1495	-170
chr19	40806161	40810116	40808700	3955	40808138	-1977	1978	562
chr19	18592358	18596063	18593572	3705	18594210	-1852	1853	-638
chr19	55083196	55089089	55087613	5893	55086142	-2946	2947	1471
chr19	7551062	7555917	7554624	4855	7553489	-2427	2428	1135
chr19	37362618	37365254	37363533	2636	37363936	-1318	1318	-403
chr19	11344733	11347200	11346604	2467	11345966	-1233	1234	638
chr19	6749457	6750791	6750579	1334	6750124	-667	667	455
chr19	19303420	19307450	19303744	4030	19305435	-2015	2015	-1691
chr19	50208765	50211529	50210633	2764	50210147	-1382	1382	486
chr19	15111233	15118277	15112376	7044	15114755	-3522	3522	-2379
chr19	15111233	15118277	15112530	7044	15114755	-3522	3522	-2225
chr19	42296474	42302769	42302418	6295	42299621	-3147	3148	2797
chr19	49931112	49936594	49933023	5482	49933853	-2741	2741	-830
chr19	14098106	14103356	14102840	5250	14100731	-2625	2625	2109
chr19	38378205	38384622	38383420	6417	38381413	-3208	3209	2007
chr19	19278205	19283215	19279340	5010	19280710	-2505	2505	-1370
chr19	18447713	18453778	18450759	6065	18450745	-3032	3033	14
chr19	54189943	54193442	54191944	3499	54191692	-1749	1750	252
chr19	3454502	3461518	3456564	7016	3458010	-3508	3508	-1446
chr19	18853124	18856146	18854997	3022	18854635	-1511	1511	362
chr19	38299626	38307035	38304469	7409	38303330	-3704	3705	1139
chr19	12940264	12946701	12940413	6437	12943482	-3218	3219	-3069
chr19	35739309	35741282	35739408	1973	35740295	-986	987	-887
chr19	17775943	17783122	17778643	7179	17779532	-3589	3590	-889
chr19	40436373	40442438	40441591	6065	40439405	-3032	3033	2186
chr19	49115568	49121274	49118387	5706	49118421	-2853	2853	-34
chr19	49115568	49121274	49118593	5706	49118421	-2853	2853	172
chr19	49459448	49463835	49461986	4387	49461641	-2193	2194	345
chr19	19677153	19680094	19677958	2941	19678623	-1470	1471	-665
chr19	43550379	43553171	43551580	2792	43551775	-1396	1396	-195
chr19	12619405	12624598	12623706	5193	12622001	-2596	2597	1705
chr19	18564234	18568789	18564909	4555	18566511	-2277	2278	-1602
chr19	45068231	45072886	45071811	4655	45070558	-2327	2328	1253
chr19	15119422	15123697	15119487	4275	15121559	-2137	2138	-2072
chr19	55238404	55243383	55239614	4979	55240893	-2489	2490	-1279
chr19	2409770	2417145	2410374	7375	2413457	-3687	3688	-3083
chr19	15111233	15118277	15116310	7044	15114755	-3522	3522	1555
chr19	54163939	54170823	54168186	6884	54167381	-3442	3442	805
chr19	45469520	45473607	45470965	4087	45471563	-2043	2044	-598
chr19	5915235	5919250	5918612	4015	5917242	-2007	2008	1370
chr19	50042487	50045094	50045015	2607	50043790	-1303	1304	1225
chr19	17808063	17812258	17811777	4195	17810160	-2097	2098	1617
chr19	3571396	3579085	3576914	7689	3575240	-3844	3845	1674
chr19	49144314	49150355	49148688	6041	49147334	-3020	3021	1354
chr19	2409770	2417145	2415772	7375	2413457	-3687	3688	2315
chr19	17731663	17737777	17733297	6114	17734720	-3057	3057	-1423
chr19	40806161	40810116	40807894	3955	40808138	-1977	1978	-244
chr19	45407641	45408805	45408745	1164	45408223	-582	582	522
chr19	13109149	13116163	13112724	7014	13112656	-3507	3507	68
chr19	43534040	43536379	43534433	2339	43535209	-1169	1170	-776
chr19	45469520	45473607	45473540	4087	45471563	-2043	2044	1977
chr19	3615800	3622862	3620767	7062	3619331	-3531	3531	1436
chr19	48635470	48640265	48638954	4795	48637867	-2397	2398	1087
chr19	16575480	16578656	16576521	3176	16577068	-1588	1588	-547
chr19	4036917	4039326	4037697	2409	4038121	-1204	1205	-424
chr19	12013714	12017840	12016347	4126	12015777	-2063	2063	570
chr19	19193256	19198520	19194043	5264	19195888	-2632	2632	-1845
chr19	55602034	55606387	55602499	4353	55604210	-2176	2177	-1711
chr19	44862856	44869654	44865318	6798	44866255	-3399	3399	-937
chr19	55083196	55089089	55087581	5893	55086142	-2946	2947	1439
chr19	53065563	53068245	53068171	2682	53066904	-1341	1341	1267
chr19	17206080	17212168	17206102	6088	17209124	-3044	3044	-3022
chr19	20195563	20197615	20197097	2052	20196589	-1026	1026	508
chr19	49459448	49463835	49459681	4387	49461641	-2193	2194	-1960
chr19	45549210	45554664	45553547	5454	45551937	-2727	2727	1610
chr19	548247	551424	549750	3177	549835	-1588	1589	-85
chr19	5141768	5145199	5144256	3431	5143483	-1715	1716	773
chr19	5586763	5589351	5587281	2588	5588057	-1294	1294	-776
chr19	10252922	10260203	10258790	7281	10256562	-3640	3641	2228
chr19	11348124	11354131	11353619	6007	11351127	-3003	3004	2492
chr19	46752836	46758461	46758163	5625	46755648	-2812	2813	2515
chr19	48635470	48640265	48639402	4795	48637867	-2397	2398	1535
chr19	13109149	13116163	13112815	7014	13112656	-3507	3507	159
chr19	45698068	45703976	45703289	5908	45701022	-2954	2954	2267
chr19	52269329	52271603	52269598	2274	52270466	-1137	1137	-868
chr19	38350545	38354828	38354727	4283	38352686	-2141	2142	2041
chr19	45068231	45072886	45070814	4655	45070558	-2327	2328	256
chr19	55229062	55232046	55231804	2984	55230554	-1492	1492	1250
chr19	10982667	10988411	10985304	5744	10985539	-2872	2872	-235
chr19	14098106	14103356	14100863	5250	14100731	-2625	2625	132
chr19	15423859	15431554	15425641	7695	15427706	-3847	3848	-2065
chr19	49584646	49592221	49591663	7575	49588433	-3787	3788	3230
chr19	3615800	3622862	3619191	7062	3619331	-3531	3531	-140
chr19	40372720	40375195	40374532	2475	40373957	-1237	1238	575
chr19	41314605	41318891	41316575	4286	41316748	-2143	2143	-173
chr19	41431666	41436601	41433319	4935	41434133	-2467	2468	-814
chr19	54139443	54144052	54143178	4609	54141747	-2304	2305	1431
chr19	54199799	54202867	54201241	3068	54201333	-1534	1534	-92
chr19	54204678	54211684	54207423	7006	54208181	-3503	3503	-758
chr19	39412499	39418242	39415066	5743	39415370	-2871	2872	-304
chr19	57777705	57779895	57779790	2190	57778800	-1095	1095	990
chr19	40436373	40442438	40441954	6065	40439405	-3032	3033	2549
chr19	45698068	45703976	45702962	5908	45701022	-2954	2954	1940
chr19	3571396	3579085	3574550	7689	3575240	-3844	3845	-690
chr19	14098106	14103356	14100869	5250	14100731	-2625	2625	138
chr19	33095759	33100129	33096300	4370	33097944	-2185	2185	-1644
chr19	45407641	45408805	45408159	1164	45408223	-582	582	-64
chr19	39472284	39475545	39473442	3261	39473914	-1630	1631	-472
chr19	55089389	55095990	55092263	6601	55092689	-3300	3301	-426
chr19	11348124	11354131	11353863	6007	11351127	-3003	3004	2736
chr19	44900438	44908115	44903163	7677	44904276	-3838	3839	-1113
chr19	54139443	54144052	54143472	4609	54141747	-2304	2305	1725
chr19	548247	551424	549711	3177	549835	-1588	1589	-124
chr19	963365	967621	964348	4256	965493	-2128	2128	-1145
chr19	2431074	2435595	2434315	4521	2433334	-2260	2261	981
chr19	3571396	3579085	3575620	7689	3575240	-3844	3845	380
chr19	4036917	4039326	4037622	2409	4038121	-1204	1205	-499
chr19	5611508	5614400	5612366	2892	5612954	-1446	1446	-588
chr19	6751414	6755318	6754067	3904	6753366	-1952	1952	701
chr19	7843775	7850825	7849089	7050	7847300	-3525	3525	1789
chr19	8548477	8556204	8550614	7727	8552340	-3863	3864	-1726
chr19	10351670	10354714	10352969	3044	10353192	-1522	1522	-223
chr19	10392394	10397062	10395056	4668	10394728	-2334	2334	328
chr19	10809395	10815485	10812299	6090	10812440	-3045	3045	-141
chr19	11252859	11256162	11253713	3303	11254510	-1651	1652	-797
chr19	11344733	11347200	11346545	2467	11345966	-1233	1234	579
chr19	11380537	11387243	11383022	6706	11383890	-3353	3353	-868
chr19	11722699	11727130	11723183	4431	11724914	-2215	2216	-1731
chr19	12629162	12630805	12629174	1643	12629983	-821	822	-809
chr19	12700715	12703911	12703509	3196	12702313	-1598	1598	1196
chr19	12705397	12707356	12706250	1959	12706376	-979	980	-126
chr19	12929557	12932866	12930692	3309	12931211	-1654	1655	-519
chr19	13812970	13815780	13812995	2810	13814375	-1405	1405	-1380
chr19	16184954	16191399	16185745	6445	16188176	-3222	3223	-2431
chr19	18134033	18138296	18134873	4263	18136164	-2131	2132	-1291
chr19	18143370	18147990	18146988	4620	18145680	-2310	2310	1308
chr19	18149297	18151910	18149656	2613	18150603	-1306	1307	-947
chr19	18385280	18389986	18386320	4706	18387633	-2353	2353	-1313
chr19	18535861	18540930	18538241	5069	18538395	-2534	2535	-154
chr19	18849240	18850984	18850147	1744	18850112	-872	872	35
chr19	19117986	19121855	19120058	3869	19119920	-1934	1935	138
chr19	36112314	36116525	36115916	4211	36114419	-2105	2106	1497
chr19	38299626	38307035	38304407	7409	38303330	-3704	3705	1077
chr19	38920214	38926156	38921557	5942	38923185	-2971	2971	-1628
chr19	39412499	39418242	39414148	5743	39415370	-2871	2872	-1222
chr19	39419128	39424796	39424677	5668	39421962	-2834	2834	2715
chr19	39472284	39475545	39473310	3261	39473914	-1630	1631	-604
chr19	42236899	42240524	42240008	3625	42238711	-1812	1813	1297
chr19	43542524	43546896	43543424	4372	43544710	-2186	2186	-1286
chr19	45381378	45383611	45382638	2233	45382494	-1116	1117	144
chr19	45469520	45473607	45471118	4087	45471563	-2043	2044	-445
chr19	45469520	45473607	45472587	4087	45471563	-2043	2044	1024
chr19	45525012	45526507	45526198	1495	45525759	-747	748	439
chr19	45620384	45624644	45621536	4260	45622514	-2130	2130	-978
chr19	45829574	45831684	45831515	2110	45830629	-1055	1055	886
chr19	46678937	46683415	46681716	4478	46681176	-2239	2239	540
chr19	47511912	47515824	47514840	3912	47513868	-1956	1956	972
chr19	48463395	48465025	48464471	1630	48464210	-815	815	261
chr19	48463395	48465025	48464744	1630	48464210	-815	815	534
chr19	48920414	48925085	48921902	4671	48922749	-2335	2336	-847
chr19	48956555	48963666	48960831	7111	48960110	-3555	3556	721
chr19	48956555	48963666	48961635	7111	48960110	-3555	3556	1525
chr19	49115568	49121274	49118381	5706	49118421	-2853	2853	-40
chr19	49660466	49664399	49661980	3933	49662432	-1966	1967	-452
chr19	52275523	52282144	52281878	6621	52278833	-3310	3311	3045
chr19	54139443	54144052	54142950	4609	54141747	-2304	2305	1203
chr19	54199799	54202867	54201277	3068	54201333	-1534	1534	-56
chr19	58510229	58517412	58517346	7183	58513820	-3591	3592	3526
chr19	10148176	10152959	10148981	4783	10150567	-2391	2392	-1586
chr19	19274912	19277209	19276662	2297	19276060	-1148	1149	602
chr19	3446740	3450742	3449069	4002	3448741	-2001	2001	328
chr19	18592358	18596063	18594338	3705	18594210	-1852	1853	128
chr19	14164962	14169003	14167020	4041	14166982	-2020	2021	38
chr19	15423859	15431554	15424252	7695	15427706	-3847	3848	-3454
chr19	47036305	47041215	47041019	4910	47038760	-2455	2455	2259
chr19	57777705	57779895	57779347	2190	57778800	-1095	1095	547
chr19	18535861	18540930	18539559	5069	18538395	-2534	2535	1164
chr19	39412499	39418242	39415252	5743	39415370	-2871	2872	-118
chr19	3113269	3119670	3118921	6401	3116469	-3200	3201	2452
chr19	49594175	49599158	49594951	4983	49596666	-2491	2492	-1715
chr19	10577410	10580029	10579713	2619	10578719	-1309	1310	994
chr19	12647794	12651403	12649929	3609	12649598	-1804	1805	331
chr19	19677153	19680094	19679542	2941	19678623	-1470	1471	919
chr19	52218935	52220661	52220204	1726	52219798	-863	863	406
chr19	18535861	18540930	18537616	5069	18538395	-2534	2535	-779
chr19	35264850	35271773	35267160	6923	35268311	-3461	3462	-1151
chr19	36112314	36116525	36113785	4211	36114419	-2105	2106	-634
chr19	45298706	45303206	45302404	4500	45300956	-2250	2250	1448
chr19	7961217	7963412	7962810	2195	7962314	-1097	1098	496
chr19	19202284	19205236	19203085	2952	19203760	-1476	1476	-675
chr19	17510241	17517486	17516280	7245	17513863	-3622	3623	2417
chr19	5707127	5709103	5708341	1976	5708115	-988	988	226
chr19	3113269	3119670	3119350	6401	3116469	-3200	3201	2881
chr19	8323785	8327107	8324734	3322	8325446	-1661	1661	-712
chr19	10680403	10683453	10682620	3050	10681928	-1525	1525	692
chr19	11041084	11044007	11041316	2923	11042545	-1461	1462	-1229
chr19	11240540	11248413	11245821	7873	11244476	-3936	3937	1345
chr19	11324723	11328667	11325530	3944	11326695	-1972	1972	-1165
chr19	11348124	11354131	11349165	6007	11351127	-3003	3004	-1962
chr19	11722699	11727130	11723264	4431	11724914	-2215	2216	-1650
chr19	12013714	12017840	12015962	4126	12015777	-2063	2063	185
chr19	14515542	14516650	14515881	1108	14516096	-554	554	-215
chr19	18877777	18881443	18878867	3666	18879610	-1833	1833	-743
chr19	19677153	19680094	19680014	2941	19678623	-1470	1471	1391
chr19	32353322	32357281	32354301	3959	32355301	-1979	1980	-1000
chr19	33095759	33100129	33096346	4370	33097944	-2185	2185	-1598
chr19	34380504	34382461	34381507	1957	34381482	-978	979	25
chr19	34438704	34440463	34438711	1759	34439583	-879	880	-872
chr19	38378205	38384622	38380973	6417	38381413	-3208	3209	-440
chr19	39419128	39424796	39422126	5668	39421962	-2834	2834	164
chr19	40362848	40367200	40366951	4352	40365024	-2176	2176	1927
chr19	41381120	41383983	41383627	2863	41382551	-1431	1432	1076
chr19	41431666	41436601	41433415	4935	41434133	-2467	2468	-718
chr19	43591524	43595544	43592950	4020	43593534	-2010	2010	-584
chr19	45350389	45354350	45351609	3961	45352369	-1980	1981	-760
chr19	45469520	45473607	45471409	4087	45471563	-2043	2044	-154
chr19	55577169	55581417	55578041	4248	55579293	-2124	2124	-1252
chr19	10918066	10925371	10921072	7305	10921718	-3652	3653	-646
chr19	13104148	13107203	13105553	3055	13105675	-1527	1528	-122
chr19	15159700	15161810	15160569	2110	15160755	-1055	1055	-186
chr19	20195563	20197615	20197148	2052	20196589	-1026	1026	559
chr19	40588478	40592729	40590832	4251	40590603	-2125	2126	229
chr19	49138497	49141672	49139997	3175	49140084	-1587	1588	-87
chr19	54159301	54163476	54160279	4175	54161388	-2087	2088	-1109
chr19	11445545	11448599	11447156	3054	11447072	-1527	1527	84
chr19	49594175	49599158	49596406	4983	49596666	-2491	2492	-260
chr19	49210281	49211880	49210751	1599	49211080	-799	800	-329
chr19	11053751	11060071	11058329	6320	11056911	-3160	3160	1418
chr19	49584646	49592221	49590547	7575	49588433	-3787	3788	2114
chr19	10577410	10580029	10578949	2619	10578719	-1309	1310	230
chr19	19344453	19351465	19348875	7012	19347959	-3506	3506	916
chr19	45293605	45298662	45298218	5057	45296133	-2528	2529	2085
chr19	54159301	54163476	54159676	4175	54161388	-2087	2088	-1712
chr19	17243939	17247375	17245032	3436	17245657	-1718	1718	-625
chr19	35264850	35271773	35267456	6923	35268311	-3461	3462	-855
chr19	46987834	46991233	46989560	3399	46989533	-1699	1700	27
chr19	8548477	8556204	8550157	7727	8552340	-3863	3864	-2183
chr19	45527576	45530422	45529367	2846	45528999	-1423	1423	368
chr19	19677153	19680094	19679572	2941	19678623	-1470	1471	949
chr19	10798099	10804809	10802379	6710	10801454	-3355	3355	925
chr19	13916585	13924029	13923453	7444	13920307	-3722	3722	3146
chr19	41305325	41307306	41306820	1981	41306315	-990	991	505
chr19	41381120	41383983	41383663	2863	41382551	-1431	1432	1112
chr19	45068231	45072886	45068467	4655	45070558	-2327	2328	-2091
chr19	40317698	40321758	40321189	4060	40319728	-2030	2030	1461
chr19	17206080	17212168	17209665	6088	17209124	-3044	3044	541
chr19	48635470	48640265	48639787	4795	48637867	-2397	2398	1920
chr19	12647794	12651403	12649986	3609	12649598	-1804	1805	388
chr19	12947728	12954867	12948511	7139	12951297	-3569	3570	-2786
chr19	16848277	16854895	16854185	6618	16851586	-3309	3309	2599
chr19	35264850	35271773	35267213	6923	35268311	-3461	3462	-1098
chr19	13104148	13107203	13105521	3055	13105675	-1527	1528	-154
chr19	15111233	15118277	15116233	7044	15114755	-3522	3522	1478
chr19	18143370	18147990	18145085	4620	18145680	-2310	2310	-595
chr19	55077143	55083096	55080422	5953	55080119	-2976	2977	303
chr19	3615800	3622862	3619157	7062	3619331	-3531	3531	-174
chr19	12929557	12932866	12930672	3309	12931211	-1654	1655	-539
chr19	40211515	40218653	40215117	7138	40215084	-3569	3569	33
chr19	41891599	41898271	41892122	6672	41894935	-3336	3336	-2813
chr19	49594175	49599158	49596336	4983	49596666	-2491	2492	-330
chr19	10827416	10833436	10833007	6020	10830426	-3010	3010	2581
chr19	18592358	18596063	18593442	3705	18594210	-1852	1853	-768
chr19	972684	975408	972706	2724	974046	-1362	1362	-1340
chr19	54156260	54158450	54156984	2190	54157355	-1095	1095	-371
chr19	35741394	35745382	35742584	3988	35743388	-1994	1994	-804
chr19	1949865	1956803	1953918	6938	1953334	-3469	3469	584
chr19	39478800	39483840	39482916	5040	39481320	-2520	2520	1596
chr19	45514885	45518203	45517750	3318	45516544	-1659	1659	1206
chr19	35058636	35061653	35060340	3017	35060144	-1508	1509	196
chr19	11506757	11512488	11508001	5731	11509622	-2865	2866	-1621
chr19	37362618	37365254	37363318	2636	37363936	-1318	1318	-618
chr19	57777705	57779895	57779534	2190	57778800	-1095	1095	734
chr19	7532874	7534340	7533855	1466	7533607	-733	733	248
chr19	2043697	2049191	2046206	5494	2046444	-2747	2747	-238
chr19	3113269	3119670	3113348	6401	3116469	-3200	3201	-3121
chr19	10283282	10285919	10284087	2637	10284600	-1318	1319	-513
chr19	10918066	10925371	10924154	7305	10921718	-3652	3653	2436
chr19	11344733	11347200	11345521	2467	11345966	-1233	1234	-445
chr19	12947728	12954867	12954165	7139	12951297	-3569	3570	2868
chr19	17206080	17212168	17206687	6088	17209124	-3044	3044	-2437
chr19	18164585	18171838	18166271	7253	18168211	-3626	3627	-1940
chr19	18877777	18881443	18878880	3666	18879610	-1833	1833	-730
chr19	18994391	19000544	18995063	6153	18997467	-3076	3077	-2404
chr19	39419128	39424796	39422989	5668	39421962	-2834	2834	1027
chr19	40754459	40761786	40757404	7327	40758122	-3663	3664	-718
chr19	41431666	41436601	41432502	4935	41434133	-2467	2468	-1631
chr19	45620384	45624644	45621576	4260	45622514	-2130	2130	-938
chr19	49115568	49121274	49118929	5706	49118421	-2853	2853	508
chr19	49657409	49660289	49659618	2880	49658849	-1440	1440	769
chr19	53065563	53068245	53067872	2682	53066904	-1341	1341	968
chr19	48869169	48877051	48874009	7882	48873110	-3941	3941	899
chr19	49905219	49909275	49908178	4056	49907247	-2028	2028	931
chr19	14098106	14103356	14102904	5250	14100731	-2625	2625	2173
chr19	615804	618745	618718	2941	617274	-1470	1471	1444
chr19	10551020	10554757	10553952	3737	10552888	-1868	1869	1064
chr19	10918066	10925371	10920924	7305	10921718	-3652	3653	-794
chr19	47044661	47047555	47045202	2894	47046108	-1447	1447	-906
chr19	48869169	48877051	48873915	7882	48873110	-3941	3941	805
chr19	2992896	2996552	2994073	3656	2994724	-1828	1828	-651
chr19	5208663	5213174	5212044	4511	5210918	-2255	2256	1126
chr19	7628501	7631491	7629498	2990	7629996	-1495	1495	-498
chr19	48180679	48184271	48182626	3592	48182475	-1796	1796	151
chr19	49138497	49141672	49140053	3175	49140084	-1587	1588	-31
chr19	10918066	10925371	10922150	7305	10921718	-3652	3653	432
chr19	899622	905875	900098	6253	902748	-3126	3127	-2650
chr19	18447713	18453778	18451562	6065	18450745	-3032	3033	817
chr19	40372720	40375195	40374517	2475	40373957	-1237	1238	560
chr19	40717506	40719847	40718234	2341	40718676	-1170	1171	-442
chr19	48635470	48640265	48639797	4795	48637867	-2397	2398	1930
chr19	3737158	3739764	3739097	2606	3738461	-1303	1303	636
chr19	48616809	48620173	48617398	3364	48618491	-1682	1682	-1093
chr19	6751414	6755318	6754144	3904	6753366	-1952	1952	778
chr19	15262772	15269348	15264730	6576	15266060	-3288	3288	-1330
chr19	10310548	10313629	10310857	3081	10312088	-1540	1541	-1231
chr19	899622	905875	900926	6253	902748	-3126	3127	-1822
chr19	39166667	39170224	39169588	3557	39168445	-1778	1779	1143
chr19	52198684	52202243	52201998	3559	52200463	-1779	1780	1535
chr19	4719796	4722429	4719885	2633	4721112	-1316	1317	-1227
chr19	5915235	5919250	5917921	4015	5917242	-2007	2008	679
chr19	6751414	6755318	6754077	3904	6753366	-1952	1952	711
chr19	18461870	18468889	18465913	7019	18465379	-3509	3510	534
chr19	35633470	35637471	35633690	4001	35635470	-2000	2001	-1780
chr19	35739309	35741282	35739733	1973	35740295	-986	987	-562
chr19	44746909	44752052	44751306	5143	44749480	-2571	2572	1826
chr19	49584646	49592221	49590684	7575	49588433	-3787	3788	2251
chr19	1072477	1075921	1073549	3444	1074199	-1722	1722	-650
chr19	58510229	58517412	58512024	7183	58513820	-3591	3592	-1796
chr19	4815945	4818196	4816997	2251	4817070	-1125	1126	-73
chr19	12897189	12899734	12899235	2545	12898461	-1272	1273	774
chr19	15111233	15118277	15113762	7044	15114755	-3522	3522	-993
chr19	35019188	35023198	35021560	4010	35021193	-2005	2005	367
chr19	41421092	41424046	41422267	2954	41422569	-1477	1477	-302
chr19	10283282	10285919	10284047	2637	10284600	-1318	1319	-553
chr19	15225066	15228429	15227566	3363	15226747	-1681	1682	819
chr19	38920214	38926156	38922227	5942	38923185	-2971	2971	-958
chr19	45350389	45354350	45353241	3961	45352369	-1980	1981	872
chr19	39419128	39424796	39423484	5668	39421962	-2834	2834	1522
chr19	54156260	54158450	54156808	2190	54157355	-1095	1095	-547
chr19	49594175	49599158	49596180	4983	49596666	-2491	2492	-486
chr19	51712321	51713999	51713986	1678	51713160	-839	839	826
chr19	55620999	55624892	55621179	3893	55622945	-1946	1947	-1766
chr19	49971639	49976702	49971671	5063	49974170	-2531	2532	-2499
chr19	17297697	17303800	17301310	6103	17300748	-3051	3052	562
chr19	54139443	54144052	54143181	4609	54141747	-2304	2305	1434
chr19	41904466	41911902	41906622	7436	41908184	-3718	3718	-1562
chr19	47029923	47033753	47032280	3830	47031838	-1915	1915	442
chr19	7517979	7523710	7519625	5731	7520844	-2865	2866	-1219
chr19	48609054	48616461	48616080	7407	48612757	-3703	3704	3323
chr19	42236899	42240524	42239996	3625	42238711	-1812	1813	1285
chr19	40777730	40782088	40780446	4358	40779909	-2179	2179	537
chr19	15403152	15405578	15403550	2426	15404365	-1213	1213	-815
chr19	2827698	2832927	2832429	5229	2830312	-2614	2615	2117
chr19	13916585	13924029	13918974	7444	13920307	-3722	3722	-1333
chr19	13916585	13924029	13920045	7444	13920307	-3722	3722	-262
chr19	39478800	39483840	39480728	5040	39481320	-2520	2520	-592
chr19	40436373	40442438	40441397	6065	40439405	-3032	3033	1992
chr19	45883913	45887300	45884997	3387	45885606	-1693	1694	-609
chr19	18535861	18540930	18539562	5069	18538395	-2534	2535	1167
chr19	35122049	35123546	35122788	1497	35122797	-748	749	-9
chr19	7458372	7464504	7458553	6132	7461438	-3066	3066	-2885
chr19	57489860	57493204	57492176	3344	57491532	-1672	1672	644
chr19	18780155	18786763	18786554	6608	18783459	-3304	3304	3095
chr19	9161005	9162162	9161412	1157	9161583	-578	579	-171
chr19	15184241	15188677	15185543	4436	15186459	-2218	2218	-916
chr19	42296474	42302769	42300008	6295	42299621	-3147	3148	387
chr19	36002034	36005196	36003404	3162	36003615	-1581	1581	-211
chr19	10784374	10790177	10786587	5803	10787275	-2901	2902	-688
chr19	10134253	10141167	10139784	6914	10137710	-3457	3457	2074
chr19	4443937	4449892	4445606	5955	4446914	-2977	2978	-1308
chr19	45523576	45524892	45523860	1316	45524234	-658	658	-374
chr19	1431053	1433003	1432663	1950	1432028	-975	975	635
chr19	4320626	4325247	4323052	4621	4322936	-2310	2311	116
chr19	13822409	13828088	13823359	5679	13825248	-2839	2840	-1889
chr19	5654894	5660227	5657310	5333	5657560	-2666	2667	-250
chr19	12700715	12703911	12703753	3196	12702313	-1598	1598	1440
chr19	13087312	13090655	13090307	3343	13088983	-1671	1672	1324
chr19	19344453	19351465	19349168	7012	19347959	-3506	3506	1209
chr19	19496717	19504383	19502490	7666	19500550	-3833	3833	1940
chr19	19512235	19515169	19514831	2934	19513702	-1467	1467	1129
chr19	35730768	35737394	35733828	6626	35734081	-3313	3313	-253
chr19	39468353	39471640	39470194	3287	39469996	-1643	1644	198
chr19	43462840	43466104	43465587	3264	43464472	-1632	1632	1115
chr19	45698068	45703976	45701889	5908	45701022	-2954	2954	867
chr19	49009699	49012392	49010037	2693	49011045	-1346	1347	-1008
chr19	49905219	49909275	49908610	4056	49907247	-2028	2028	1363
chr19	54189943	54193442	54191750	3499	54191692	-1749	1750	58
chr19	54189943	54193442	54192182	3499	54191692	-1749	1750	490
chr19	58477046	58482175	58477372	5129	58479610	-2564	2565	-2238
chr19	8323785	8327107	8324712	3322	8325446	-1661	1661	-734
chr19	19505531	19508450	19506163	2919	19506990	-1459	1460	-827
chr19	7481420	7483880	7482183	2460	7482650	-1230	1230	-467
chr19	15231099	15234917	15231281	3818	15233008	-1909	1909	-1727
chr19	6730133	6734723	6732532	4590	6732428	-2295	2295	104
chr19	7612048	7617257	7616599	5209	7614652	-2604	2605	1947
chr19	13830912	13832341	13831164	1429	13831626	-714	715	-462
chr19	36021646	36026033	36024566	4387	36023839	-2193	2194	727
chr19	39166667	39170224	39169628	3557	39168445	-1778	1779	1183
chr19	54204678	54211684	54206515	7006	54208181	-3503	3503	-1666
chr19	55387460	55391772	55387907	4312	55389616	-2156	2156	-1709
chr20	2656802	2660755	2660721	3953	2658778	-1976	1977	1943
chr20	1179986	1183765	1181150	3779	1181875	-1889	1890	-725
chr20	49279991	49281669	49280504	1678	49280830	-839	839	-326
chr20	31604028	31606449	31606051	2421	31605238	-1210	1211	813
chr20	62910434	62911859	62911484	1425	62911146	-712	713	338
chr20	36523651	36527134	36526987	3483	36525392	-1741	1742	1595
chr20	62879132	62881829	62881351	2697	62880480	-1348	1349	871
chr20	45944651	45951440	45947283	6789	45948045	-3394	3395	-762
chr20	3801936	3803512	3803143	1576	3802724	-788	788	419
chr20	2653059	2656391	2654838	3332	2654725	-1666	1666	113
chr20	45839998	45842888	45842030	2890	45841443	-1445	1445	587
chr20	63486787	63492274	63490591	5487	63489530	-2743	2744	1061
chr20	37300571	37302556	37301330	1985	37301563	-992	993	-233
chr20	25273717	25281651	25280402	7934	25277684	-3967	3967	2718
chr20	47644514	47647511	47647093	2997	47646012	-1498	1499	1081
chr20	2461707	2462832	2462577	1125	2462269	-562	563	308
chr20	17942235	17944880	17942323	2645	17943557	-1322	1323	-1234
chr20	34707014	34711926	34710341	4912	34709470	-2456	2456	871
chr20	62879132	62881829	62879328	2697	62880480	-1348	1349	-1152
chr20	34983018	34988562	34987807	5544	34985790	-2772	2772	2017
chr20	58989238	58991728	58989884	2490	58990483	-1245	1245	-599
chr20	58987879	58989036	58988980	1157	58988457	-578	579	523
chr20	62879132	62881829	62879609	2697	62880480	-1348	1349	-871
chr20	45951776	45954397	45952186	2621	45953086	-1310	1311	-900
chr20	62910434	62911859	62911210	1425	62911146	-712	713	64
chr20	3801936	3803512	3802057	1576	3802724	-788	788	-667
chr20	25296176	25298733	25296633	2557	25297454	-1278	1279	-821
chr20	35269313	35275290	35274361	5977	35272301	-2988	2989	2060
chr20	35551774	35558123	35556206	6349	35554948	-3174	3175	1258
chr20	48638285	48639872	48639840	1587	48639078	-793	794	762
chr20	50083768	50088956	50084185	5188	50086362	-2594	2594	-2177
chr20	62136164	62140518	62139832	4354	62138341	-2177	2177	1491
chr20	35652245	35653483	35653153	1238	35652864	-619	619	289
chr20	3034627	3038180	3038101	3553	3036403	-1776	1777	1698
chr20	36777509	36782213	36777792	4704	36779861	-2352	2352	-2069
chr20	41174403	41177269	41174661	2866	41175836	-1433	1433	-1175
chr20	3226653	3231447	3230253	4794	3229050	-2397	2397	1203
chr20	2656802	2660755	2659762	3953	2658778	-1976	1977	984
chr20	3782475	3787177	3785112	4702	3784826	-2351	2351	286
chr20	41404374	41406172	41404715	1798	41405273	-899	899	-558
chr20	32433717	32435562	32434780	1845	32434639	-922	923	141
chr20	32433717	32435562	32435299	1845	32434639	-922	923	660
chr20	62136164	62140518	62139832	4354	62138341	-2177	2177	1491
chr20	49257005	49259811	49257606	2806	49258408	-1403	1403	-802
chr20	62129385	62131549	62130681	2164	62130467	-1082	1082	214
chr20	34994793	35001652	34998512	6859	34998222	-3429	3430	290
chr20	325056	328482	326266	3426	326769	-1713	1713	-503
chr20	51784853	51792484	51791952	7631	51788668	-3815	3816	3284
chr20	62332560	62335535	62334264	2975	62334047	-1487	1488	217
chr20	23364017	23366357	23365113	2340	23365187	-1170	1170	-74
chr20	62910434	62911859	62911536	1425	62911146	-712	713	390
chr20	36576427	36580515	36578796	4088	36578471	-2044	2044	325
chr20	33663120	33669549	33668502	6429	33666334	-3214	3215	2168
chr20	45967661	45972592	45972173	4931	45970126	-2465	2466	2047
chr20	45944651	45951440	45946307	6789	45948045	-3394	3395	-1738
chr20	45944651	45951440	45947420	6789	45948045	-3394	3395	-625
chr20	32433717	32435562	32433809	1845	32434639	-922	923	-830
chr20	62879132	62881829	62881536	2697	62880480	-1348	1349	1056
chr20	21333364	21335599	21333703	2235	21334481	-1117	1118	-778
chr20	31665787	31669226	31665881	3439	31667506	-1719	1720	-1625
chr20	33386804	33389707	33387458	2903	33388255	-1451	1452	-797
chr20	51784853	51792484	51791191	7631	51788668	-3815	3816	2523
chr20	2653059	2656391	2655428	3332	2654725	-1666	1666	703
chr20	41164256	41171008	41167850	6752	41167632	-3376	3376	218
chr20	1179986	1183765	1180980	3779	1181875	-1889	1890	-895
chr20	41164256	41171008	41165295	6752	41167632	-3376	3376	-2337
chr20	51784853	51792484	51790854	7631	51788668	-3815	3816	2186
chr20	2656802	2660755	2656949	3953	2658778	-1976	1977	-1829
chr20	56625887	56633678	56629314	7791	56629782	-3895	3896	-468
chr20	25221567	25224660	25224121	3093	25223113	-1546	1547	1008
chr20	3868546	3873751	3871334	5205	3871148	-2602	2603	186
chr20	57706973	57710837	57710521	3864	57708905	-1932	1932	1616
chr20	51784853	51792484	51791984	7631	51788668	-3815	3816	3316
chr20	62910434	62911859	62910916	1425	62911146	-712	713	-230
chr20	62910434	62911859	62911130	1425	62911146	-712	713	-16
chr20	41404374	41406172	41404730	1798	41405273	-899	899	-543
chr20	2461707	2462832	2461875	1125	2462269	-562	563	-394
chr20	31665787	31669226	31666021	3439	31667506	-1719	1720	-1485
chr20	57706973	57710837	57709513	3864	57708905	-1932	1932	608
chr20	17942235	17944880	17943366	2645	17943557	-1322	1323	-191
chr20	23631163	23635137	23633941	3974	23633150	-1987	1987	791
chr20	2656802	2660755	2659706	3953	2658778	-1976	1977	928
chr20	48689823	48693265	48692678	3442	48691544	-1721	1721	1134
chr20	32433717	32435562	32434736	1845	32434639	-922	923	97
chr20	34989282	34991375	34989774	2093	34990328	-1046	1047	-554
chr20	3226653	3231447	3229345	4794	3229050	-2397	2397	295
chr20	36523651	36527134	36526015	3483	36525392	-1741	1742	623
chr20	62129385	62131549	62131362	2164	62130467	-1082	1082	895
chr20	62879132	62881829	62881384	2697	62880480	-1348	1349	904
chr20	62879132	62881829	62881440	2697	62880480	-1348	1349	960
chr20	63699077	63702589	63701263	3512	63700833	-1756	1756	430
chr20	3782475	3787177	3784941	4702	3784826	-2351	2351	115
chr20	3868546	3873751	3871202	5205	3871148	-2602	2603	54
chr20	44909638	44912125	44910291	2487	44910881	-1243	1244	-590
chr20	62136164	62140518	62139097	4354	62138341	-2177	2177	756
chr20	3226653	3231447	3228289	4794	3229050	-2397	2397	-761
chr20	35551774	35558123	35556303	6349	35554948	-3174	3175	1355
chr20	58989238	58991728	58989495	2490	58990483	-1245	1245	-988
chr20	41414131	41416300	41415312	2169	41415215	-1084	1085	97
chr20	3804517	3807855	3804852	3338	3806186	-1669	1669	-1334
chr20	2656802	2660755	2657673	3953	2658778	-1976	1977	-1105
chr20	31553475	31561251	31554829	7776	31557363	-3888	3888	-2534
chr20	62809275	62816209	62809649	6934	62812742	-3467	3467	-3093
chr20	45967661	45972592	45968349	4931	45970126	-2465	2466	-1777
chr20	58713693	58715803	58715093	2110	58714748	-1055	1055	345
chr20	58713693	58715803	58715422	2110	58714748	-1055	1055	674
chr20	37401185	37408788	37403753	7603	37404986	-3801	3802	-1233
chr20	49245718	49248306	49246386	2588	49247012	-1294	1294	-626
chr20	37401185	37408788	37402438	7603	37404986	-3801	3802	-2548
chr20	51784853	51792484	51790751	7631	51788668	-3815	3816	2083
chr20	45938492	45939689	45939101	1197	45939090	-598	599	11
chr20	45951776	45954397	45953817	2621	45953086	-1310	1311	731
chr20	49245718	49248306	49246386	2588	49247012	-1294	1294	-626
chr20	62754400	62757009	62754696	2609	62755704	-1304	1305	-1008
chr20	25273717	25281651	25276759	7934	25277684	-3967	3967	-925
chr20	49113686	49115688	49114785	2002	49114687	-1001	1001	98
chr20	58700757	58702169	58701145	1412	58701463	-706	706	-318
chr20	36523651	36527134	36524255	3483	36525392	-1741	1742	-1137
chr20	41164256	41171008	41165039	6752	41167632	-3376	3376	-2593
chr20	34989282	34991375	34989921	2093	34990328	-1046	1047	-407
chr20	62285600	62289358	62289306	3758	62287479	-1879	1879	1827
chr20	45799117	45802702	45801131	3585	45800909	-1792	1793	222
chr20	45839998	45842888	45841874	2890	45841443	-1445	1445	431
chr20	32433717	32435562	32433732	1845	32434639	-922	923	-907
chr20	51784853	51792484	51790916	7631	51788668	-3815	3816	2248
chr20	49236934	49239883	49239252	2949	49238408	-1474	1475	844
chr20	62337034	62341700	62337872	4666	62339367	-2333	2333	-1495
chr20	3782475	3787177	3785401	4702	3784826	-2351	2351	575
chr20	35269313	35275290	35269848	5977	35272301	-2988	2989	-2453
chr20	56625887	56633678	56633420	7791	56629782	-3895	3896	3638
chr20	57361633	57368366	57365437	6733	57364999	-3366	3367	438
chr20	53570560	53573523	53571720	2963	53572041	-1481	1482	-321
chr20	50564917	50570846	50565069	5929	50567881	-2964	2965	-2812
chr20	62796206	62799344	62798644	3138	62797775	-1569	1569	869
chr20	35652245	35653483	35652631	1238	35652864	-619	619	-233
chr20	44754068	44757822	44757724	3754	44755945	-1877	1877	1779
chr20	33609414	33611406	33611294	1992	33610410	-996	996	884
chr20	34983018	34988562	34987878	5544	34985790	-2772	2772	2088
chr20	45839998	45842888	45840380	2890	45841443	-1445	1445	-1063
chr20	3226653	3231447	3230961	4794	3229050	-2397	2397	1911
chr20	62879132	62881829	62880547	2697	62880480	-1348	1349	67
chr20	58713693	58715803	58713884	2110	58714748	-1055	1055	-864
chr20	33640801	33645733	33645075	4932	33643267	-2466	2466	1808
chr20	32802798	32807274	32805346	4476	32805036	-2238	2238	310
chr20	32433717	32435562	32435421	1845	32434639	-922	923	782
chr20	2656802	2660755	2656874	3953	2658778	-1976	1977	-1904
chr20	62153907	62160556	62158695	6649	62157231	-3324	3325	1464
chr20	51784853	51792484	51792135	7631	51788668	-3815	3816	3467
chr20	1179986	1183765	1181422	3779	1181875	-1889	1890	-453
chr20	2656802	2660755	2657204	3953	2658778	-1976	1977	-1574
chr20	3034627	3038180	3035807	3553	3036403	-1776	1777	-596
chr20	3780397	3781668	3781297	1271	3781032	-635	636	265
chr20	18162703	18164925	18162730	2222	18163814	-1111	1111	-1084
chr20	32158094	32159623	32158477	1529	32158858	-764	765	-381
chr20	34994793	35001652	34996724	6859	34998222	-3429	3430	-1498
chr20	34994793	35001652	34999387	6859	34998222	-3429	3430	1165
chr20	35617855	35621541	35618922	3686	35619698	-1843	1843	-776
chr20	35617855	35621541	35619709	3686	35619698	-1843	1843	11
chr20	36523651	36527134	36525884	3483	36525392	-1741	1742	492
chr20	36777509	36782213	36777682	4704	36779861	-2352	2352	-2179
chr20	41164256	41171008	41170169	6752	41167632	-3376	3376	2537
chr20	41171094	41174074	41172243	2980	41172584	-1490	1490	-341
chr20	45793836	45795982	45795365	2146	45794909	-1073	1073	456
chr20	45799117	45802702	45802005	3585	45800909	-1792	1793	1096
chr20	45799117	45802702	45802006	3585	45800909	-1792	1793	1097
chr20	47644514	47647511	47647230	2997	47646012	-1498	1499	1218
chr20	58713693	58715803	58714776	2110	58714748	-1055	1055	28
chr20	62754400	62757009	62754814	2609	62755704	-1304	1305	-890
chr20	62910434	62911859	62910829	1425	62911146	-712	713	-317
chr20	63277465	63282867	63278177	5402	63280166	-2701	2701	-1989
chr20	41174403	41177269	41174519	2866	41175836	-1433	1433	-1317
chr20	41404374	41406172	41405181	1798	41405273	-899	899	-92
chr20	386397	390411	388106	4014	388404	-2007	2007	-298
chr20	57706973	57710837	57710494	3864	57708905	-1932	1932	1589
chr20	41164256	41171008	41166784	6752	41167632	-3376	3376	-848
chr20	2656802	2660755	2658518	3953	2658778	-1976	1977	-260
chr20	31604028	31606449	31605670	2421	31605238	-1210	1211	432
chr20	33640801	33645733	33644605	4932	33643267	-2466	2466	1338
chr20	36523651	36527134	36525869	3483	36525392	-1741	1742	477
chr20	36523651	36527134	36527049	3483	36525392	-1741	1742	1657
chr20	45944651	45951440	45946298	6789	45948045	-3394	3395	-1747
chr20	50613726	50615788	50614643	2062	50614757	-1031	1031	-114
chr20	51784853	51792484	51788964	7631	51788668	-3815	3816	296
chr20	21333364	21335599	21333781	2235	21334481	-1117	1118	-700
chr20	35617855	35621541	35620708	3686	35619698	-1843	1843	1010
chr20	41414131	41416300	41415306	2169	41415215	-1084	1085	91
chr20	62910434	62911859	62911198	1425	62911146	-712	713	52
chr20	62285600	62289358	62286692	3758	62287479	-1879	1879	-787
chr20	32447131	32451724	32447506	4593	32449427	-2296	2297	-1921
chr20	32462586	32469174	32464908	6588	32465880	-3294	3294	-972
chr20	35551774	35558123	35557191	6349	35554948	-3174	3175	2243
chr20	35551774	35558123	35557192	6349	35554948	-3174	3175	2244
chr20	51784853	51792484	51789056	7631	51788668	-3815	3816	388
chr20	31604028	31606449	31606358	2421	31605238	-1210	1211	1120
chr20	35652245	35653483	35652741	1238	35652864	-619	619	-123
chr20	34983018	34988562	34987635	5544	34985790	-2772	2772	1845
chr20	50618925	50620723	50619993	1798	50619824	-899	899	169
chr20	41171094	41174074	41173498	2980	41172584	-1490	1490	914
chr20	34994793	35001652	34998351	6859	34998222	-3429	3430	129
chr20	50618925	50620723	50620051	1798	50619824	-899	899	227
chr20	33712285	33716772	33714725	4487	33714528	-2243	2244	197
chr20	25221567	25224660	25222772	3093	25223113	-1546	1547	-341
chr20	62390745	62394708	62394163	3963	62392726	-1981	1982	1437
chr20	2653059	2656391	2655478	3332	2654725	-1666	1666	753
chr20	3034627	3038180	3035803	3553	3036403	-1776	1777	-600
chr20	56625887	56633678	56631313	7791	56629782	-3895	3896	1531
chr20	49245718	49248306	49247321	2588	49247012	-1294	1294	309
chr20	50607697	50610460	50609341	2763	50609078	-1381	1382	263
chr20	45793836	45795982	45795374	2146	45794909	-1073	1073	465
chr20	20021560	20023420	20022456	1860	20022490	-930	930	-34
chr20	62337034	62341700	62338467	4666	62339367	-2333	2333	-900
chr20	41164256	41171008	41169524	6752	41167632	-3376	3376	1892
chr20	49245718	49248306	49247576	2588	49247012	-1294	1294	564
chr20	34994793	35001652	34996416	6859	34998222	-3429	3430	-1806
chr20	62910434	62911859	62911248	1425	62911146	-712	713	102
chr20	45951776	45954397	45952597	2621	45953086	-1310	1311	-489
chr20	51784853	51792484	51788909	7631	51788668	-3815	3816	241
chr20	41164256	41171008	41170235	6752	41167632	-3376	3376	2603
chr20	32433717	32435562	32434850	1845	32434639	-922	923	211
chr20	54219005	54219193	54219152	188	54219099	-94	94	53
chr20	58713693	58715803	58713805	2110	58714748	-1055	1055	-943
chr20	32433717	32435562	32434887	1845	32434639	-922	923	248
chr20	34983018	34988562	34987808	5544	34985790	-2772	2772	2018
chr20	34282747	34285796	34285439	3049	34284271	-1524	1525	1168
chr20	1179986	1183765	1181190	3779	1181875	-1889	1890	-685
chr20	41404374	41406172	41405154	1798	41405273	-899	899	-119
chr20	2653059	2656391	2655415	3332	2654725	-1666	1666	690
chr20	49881620	49886484	49883960	4864	49884052	-2432	2432	-92
chr20	51784853	51792484	51790445	7631	51788668	-3815	3816	1777
chr20	51784853	51792484	51791056	7631	51788668	-3815	3816	2388
chr20	34994793	35001652	34998804	6859	34998222	-3429	3430	582
chr20	45799117	45802702	45801138	3585	45800909	-1792	1793	229
chr20	48689823	48693265	48692699	3442	48691544	-1721	1721	1155
chr20	50607697	50610460	50609716	2763	50609078	-1381	1382	638
chr21	33548627	33552217	33549984	3590	33550422	-1795	1795	-438
chr21	42902890	42904210	42903770	1320	42903550	-660	660	220
chr21	43774113	43778662	43774137	4549	43776387	-2274	2275	-2250
chr21	25734448	25736244	25734946	1796	25735346	-898	898	-400
chr21	42858137	42863474	42859686	5337	42860805	-2668	2669	-1119
chr21	43796439	43804292	43802338	7853	43800365	-3926	3927	1973
chr21	42291242	42295606	42294637	4364	42293424	-2182	2182	1213
chr21	36143560	36147608	36146556	4048	36145584	-2024	2024	972
chr21	42291242	42295606	42291584	4364	42293424	-2182	2182	-1840
chr21	9068604	9076535	9069350	7931	9072569	-3965	3966	-3219
chr21	45283622	45290026	45285721	6404	45286824	-3202	3202	-1103
chr21	34517072	34519946	34518234	2874	34518509	-1437	1437	-275
chr21	42902890	42904210	42903493	1320	42903550	-660	660	-57
chr21	39348054	39351227	39348316	3173	39349640	-1586	1587	-1324
chr21	42902890	42904210	42903743	1320	42903550	-660	660	193
chr21	42902890	42904210	42904126	1320	42903550	-660	660	576
chr21	36132795	36139296	36132907	6501	36136045	-3250	3251	-3138
chr21	43774113	43778662	43774137	4549	43776387	-2274	2275	-2250
chr21	9068604	9076535	9068835	7931	9072569	-3965	3966	-3734
chr21	46248026	46250684	46249974	2658	46249355	-1329	1329	619
chr21	33425799	33428391	33426980	2592	33427095	-1296	1296	-115
chr21	44335253	44340430	44335709	5177	44337841	-2588	2589	-2132
chr21	33548627	33552217	33550239	3590	33550422	-1795	1795	-183
chr21	9068604	9076535	9069461	7931	9072569	-3965	3966	-3108
chr21	36143560	36147608	36146484	4048	36145584	-2024	2024	900
chr21	44061679	44064551	44063762	2872	44063115	-1436	1436	647
chr21	33548627	33552217	33550400	3590	33550422	-1795	1795	-22
chr21	42577827	42584921	42580538	7094	42581374	-3547	3547	-836
chr21	46243958	46247902	46245085	3944	46245930	-1972	1972	-845
chr21	37223515	37228600	37227671	5085	37226057	-2542	2543	1614
chr21	43796439	43804292	43800610	7853	43800365	-3926	3927	245
chr21	43774113	43778662	43774181	4549	43776387	-2274	2275	-2206
chr21	36034874	36036603	36035829	1729	36035738	-864	865	91
chr21	42858137	42863474	42862344	5337	42860805	-2668	2669	1539
chr21	39348054	39351227	39348565	3173	39349640	-1586	1587	-1075
chr21	42291242	42295606	42294553	4364	42293424	-2182	2182	1129
chr21	44404443	44407888	44405147	3445	44406165	-1722	1723	-1018
chr21	44404443	44407888	44406034	3445	44406165	-1722	1723	-131
chr21	42907809	42911881	42908996	4072	42909845	-2036	2036	-849
chr21	42850006	42853700	42850109	3694	42851853	-1847	1847	-1744
chr21	45488561	45495752	45491314	7191	45492156	-3595	3596	-842
chr21	37223515	37228600	37227744	5085	37226057	-2542	2543	1687
chr21	31671653	31673651	31671678	1998	31672652	-999	999	-974
chr21	33548627	33552217	33551414	3590	33550422	-1795	1795	992
chr21	37237614	37240211	37238601	2597	37238912	-1298	1299	-311
chr21	42907809	42911881	42909048	4072	42909845	-2036	2036	-797
chr21	46215720	46219321	46215746	3601	46217520	-1800	1801	-1774
chr21	46243958	46247902	46245054	3944	46245930	-1972	1972	-876
chr21	45283622	45290026	45285590	6404	45286824	-3202	3202	-1234
chr21	43975513	43982304	43980990	6791	43978908	-3395	3396	2082
chr21	44404443	44407888	44406674	3445	44406165	-1722	1723	509
chr21	25734448	25736244	25734946	1796	25735346	-898	898	-400
chr21	45071315	45075785	45072116	4470	45073550	-2235	2235	-1434
chr21	43796439	43804292	43797966	7853	43800365	-3926	3927	-2399
chr21	43735445	43740320	43737259	4875	43737882	-2437	2438	-623
chr21	44404443	44407888	44405999	3445	44406165	-1722	1723	-166
chr21	28931683	28935068	28932497	3385	28933375	-1692	1693	-878
chr21	43796439	43804292	43802355	7853	43800365	-3926	3927	1990
chr21	33548627	33552217	33551499	3590	33550422	-1795	1795	1077
chr21	36750974	36754873	36754297	3899	36752923	-1949	1950	1374
chr21	43975513	43982304	43981109	6791	43978908	-3395	3396	2201
chr21	33548627	33552217	33549727	3590	33550422	-1795	1795	-695
chr22	29788196	29794590	29793419	6394	29791393	-3197	3197	2026
chr22	41677114	41680629	41680343	3515	41678871	-1757	1758	1472
chr22	24570695	24573395	24572025	2700	24572045	-1350	1350	-20
chr22	29323040	29330229	29329689	7189	29326634	-3594	3595	3055
chr22	30367211	30374831	30372220	7620	30371021	-3810	3810	1199
chr22	42126524	42131497	42130876	4973	42129010	-2486	2487	1866
chr22	46350043	46354381	46350367	4338	46352212	-2169	2169	-1845
chr22	20700715	20704780	20701648	4065	20702747	-2032	2033	-1099
chr22	20995798	20999445	20997014	3647	20997621	-1823	1824	-607
chr22	36298615	36301199	36298930	2584	36299907	-1292	1292	-977
chr22	30017688	30020727	30019733	3039	30019207	-1519	1520	526
chr22	30340098	30343959	30340342	3861	30342028	-1930	1931	-1686
chr22	30379231	30380691	30379725	1460	30379961	-730	730	-236
chr22	31096421	31100962	31097287	4541	31098691	-2270	2271	-1404
chr22	38297157	38298930	38298876	1773	38298043	-886	887	833
chr22	46362362	46368275	46367007	5913	46365318	-2956	2957	1689
chr22	28795417	28801882	28796204	6465	28798649	-3232	3233	-2445
chr22	30017688	30020727	30019829	3039	30019207	-1519	1520	622
chr22	41355161	41356990	41356437	1829	41356075	-914	915	362
chr22	49883756	49886773	49885832	3017	49885264	-1508	1509	568
chr22	37568057	37570836	37568199	2779	37569446	-1389	1390	-1247
chr22	38505281	38506467	38506316	1186	38505874	-593	593	442
chr22	49883756	49886773	49884939	3017	49885264	-1508	1509	-325
chr22	19846599	19851512	19851385	4913	19849055	-2456	2457	2330
chr22	38485765	38488428	38488198	2663	38487096	-1331	1332	1102
chr22	19440574	19445096	19441679	4522	19442835	-2261	2261	-1156
chr22	38864208	38866296	38864430	2088	38865252	-1044	1044	-822
chr22	39512871	39516212	39514093	3341	39514541	-1670	1671	-448
chr22	29788196	29794590	29788897	6394	29791393	-3197	3197	-2496
chr22	20110954	20116675	20112743	5721	20113814	-2860	2861	-1071
chr22	41179642	41181558	41180060	1916	41180600	-958	958	-540
chr22	31343776	31345752	31344719	1976	31344764	-988	988	-45
chr22	23856553	23858024	23857071	1471	23857288	-735	736	-217
chr22	50454432	50458367	50456670	3935	50456399	-1967	1968	271
chr22	41215757	41218012	41217187	2255	41216884	-1127	1128	303
chr22	30244588	30247737	30244851	3149	30246162	-1574	1575	-1311
chr22	19174717	19179498	19176616	4781	19177107	-2390	2391	-491
chr22	19174717	19179498	19177169	4781	19177107	-2390	2391	62
chr22	31710388	31713889	31713114	3501	31712138	-1750	1751	976
chr22	41670430	41676219	41675104	5789	41673324	-2894	2895	1780
chr22	46362362	46368275	46365375	5913	46365318	-2956	2957	57
chr22	41355161	41356990	41356373	1829	41356075	-914	915	298
chr22	49962700	49963882	49963059	1182	49963291	-591	591	-232
chr22	50216244	50223022	50220305	6778	50219633	-3389	3389	672
chr22	19969017	19974376	19973263	5359	19971696	-2679	2680	1567
chr22	29728965	29733752	29729166	4787	29731358	-2393	2394	-2192
chr22	37828977	37833385	37833165	4408	37831181	-2204	2204	1984
chr22	50216244	50223022	50217414	6778	50219633	-3389	3389	-2219
chr22	30335908	30339256	30337845	3348	30337582	-1674	1674	263
chr22	31102839	31106231	31104444	3392	31104535	-1696	1696	-91
chr22	41172967	41178821	41177565	5854	41175894	-2927	2927	1671
chr22	50273833	50279279	50277944	5446	50276556	-2723	2723	1388
chr22	37181980	37185787	37182026	3807	37183883	-1903	1904	-1857
chr22	31086588	31090959	31088734	4371	31088773	-2185	2186	-39
chr22	37771165	37773861	37773811	2696	37772513	-1348	1348	1298
chr22	42126524	42131497	42130872	4973	42129010	-2486	2487	1862
chr22	40415985	40419691	40418947	3706	40417838	-1853	1853	1109
chr22	49962700	49963882	49963378	1182	49963291	-591	591	87
chr22	30572854	30580639	30579205	7785	30576746	-3892	3893	2459
chr22	45183284	45185259	45183562	1975	45184271	-987	988	-709
chr22	30572854	30580639	30579895	7785	30576746	-3892	3893	3149
chr22	23257194	23263512	23260947	6318	23260353	-3159	3159	594
chr22	40403496	40409463	40404413	5967	40406479	-2983	2984	-2066
chr22	28795417	28801882	28796984	6465	28798649	-3232	3233	-1665
chr22	40403496	40409463	40406531	5967	40406479	-2983	2984	52
chr22	30335908	30339256	30337787	3348	30337582	-1674	1674	205
chr22	31086588	31090959	31088922	4371	31088773	-2185	2186	149
chr22	50273833	50279279	50278937	5446	50276556	-2723	2723	2381
chr22	23636930	23641610	23638801	4680	23639270	-2340	2340	-469
chr22	20585621	20589168	20587000	3547	20587394	-1773	1774	-394
chr22	30367211	30374831	30370719	7620	30371021	-3810	3810	-302
chr22	31682082	31686801	31685618	4719	31684441	-2359	2360	1177
chr22	38730955	38732430	38732361	1475	38731692	-737	738	669
chr22	41662188	41664824	41663700	2636	41663506	-1318	1318	194
chr22	17589640	17592496	17590159	2856	17591068	-1428	1428	-909
chr22	36348107	36352241	36348963	4134	36350174	-2067	2067	-1211
chr22	49797539	49801470	49799000	3931	49799504	-1965	1966	-504
chr22	42126524	42131497	42130617	4973	42129010	-2486	2487	1607
chr22	20954096	20959285	20957451	5189	20956690	-2594	2595	761
chr22	17589640	17592496	17590214	2856	17591068	-1428	1428	-854
chr22	36298615	36301199	36298988	2584	36299907	-1292	1292	-919
chr22	43132229	43133366	43133351	1137	43132797	-568	569	554
chr22	20700715	20704780	20702243	4065	20702747	-2032	2033	-504
chr22	21697557	21699969	21699739	2412	21698763	-1206	1206	976
chr22	15827023	15828804	15827052	1781	15827913	-890	891	-861
chr22	41172967	41178821	41177239	5854	41175894	-2927	2927	1345
chr22	17817129	17821993	17817775	4864	17819561	-2432	2432	-1786
chr22	29788196	29794590	29793381	6394	29791393	-3197	3197	1988
chr22	23881272	23886100	23884346	4828	23883686	-2414	2414	660
chr22	50273833	50279279	50278967	5446	50276556	-2723	2723	2411
chr22	38297157	38298930	38298850	1773	38298043	-886	887	807
chr22	30924269	30929059	30926742	4790	30926664	-2395	2395	78
chr22	37636094	37642545	37641418	6451	37639319	-3225	3226	2099
chr22	31603771	31609339	31608000	5568	31606555	-2784	2784	1445
chr22	50216244	50223022	50221279	6778	50219633	-3389	3389	1646
chr22	31086588	31090959	31089785	4371	31088773	-2185	2186	1012
chr22	19969017	19974376	19973007	5359	19971696	-2679	2680	1311
chr22	41329257	41333093	41330061	3836	41331175	-1918	1918	-1114
chr22	49962700	49963882	49962746	1182	49963291	-591	591	-545
chr22	50216244	50223022	50220782	6778	50219633	-3389	3389	1149
chr22	41433623	41436190	41435759	2567	41434906	-1283	1284	853
chr22	42126524	42131497	42128248	4973	42129010	-2486	2487	-762
chr22	49883756	49886773	49885575	3017	49885264	-1508	1509	311
chr22	29527856	29528928	29528423	1072	29528392	-536	536	31
chr22	20103351	20110263	20110177	6912	20106807	-3456	3456	3370
chr22	41571580	41576073	41571916	4493	41573826	-2246	2247	-1910
chr22	43132229	43133366	43133277	1137	43132797	-568	569	480
chr22	50194261	50200183	50194432	5922	50197222	-2961	2961	-2790
chr22	43165775	43168410	43168152	2635	43167092	-1317	1318	1060
chr22	41239191	41241404	41239533	2213	41240297	-1106	1107	-764
chr22	45325380	45329235	45328077	3855	45327307	-1927	1928	770
chr22	23833506	23837325	23836882	3819	23835415	-1909	1910	1467
chr22	21919338	21925272	21923433	5934	21922305	-2967	2967	1128
chr22	49883756	49886773	49885438	3017	49885264	-1508	1509	174
chr22	30367211	30374831	30371696	7620	30371021	-3810	3810	675
chr22	37805555	37807009	37806560	1454	37806282	-727	727	278
chr22	37568057	37570836	37570358	2779	37569446	-1389	1390	912
chr22	50194261	50200183	50194420	5922	50197222	-2961	2961	-2802
chr22	17817129	17821993	17818905	4864	17819561	-2432	2432	-656
chr22	21663311	21670175	21666079	6864	21666743	-3432	3432	-664
chr22	45183284	45185259	45183486	1975	45184271	-987	988	-785
chr22	36298615	36301199	36300860	2584	36299907	-1292	1292	953
chr22	29323040	29330229	29328198	7189	29326634	-3594	3595	1564
chr22	50205280	50211365	50208520	6085	50208322	-3042	3043	198
chr22	41172967	41178821	41178812	5854	41175894	-2927	2927	2918
chr22	42126524	42131497	42129160	4973	42129010	-2486	2487	150
chr22	17142879	17149005	17143106	6126	17145942	-3063	3063	-2836
chr22	31324160	31329923	31327054	5763	31327041	-2881	2882	13
chr22	38485765	38488428	38485957	2663	38487096	-1331	1332	-1139
chr22	41670430	41676219	41674991	5789	41673324	-2894	2895	1667
chr22	20999779	21002994	21000143	3215	21001386	-1607	1608	-1243
chr22	17817129	17821993	17818990	4864	17819561	-2432	2432	-571
chr22	25038059	25040280	25040108	2221	25039169	-1110	1111	939
chr22	29262656	29270060	29265476	7404	29266358	-3702	3702	-882
chr22	46337972	46344622	46343347	6650	46341297	-3325	3325	2050
chr22	46350043	46354381	46350304	4338	46352212	-2169	2169	-1908
chr22	46362362	46368275	46362618	5913	46365318	-2956	2957	-2700
chr22	46362362	46368275	46363036	5913	46365318	-2956	2957	-2282
chr22	46362362	46368275	46364671	5913	46365318	-2956	2957	-647
chr22	50454432	50458367	50455602	3935	50456399	-1967	1968	-797
chr22	29801788	29806053	29802157	4265	29803920	-2132	2133	-1763
chr22	39521268	39522635	39521505	1367	39521951	-683	684	-446
chr22	41215757	41218012	41217157	2255	41216884	-1127	1128	273
chr22	50205280	50211365	50210776	6085	50208322	-3042	3043	2454
chr22	21960669	21965527	21965313	4858	21963098	-2429	2429	2215
chr22	38485765	38488428	38486168	2663	38487096	-1331	1332	-928
chr22	17107419	17112195	17109857	4776	17109807	-2388	2388	50
chr22	20999779	21002994	21000418	3215	21001386	-1607	1608	-968
chr22	31096421	31100962	31098766	4541	31098691	-2270	2271	75
chr22	41693528	41697532	41696772	4004	41695530	-2002	2002	1242
chr22	49883756	49886773	49883906	3017	49885264	-1508	1509	-1358
chr22	49883756	49886773	49884007	3017	49885264	-1508	1509	-1257
chr22	49905266	49912389	49910514	7123	49908827	-3561	3562	1687
chr22	25038059	25040280	25039248	2221	25039169	-1110	1111	79
chr22	46362362	46368275	46363148	5913	46365318	-2956	2957	-2170
chr22	49905266	49912389	49907932	7123	49908827	-3561	3562	-895
chr22	50216244	50223022	50217609	6778	50219633	-3389	3389	-2024
chr22	41670430	41676219	41674833	5789	41673324	-2894	2895	1509
chr22	20580708	20583968	20582911	3260	20582338	-1630	1630	573
chr22	50194261	50200183	50197324	5922	50197222	-2961	2961	102
chr22	20999779	21002994	20999978	3215	21001386	-1607	1608	-1408
chr22	36298615	36301199	36300953	2584	36299907	-1292	1292	1046
chr22	30379231	30380691	30379562	1460	30379961	-730	730	-399
chr22	24298872	24302787	24302340	3915	24300829	-1957	1958	1511
chr22	19975616	19981853	19975725	6237	19978734	-3118	3119	-3009
chr22	29296658	29298966	29298802	2308	29297812	-1154	1154	990
chr22	41355161	41356990	41356459	1829	41356075	-914	915	384
chr22	21702996	21707109	21703970	4113	21705052	-2056	2057	-1082
chr22	21960669	21965527	21963929	4858	21963098	-2429	2429	831
chr22	42593122	42596345	42596315	3223	42594733	-1611	1612	1582
chr22	50454432	50458367	50455086	3935	50456399	-1967	1968	-1313
chr22	19875985	19878993	19878391	3008	19877489	-1504	1504	902
chr22	21685669	21689610	21687667	3941	21687639	-1970	1971	28
chr22	46535834	46539843	46536311	4009	46537838	-2004	2005	-1527
chr22	20110954	20116675	20114621	5721	20113814	-2860	2861	807
chr22	17817129	17821993	17818757	4864	17819561	-2432	2432	-804
chr22	42126524	42131497	42127568	4973	42129010	-2486	2487	-1442
chr22	38505281	38506467	38506322	1186	38505874	-593	593	448
chr22	19174717	19179498	19175953	4781	19177107	-2390	2391	-1154
chr22	19969017	19974376	19974234	5359	19971696	-2679	2680	2538
chr22	20110954	20116675	20116126	5721	20113814	-2860	2861	2312
chr22	23155332	23159451	23158949	4119	23157391	-2059	2060	1558
chr22	28795417	28801882	28797167	6465	28798649	-3232	3233	-1482
chr22	28795417	28801882	28799112	6465	28798649	-3232	3233	463
chr22	31086588	31090959	31089912	4371	31088773	-2185	2186	1139
chr22	31710388	31713889	31712541	3501	31712138	-1750	1751	403
chr22	38064280	38069532	38065053	5252	38066906	-2626	2626	-1853
chr22	40403496	40409463	40405711	5967	40406479	-2983	2984	-768
chr22	40403496	40409463	40406608	5967	40406479	-2983	2984	129
chr22	41355161	41356990	41356405	1829	41356075	-914	915	330
chr22	42126524	42131497	42127968	4973	42129010	-2486	2487	-1042
chr22	49883756	49886773	49884145	3017	49885264	-1508	1509	-1119
chr22	49883756	49886773	49884259	3017	49885264	-1508	1509	-1005
chr22	49883756	49886773	49884402	3017	49885264	-1508	1509	-862
chr22	31282620	31285497	31283179	2877	31284058	-1438	1439	-879
chr22	36348107	36352241	36348957	4134	36350174	-2067	2067	-1217
chr22	31282620	31285497	31283137	2877	31284058	-1438	1439	-921
chr22	50216244	50223022	50220983	6778	50219633	-3389	3389	1350
chr22	21690177	21697064	21693819	6887	21693620	-3443	3444	199
chr22	20110954	20116675	20116242	5721	20113814	-2860	2861	2428
chr22	40403496	40409463	40406543	5967	40406479	-2983	2984	64
chr22	20090871	20095591	20091960	4720	20093231	-2360	2360	-1271
chr22	20124107	20128897	20126349	4790	20126502	-2395	2395	-153
chr22	21589016	21593314	21592899	4298	21591165	-2149	2149	1734
chr22	31710388	31713889	31713755	3501	31712138	-1750	1751	1617
chr22	37181980	37185787	37182239	3807	37183883	-1903	1904	-1644
chr22	39512871	39516212	39514010	3341	39514541	-1670	1671	-531
chr22	42126524	42131497	42128865	4973	42129010	-2486	2487	-145
chr22	43165775	43168410	43167964	2635	43167092	-1317	1318	872
chr22	49883756	49886773	49885345	3017	49885264	-1508	1509	81
chr22	38672964	38675655	38673204	2691	38674309	-1345	1346	-1105
chr22	39521268	39522635	39522336	1367	39521951	-683	684	385
chr22	19975616	19981853	19978939	6237	19978734	-3118	3119	205
chr22	43134076	43137257	43137191	3181	43135666	-1590	1591	1525
chr22	20700715	20704780	20701611	4065	20702747	-2032	2033	-1136
chr22	44818126	44822827	44822441	4701	44820476	-2350	2351	1965
chr22	37756479	37759847	37759561	3368	37758163	-1684	1684	1398
chr22	43165775	43168410	43167323	2635	43167092	-1317	1318	231
chr22	40403496	40409463	40409220	5967	40406479	-2983	2984	2741
chr22	41571580	41576073	41575103	4493	41573826	-2246	2247	1277
chr22	46362362	46368275	46367852	5913	46365318	-2956	2957	2534
chr22	19174717	19179498	19176631	4781	19177107	-2390	2391	-476
chr22	19969017	19974376	19973003	5359	19971696	-2679	2680	1307
chr22	20700715	20704780	20701208	4065	20702747	-2032	2033	-1539
chr22	23864957	23872411	23868502	7454	23868684	-3727	3727	-182
chr22	37933747	37940130	37937079	6383	37936938	-3191	3192	141
chr22	38700055	38703502	38700182	3447	38701778	-1723	1724	-1596
chr22	17589640	17592496	17592441	2856	17591068	-1428	1428	1373
chr22	21919338	21925272	21923402	5934	21922305	-2967	2967	1097
chr22	23881272	23886100	23884790	4828	23883686	-2414	2414	1104
chr22	41215757	41218012	41217203	2255	41216884	-1127	1128	319
chr22	49883756	49886773	49886109	3017	49885264	-1508	1509	845
chr22	50216244	50223022	50220974	6778	50219633	-3389	3389	1341
chr22	21960669	21965527	21964200	4858	21963098	-2429	2429	1102
chr22	46396257	46401371	46399716	5114	46398814	-2557	2557	902
chr22	39521268	39522635	39521832	1367	39521951	-683	684	-119
chr22	20110954	20116675	20114682	5721	20113814	-2860	2861	868
chr22	37181980	37185787	37182478	3807	37183883	-1903	1904	-1405
chr22	50205280	50211365	50206498	6085	50208322	-3042	3043	-1824
chr22	21919338	21925272	21923190	5934	21922305	-2967	2967	885
chr22	46362362	46368275	46366417	5913	46365318	-2956	2957	1099
chr22	20110954	20116675	20114682	5721	20113814	-2860	2861	868
chr22	36298615	36301199	36298933	2584	36299907	-1292	1292	-974
chr22	50454432	50458367	50454830	3935	50456399	-1967	1968	-1569
chr22	29296658	29298966	29297923	2308	29297812	-1154	1154	111
chr22	35326290	35333749	35333475	7459	35330019	-3729	3730	3456
chr22	20124107	20128897	20127098	4790	20126502	-2395	2395	596
chr22	21960669	21965527	21963998	4858	21963098	-2429	2429	900
chr22	19174717	19179498	19176471	4781	19177107	-2390	2391	-636
chr22	20090871	20095591	20091578	4720	20093231	-2360	2360	-1653
chr22	40403496	40409463	40408994	5967	40406479	-2983	2984	2515
chr22	20995798	20999445	20996936	3647	20997621	-1823	1824	-685
chr22	42086100	42089641	42087078	3541	42087870	-1770	1771	-792
chr22	19969017	19974376	19971972	5359	19971696	-2679	2680	276
chr22	41172967	41178821	41177734	5854	41175894	-2927	2927	1840
chr22	30379231	30380691	30379755	1460	30379961	-730	730	-206
chr22	23873879	23878878	23875122	4999	23876378	-2499	2500	-1256
chr22	17107419	17112195	17109819	4776	17109807	-2388	2388	12
chr22	49883756	49886773	49885222	3017	49885264	-1508	1509	-42
chr22	39512871	39516212	39514040	3341	39514541	-1670	1671	-501
chr22	31086588	31090959	31088071	4371	31088773	-2185	2186	-702
chr22	42086100	42089641	42087137	3541	42087870	-1770	1771	-733
chr22	49797539	49801470	49798656	3931	49799504	-1965	1966	-848
chr22	37828977	37833385	37831985	4408	37831181	-2204	2204	804
chr22	23693630	23697291	23695045	3661	23695460	-1830	1831	-415
chr22	23881272	23886100	23883881	4828	23883686	-2414	2414	195
chr22	29288081	29289564	29288774	1483	29288822	-741	742	-48
chr22	30421006	30425566	30422401	4560	30423286	-2280	2280	-885
chr22	37877513	37879802	37877862	2289	37878657	-1144	1145	-795
chr22	38689243	38691607	38689340	2364	38690425	-1182	1182	-1085
chr22	41253115	41255479	41254386	2364	41254297	-1182	1182	89
chr22	17107419	17112195	17109803	4776	17109807	-2388	2388	-4
chr22	40403496	40409463	40406660	5967	40406479	-2983	2984	181
chrX	48903812	48905925	48904652	2113	48904868	-1056	1057	-216
chrX	101620277	101626356	101625822	6079	101623316	-3039	3040	2506
chrX	154360172	154365400	154362266	5228	154362786	-2614	2614	-520
chrX	47568246	47573308	47572892	5062	47570777	-2531	2531	2115
chrX	47635213	47640085	47636836	4872	47637649	-2436	2436	-813
chrX	48803193	48806972	48806837	3779	48805082	-1889	1890	1755
chrX	53075546	53082903	53077396	7357	53079224	-3678	3679	-1828
chrX	152911583	152918397	152914777	6814	152914990	-3407	3407	-213
chrX	154430430	154436086	154435732	5656	154433258	-2828	2828	2474
chrX	154398706	154403250	154400167	4544	154400978	-2272	2272	-811
chrX	136510936	136512273	136511027	1337	136511604	-668	669	-577
chrX	48903812	48905925	48905094	2113	48904868	-1056	1057	226
chrX	47236518	47243756	47239434	7238	47240137	-3619	3619	-703
chrX	49031401	49034065	49031447	2664	49032733	-1332	1332	-1286
chrX	150988554	150989715	150988771	1161	150989134	-580	581	-363
chrX	154360172	154365400	154364826	5228	154362786	-2614	2614	2040
chrX	153771117	153774568	153772954	3451	153772842	-1725	1726	112
chrX	153792877	153798620	153798409	5743	153795748	-2871	2872	2661
chrX	54445151	54447885	54445896	2734	54446518	-1367	1367	-622
chrX	48596356	48602699	48597873	6343	48599527	-3171	3172	-1654
chrX	47568246	47573308	47571372	5062	47570777	-2531	2531	595
chrX	154398706	154403250	154399820	4544	154400978	-2272	2272	-1158
chrX	47225662	47229976	47227417	4314	47227819	-2157	2157	-402
chrX	47236518	47243756	47242299	7238	47240137	-3619	3619	2162
chrX	135020669	135023563	135021867	2894	135022116	-1447	1447	-249
chrX	47225662	47229976	47226638	4314	47227819	-2157	2157	-1181
chrX	47565796	47567854	47566644	2058	47566825	-1029	1029	-181
chrX	47568246	47573308	47571458	5062	47570777	-2531	2531	681
chrX	153771117	153774568	153774269	3451	153772842	-1725	1726	1427
chrX	154349249	154356270	154354878	7021	154352759	-3510	3511	2119
chrX	101390026	101391668	101390985	1642	101390847	-821	821	138
chrX	48897694	48903087	48902679	5393	48900390	-2696	2697	2289
chrX	55005073	55009259	55007016	4186	55007166	-2093	2093	-150
chrX	101405438	101410052	101407788	4614	101407745	-2307	2307	43
chrX	154015821	154018926	154017014	3105	154017373	-1552	1553	-359
chrX	154360172	154365400	154364584	5228	154362786	-2614	2614	1798
chrX	49171933	49174569	49173450	2636	49173251	-1318	1318	199
chrX	49175318	49182052	49178144	6734	49178685	-3367	3367	-541
chrX	53084297	53088951	53084832	4654	53086624	-2327	2327	-1792
chrX	53192392	53194993	53194294	2601	53193692	-1300	1301	602
chrX	53192392	53194993	53194296	2601	53193692	-1300	1301	604
chrX	54445151	54447885	54446399	2734	54446518	-1367	1367	-119
chrX	135020669	135023563	135021925	2894	135022116	-1447	1447	-191
chrX	153917424	153921162	153919201	3738	153919293	-1869	1869	-92
chrX	154469164	154472459	154471257	3295	154470811	-1647	1648	446
chrX	154398706	154403250	154400578	4544	154400978	-2272	2272	-400
chrX	48903812	48905925	48904579	2113	48904868	-1056	1057	-289
chrX	101411210	101412861	101412424	1651	101412035	-825	826	389
chrX	48596356	48602699	48601914	6343	48599527	-3171	3172	2387
chrX	103585203	103587267	103585608	2064	103586235	-1032	1032	-627
chrX	136875420	136882347	136879014	6927	136878883	-3463	3464	131
chrX	48897694	48903087	48902014	5393	48900390	-2696	2697	1624
chrX	154360172	154365400	154362740	5228	154362786	-2614	2614	-46
chrX	47225662	47229976	47226141	4314	47227819	-2157	2157	-1678
chrX	48897694	48903087	48902787	5393	48900390	-2696	2697	2397
chrX	49248131	49253758	49251385	5627	49250944	-2813	2814	441
chrX	53075546	53082903	53076996	7357	53079224	-3678	3679	-2228
chrX	48897694	48903087	48902787	5393	48900390	-2696	2697	2397
chrX	49066757	49069772	49068692	3015	49068264	-1507	1508	428
chrX	136873140	136874531	136874194	1391	136873835	-695	696	359
chrX	47568246	47573308	47569960	5062	47570777	-2531	2531	-817
chrX	135020669	135023563	135022413	2894	135022116	-1447	1447	297
chrX	48897694	48903087	48898360	5393	48900390	-2696	2697	-2030
chrX	53084297	53088951	53086184	4654	53086624	-2327	2327	-440
chrX	53084297	53088951	53085761	4654	53086624	-2327	2327	-863
chrX	49071473	49076049	49075222	4576	49073761	-2288	2288	1461
chrX	49031401	49034065	49033534	2664	49032733	-1332	1332	801
chrX	38803071	38805209	38805036	2138	38804140	-1069	1069	896
chrX	53192392	53194993	53194357	2601	53193692	-1300	1301	665
chrX	47167586	47171914	47169471	4328	47169750	-2164	2164	-279
chrX	47568246	47573308	47572952	5062	47570777	-2531	2531	2175
chrX	48596356	48602699	48600336	6343	48599527	-3171	3172	809
chrX	153771117	153774568	153773948	3451	153772842	-1725	1726	1106
chrX	53084297	53088951	53084992	4654	53086624	-2327	2327	-1632
chrX	154430430	154436086	154433657	5656	154433258	-2828	2828	399
chrX	154357941	154359762	154359117	1821	154358851	-910	911	266
chrX	53075546	53082903	53077768	7357	53079224	-3678	3679	-1456
chrX	48897694	48903087	48898260	5393	48900390	-2696	2697	-2130
chrX	49285674	49288036	49287200	2362	49286855	-1181	1181	345
chrX	53550865	53553367	53550921	2502	53552116	-1251	1251	-1195
chrX	107710659	107715178	107714729	4519	107712918	-2259	2260	1811
chrX	47568246	47573308	47568877	5062	47570777	-2531	2531	-1900
chrX	47568246	47573308	47571437	5062	47570777	-2531	2531	660
chrX	48596356	48602699	48600513	6343	48599527	-3171	3172	986
chrX	49248131	49253758	49251318	5627	49250944	-2813	2814	374
chrX	154019078	154023143	154019234	4065	154021110	-2032	2033	-1876
chrX	53532459	53535413	53533374	2954	53533936	-1477	1477	-562
chrX	103585203	103587267	103587237	2064	103586235	-1032	1032	1002
chrX	48803193	48806972	48805505	3779	48805082	-1889	1890	423
chrX	47225662	47229976	47226699	4314	47227819	-2157	2157	-1120
chrX	103606983	103609571	103609122	2588	103608277	-1294	1294	845
chrX	154430430	154436086	154432325	5656	154433258	-2828	2828	-933
chrX	154407142	154413808	154412152	6666	154410475	-3333	3333	1677
chrX	71140300	71143843	71142312	3543	71142071	-1771	1772	241
chrX	153693882	153695694	153694261	1812	153694788	-906	906	-527
chrX	48897694	48903087	48902355	5393	48900390	-2696	2697	1965
chrX	49248131	49253758	49249668	5627	49250944	-2813	2814	-1276
chrX	147910012	147912933	147912141	2921	147911472	-1460	1461	669
chrX	53084297	53088951	53084792	4654	53086624	-2327	2327	-1832
chrX	154349249	154356270	154352600	7021	154352759	-3510	3511	-159
chrX	41347119	41348579	41347449	1460	41347849	-730	730	-400
chrX	47635213	47640085	47638968	4872	47637649	-2436	2436	1319
chrX	135020669	135023563	135021834	2894	135022116	-1447	1447	-282
chrX	135972633	135975212	135973710	2579	135973922	-1289	1290	-212
chrX	49061577	49065425	49064475	3848	49063501	-1924	1924	974
chrX	135020669	135023563	135022007	2894	135022116	-1447	1447	-109
chrX	49029039	49030702	49030363	1663	49029870	-831	832	493
chrX	49029039	49030702	49029998	1663	49029870	-831	832	128
chrX	48596356	48602699	48599649	6343	48599527	-3171	3172	122
chrX	55005073	55009259	55006740	4186	55007166	-2093	2093	-426
chrX	154360172	154365400	154361513	5228	154362786	-2614	2614	-1273
chrX	49066757	49069772	49068104	3015	49068264	-1507	1508	-160
chrX	154398706	154403250	154399903	4544	154400978	-2272	2272	-1075
chrX	154357941	154359762	154358533	1821	154358851	-910	911	-318
chrX	103377697	103381538	103377713	3841	103379617	-1920	1921	-1904
chrX	48604310	48606609	48604957	2299	48605459	-1149	1150	-502
chrX	136875420	136882347	136879053	6927	136878883	-3463	3464	170
chrX	53084297	53088951	53086106	4654	53086624	-2327	2327	-518
chrX	154349249	154356270	154350960	7021	154352759	-3510	3511	-1799
chrX	48972287	48976151	48975176	3864	48974219	-1932	1932	957
chrX	154477863	154480212	154477867	2349	154479037	-1174	1175	-1170
chrX	48921922	48925582	48923718	3660	48923752	-1830	1830	-34
chrX	53084297	53088951	53086091	4654	53086624	-2327	2327	-533
chrX	154398706	154403250	154402960	4544	154400978	-2272	2272	1982
chrX	49285674	49288036	49286410	2362	49286855	-1181	1181	-445
chrX	47184234	47189109	47186573	4875	47186671	-2437	2438	-98
chrX	49031401	49034065	49031432	2664	49032733	-1332	1332	-1301
chrX	154398706	154403250	154400604	4544	154400978	-2272	2272	-374
chrX	53532459	53535413	53534049	2954	53533936	-1477	1477	113
chrX	71366064	71367974	71366399	1910	71367019	-955	955	-620
chrX	130077628	130085093	130081438	7465	130081360	-3732	3733	78
chrX	71366064	71367974	71366386	1910	71367019	-955	955	-633
chrX	153943808	153947620	153943968	3812	153945714	-1906	1906	-1746
chrX	136510936	136512273	136511327	1337	136511604	-668	669	-277
chrX	54445151	54447885	54445505	2734	54446518	-1367	1367	-1013
chrX	16719163	16721844	16719742	2681	16720503	-1340	1341	-761
chrX	47225662	47229976	47228731	4314	47227819	-2157	2157	912
chrX	49175318	49182052	49175895	6734	49178685	-3367	3367	-2790
chrX	136510936	136512273	136511100	1337	136511604	-668	669	-504
chrX	47225662	47229976	47228731	4314	47227819	-2157	2157	912
chrX	38803071	38805209	38804882	2138	38804140	-1069	1069	742
chrX	48706519	48708416	48707555	1897	48707467	-948	949	88
chrX	107648164	107652498	107650011	4334	107650331	-2167	2167	-320
chrX	153900726	153906626	153905951	5900	153903676	-2950	2950	2275
chrX	47650969	47653922	47651813	2953	47652445	-1476	1477	-632
chrX	49071473	49076049	49074669	4576	49073761	-2288	2288	908
chrX	136873140	136874531	136874384	1391	136873835	-695	696	549
chrX	153792877	153798620	153794718	5743	153795748	-2871	2872	-1030
chrX	48596356	48602699	48600632	6343	48599527	-3171	3172	1105
chrX	49285674	49288036	49287328	2362	49286855	-1181	1181	473
chrX	53075546	53082903	53077188	7357	53079224	-3678	3679	-2036
chrX	53084297	53088951	53085322	4654	53086624	-2327	2327	-1302
chrX	49285674	49288036	49287048	2362	49286855	-1181	1181	193
chrX	154477863	154480212	154477955	2349	154479037	-1174	1175	-1082
chrX	47568246	47573308	47568721	5062	47570777	-2531	2531	-2056
chrX	48903812	48905925	48905248	2113	48904868	-1056	1057	380
chrX	103685875	103687666	103686650	1791	103686770	-895	896	-120
chrX	53532459	53535413	53534637	2954	53533936	-1477	1477	701
chrX	136510936	136512273	136511200	1337	136511604	-668	669	-404
chrX	154360172	154365400	154364263	5228	154362786	-2614	2614	1477
chrX	154349249	154356270	154350950	7021	154352759	-3510	3511	-1809
chrX	71140300	71143843	71141346	3543	71142071	-1771	1772	-725
chrX	54809728	54811714	54810839	1986	54810721	-993	993	118
chrX	47635213	47640085	47637914	4872	47637649	-2436	2436	265
chrX	16840474	16842132	16841616	1658	16841303	-829	829	313
chrX	49175318	49182052	49175918	6734	49178685	-3367	3367	-2767
chrX	47167586	47171914	47169434	4328	47169750	-2164	2164	-316
chrX	48911025	48914560	48914152	3535	48912792	-1767	1768	1360
chrX	48706519	48708416	48706563	1897	48707467	-948	949	-904
chrX	53075546	53082903	53077477	7357	53079224	-3678	3679	-1747
chrX	101411210	101412861	101412046	1651	101412035	-825	826	11
chrX	47225662	47229976	47227447	4314	47227819	-2157	2157	-372
chrX	136510936	136512273	136511147	1337	136511604	-668	669	-457
chrX	153444029	153447332	153445425	3303	153445680	-1651	1652	-255
chrX	47236518	47243756	47242114	7238	47240137	-3619	3619	1977
chrX	136510936	136512273	136511747	1337	136511604	-668	669	143
chrX	47167586	47171914	47169378	4328	47169750	-2164	2164	-372
chrX	47236518	47243756	47242714	7238	47240137	-3619	3619	2577
chrX	101620277	101626356	101625831	6079	101623316	-3039	3040	2515
chrX	129919983	129922640	129921417	2657	129921311	-1328	1329	106
chrX	41347119	41348579	41347415	1460	41347849	-730	730	-434
chrX	153970656	153973088	153970684	2432	153971872	-1216	1216	-1188
chrX	71140300	71143843	71141950	3543	71142071	-1771	1772	-121
chrX	152911583	152918397	152914740	6814	152914990	-3407	3407	-250
chrX	49175318	49182052	49178410	6734	49178685	-3367	3367	-275
chrX	48990240	48992451	48990997	2211	48991345	-1105	1106	-348
chrX	154398706	154403250	154399498	4544	154400978	-2272	2272	-1480
chrX	153693882	153695694	153694552	1812	153694788	-906	906	-236
chrX	154357941	154359762	154359576	1821	154358851	-910	911	725
chrX	154407142	154413808	154413527	6666	154410475	-3333	3333	3052
chrX	70134630	70137421	70134698	2791	70136025	-1395	1396	-1327
chrX	48897694	48903087	48902804	5393	48900390	-2696	2697	2414
chrX	48897694	48903087	48902232	5393	48900390	-2696	2697	1842
chrX	49248131	49253758	49251430	5627	49250944	-2813	2814	486
chrX	49077484	49079266	49077534	1782	49078375	-891	891	-841
chrX	48972287	48976151	48974057	3864	48974219	-1932	1932	-162
chrX	48570379	48576416	48575642	6037	48573397	-3018	3019	2245
chrX	47635213	47640085	47639119	4872	47637649	-2436	2436	1470
chrX	135020669	135023563	135022086	2894	135022116	-1447	1447	-30
chrX	47635213	47640085	47639289	4872	47637649	-2436	2436	1640
chrX	47236518	47243756	47241315	7238	47240137	-3619	3619	1178
chrX	49066757	49069772	49068665	3015	49068264	-1507	1508	401
chrX	49077484	49079266	49077880	1782	49078375	-891	891	-495
chrX	49248131	49253758	49250275	5627	49250944	-2813	2814	-669
chrX	53084297	53088951	53087790	4654	53086624	-2327	2327	1166
chrX	53550865	53553367	53551175	2502	53552116	-1251	1251	-941
chrX	54809728	54811714	54811082	1986	54810721	-993	993	361
chrX	55005073	55009259	55006756	4186	55007166	-2093	2093	-410
chrX	101411210	101412861	101412419	1651	101412035	-825	826	384
chrX	103606983	103609571	103609515	2588	103608277	-1294	1294	1238
chrX	153693882	153695694	153695131	1812	153694788	-906	906	343
chrX	154349249	154356270	154354433	7021	154352759	-3510	3511	1674
chrX	154357941	154359762	154358243	1821	154358851	-910	911	-608
chrX	48990240	48992451	48991082	2211	48991345	-1105	1106	-263
chrX	71366064	71367974	71367568	1910	71367019	-955	955	549
chrX	136875420	136882347	136875483	6927	136878883	-3463	3464	-3400
chrX	53084297	53088951	53085361	4654	53086624	-2327	2327	-1263
chrX	154469164	154472459	154470006	3295	154470811	-1647	1648	-805
chrX	154349249	154356270	154352834	7021	154352759	-3510	3511	75
chrX	16868747	16871846	16869149	3099	16870296	-1549	1550	-1147
chrX	47225662	47229976	47226489	4314	47227819	-2157	2157	-1330
chrX	47568246	47573308	47568845	5062	47570777	-2531	2531	-1932
chrX	47568246	47573308	47569573	5062	47570777	-2531	2531	-1204
chrX	48897694	48903087	48903041	5393	48900390	-2696	2697	2651
chrX	49171933	49174569	49174395	2636	49173251	-1318	1318	1144
chrX	49248131	49253758	49251760	5627	49250944	-2813	2814	816
chrX	49285674	49288036	49286774	2362	49286855	-1181	1181	-81
chrX	53532459	53535413	53533333	2954	53533936	-1477	1477	-603
chrX	53550865	53553367	53550928	2502	53552116	-1251	1251	-1188
chrX	54445151	54447885	54446376	2734	54446518	-1367	1367	-142
chrX	101620277	101626356	101625583	6079	101623316	-3039	3040	2267
chrX	119451179	119453331	119452017	2152	119452255	-1076	1076	-238
chrX	135020669	135023563	135021984	2894	135022116	-1447	1447	-132
chrX	136510936	136512273	136511836	1337	136511604	-668	669	232
chrX	136875420	136882347	136875522	6927	136878883	-3463	3464	-3361
chrX	136875420	136882347	136879257	6927	136878883	-3463	3464	374
chrX	154360172	154365400	154365245	5228	154362786	-2614	2614	2459
chrX	154469164	154472459	154471156	3295	154470811	-1647	1648	345
chrX	48897694	48903087	48898505	5393	48900390	-2696	2697	-1885
chrX	49061577	49065425	49064650	3848	49063501	-1924	1924	1149
chrX	71366064	71367974	71366379	1910	71367019	-955	955	-640
chrX	153943808	153947620	153944624	3812	153945714	-1906	1906	-1090
chrX	49171933	49174569	49172024	2636	49173251	-1318	1318	-1227
chrX	154469164	154472459	154471576	3295	154470811	-1647	1648	765
chrX	55005073	55009259	55006689	4186	55007166	-2093	2093	-477
chrX	107710659	107715178	107714723	4519	107712918	-2259	2260	1805
chrX	48911025	48914560	48914106	3535	48912792	-1767	1768	1314
chrX	48596356	48602699	48598822	6343	48599527	-3171	3172	-705
chrX	54445151	54447885	54446169	2734	54446518	-1367	1367	-349
chrX	49285674	49288036	49287258	2362	49286855	-1181	1181	403
chrX	153724161	153727171	153726014	3010	153725666	-1505	1505	348
chrX	48596356	48602699	48599698	6343	48599527	-3171	3172	171
chrX	154360172	154365400	154364019	5228	154362786	-2614	2614	1233
chrX	154398706	154403250	154400574	4544	154400978	-2272	2272	-404
chrX	49175318	49182052	49178083	6734	49178685	-3367	3367	-602
chrX	49061577	49065425	49063927	3848	49063501	-1924	1924	426
chrX	47184234	47189109	47186696	4875	47186671	-2437	2438	25
chrX	47635213	47640085	47638084	4872	47637649	-2436	2436	435
chrX	49029039	49030702	49029831	1663	49029870	-831	832	-39
chrX	49029039	49030702	49030091	1663	49029870	-831	832	221
chrX	49175318	49182052	49175594	6734	49178685	-3367	3367	-3091
chrX	53075546	53082903	53076778	7357	53079224	-3678	3679	-2446
chrX	103377697	103381538	103377762	3841	103379617	-1920	1921	-1855
chrX	136510936	136512273	136511552	1337	136511604	-668	669	-52
chrX	71140300	71143843	71141964	3543	71142071	-1771	1772	-107
chrX	101620277	101626356	101626204	6079	101623316	-3039	3040	2888
chrX	119451179	119453331	119452901	2152	119452255	-1076	1076	646
chrX	154015821	154018926	154016071	3105	154017373	-1552	1553	-1302
chrX	153792877	153798620	153798340	5743	153795748	-2871	2872	2592
chrX	49071473	49076049	49074867	4576	49073761	-2288	2288	1106
chrX	103606983	103609571	103609308	2588	103608277	-1294	1294	1031
chrX	136510936	136512273	136511983	1337	136511604	-668	669	379
chrX	54809728	54811714	54809751	1986	54810721	-993	993	-970
chrX	49248131	49253758	49251381	5627	49250944	-2813	2814	437
chrX	48596356	48602699	48600428	6343	48599527	-3171	3172	901
chrX	48903812	48905925	48904700	2113	48904868	-1056	1057	-168
chrX	154349249	154356270	154349730	7021	154352759	-3510	3511	-3029
chrX	135020669	135023563	135022235	2894	135022116	-1447	1447	119
chrX	154360172	154365400	154364116	5228	154362786	-2614	2614	1330
chrX	53084297	53088951	53087850	4654	53086624	-2327	2327	1226
chrX	49066757	49069772	49068156	3015	49068264	-1507	1508	-108
chrX	71301279	71302444	71301782	1165	71301861	-582	583	-79
chrX	153900726	153906626	153906622	5900	153903676	-2950	2950	2946
chrX	49029039	49030702	49030335	1663	49029870	-831	832	465
chrX	154360172	154365400	154364879	5228	154362786	-2614	2614	2093
chrX	130077628	130085093	130081422	7465	130081360	-3732	3733	62
chrX	154349249	154356270	154353967	7021	154352759	-3510	3511	1208
chrX	49175318	49182052	49175599	6734	49178685	-3367	3367	-3086
chrX	154360172	154365400	154360198	5228	154362786	-2614	2614	-2588
chrX	47225662	47229976	47226809	4314	47227819	-2157	2157	-1010
chrX	47635213	47640085	47639042	4872	47637649	-2436	2436	1393
chrX	47225662	47229976	47229664	4314	47227819	-2157	2157	1845
chrX	154360172	154365400	154364836	5228	154362786	-2614	2614	2050
chrX	48803193	48806972	48806626	3779	48805082	-1889	1890	1544
chrX	53211333	53212689	53211521	1356	53212011	-678	678	-490
chrX	10123174	10127753	10124311	4579	10125463	-2289	2290	-1152
chrX	49175318	49182052	49175992	6734	49178685	-3367	3367	-2693
chrX	48897694	48903087	48902739	5393	48900390	-2696	2697	2349
chrX	53192392	53194993	53192676	2601	53193692	-1300	1301	-1016
chrX	154503026	154507959	154506764	4933	154505492	-2466	2467	1272
chrX	101411210	101412861	101412123	1651	101412035	-825	826	88
chrX	154012960	154014758	154013225	1798	154013859	-899	899	-634
chrX	154477863	154480212	154477906	2349	154479037	-1174	1175	-1131
chrX	48903812	48905925	48904841	2113	48904868	-1056	1057	-27
chrX	48706519	48708416	48707584	1897	48707467	-948	949	117
chrX	48706519	48708416	48707846	1897	48707467	-948	949	379
chrX	53379170	53381789	53380646	2619	53380479	-1309	1310	167
chrX	101620277	101626356	101625908	6079	101623316	-3039	3040	2592
chrX	153917424	153921162	153921122	3738	153919293	-1869	1869	1829
