Sample Names	MutationTypes	SBS96A	SBS96B	SBS96C
TCGA-2F-A9KO-01A-11D-A38G-08	A[C>A]A	0.11419885922505633	0.8858011407749438	0.0
TCGA-2F-A9KO-01A-11D-A38G-08	A[C>A]C	0.09346575871477877	0.9065342412852212	0.0
TCGA-2F-A9KO-01A-11D-A38G-08	A[C>A]G	0.10024488482951102	0.899755115170489	0.0
TCGA-2F-A9KO-01A-11D-A38G-08	A[C>A]T	0.06341253671079396	0.9365874632892061	0.0
TCGA-2F-A9KO-01A-11D-A38G-08	A[C>G]A	0.8152883413877396	0.18471165861226038	0.0
TCGA-2F-A9KO-01A-11D-A38G-08	A[C>G]C	0.12592933224149871	0.8740706677585013	0.0
TCGA-2F-A9KO-01A-11D-A38G-08	A[C>G]G	0.514992819148237	0.485007180851763	0.0
TCGA-2F-A9KO-01A-11D-A38G-08	A[C>G]T	0.5018329323279447	0.49816706767205526	0.0
TCGA-2F-A9KO-01A-11D-A38G-08	A[C>T]A	0.6170134383037479	0.382986561696252	0.0
TCGA-2F-A9KO-01A-11D-A38G-08	A[C>T]C	0.6840383288997163	0.3159616711002837	0.0
TCGA-2F-A9KO-01A-11D-A38G-08	A[C>T]G	0.23805199205596358	0.7619480079440363	0.0
TCGA-2F-A9KO-01A-11D-A38G-08	A[C>T]T	0.727695922683802	0.27230407731619805	0.0
TCGA-2F-A9KO-01A-11D-A38G-08	A[T>A]A	0.3917795147137019	0.608220485286298	0.0
TCGA-2F-A9KO-01A-11D-A38G-08	A[T>A]C	0.14330517749790112	0.8566948225020989	0.0
TCGA-2F-A9KO-01A-11D-A38G-08	A[T>A]G	0.15297201161181725	0.8470279883881828	0.0
TCGA-2F-A9KO-01A-11D-A38G-08	A[T>A]T	0.4629816346270304	0.5370183653729698	0.0
TCGA-2F-A9KO-01A-11D-A38G-08	A[T>C]A	0.2732539400150824	0.7267460599849176	0.0
TCGA-2F-A9KO-01A-11D-A38G-08	A[T>C]C	0.12132680480673437	0.8786731951932656	0.0
TCGA-2F-A9KO-01A-11D-A38G-08	A[T>C]G	0.4188774748442817	0.5811225251557183	0.0
TCGA-2F-A9KO-01A-11D-A38G-08	A[T>C]T	0.35467347726361137	0.6453265227363887	0.0
TCGA-2F-A9KO-01A-11D-A38G-08	A[T>G]A	0.37487543870680073	0.6251245612931992	0.0
TCGA-2F-A9KO-01A-11D-A38G-08	A[T>G]C	0.7234794238871357	0.27652057611286424	0.0
TCGA-2F-A9KO-01A-11D-A38G-08	A[T>G]G	0.051336473480357185	0.9486635265196428	0.0
TCGA-2F-A9KO-01A-11D-A38G-08	A[T>G]T	0.3900158552486291	0.6099841447513709	0.0
TCGA-2F-A9KO-01A-11D-A38G-08	C[C>A]A	0.24040348926303623	0.7595965107369638	0.0
TCGA-2F-A9KO-01A-11D-A38G-08	C[C>A]C	0.38128047845626944	0.6187195215437306	0.0
TCGA-2F-A9KO-01A-11D-A38G-08	C[C>A]G	7.534252348496241e-05	0.999924657476515	0.0
TCGA-2F-A9KO-01A-11D-A38G-08	C[C>A]T	0.10954341141962363	0.8904565885803765	0.0
TCGA-2F-A9KO-01A-11D-A38G-08	C[C>G]A	0.09488960481478505	0.9051103951852149	0.0
TCGA-2F-A9KO-01A-11D-A38G-08	C[C>G]C	0.6133843135794879	0.38661568642051214	0.0
TCGA-2F-A9KO-01A-11D-A38G-08	C[C>G]G	0.2889683908384709	0.7110316091615292	0.0
TCGA-2F-A9KO-01A-11D-A38G-08	C[C>G]T	0.29839021713176506	0.7016097828682349	0.0
TCGA-2F-A9KO-01A-11D-A38G-08	C[C>T]A	0.8856023117585416	0.11439768824145827	0.0
TCGA-2F-A9KO-01A-11D-A38G-08	C[C>T]C	0.6238872379244425	0.3761127620755575	0.0
TCGA-2F-A9KO-01A-11D-A38G-08	C[C>T]G	0.47084197190455385	0.5291580280954463	0.0
TCGA-2F-A9KO-01A-11D-A38G-08	C[C>T]T	0.4786017748672948	0.5213982251327052	0.0
TCGA-2F-A9KO-01A-11D-A38G-08	C[T>A]A	0.5890908405240509	0.41090915947594897	0.0
TCGA-2F-A9KO-01A-11D-A38G-08	C[T>A]C	0.06631990661898471	0.9336800933810154	0.0
TCGA-2F-A9KO-01A-11D-A38G-08	C[T>A]G	0.45600545247454205	0.5439945475254578	0.0
TCGA-2F-A9KO-01A-11D-A38G-08	C[T>A]T	0.1974652944844019	0.8025347055155981	0.0
TCGA-2F-A9KO-01A-11D-A38G-08	C[T>C]A	0.6732426497794434	0.3267573502205567	0.0
TCGA-2F-A9KO-01A-11D-A38G-08	C[T>C]C	0.20338946939806093	0.796610530601939	0.0
TCGA-2F-A9KO-01A-11D-A38G-08	C[T>C]G	0.6702727034030418	0.32972729659695815	0.0
TCGA-2F-A9KO-01A-11D-A38G-08	C[T>C]T	0.19198918118805292	0.808010818811947	0.0
TCGA-2F-A9KO-01A-11D-A38G-08	C[T>G]A	0.34403692234629835	0.6559630776537018	0.0
TCGA-2F-A9KO-01A-11D-A38G-08	C[T>G]C	0.455713619303576	0.544286380696424	0.0
TCGA-2F-A9KO-01A-11D-A38G-08	C[T>G]G	0.5874603006672361	0.41253969933276396	0.0
TCGA-2F-A9KO-01A-11D-A38G-08	C[T>G]T	0.30653755489811013	0.6934624451018899	0.0
TCGA-2F-A9KO-01A-11D-A38G-08	G[C>A]A	0.5840092883543215	0.41599071164567847	0.0
TCGA-2F-A9KO-01A-11D-A38G-08	G[C>A]C	0.04966608440691433	0.9503339155930858	0.0
TCGA-2F-A9KO-01A-11D-A38G-08	G[C>A]G	0.0027118861152408205	0.9972881138847592	0.0
TCGA-2F-A9KO-01A-11D-A38G-08	G[C>A]T	0.05914144816981175	0.9408585518301882	0.0
TCGA-2F-A9KO-01A-11D-A38G-08	G[C>G]A	0.33727162184212317	0.6627283781578768	0.0
TCGA-2F-A9KO-01A-11D-A38G-08	G[C>G]C	0.1445538218256651	0.8554461781743349	0.0
TCGA-2F-A9KO-01A-11D-A38G-08	G[C>G]G	0.27777764955689294	0.7222223504431071	0.0
TCGA-2F-A9KO-01A-11D-A38G-08	G[C>G]T	0.2951202566294361	0.7048797433705639	0.0
TCGA-2F-A9KO-01A-11D-A38G-08	G[C>T]A	0.6503766500915978	0.3496233499084022	0.0
TCGA-2F-A9KO-01A-11D-A38G-08	G[C>T]C	0.5533662038614005	0.44663379613859955	0.0
TCGA-2F-A9KO-01A-11D-A38G-08	G[C>T]G	0.3781744290835972	0.6218255709164028	0.0
TCGA-2F-A9KO-01A-11D-A38G-08	G[C>T]T	0.49891563434188274	0.5010843656581172	0.0
TCGA-2F-A9KO-01A-11D-A38G-08	G[T>A]A	0.10916566887019086	0.8908343311298093	0.0
TCGA-2F-A9KO-01A-11D-A38G-08	G[T>A]C	0.16587089033874555	0.8341291096612544	0.0
TCGA-2F-A9KO-01A-11D-A38G-08	G[T>A]G	0.20344929302655093	0.796550706973449	0.0
TCGA-2F-A9KO-01A-11D-A38G-08	G[T>A]T	0.017863938249986975	0.982136061750013	0.0
TCGA-2F-A9KO-01A-11D-A38G-08	G[T>C]A	0.6739320942838611	0.32606790571613886	0.0
TCGA-2F-A9KO-01A-11D-A38G-08	G[T>C]C	0.4633798849315553	0.5366201150684446	0.0
TCGA-2F-A9KO-01A-11D-A38G-08	G[T>C]G	0.6531698454876207	0.34683015451237936	0.0
TCGA-2F-A9KO-01A-11D-A38G-08	G[T>C]T	0.7307241575068718	0.26927584249312825	0.0
TCGA-2F-A9KO-01A-11D-A38G-08	G[T>G]A	0.06854336590042365	0.9314566340995764	0.0
TCGA-2F-A9KO-01A-11D-A38G-08	G[T>G]C	0.8304923974923483	0.16950760250765176	0.0
TCGA-2F-A9KO-01A-11D-A38G-08	G[T>G]G	0.6339252048779348	0.3660747951220652	0.0
TCGA-2F-A9KO-01A-11D-A38G-08	G[T>G]T	0.3443867544085083	0.6556132455914917	0.0
TCGA-2F-A9KO-01A-11D-A38G-08	T[C>A]A	0.07185030917581352	0.9281496908241865	0.0
TCGA-2F-A9KO-01A-11D-A38G-08	T[C>A]C	0.09983491566610314	0.9001650843338967	0.0
TCGA-2F-A9KO-01A-11D-A38G-08	T[C>A]G	0.043890339246214605	0.9561096607537855	0.0
TCGA-2F-A9KO-01A-11D-A38G-08	T[C>A]T	0.13439123377759357	0.8656087662224063	0.0
TCGA-2F-A9KO-01A-11D-A38G-08	T[C>G]A	0.050827133354135	0.949172866645865	0.0
TCGA-2F-A9KO-01A-11D-A38G-08	T[C>G]C	0.046860246080515255	0.9531397539194848	0.0
TCGA-2F-A9KO-01A-11D-A38G-08	T[C>G]G	0.0663231470903752	0.9336768529096248	0.0
TCGA-2F-A9KO-01A-11D-A38G-08	T[C>G]T	0.051441690334377836	0.9485583096656222	0.0
TCGA-2F-A9KO-01A-11D-A38G-08	T[C>T]A	0.926627142374082	0.07337285762591803	0.0
TCGA-2F-A9KO-01A-11D-A38G-08	T[C>T]C	0.8507723402741397	0.14922765972586027	0.0
TCGA-2F-A9KO-01A-11D-A38G-08	T[C>T]G	0.9070290189376768	0.09297098106232314	0.0
TCGA-2F-A9KO-01A-11D-A38G-08	T[C>T]T	0.939590192552212	0.06040980744778806	0.0
TCGA-2F-A9KO-01A-11D-A38G-08	T[T>A]A	0.0757464531659835	0.9242535468340165	0.0
TCGA-2F-A9KO-01A-11D-A38G-08	T[T>A]C	0.4604581372154019	0.5395418627845981	0.0
TCGA-2F-A9KO-01A-11D-A38G-08	T[T>A]G	0.48665248210271267	0.5133475178972873	0.0
TCGA-2F-A9KO-01A-11D-A38G-08	T[T>A]T	0.6907254148798451	0.309274585120155	0.0
TCGA-2F-A9KO-01A-11D-A38G-08	T[T>C]A	0.45874824936055675	0.5412517506394431	0.0
TCGA-2F-A9KO-01A-11D-A38G-08	T[T>C]C	0.26160967124474255	0.7383903287552575	0.0
TCGA-2F-A9KO-01A-11D-A38G-08	T[T>C]G	0.3674094490873347	0.6325905509126654	0.0
TCGA-2F-A9KO-01A-11D-A38G-08	T[T>C]T	0.24153529390495923	0.7584647060950408	0.0
TCGA-2F-A9KO-01A-11D-A38G-08	T[T>G]A	0.22009939452798882	0.7799006054720111	0.0
TCGA-2F-A9KO-01A-11D-A38G-08	T[T>G]C	0.5873438703561218	0.4126561296438783	0.0
TCGA-2F-A9KO-01A-11D-A38G-08	T[T>G]G	0.09033915180699226	0.9096608481930077	0.0
TCGA-2F-A9KO-01A-11D-A38G-08	T[T>G]T	0.16657027770094193	0.8334297222990581	0.0
TCGA-2F-A9KP-01A-11D-A38G-08	A[C>A]A	0.028022917063726997	0.2608369162844807	0.7111401666517922
TCGA-2F-A9KP-01A-11D-A38G-08	A[C>A]C	0.015178857112866422	0.17666560125035471	0.8081555416367788
TCGA-2F-A9KP-01A-11D-A38G-08	A[C>A]G	0.01133451603807401	0.12208050875314212	0.8665849752087839
TCGA-2F-A9KP-01A-11D-A38G-08	A[C>A]T	0.0038175317882517337	0.06766079893427744	0.9285216692774709
TCGA-2F-A9KP-01A-11D-A38G-08	A[C>G]A	0.668833310210893	0.1818369827595923	0.14932970702951465
TCGA-2F-A9KP-01A-11D-A38G-08	A[C>G]C	0.0233220914840758	0.19425329156436139	0.7824246169515627
TCGA-2F-A9KP-01A-11D-A38G-08	A[C>G]G	0.08984523623700656	0.1015367588519209	0.8086180049110725
TCGA-2F-A9KP-01A-11D-A38G-08	A[C>G]T	0.19233880135511627	0.22912053115243658	0.5785406674924471
TCGA-2F-A9KP-01A-11D-A38G-08	A[C>T]A	0.16060530800762085	0.11962723186017701	0.7197674601322022
TCGA-2F-A9KP-01A-11D-A38G-08	A[C>T]C	0.06784174941371829	0.03760384459672756	0.8945544059895542
TCGA-2F-A9KP-01A-11D-A38G-08	A[C>T]G	0.014260469757655454	0.054773260733582886	0.9309662695087616
TCGA-2F-A9KP-01A-11D-A38G-08	A[C>T]T	0.16366076922869097	0.07349030280667242	0.7628489279646365
TCGA-2F-A9KP-01A-11D-A38G-08	A[T>A]A	0.09958197052668538	0.18551596139609433	0.7149020680772203
TCGA-2F-A9KP-01A-11D-A38G-08	A[T>A]C	0.007085091362358669	0.05082658862490224	0.9420883200127391
TCGA-2F-A9KP-01A-11D-A38G-08	A[T>A]G	0.024369325326610163	0.161923743243875	0.8137069314295149
TCGA-2F-A9KP-01A-11D-A38G-08	A[T>A]T	0.09721785782675851	0.1353170956007668	0.7674650465724746
TCGA-2F-A9KP-01A-11D-A38G-08	A[T>C]A	0.008438655112868733	0.026932132160335975	0.9646292127267952
TCGA-2F-A9KP-01A-11D-A38G-08	A[T>C]C	0.007393097565712167	0.06425076474193234	0.9283561376923555
TCGA-2F-A9KP-01A-11D-A38G-08	A[T>C]G	0.021729507861723157	0.03617527483526743	0.9420952173030095
TCGA-2F-A9KP-01A-11D-A38G-08	A[T>C]T	0.04952053497265602	0.10812282288883249	0.8423566421385116
TCGA-2F-A9KP-01A-11D-A38G-08	A[T>G]A	0.017797846111803087	0.035614616250087036	0.9465875376381099
TCGA-2F-A9KP-01A-11D-A38G-08	A[T>G]C	0.13335904256726483	0.061165282212055624	0.8054756752206794
TCGA-2F-A9KP-01A-11D-A38G-08	A[T>G]G	0.01177670252718854	0.26115065705454615	0.7270726404182652
TCGA-2F-A9KP-01A-11D-A38G-08	A[T>G]T	0.0293713812771764	0.0551241493823998	0.9155044693404238
TCGA-2F-A9KP-01A-11D-A38G-08	C[C>A]A	0.02883077745728814	0.1093150088238286	0.8618542137188833
TCGA-2F-A9KP-01A-11D-A38G-08	C[C>A]C	0.0240197858301489	0.046773473816180584	0.9292067403536706
TCGA-2F-A9KP-01A-11D-A38G-08	C[C>A]G	6.322095734399602e-06	0.10068607929780835	0.8993075986064574
TCGA-2F-A9KP-01A-11D-A38G-08	C[C>A]T	0.01739965818693348	0.16972602993621072	0.8128743118768558
TCGA-2F-A9KP-01A-11D-A38G-08	C[C>G]A	0.03170214968498402	0.3628715109808424	0.6054263393341734
TCGA-2F-A9KP-01A-11D-A38G-08	C[C>G]C	0.17225910286068946	0.1302897445929615	0.697451152546349
TCGA-2F-A9KP-01A-11D-A38G-08	C[C>G]G	0.027762222575188827	0.08197360715167486	0.8902641702731363
TCGA-2F-A9KP-01A-11D-A38G-08	C[C>G]T	0.1520597571585231	0.4290487036545567	0.4188915391869202
TCGA-2F-A9KP-01A-11D-A38G-08	C[C>T]A	0.4174071965245889	0.0647022949742888	0.5178905085011223
TCGA-2F-A9KP-01A-11D-A38G-08	C[C>T]C	0.11009693299977504	0.07964681894315251	0.8102562480570724
TCGA-2F-A9KP-01A-11D-A38G-08	C[C>T]G	0.17151026819310866	0.23130317362679978	0.5971865581800916
TCGA-2F-A9KP-01A-11D-A38G-08	C[C>T]T	0.1451357165679495	0.18973645898293978	0.6651278244491108
TCGA-2F-A9KP-01A-11D-A38G-08	C[T>A]A	0.5426837771731062	0.4542465495631757	0.0030696732637179834
TCGA-2F-A9KP-01A-11D-A38G-08	C[T>A]C	0.00615441536344763	0.10397339931605545	0.889872185320497
TCGA-2F-A9KP-01A-11D-A38G-08	C[T>A]G	0.04703314665005778	0.06733018263291515	0.885636670717027
TCGA-2F-A9KP-01A-11D-A38G-08	C[T>A]T	0.055589399445196384	0.2711104597698122	0.6733001407849915
TCGA-2F-A9KP-01A-11D-A38G-08	C[T>C]A	0.048467719107730976	0.02822848517763644	0.9233037957146325
TCGA-2F-A9KP-01A-11D-A38G-08	C[T>C]C	0.020798476539375974	0.09775305760388929	0.8814484658567348
TCGA-2F-A9KP-01A-11D-A38G-08	C[T>C]G	0.1016427392427001	0.06000134355891115	0.8383559171983888
TCGA-2F-A9KP-01A-11D-A38G-08	C[T>C]T	0.0065592439430830415	0.03312649204361086	0.9603142640133061
TCGA-2F-A9KP-01A-11D-A38G-08	C[T>G]A	0.01770914511021177	0.04051848359723766	0.9417723712925505
TCGA-2F-A9KP-01A-11D-A38G-08	C[T>G]C	0.05719767513562887	0.08197757784302495	0.8608247470213463
TCGA-2F-A9KP-01A-11D-A38G-08	C[T>G]G	0.07186889177173228	0.06056328429862794	0.8675678239296398
TCGA-2F-A9KP-01A-11D-A38G-08	C[T>G]T	0.023038436059228163	0.06254224950518547	0.9144193144355863
TCGA-2F-A9KP-01A-11D-A38G-08	G[C>A]A	0.08390167835635085	0.07171595298302814	0.844382368660621
TCGA-2F-A9KP-01A-11D-A38G-08	G[C>A]C	0.005582075502608761	0.1281720288493346	0.8662458956480567
TCGA-2F-A9KP-01A-11D-A38G-08	G[C>A]G	0.0006050739195929103	0.26701697743443153	0.7323779486459755
TCGA-2F-A9KP-01A-11D-A38G-08	G[C>A]T	0.00384599873211977	0.07342141748818387	0.9227325837796965
TCGA-2F-A9KP-01A-11D-A38G-08	G[C>G]A	0.19680233477749068	0.4640526520401621	0.3391450131823472
TCGA-2F-A9KP-01A-11D-A38G-08	G[C>G]C	0.027155528995876897	0.19284244333995842	0.7800020276641647
TCGA-2F-A9KP-01A-11D-A38G-08	G[C>G]G	0.0456125899378815	0.14231137156189652	0.812076038500222
TCGA-2F-A9KP-01A-11D-A38G-08	G[C>G]T	0.1612337237886786	0.46211827196754357	0.37664800424377776
TCGA-2F-A9KP-01A-11D-A38G-08	G[C>T]A	0.12228414528376977	0.07888362998661042	0.7988322247296199
TCGA-2F-A9KP-01A-11D-A38G-08	G[C>T]C	0.033809239658177885	0.032745799684305556	0.9334449606575167
TCGA-2F-A9KP-01A-11D-A38G-08	G[C>T]G	0.08049983434334342	0.15883735630838242	0.7606628093482741
TCGA-2F-A9KP-01A-11D-A38G-08	G[C>T]T	0.02155545459073349	0.02597898453348985	0.9524655608757766
TCGA-2F-A9KP-01A-11D-A38G-08	G[T>A]A	0.014246257700870926	0.13950600676645922	0.8462477355326699
TCGA-2F-A9KP-01A-11D-A38G-08	G[T>A]C	0.04011206452121797	0.24205795674523686	0.7178299787335451
TCGA-2F-A9KP-01A-11D-A38G-08	G[T>A]G	0.026786975566851272	0.12585259358559459	0.8473604308475542
TCGA-2F-A9KP-01A-11D-A38G-08	G[T>A]T	0.0009238023996747133	0.06094734349985089	0.9381288541004744
TCGA-2F-A9KP-01A-11D-A38G-08	G[T>C]A	0.08750422955032394	0.05080450290962499	0.8616912675400511
TCGA-2F-A9KP-01A-11D-A38G-08	G[T>C]C	0.07905289793247863	0.10985727235342549	0.8110898297140959
TCGA-2F-A9KP-01A-11D-A38G-08	G[T>C]G	0.0605327416606467	0.03857112563586883	0.9008961327034846
TCGA-2F-A9KP-01A-11D-A38G-08	G[T>C]T	0.034610186971606186	0.015304851484458502	0.9500849615439353
TCGA-2F-A9KP-01A-11D-A38G-08	G[T>G]A	0.001227207436073856	0.020012273854329524	0.9787605187095966
TCGA-2F-A9KP-01A-11D-A38G-08	G[T>G]C	0.1607502650435828	0.039371908201375226	0.7998778267550419
TCGA-2F-A9KP-01A-11D-A38G-08	G[T>G]G	0.044331183227199686	0.030720082481416534	0.9249487342913838
TCGA-2F-A9KP-01A-11D-A38G-08	G[T>G]T	0.055299284979848935	0.12632870425041604	0.818372010769735
TCGA-2F-A9KP-01A-11D-A38G-08	T[C>A]A	0.03954139993271142	0.6129466421501072	0.3475119579171814
TCGA-2F-A9KP-01A-11D-A38G-08	T[C>A]C	0.04622441726612657	0.500140931925792	0.45363465080808146
TCGA-2F-A9KP-01A-11D-A38G-08	T[C>A]G	0.03537764232394439	0.9248023008671328	0.03982005680892274
TCGA-2F-A9KP-01A-11D-A38G-08	T[C>A]T	0.015551574391651125	0.12020051079448445	0.8642479148138643
TCGA-2F-A9KP-01A-11D-A38G-08	T[C>G]A	0.04271648657175097	0.9572524123251565	3.1101103092641634e-05
TCGA-2F-A9KP-01A-11D-A38G-08	T[C>G]C	0.03907994381271044	0.9538656190110529	0.007054437176236684
TCGA-2F-A9KP-01A-11D-A38G-08	T[C>G]G	0.05586458361106693	0.9437332980115524	0.000402118377380679
TCGA-2F-A9KP-01A-11D-A38G-08	T[C>G]T	0.04323817022915484	0.956747542291217	1.428747962818147e-05
TCGA-2F-A9KP-01A-11D-A38G-08	T[C>T]A	0.9118560191854674	0.0866438878959862	0.0015000929185464622
TCGA-2F-A9KP-01A-11D-A38G-08	T[C>T]C	0.6981278138427561	0.14694409996787086	0.154928086189373
TCGA-2F-A9KP-01A-11D-A38G-08	T[C>T]G	0.8163410025323123	0.10041049047235975	0.08324850699532806
TCGA-2F-A9KP-01A-11D-A38G-08	T[C>T]T	0.85706016740494	0.06612436795679859	0.07681546463826144
TCGA-2F-A9KP-01A-11D-A38G-08	T[T>A]A	0.003244986416853082	0.04751414879267067	0.9492408647904763
TCGA-2F-A9KP-01A-11D-A38G-08	T[T>A]C	0.09050249436595706	0.12725556688082199	0.7822419387532209
TCGA-2F-A9KP-01A-11D-A38G-08	T[T>A]G	0.11257752799772576	0.14250348253178527	0.744918989470489
TCGA-2F-A9KP-01A-11D-A38G-08	T[T>A]T	0.10143404828532618	0.054500916036441166	0.8440650356782327
TCGA-2F-A9KP-01A-11D-A38G-08	T[T>C]A	0.06016114374831499	0.08517697735863157	0.8546618788930535
TCGA-2F-A9KP-01A-11D-A38G-08	T[T>C]C	0.014615979541930318	0.04950412370167878	0.9358798967563909
TCGA-2F-A9KP-01A-11D-A38G-08	T[T>C]G	0.07076261274081116	0.1462034042584097	0.7830339830007792
TCGA-2F-A9KP-01A-11D-A38G-08	T[T>C]T	0.026443228444872305	0.09964384997185192	0.8739129215832757
TCGA-2F-A9KP-01A-11D-A38G-08	T[T>G]A	0.010895946826904755	0.04633046199359669	0.9427735911794987
TCGA-2F-A9KP-01A-11D-A38G-08	T[T>G]C	0.08455552816422426	0.07128844022038387	0.8441560316153919
TCGA-2F-A9KP-01A-11D-A38G-08	T[T>G]G	0.00433022191108896	0.052323271906569956	0.9433465061823412
TCGA-2F-A9KP-01A-11D-A38G-08	T[T>G]T	0.0072718917367403935	0.04366164812395764	0.9490664601393018
TCGA-2F-A9KQ-01A-11D-A38G-08	A[C>A]A	0.0	0.0	1.0
TCGA-2F-A9KQ-01A-11D-A38G-08	A[C>A]C	0.0	0.0	1.0
TCGA-2F-A9KQ-01A-11D-A38G-08	A[C>A]G	0.0	0.0	1.0
TCGA-2F-A9KQ-01A-11D-A38G-08	A[C>A]T	0.0	0.0	1.0
TCGA-2F-A9KQ-01A-11D-A38G-08	A[C>G]A	0.0	0.0	1.0
TCGA-2F-A9KQ-01A-11D-A38G-08	A[C>G]C	0.0	0.0	1.0
TCGA-2F-A9KQ-01A-11D-A38G-08	A[C>G]G	0.0	0.0	1.0
TCGA-2F-A9KQ-01A-11D-A38G-08	A[C>G]T	0.0	0.0	1.0
TCGA-2F-A9KQ-01A-11D-A38G-08	A[C>T]A	0.0	0.0	1.0
TCGA-2F-A9KQ-01A-11D-A38G-08	A[C>T]C	0.0	0.0	1.0
TCGA-2F-A9KQ-01A-11D-A38G-08	A[C>T]G	0.0	0.0	1.0
TCGA-2F-A9KQ-01A-11D-A38G-08	A[C>T]T	0.0	0.0	1.0
TCGA-2F-A9KQ-01A-11D-A38G-08	A[T>A]A	0.0	0.0	1.0
TCGA-2F-A9KQ-01A-11D-A38G-08	A[T>A]C	0.0	0.0	1.0
TCGA-2F-A9KQ-01A-11D-A38G-08	A[T>A]G	0.0	0.0	1.0
TCGA-2F-A9KQ-01A-11D-A38G-08	A[T>A]T	0.0	0.0	1.0
TCGA-2F-A9KQ-01A-11D-A38G-08	A[T>C]A	0.0	0.0	1.0
TCGA-2F-A9KQ-01A-11D-A38G-08	A[T>C]C	0.0	0.0	1.0
TCGA-2F-A9KQ-01A-11D-A38G-08	A[T>C]G	0.0	0.0	1.0
TCGA-2F-A9KQ-01A-11D-A38G-08	A[T>C]T	0.0	0.0	1.0
TCGA-2F-A9KQ-01A-11D-A38G-08	A[T>G]A	0.0	0.0	1.0
TCGA-2F-A9KQ-01A-11D-A38G-08	A[T>G]C	0.0	0.0	1.0
TCGA-2F-A9KQ-01A-11D-A38G-08	A[T>G]G	0.0	0.0	1.0
TCGA-2F-A9KQ-01A-11D-A38G-08	A[T>G]T	0.0	0.0	1.0
TCGA-2F-A9KQ-01A-11D-A38G-08	C[C>A]A	0.0	0.0	1.0
TCGA-2F-A9KQ-01A-11D-A38G-08	C[C>A]C	0.0	0.0	1.0
TCGA-2F-A9KQ-01A-11D-A38G-08	C[C>A]G	0.0	0.0	1.0
TCGA-2F-A9KQ-01A-11D-A38G-08	C[C>A]T	0.0	0.0	1.0
TCGA-2F-A9KQ-01A-11D-A38G-08	C[C>G]A	0.0	0.0	1.0
TCGA-2F-A9KQ-01A-11D-A38G-08	C[C>G]C	0.0	0.0	1.0
TCGA-2F-A9KQ-01A-11D-A38G-08	C[C>G]G	0.0	0.0	1.0
TCGA-2F-A9KQ-01A-11D-A38G-08	C[C>G]T	0.0	0.0	1.0
TCGA-2F-A9KQ-01A-11D-A38G-08	C[C>T]A	0.0	0.0	1.0
TCGA-2F-A9KQ-01A-11D-A38G-08	C[C>T]C	0.0	0.0	1.0
TCGA-2F-A9KQ-01A-11D-A38G-08	C[C>T]G	0.0	0.0	1.0
TCGA-2F-A9KQ-01A-11D-A38G-08	C[C>T]T	0.0	0.0	1.0
TCGA-2F-A9KQ-01A-11D-A38G-08	C[T>A]A	0.0	0.0	1.0
TCGA-2F-A9KQ-01A-11D-A38G-08	C[T>A]C	0.0	0.0	1.0
TCGA-2F-A9KQ-01A-11D-A38G-08	C[T>A]G	0.0	0.0	1.0
TCGA-2F-A9KQ-01A-11D-A38G-08	C[T>A]T	0.0	0.0	1.0
TCGA-2F-A9KQ-01A-11D-A38G-08	C[T>C]A	0.0	0.0	1.0
TCGA-2F-A9KQ-01A-11D-A38G-08	C[T>C]C	0.0	0.0	1.0
TCGA-2F-A9KQ-01A-11D-A38G-08	C[T>C]G	0.0	0.0	1.0
TCGA-2F-A9KQ-01A-11D-A38G-08	C[T>C]T	0.0	0.0	1.0
TCGA-2F-A9KQ-01A-11D-A38G-08	C[T>G]A	0.0	0.0	1.0
TCGA-2F-A9KQ-01A-11D-A38G-08	C[T>G]C	0.0	0.0	1.0
TCGA-2F-A9KQ-01A-11D-A38G-08	C[T>G]G	0.0	0.0	1.0
TCGA-2F-A9KQ-01A-11D-A38G-08	C[T>G]T	0.0	0.0	1.0
TCGA-2F-A9KQ-01A-11D-A38G-08	G[C>A]A	0.0	0.0	1.0
TCGA-2F-A9KQ-01A-11D-A38G-08	G[C>A]C	0.0	0.0	1.0
TCGA-2F-A9KQ-01A-11D-A38G-08	G[C>A]G	0.0	0.0	1.0
TCGA-2F-A9KQ-01A-11D-A38G-08	G[C>A]T	0.0	0.0	1.0
TCGA-2F-A9KQ-01A-11D-A38G-08	G[C>G]A	0.0	0.0	1.0
TCGA-2F-A9KQ-01A-11D-A38G-08	G[C>G]C	0.0	0.0	1.0
TCGA-2F-A9KQ-01A-11D-A38G-08	G[C>G]G	0.0	0.0	1.0
TCGA-2F-A9KQ-01A-11D-A38G-08	G[C>G]T	0.0	0.0	1.0
TCGA-2F-A9KQ-01A-11D-A38G-08	G[C>T]A	0.0	0.0	1.0
TCGA-2F-A9KQ-01A-11D-A38G-08	G[C>T]C	0.0	0.0	1.0
TCGA-2F-A9KQ-01A-11D-A38G-08	G[C>T]G	0.0	0.0	1.0
TCGA-2F-A9KQ-01A-11D-A38G-08	G[C>T]T	0.0	0.0	1.0
TCGA-2F-A9KQ-01A-11D-A38G-08	G[T>A]A	0.0	0.0	1.0
TCGA-2F-A9KQ-01A-11D-A38G-08	G[T>A]C	0.0	0.0	1.0
TCGA-2F-A9KQ-01A-11D-A38G-08	G[T>A]G	0.0	0.0	1.0
TCGA-2F-A9KQ-01A-11D-A38G-08	G[T>A]T	0.0	0.0	1.0
TCGA-2F-A9KQ-01A-11D-A38G-08	G[T>C]A	0.0	0.0	1.0
TCGA-2F-A9KQ-01A-11D-A38G-08	G[T>C]C	0.0	0.0	1.0
TCGA-2F-A9KQ-01A-11D-A38G-08	G[T>C]G	0.0	0.0	1.0
TCGA-2F-A9KQ-01A-11D-A38G-08	G[T>C]T	0.0	0.0	1.0
TCGA-2F-A9KQ-01A-11D-A38G-08	G[T>G]A	0.0	0.0	1.0
TCGA-2F-A9KQ-01A-11D-A38G-08	G[T>G]C	0.0	0.0	1.0
TCGA-2F-A9KQ-01A-11D-A38G-08	G[T>G]G	0.0	0.0	1.0
TCGA-2F-A9KQ-01A-11D-A38G-08	G[T>G]T	0.0	0.0	1.0
TCGA-2F-A9KQ-01A-11D-A38G-08	T[C>A]A	0.0	0.0	1.0
TCGA-2F-A9KQ-01A-11D-A38G-08	T[C>A]C	0.0	0.0	1.0
TCGA-2F-A9KQ-01A-11D-A38G-08	T[C>A]G	0.0	0.0	1.0
TCGA-2F-A9KQ-01A-11D-A38G-08	T[C>A]T	0.0	0.0	1.0
TCGA-2F-A9KQ-01A-11D-A38G-08	T[C>G]A	0.0	0.0	1.0
TCGA-2F-A9KQ-01A-11D-A38G-08	T[C>G]C	0.0	0.0	1.0
TCGA-2F-A9KQ-01A-11D-A38G-08	T[C>G]G	0.0	0.0	1.0
TCGA-2F-A9KQ-01A-11D-A38G-08	T[C>G]T	0.0	0.0	1.0
TCGA-2F-A9KQ-01A-11D-A38G-08	T[C>T]A	0.0	0.0	1.0
TCGA-2F-A9KQ-01A-11D-A38G-08	T[C>T]C	0.0	0.0	1.0
TCGA-2F-A9KQ-01A-11D-A38G-08	T[C>T]G	0.0	0.0	1.0
TCGA-2F-A9KQ-01A-11D-A38G-08	T[C>T]T	0.0	0.0	1.0
TCGA-2F-A9KQ-01A-11D-A38G-08	T[T>A]A	0.0	0.0	1.0
TCGA-2F-A9KQ-01A-11D-A38G-08	T[T>A]C	0.0	0.0	1.0
TCGA-2F-A9KQ-01A-11D-A38G-08	T[T>A]G	0.0	0.0	1.0
TCGA-2F-A9KQ-01A-11D-A38G-08	T[T>A]T	0.0	0.0	1.0
TCGA-2F-A9KQ-01A-11D-A38G-08	T[T>C]A	0.0	0.0	1.0
TCGA-2F-A9KQ-01A-11D-A38G-08	T[T>C]C	0.0	0.0	1.0
TCGA-2F-A9KQ-01A-11D-A38G-08	T[T>C]G	0.0	0.0	1.0
TCGA-2F-A9KQ-01A-11D-A38G-08	T[T>C]T	0.0	0.0	1.0
TCGA-2F-A9KQ-01A-11D-A38G-08	T[T>G]A	0.0	0.0	1.0
TCGA-2F-A9KQ-01A-11D-A38G-08	T[T>G]C	0.0	0.0	1.0
TCGA-2F-A9KQ-01A-11D-A38G-08	T[T>G]G	0.0	0.0	1.0
TCGA-2F-A9KQ-01A-11D-A38G-08	T[T>G]T	0.0	0.0	1.0
TCGA-2F-A9KR-01A-11D-A38G-08	A[C>A]A	0.15825666801674948	0.8417433319832505	0.0
TCGA-2F-A9KR-01A-11D-A38G-08	A[C>A]C	0.13070502769269918	0.8692949723073009	0.0
TCGA-2F-A9KR-01A-11D-A38G-08	A[C>A]G	0.13976870396196167	0.8602312960380384	0.0
TCGA-2F-A9KR-01A-11D-A38G-08	A[C>A]T	0.0898647789719403	0.9101352210280597	0.0
TCGA-2F-A9KR-01A-11D-A38G-08	A[C>G]A	0.8655345574027389	0.13446544259726112	0.0
TCGA-2F-A9KR-01A-11D-A38G-08	A[C>G]C	0.17362568327301908	0.8263743167269809	0.0
TCGA-2F-A9KR-01A-11D-A38G-08	A[C>G]G	0.6076115511559601	0.39238844884403984	0.0
TCGA-2F-A9KR-01A-11D-A38G-08	A[C>G]T	0.5949883499756757	0.4050116500243242	0.0
TCGA-2F-A9KR-01A-11D-A38G-08	A[C>T]A	0.701444332094365	0.2985556679056351	0.0
TCGA-2F-A9KR-01A-11D-A38G-08	A[C>T]C	0.7594537911489616	0.2405462088510383	0.0
TCGA-2F-A9KR-01A-11D-A38G-08	A[C>T]G	0.31300776575507966	0.6869922342449203	0.0
TCGA-2F-A9KR-01A-11D-A38G-08	A[C>T]T	0.795801647446078	0.204198352553922	0.0
TCGA-2F-A9KR-01A-11D-A38G-08	A[T>A]A	0.4843690934522552	0.5156309065477448	0.0
TCGA-2F-A9KR-01A-11D-A38G-08	A[T>A]C	0.1961061624900727	0.8038938375099273	0.0
TCGA-2F-A9KR-01A-11D-A38G-08	A[T>A]G	0.20846803675354528	0.7915319632464547	0.0
TCGA-2F-A9KR-01A-11D-A38G-08	A[T>A]T	0.5569886135594807	0.44301138644051946	0.0
TCGA-2F-A9KR-01A-11D-A38G-08	A[T>C]A	0.35414208277686277	0.6458579172231372	0.0
TCGA-2F-A9KR-01A-11D-A38G-08	A[T>C]C	0.16761421261702028	0.8323857873829797	0.0
TCGA-2F-A9KR-01A-11D-A38G-08	A[T>C]G	0.512475176401082	0.4875248235989181	0.0
TCGA-2F-A9KR-01A-11D-A38G-08	A[T>C]T	0.44490842874466774	0.5550915712553322	0.0
TCGA-2F-A9KR-01A-11D-A38G-08	A[T>G]A	0.46653438535566244	0.5334656146443375	0.0
TCGA-2F-A9KR-01A-11D-A38G-08	A[T>G]C	0.7923387884858637	0.2076612115141363	0.0
TCGA-2F-A9KR-01A-11D-A38G-08	A[T>G]G	0.07314465405370273	0.9268553459462973	0.0
TCGA-2F-A9KR-01A-11D-A38G-08	A[T>G]T	0.48251929228014123	0.5174807077198587	0.0
TCGA-2F-A9KR-01A-11D-A38G-08	C[C>A]A	0.31579281212863547	0.6842071878713645	0.0
TCGA-2F-A9KR-01A-11D-A38G-08	C[C>A]C	0.4733197272221236	0.5266802727778764	0.0
TCGA-2F-A9KR-01A-11D-A38G-08	C[C>A]G	0.00010987071936099551	0.9998901292806389	0.0
TCGA-2F-A9KR-01A-11D-A38G-08	C[C>A]T	0.15211358136662914	0.8478864186333709	0.0
TCGA-2F-A9KR-01A-11D-A38G-08	C[C>G]A	0.13261318454562768	0.8673868154543724	0.0
TCGA-2F-A9KR-01A-11D-A38G-08	C[C>G]C	0.6982239621647222	0.3017760378352778	0.0
TCGA-2F-A9KR-01A-11D-A38G-08	C[C>G]G	0.3721263868420568	0.6278736131579432	0.0
TCGA-2F-A9KR-01A-11D-A38G-08	C[C>G]T	0.38279985607196776	0.6172001439280322	0.0
TCGA-2F-A9KR-01A-11D-A38G-08	C[C>T]A	0.9186303421112817	0.08136965788871839	0.0
TCGA-2F-A9KR-01A-11D-A38G-08	C[C>T]C	0.7075210900845093	0.2924789099154908	0.0
TCGA-2F-A9KR-01A-11D-A38G-08	C[C>T]G	0.564766483511489	0.4352335164885112	0.0
TCGA-2F-A9KR-01A-11D-A38G-08	C[C>T]T	0.5723997917307925	0.4276002082692075	0.0
TCGA-2F-A9KR-01A-11D-A38G-08	C[T>A]A	0.6764494727212582	0.3235505272787418	0.0
TCGA-2F-A9KR-01A-11D-A38G-08	C[T>A]C	0.09386340002070885	0.9061365999792911	0.0
TCGA-2F-A9KR-01A-11D-A38G-08	C[T>A]G	0.5500467964685439	0.44995320353145607	0.0
TCGA-2F-A9KR-01A-11D-A38G-08	C[T>A]T	0.2640705365822698	0.7359294634177302	0.0
TCGA-2F-A9KR-01A-11D-A38G-08	C[T>C]A	0.7502942424680298	0.2497057575319702	0.0
TCGA-2F-A9KR-01A-11D-A38G-08	C[T>C]C	0.2713173888198435	0.7286826111801564	0.0
TCGA-2F-A9KR-01A-11D-A38G-08	C[T>C]G	0.7477622419100439	0.2522377580899561	0.0
TCGA-2F-A9KR-01A-11D-A38G-08	C[T>C]T	0.25733961269835676	0.7426603873016432	0.0
TCGA-2F-A9KR-01A-11D-A38G-08	C[T>G]A	0.4333831077378139	0.5666168922621861	0.0
TCGA-2F-A9KR-01A-11D-A38G-08	C[T>G]C	0.5497556006663482	0.45024439933365173	0.0
TCGA-2F-A9KR-01A-11D-A38G-08	C[T>G]G	0.6749743218608315	0.3250256781391685	0.0
TCGA-2F-A9KR-01A-11D-A38G-08	C[T>G]T	0.391964360719578	0.608035639280422	0.0
TCGA-2F-A9KR-01A-11D-A38G-08	G[C>A]A	0.6718464517675001	0.3281535482324999	0.0
TCGA-2F-A9KR-01A-11D-A38G-08	G[C>A]C	0.07081764042771688	0.9291823595722832	0.0
TCGA-2F-A9KR-01A-11D-A38G-08	G[C>A]G	0.00394992436824472	0.9960500756317552	0.0
TCGA-2F-A9KR-01A-11D-A38G-08	G[C>A]T	0.0839717648491387	0.9160282351508613	0.0
TCGA-2F-A9KR-01A-11D-A38G-08	G[C>G]A	0.42600187457758626	0.5739981254224137	0.0
TCGA-2F-A9KR-01A-11D-A38G-08	G[C>G]C	0.19770869741201622	0.8022913025879839	0.0
TCGA-2F-A9KR-01A-11D-A38G-08	G[C>G]G	0.35934276867298065	0.6406572313270192	0.0
TCGA-2F-A9KR-01A-11D-A38G-08	G[C>G]T	0.3791046978765054	0.6208953021234945	0.0
TCGA-2F-A9KR-01A-11D-A38G-08	G[C>T]A	0.7306630980948589	0.26933690190514115	0.0
TCGA-2F-A9KR-01A-11D-A38G-08	G[C>T]C	0.6437264916648189	0.356273508335181	0.0
TCGA-2F-A9KR-01A-11D-A38G-08	G[C>T]G	0.4700334951095948	0.5299665048904051	0.0
TCGA-2F-A9KR-01A-11D-A38G-08	G[C>T]T	0.59217324262961	0.40782675737039	0.0
TCGA-2F-A9KR-01A-11D-A38G-08	G[T>A]A	0.15161403688513536	0.8483859631148647	0.0
TCGA-2F-A9KR-01A-11D-A38G-08	G[T>A]C	0.22480447729362368	0.7751955227063764	0.0
TCGA-2F-A9KR-01A-11D-A38G-08	G[T>A]G	0.27139038554662426	0.7286096144533757	0.0
TCGA-2F-A9KR-01A-11D-A38G-08	G[T>A]T	0.025840007973935954	0.974159992026064	0.0
TCGA-2F-A9KR-01A-11D-A38G-08	G[T>C]A	0.7508812688727452	0.2491187311272548	0.0
TCGA-2F-A9KR-01A-11D-A38G-08	G[T>C]C	0.557383797265391	0.44261620273460905	0.0
TCGA-2F-A9KR-01A-11D-A38G-08	G[T>C]G	0.733078118909356	0.2669218810906439	0.0
TCGA-2F-A9KR-01A-11D-A38G-08	G[T>C]T	0.7982824417199494	0.20171755828005047	0.0
TCGA-2F-A9KR-01A-11D-A38G-08	G[T>G]A	0.09691443940911824	0.9030855605908817	0.0
TCGA-2F-A9KR-01A-11D-A38G-08	G[T>G]C	0.8772255518246551	0.1227744481753449	0.0
TCGA-2F-A9KR-01A-11D-A38G-08	G[T>G]G	0.7163418201827471	0.28365817981725294	0.0
TCGA-2F-A9KR-01A-11D-A38G-08	G[T>G]T	0.43376371451125	0.56623628548875	0.0
TCGA-2F-A9KR-01A-11D-A38G-08	T[C>A]A	0.10144110414572519	0.8985588958542748	0.0
TCGA-2F-A9KR-01A-11D-A38G-08	T[C>A]C	0.1392221061987622	0.8607778938012378	0.0
TCGA-2F-A9KR-01A-11D-A38G-08	T[C>A]G	0.06274454992560691	0.937255450074393	0.0
TCGA-2F-A9KR-01A-11D-A38G-08	T[C>A]T	0.18461563459301267	0.8153843654069873	0.0
TCGA-2F-A9KR-01A-11D-A38G-08	T[C>G]A	0.07243546296264361	0.9275645370373564	0.0
TCGA-2F-A9KR-01A-11D-A38G-08	T[C>G]C	0.0669009854077678	0.9330990145922322	0.0
TCGA-2F-A9KR-01A-11D-A38G-08	T[C>G]G	0.0938678509993893	0.9061321490006107	0.0
TCGA-2F-A9KR-01A-11D-A38G-08	T[C>G]T	0.0732911147736786	0.9267088852263214	0.0
TCGA-2F-A9KR-01A-11D-A38G-08	T[C>T]A	0.9484995815836704	0.05150041841632956	0.0
TCGA-2F-A9KR-01A-11D-A38G-08	T[C>T]C	0.8926371302527777	0.10736286974722228	0.0
TCGA-2F-A9KR-01A-11D-A38G-08	T[C>T]G	0.934329617595324	0.06567038240467608	0.0
TCGA-2F-A9KR-01A-11D-A38G-08	T[C>T]T	0.9577744401110909	0.042225559888909074	0.0
TCGA-2F-A9KR-01A-11D-A38G-08	T[T>A]A	0.10675727204304658	0.8932427279569534	0.0
TCGA-2F-A9KR-01A-11D-A38G-08	T[T>A]C	0.5544817786104812	0.44551822138951874	0.0
TCGA-2F-A9KR-01A-11D-A38G-08	T[T>A]G	0.5802723397776358	0.41972766022236424	0.0
TCGA-2F-A9KR-01A-11D-A38G-08	T[T>A]T	0.7650928905778538	0.2349071094221463	0.0
TCGA-2F-A9KR-01A-11D-A38G-08	T[T>C]A	0.5527804578054479	0.4472195421945521	0.0
TCGA-2F-A9KR-01A-11D-A38G-08	T[T>C]C	0.3406666611672462	0.6593333388327538	0.0
TCGA-2F-A9KR-01A-11D-A38G-08	T[T>C]G	0.45858206270211715	0.5414179372978829	0.0
TCGA-2F-A9KR-01A-11D-A38G-08	T[T>C]T	0.31713136255051144	0.6828686374494886	0.0
TCGA-2F-A9KR-01A-11D-A38G-08	T[T>G]A	0.2915654817688035	0.7084345182311964	0.0
TCGA-2F-A9KR-01A-11D-A38G-08	T[T>G]C	0.6748689208026664	0.3251310791973337	0.0
TCGA-2F-A9KR-01A-11D-A38G-08	T[T>G]G	0.12650653697951125	0.8734934630204887	0.0
TCGA-2F-A9KR-01A-11D-A38G-08	T[T>G]T	0.2256851229152639	0.7743148770847361	0.0
TCGA-2F-A9KT-01A-11D-A38G-08	A[C>A]A	0.06197324105938079	0.7050340642686317	0.2329926946719874
TCGA-2F-A9KT-01A-11D-A38G-08	A[C>A]C	0.04326553390009309	0.6154675585436774	0.34126690755622946
TCGA-2F-A9KT-01A-11D-A38G-08	A[C>A]G	0.039229689804857824	0.516426356534845	0.444343953660297
TCGA-2F-A9KT-01A-11D-A38G-08	A[C>A]T	0.017037013342583736	0.369060952925052	0.6139020337323642
TCGA-2F-A9KT-01A-11D-A38G-08	A[C>G]A	0.7324050177363719	0.24336930892274672	0.02422567334088136
TCGA-2F-A9KT-01A-11D-A38G-08	A[C>G]C	0.061918557454305904	0.6303356894657094	0.30774575307998464
TCGA-2F-A9KT-01A-11D-A38G-08	A[C>G]G	0.26920648592466767	0.37184670373568873	0.35894681033964354
TCGA-2F-A9KT-01A-11D-A38G-08	A[C>G]T	0.3446408572490622	0.5017808002495575	0.15357834250138025
TCGA-2F-A9KT-01A-11D-A38G-08	A[C>T]A	0.38845291445091185	0.35363783138982413	0.257909254159264
TCGA-2F-A9KT-01A-11D-A38G-08	A[C>T]C	0.27541160145330257	0.18658108622483965	0.5380073123218577
TCGA-2F-A9KT-01A-11D-A38G-08	A[C>T]G	0.06507871061401442	0.3055089091085791	0.6294123802774065
TCGA-2F-A9KT-01A-11D-A38G-08	A[C>T]T	0.4465542992495412	0.24508114429314284	0.30836455645731603
TCGA-2F-A9KT-01A-11D-A38G-08	A[T>A]A	0.2303884303658892	0.524579611489822	0.2450319581442888
TCGA-2F-A9KT-01A-11D-A38G-08	A[T>A]C	0.033936474080395906	0.29755167594913945	0.6685118499704648
TCGA-2F-A9KT-01A-11D-A38G-08	A[T>A]G	0.07108380126427805	0.5772817777857875	0.3516344209499344
TCGA-2F-A9KT-01A-11D-A38G-08	A[T>A]T	0.2583492924767529	0.4395052555038059	0.3021454520194411
TCGA-2F-A9KT-01A-11D-A38G-08	A[T>C]A	0.04579661331168907	0.17864095749857875	0.7755624291897322
TCGA-2F-A9KT-01A-11D-A38G-08	A[T>C]C	0.03308524194383614	0.3514279945938877	0.6154867634622762
TCGA-2F-A9KT-01A-11D-A38G-08	A[T>C]G	0.10573280596323942	0.2151403557411754	0.6791268382955852
TCGA-2F-A9KT-01A-11D-A38G-08	A[T>C]T	0.1615866726865055	0.43120894576357793	0.4072043815499165
TCGA-2F-A9KT-01A-11D-A38G-08	A[T>G]A	0.0882996052163631	0.21595823003688405	0.6957421647467529
TCGA-2F-A9KT-01A-11D-A38G-08	A[T>G]C	0.4072699142727537	0.22830478816819932	0.36442529755904707
TCGA-2F-A9KT-01A-11D-A38G-08	A[T>G]G	0.02684605769945099	0.7276090843562729	0.2455448579442762
TCGA-2F-A9KT-01A-11D-A38G-08	A[T>G]T	0.1263961321976811	0.2899355641298814	0.5836683036724375
TCGA-2F-A9KT-01A-11D-A38G-08	C[C>A]A	0.09937531335256054	0.4605238504545792	0.4401008361928601
TCGA-2F-A9KT-01A-11D-A38G-08	C[C>A]C	0.10975575391789315	0.2612209279924894	0.6290233180896175
TCGA-2F-A9KT-01A-11D-A38G-08	C[C>A]G	2.4666987864457696e-05	0.4801474842361311	0.5198278487760045
TCGA-2F-A9KT-01A-11D-A38G-08	C[C>A]T	0.05039458520270704	0.6008164108953497	0.34878900390194345
TCGA-2F-A9KT-01A-11D-A38G-08	C[C>G]A	0.05611947864521025	0.7851053997977244	0.1587751215570655
TCGA-2F-A9KT-01A-11D-A38G-08	C[C>G]C	0.3961543769676111	0.3662205293657722	0.23762509366661672
TCGA-2F-A9KT-01A-11D-A38G-08	C[C>G]G	0.10684222346323691	0.38557858705830445	0.5075791894784586
TCGA-2F-A9KT-01A-11D-A38G-08	C[C>G]T	0.20590056855737146	0.7100681340260349	0.08403129741659367
TCGA-2F-A9KT-01A-11D-A38G-08	C[C>T]A	0.7281895332971401	0.13796037328153815	0.13385009342132184
TCGA-2F-A9KT-01A-11D-A38G-08	C[C>T]C	0.3361933376456339	0.29725727522462936	0.3665493871297368
TCGA-2F-A9KT-01A-11D-A38G-08	C[C>T]G	0.3160394695620025	0.5209343141069191	0.16302621633107825
TCGA-2F-A9KT-01A-11D-A38G-08	C[C>T]T	0.3051805474658695	0.4876222489887681	0.2071972035453624
TCGA-2F-A9KT-01A-11D-A38G-08	C[T>A]A	0.4940995734499142	0.5054863734709723	0.00041405307911356666
TCGA-2F-A9KT-01A-11D-A38G-08	C[T>A]C	0.02321843227161476	0.4794226053357757	0.4973589623926095
TCGA-2F-A9KT-01A-11D-A38G-08	C[T>A]G	0.18052800693556562	0.31586428336833755	0.5036077096960968
TCGA-2F-A9KT-01A-11D-A38G-08	C[T>A]T	0.11421819132079174	0.6808316641365464	0.20495014454266183
TCGA-2F-A9KT-01A-11D-A38G-08	C[T>C]A	0.22055348212864032	0.156999795083232	0.6224467227881277
TCGA-2F-A9KT-01A-11D-A38G-08	C[T>C]C	0.07678698623801718	0.4410995596089021	0.48211345415308066
TCGA-2F-A9KT-01A-11D-A38G-08	C[T>C]G	0.33973934696446734	0.24512106677140577	0.4151395862641269
TCGA-2F-A9KT-01A-11D-A38G-08	C[T>C]T	0.0346470735719745	0.21386435162231646	0.7514885748057091
TCGA-2F-A9KT-01A-11D-A38G-08	C[T>G]A	0.08565339500303795	0.23952472169150418	0.6748218833054579
TCGA-2F-A9KT-01A-11D-A38G-08	C[T>G]C	0.2007484790298479	0.35165690117195797	0.4475946197981941
TCGA-2F-A9KT-01A-11D-A38G-08	C[T>G]G	0.2618944979962443	0.26973979364238065	0.46836570836137503
TCGA-2F-A9KT-01A-11D-A38G-08	C[T>G]T	0.09805739092884093	0.32535015122294303	0.576592457848216
TCGA-2F-A9KT-01A-11D-A38G-08	G[C>A]A	0.28283225735389933	0.2954773809140332	0.4216903617320674
TCGA-2F-A9KT-01A-11D-A38G-08	G[C>A]C	0.019210809980169056	0.539129882749253	0.4416593072705778
TCGA-2F-A9KT-01A-11D-A38G-08	G[C>A]G	0.0013895064606019776	0.7494474523298165	0.2491630412095815
TCGA-2F-A9KT-01A-11D-A38G-08	G[C>A]T	0.01670108161978365	0.389680256365202	0.5936186620150145
TCGA-2F-A9KT-01A-11D-A38G-08	G[C>G]A	0.24170613745927053	0.6965862001817517	0.061707662358977906
TCGA-2F-A9KT-01A-11D-A38G-08	G[C>G]C	0.07176262181485146	0.6228634268874924	0.3053739512976562
TCGA-2F-A9KT-01A-11D-A38G-08	G[C>G]G	0.13421141140083542	0.5117931759117524	0.3539954126874122
TCGA-2F-A9KT-01A-11D-A38G-08	G[C>G]T	0.20622220016389345	0.7224085011216113	0.07136929871449536
TCGA-2F-A9KT-01A-11D-A38G-08	G[C>T]A	0.3628146868771312	0.2860564665608133	0.35112884656205556
TCGA-2F-A9KT-01A-11D-A38G-08	G[C>T]C	0.15938730675233506	0.18867923414136623	0.6519334591062987
TCGA-2F-A9KT-01A-11D-A38G-08	G[C>T]G	0.20783527923143885	0.5012185183985562	0.2909462023700049
TCGA-2F-A9KT-01A-11D-A38G-08	G[C>T]T	0.11087423662487442	0.16332241892377247	0.7258033444513532
TCGA-2F-A9KT-01A-11D-A38G-08	G[T>A]A	0.04593734926946276	0.5498044096005963	0.4042582411299409
TCGA-2F-A9KT-01A-11D-A38G-08	G[T>A]C	0.09068852148821531	0.6688778972132849	0.24043358129849976
TCGA-2F-A9KT-01A-11D-A38G-08	G[T>A]G	0.08749862031365888	0.5024465507943262	0.41005482889201494
TCGA-2F-A9KT-01A-11D-A38G-08	G[T>A]T	0.004308839086322171	0.34744506397248837	0.6482460969411894
TCGA-2F-A9KT-01A-11D-A38G-08	G[T>C]A	0.3156073957390198	0.2239600255930857	0.4604325786678946
TCGA-2F-A9KT-01A-11D-A38G-08	G[T>C]C	0.2370512950559664	0.4026275836976406	0.36032112124639293
TCGA-2F-A9KT-01A-11D-A38G-08	G[T>C]G	0.2510260003868664	0.1954973392449151	0.5534766603682185
TCGA-2F-A9KT-01A-11D-A38G-08	G[T>C]T	0.17833918736822468	0.09638781452299008	0.7252729981087852
TCGA-2F-A9KT-01A-11D-A38G-08	G[T>G]A	0.007189760937063867	0.14329897533505687	0.8495112637278793
TCGA-2F-A9KT-01A-11D-A38G-08	G[T>G]C	0.49103256146747676	0.14699251953620443	0.3619749189963189
TCGA-2F-A9KT-01A-11D-A38G-08	G[T>G]G	0.20251112881921549	0.1715189559991873	0.6259699151815972
TCGA-2F-A9KT-01A-11D-A38G-08	G[T>G]T	0.1670969430148198	0.4665532360912877	0.3663498208938926
TCGA-2F-A9KT-01A-11D-A38G-08	T[C>A]A	0.04706291724019235	0.8916607475647029	0.061276335195104836
TCGA-2F-A9KT-01A-11D-A38G-08	T[C>A]C	0.06378307396372486	0.8434834693201203	0.0927334567161549
TCGA-2F-A9KT-01A-11D-A38G-08	T[C>A]G	0.030196243704688864	0.9647684935501484	0.00503526274516274
TCGA-2F-A9KT-01A-11D-A38G-08	T[C>A]T	0.053533811914755654	0.5057201935789152	0.4407459945063291
TCGA-2F-A9KT-01A-11D-A38G-08	T[C>G]A	0.03522439032178168	0.9647718102348107	3.799443407573248e-06
TCGA-2F-A9KT-01A-11D-A38G-08	T[C>G]C	0.03240565011887836	0.9667277364704762	0.0008666134106455137
TCGA-2F-A9KT-01A-11D-A38G-08	T[C>G]G	0.04619290047929138	0.9537578401550106	4.925936569802001e-05
TCGA-2F-A9KT-01A-11D-A38G-08	T[C>G]T	0.03565745298541729	0.9643408014542564	1.745560326364118e-06
TCGA-2F-A9KT-01A-11D-A38G-08	T[C>T]A	0.8957536467354775	0.10402804171923656	0.0002183115452859513
TCGA-2F-A9KT-01A-11D-A38G-08	T[C>T]C	0.7751132498209565	0.199403395243774	0.02548335493526948
TCGA-2F-A9KT-01A-11D-A38G-08	T[C>T]G	0.8580435966787681	0.12899325694928807	0.012963146371943858
TCGA-2F-A9KT-01A-11D-A38G-08	T[C>T]T	0.902872925408153	0.08513870267650961	0.01198837191533728
TCGA-2F-A9KT-01A-11D-A38G-08	T[T>A]A	0.016068575906050386	0.287566064914206	0.6963653591797436
TCGA-2F-A9KT-01A-11D-A38G-08	T[T>A]C	0.2500588566543563	0.4297428480109885	0.32019829533465527
TCGA-2F-A9KT-01A-11D-A38G-08	T[T>A]G	0.2834943203074322	0.43859967737934025	0.2779060023132275
TCGA-2F-A9KT-01A-11D-A38G-08	T[T>A]T	0.34608150061931653	0.22727339738316665	0.4266451019975168
TCGA-2F-A9KT-01A-11D-A38G-08	T[T>C]A	0.20682254292107755	0.357893811960838	0.43528364511808443
TCGA-2F-A9KT-01A-11D-A38G-08	T[T>C]C	0.06837248838969932	0.2830381732889378	0.6485893383213629
TCGA-2F-A9KT-01A-11D-A38G-08	T[T>C]G	0.19362578066364858	0.48895285091039914	0.3174213684259522
TCGA-2F-A9KT-01A-11D-A38G-08	T[T>C]T	0.09522271766507501	0.4385577298165738	0.4662195525183513
TCGA-2F-A9KT-01A-11D-A38G-08	T[T>G]A	0.05258858836260509	0.27330233653243674	0.6741090751049582
TCGA-2F-A9KT-01A-11D-A38G-08	T[T>G]C	0.2849424392242613	0.2936191785510671	0.4214383822246715
TCGA-2F-A9KT-01A-11D-A38G-08	T[T>G]G	0.020814779467088644	0.3074020292475731	0.6717831912853383
TCGA-2F-A9KT-01A-11D-A38G-08	T[T>G]T	0.0361356764251426	0.26517897352117586	0.6986853500536815
TCGA-2F-A9KW-01A-11D-A38G-08	A[C>A]A	0.0	1.0	0.0
TCGA-2F-A9KW-01A-11D-A38G-08	A[C>A]C	0.0	1.0	0.0
TCGA-2F-A9KW-01A-11D-A38G-08	A[C>A]G	0.0	1.0	0.0
TCGA-2F-A9KW-01A-11D-A38G-08	A[C>A]T	0.0	1.0	0.0
TCGA-2F-A9KW-01A-11D-A38G-08	A[C>G]A	0.0	1.0	0.0
TCGA-2F-A9KW-01A-11D-A38G-08	A[C>G]C	0.0	1.0	0.0
TCGA-2F-A9KW-01A-11D-A38G-08	A[C>G]G	0.0	1.0	0.0
TCGA-2F-A9KW-01A-11D-A38G-08	A[C>G]T	0.0	1.0	0.0
TCGA-2F-A9KW-01A-11D-A38G-08	A[C>T]A	0.0	1.0	0.0
TCGA-2F-A9KW-01A-11D-A38G-08	A[C>T]C	0.0	1.0	0.0
TCGA-2F-A9KW-01A-11D-A38G-08	A[C>T]G	0.0	1.0	0.0
TCGA-2F-A9KW-01A-11D-A38G-08	A[C>T]T	0.0	1.0	0.0
TCGA-2F-A9KW-01A-11D-A38G-08	A[T>A]A	0.0	1.0	0.0
TCGA-2F-A9KW-01A-11D-A38G-08	A[T>A]C	0.0	1.0	0.0
TCGA-2F-A9KW-01A-11D-A38G-08	A[T>A]G	0.0	1.0	0.0
TCGA-2F-A9KW-01A-11D-A38G-08	A[T>A]T	0.0	1.0	0.0
TCGA-2F-A9KW-01A-11D-A38G-08	A[T>C]A	0.0	1.0	0.0
TCGA-2F-A9KW-01A-11D-A38G-08	A[T>C]C	0.0	1.0	0.0
TCGA-2F-A9KW-01A-11D-A38G-08	A[T>C]G	0.0	1.0	0.0
TCGA-2F-A9KW-01A-11D-A38G-08	A[T>C]T	0.0	1.0	0.0
TCGA-2F-A9KW-01A-11D-A38G-08	A[T>G]A	0.0	1.0	0.0
TCGA-2F-A9KW-01A-11D-A38G-08	A[T>G]C	0.0	1.0	0.0
TCGA-2F-A9KW-01A-11D-A38G-08	A[T>G]G	0.0	1.0	0.0
TCGA-2F-A9KW-01A-11D-A38G-08	A[T>G]T	0.0	1.0	0.0
TCGA-2F-A9KW-01A-11D-A38G-08	C[C>A]A	0.0	1.0	0.0
TCGA-2F-A9KW-01A-11D-A38G-08	C[C>A]C	0.0	1.0	0.0
TCGA-2F-A9KW-01A-11D-A38G-08	C[C>A]G	0.0	1.0	0.0
TCGA-2F-A9KW-01A-11D-A38G-08	C[C>A]T	0.0	1.0	0.0
TCGA-2F-A9KW-01A-11D-A38G-08	C[C>G]A	0.0	1.0	0.0
TCGA-2F-A9KW-01A-11D-A38G-08	C[C>G]C	0.0	1.0	0.0
TCGA-2F-A9KW-01A-11D-A38G-08	C[C>G]G	0.0	1.0	0.0
TCGA-2F-A9KW-01A-11D-A38G-08	C[C>G]T	0.0	1.0	0.0
