Chr	Start	End	Mutation	Size	Middle	Start_C	End_C	Mutations_C
chr1	145845583	145848365	145847270	2782	145846974	-1391	1391	296
chr1	153771364	153774208	153772667	2844	153772786	-1422	1422	-119
chr1	181088035	181090557	181088914	2522	181089296	-1261	1261	-382
chr1	153662647	153663921	153662780	1274	153663284	-637	637	-504
chr1	11053065	11060620	11056717	7555	11056842	-3777	3778	-125
chr1	151050238	151052318	151050674	2080	151051278	-1040	1040	-604
chr1	153618818	153620573	153618854	1755	153619695	-877	878	-841
chr1	32202502	32207732	32207474	5230	32205117	-2615	2615	2357
chr1	3476538	3483859	3480454	7321	3480198	-3660	3661	256
chr1	9722296	9727529	9727085	5233	9724912	-2616	2617	2173
chr1	109236669	109240530	109237770	3861	109238599	-1930	1931	-829
chr1	151398646	151402348	151400643	3702	151400497	-1851	1851	146
chr1	155266297	155267644	155266853	1347	155266970	-673	674	-117
chr1	161121454	161124393	161124279	2939	161122923	-1469	1470	1356
chr1	161173127	161176094	161173837	2967	161174610	-1483	1484	-773
chr1	214332725	214334587	214334031	1862	214333656	-931	931	375
chr1	226068609	226072173	226071473	3564	226070391	-1782	1782	1082
chr1	154925015	154928076	154926408	3061	154926545	-1530	1531	-137
chr1	214332725	214334587	214333953	1862	214333656	-931	931	297
chr1	1635239	1642737	1638532	7498	1638988	-3749	3749	-456
chr1	109062892	109064738	109064634	1846	109063815	-923	923	819
chr1	161230707	161232686	161230980	1979	161231696	-989	990	-716
chr1	11847599	11853093	11847627	5494	11850346	-2747	2747	-2719
chr1	109236669	109240530	109237802	3861	109238599	-1930	1931	-797
chr1	153987648	153993163	153992859	5515	153990405	-2757	2758	2454
chr1	11669859	11675057	11673766	5198	11672458	-2599	2599	1308
chr1	161121454	161124393	161122110	2939	161122923	-1469	1470	-813
chr1	92831277	92832587	92832079	1310	92831932	-655	655	147
chr1	153951063	153956383	153951374	5320	153953723	-2660	2660	-2349
chr1	161155682	161163352	161158123	7670	161159517	-3835	3835	-1394
chr1	26779388	26781241	26779863	1853	26780314	-926	927	-451
chr1	179086885	179094678	179094136	7793	179090781	-3896	3897	3355
chr1	161230707	161232686	161230829	1979	161231696	-989	990	-867
chr1	149903360	149905347	149903993	1987	149904353	-993	994	-360
chr1	44634433	44636469	44635693	2036	44635451	-1018	1018	242
chr1	43991119	43992537	43992137	1418	43991828	-709	709	309
chr1	112695108	112698864	112698081	3756	112696986	-1878	1878	1095
chr1	150963764	150965163	150964252	1399	150964463	-699	700	-211
chr1	145845583	145848365	145847587	2782	145846974	-1391	1391	613
chr1	85580671	85583428	85583095	2757	85582049	-1378	1379	1046
chr1	37481025	37484310	37483802	3285	37482667	-1642	1643	1135
chr1	154957990	154962939	154958907	4949	154960464	-2474	2475	-1557
chr1	23801151	23802547	23802404	1396	23801849	-698	698	555
chr1	156290990	156293471	156293366	2481	156292230	-1240	1241	1136
chr1	147622009	147626007	147625525	3998	147624008	-1999	1999	1517
chr1	36455455	36456492	36456312	1037	36455973	-518	519	339
chr1	42743398	42749281	42747258	5883	42746339	-2941	2942	919
chr1	180270012	180273708	180271869	3696	180271860	-1848	1848	9
chr1	36341245	36344725	36341817	3480	36342985	-1740	1740	-1168
chr1	161212057	161216693	161214164	4636	161214375	-2318	2318	-211
chr1	149886886	149889648	149887265	2762	149888267	-1381	1381	-1002
chr1	160998900	161001224	160999977	2324	161000062	-1162	1162	-85
chr1	150965269	150969017	150968442	3748	150967143	-1874	1874	1299
chr1	153972617	153977782	153974817	5165	153975199	-2582	2583	-382
chr1	42816044	42817506	42816441	1462	42816775	-731	731	-334
chr1	154550069	154556304	154552445	6235	154553186	-3117	3118	-741
chr1	202009453	202015827	202015368	6374	202012640	-3187	3187	2728
chr1	1532379	1537640	1533987	5261	1535009	-2630	2631	-1022
chr1	6583468	6589608	6585882	6140	6586538	-3070	3070	-656
chr1	37481025	37484310	37483603	3285	37482667	-1642	1643	936
chr1	46188177	46190504	46189991	2327	46189340	-1163	1164	651
chr1	85580671	85583428	85582466	2757	85582049	-1378	1379	417
chr1	114713576	114714496	114713920	920	114714036	-460	460	-116
chr1	149899854	149902672	149900052	2818	149901263	-1409	1409	-1211
chr1	150994454	150995245	150994635	791	150994849	-395	396	-214
chr1	155135584	155138430	155137693	2846	155137007	-1423	1423	686
chr1	156730411	156736365	156733414	5954	156733388	-2977	2977	26
chr1	156804501	156807235	156807214	2734	156805868	-1367	1367	1346
chr1	156937683	156942123	156938455	4440	156939903	-2220	2220	-1448
chr1	161114984	161121140	161118016	6156	161118062	-3078	3078	-46
chr1	31433438	31437448	31434185	4010	31435443	-2005	2005	-1258
chr1	1915137	1918067	1916828	2930	1916602	-1465	1465	226
chr1	147622009	147626007	147624078	3998	147624008	-1999	1999	70
chr1	58575507	58578070	58576516	2563	58576788	-1281	1282	-272
chr1	8354824	8361599	8356115	6775	8358211	-3387	3388	-2096
chr1	44776008	44781385	44777615	5377	44778696	-2688	2689	-1081
chr1	147170461	147173383	147172039	2922	147171922	-1461	1461	117
chr1	147622009	147626007	147624877	3998	147624008	-1999	1999	869
chr1	150806278	150808039	150806710	1761	150807158	-880	881	-448
chr1	153660205	153662626	153662399	2421	153661415	-1210	1211	984
chr1	153972617	153977782	153973257	5165	153975199	-2582	2583	-1942
chr1	154205320	154207175	154205607	1855	154206247	-927	928	-640
chr1	154957990	154962939	154959512	4949	154960464	-2474	2475	-952
chr1	154990293	154995153	154993642	4860	154992723	-2430	2430	919
chr1	155182105	155186992	155183813	4887	155184548	-2443	2444	-735
chr1	204128958	204132439	204132042	3481	204130698	-1740	1741	1344
chr1	1635239	1642737	1636957	7498	1638988	-3749	3749	-2031
chr1	150281278	150286016	150283554	4738	150283647	-2369	2369	-93
chr1	155287790	155295192	155287948	7402	155291491	-3701	3701	-3543
chr1	151263884	151267448	151263929	3564	151265666	-1782	1782	-1737
chr1	228156444	228161317	228159387	4873	228158880	-2436	2437	507
chr1	45565962	45569792	45568563	3830	45567877	-1915	1915	686
chr1	112699838	112704154	112703675	4316	112701996	-2158	2158	1679
chr1	181088035	181090557	181088945	2522	181089296	-1261	1261	-351
chr1	32767962	32774402	32772872	6440	32771182	-3220	3220	1690
chr1	161173127	161176094	161173632	2967	161174610	-1483	1484	-978
chr1	37477910	37480523	37480420	2613	37479216	-1306	1307	1204
chr1	156172283	156178465	156176616	6182	156175374	-3091	3091	1242
chr1	6463969	6471224	6470561	7255	6467596	-3627	3628	2965
chr1	16393045	16399658	16395878	6613	16396351	-3306	3307	-473
chr1	26182702	26187437	26187188	4735	26185069	-2367	2368	2119
chr1	150958356	150963712	150960675	5356	150961034	-2678	2678	-359
chr1	156290990	156293471	156293074	2481	156292230	-1240	1241	844
chr1	153660205	153662626	153662545	2421	153661415	-1210	1211	1130
chr1	15938907	15940021	15939322	1114	15939464	-557	557	-142
chr1	44217008	44222829	44219188	5821	44219918	-2910	2911	-730
chr1	149886886	149889648	149887475	2762	149888267	-1381	1381	-792
chr1	26853009	26858472	26853845	5463	26855740	-2731	2732	-1895
chr1	153660205	153662626	153661255	2421	153661415	-1210	1211	-160
chr1	153660205	153662626	153662324	2421	153661415	-1210	1211	909
chr1	182598739	182602667	182600369	3928	182600703	-1964	1964	-334
chr1	155316281	155318924	155318278	2643	155317602	-1321	1322	676
chr1	45507958	45509395	45508918	1437	45508676	-718	719	242
chr1	151398646	151402348	151400649	3702	151400497	-1851	1851	152
chr1	22118960	22123510	22120234	4550	22121235	-2275	2275	-1001
chr1	15931832	15937568	15937302	5736	15934700	-2868	2868	2602
chr1	150965269	150969017	150966604	3748	150967143	-1874	1874	-539
chr1	42849144	42852262	42851737	3118	42850703	-1559	1559	1034
chr1	43975882	43977538	43976304	1656	43976710	-828	828	-406
chr1	147622009	147626007	147625087	3998	147624008	-1999	1999	1079
chr1	151404031	151405712	151405417	1681	151404871	-840	841	546
chr1	114570179	114573859	114570731	3680	114572019	-1840	1840	-1288
chr1	145845583	145848365	145846633	2782	145846974	-1391	1391	-341
chr1	154267602	154273307	154268785	5705	154270454	-2852	2853	-1669
chr1	156929492	156933388	156932549	3896	156931440	-1948	1948	1109
chr1	27849031	27850920	27850215	1889	27849975	-944	945	240
chr1	154350293	154353924	154351193	3631	154352108	-1815	1816	-915
chr1	161097517	161099932	161098646	2415	161098724	-1207	1208	-78
chr1	161169074	161171462	161169695	2388	161170268	-1194	1194	-573
chr1	36318477	36324682	36319897	6205	36321579	-3102	3103	-1682
chr1	202878042	202885602	202881174	7560	202881822	-3780	3780	-648
chr1	149903360	149905347	149905059	1987	149904353	-993	994	706
chr1	145845583	145848365	145846069	2782	145846974	-1391	1391	-905
chr1	155263029	155264030	155263318	1001	155263529	-500	501	-211
chr1	44217008	44222829	44221539	5821	44219918	-2910	2911	1621
chr1	205598502	205599770	205599208	1268	205599136	-634	634	72
chr1	247299776	247301255	247301091	1479	247300515	-739	740	576
chr1	6218152	6220871	6219246	2719	6219511	-1359	1360	-265
chr1	3780434	3783270	3781140	2836	3781852	-1418	1418	-712
chr1	26468716	26469811	26469326	1095	26469263	-547	548	63
chr1	1915137	1918067	1916819	2930	1916602	-1465	1465	217
chr1	45617194	45623000	45621953	5806	45620097	-2903	2903	1856
chr1	153771364	153774208	153773762	2844	153772786	-1422	1422	976
chr1	162365114	162367962	162367868	2848	162366538	-1424	1424	1330
chr1	204121640	204124898	204124640	3258	204123269	-1629	1629	1371
chr1	150263349	150270167	150266105	6818	150266758	-3409	3409	-653
chr1	150263349	150270167	150268047	6818	150266758	-3409	3409	1289
chr1	12007696	12013475	12011546	5779	12010585	-2889	2890	961
chr1	12027707	12031947	12029101	4240	12029827	-2120	2120	-726
chr1	32767962	32774402	32771338	6440	32771182	-3220	3220	156
chr1	33321856	33324631	33323806	2775	33323243	-1387	1388	563
chr1	156290990	156293471	156292926	2481	156292230	-1240	1241	696
chr1	46034800	46037804	46034937	3004	46036302	-1502	1502	-1365
chr1	153662647	153663921	153663030	1274	153663284	-637	637	-254
chr1	40837314	40840664	40837708	3350	40838989	-1675	1675	-1281
chr1	963535	968263	964004	4728	965899	-2364	2364	-1895
chr1	161173127	161176094	161175132	2967	161174610	-1483	1484	522
chr1	26779388	26781241	26779863	1853	26780314	-926	927	-451
chr1	32767962	32774402	32772909	6440	32771182	-3220	3220	1727
chr1	42816044	42817506	42816492	1462	42816775	-731	731	-283
chr1	149886886	149889648	149887046	2762	149888267	-1381	1381	-1221
chr1	155263029	155264030	155263227	1001	155263529	-500	501	-302
chr1	43995728	43999052	43997618	3324	43997390	-1662	1662	228
chr1	145838264	145841785	145840953	3521	145840024	-1760	1761	929
chr1	149886886	149889648	149887316	2762	149888267	-1381	1381	-951
chr1	45002551	45008655	45004879	6104	45005603	-3052	3052	-724
chr1	151170822	151175655	151170920	4833	151173238	-2416	2417	-2318
chr1	27965231	27967452	27966935	2221	27966341	-1110	1111	594
chr1	30932953	30935482	30933212	2529	30934217	-1264	1265	-1005
chr1	150958356	150963712	150963013	5356	150961034	-2678	2678	1979
chr1	155258652	155262911	155262143	4259	155260781	-2129	2130	1362
chr1	155910293	155913049	155910768	2756	155911671	-1378	1378	-903
chr1	225842442	225850428	225848915	7986	225846435	-3993	3993	2480
chr1	108698729	108700025	108699260	1296	108699377	-648	648	-117
chr1	175014629	175015734	175014752	1105	175015181	-552	553	-429
chr1	231335731	231337193	231336323	1462	231336462	-731	731	-139
chr1	27098865	27104977	27101259	6112	27101921	-3056	3056	-662
chr1	43995728	43999052	43996173	3324	43997390	-1662	1662	-1217
chr1	156740046	156745779	156742576	5733	156742912	-2866	2867	-336
chr1	155129000	155131746	155131361	2746	155130373	-1373	1373	988
chr1	11532269	11535771	11534386	3502	11534020	-1751	1751	366
chr1	151398646	151402348	151399711	3702	151400497	-1851	1851	-786
chr1	42926888	42928496	42927698	1608	42927692	-804	804	6
chr1	179095452	179096989	179095666	1537	179096220	-768	769	-554
chr1	154964996	154967213	154966053	2217	154966104	-1108	1109	-51
chr1	147622009	147626007	147622432	3998	147624008	-1999	1999	-1576
chr1	151170822	151175655	151171457	4833	151173238	-2416	2417	-1781
chr1	27403227	27407478	27405668	4251	27405352	-2125	2126	316
chr1	39561879	39563128	39562383	1249	39562503	-624	625	-120
chr1	36318477	36324682	36320719	6205	36321579	-3102	3103	-860
chr1	45617194	45623000	45622814	5806	45620097	-2903	2903	2717
chr1	51788248	51793467	51789641	5219	51790857	-2609	2610	-1216
chr1	67684293	67689096	67687841	4803	67686694	-2401	2402	1147
chr1	109506641	109510014	109507542	3373	109508327	-1686	1687	-785
chr1	150263349	150270167	150268720	6818	150266758	-3409	3409	1962
chr1	206583457	206588575	206586739	5118	206586016	-2559	2559	723
chr1	206583457	206588575	206586912	5118	206586016	-2559	2559	896
chr1	151263884	151267448	151266518	3564	151265666	-1782	1782	852
chr1	26779388	26781241	26779645	1853	26780314	-926	927	-669
chr1	22118960	22123510	22120460	4550	22121235	-2275	2275	-775
chr1	26889215	26895939	26893404	6724	26892577	-3362	3362	827
chr1	156737293	156739225	156738361	1932	156738259	-966	966	102
chr1	23084750	23085698	23085361	948	23085224	-474	474	137
chr1	156730411	156736365	156734385	5954	156733388	-2977	2977	997
chr1	153775045	153776516	153775375	1471	153775780	-735	736	-405
chr1	45565962	45569792	45567957	3830	45567877	-1915	1915	80
chr1	153932478	153937928	153932959	5450	153935203	-2725	2725	-2244
chr1	155015279	155019083	155016348	3804	155017181	-1902	1902	-833
chr1	155656988	155660432	155659787	3444	155658710	-1722	1722	1077
chr1	112699838	112704154	112701698	4316	112701996	-2158	2158	-298
chr1	156050621	156055890	156054935	5269	156053255	-2634	2635	1680
chr1	8354824	8361599	8355053	6775	8358211	-3387	3388	-3158
chr1	37564877	37566486	37565042	1609	37565681	-804	805	-639
chr1	109271659	109273949	109272937	2290	109272804	-1145	1145	133
chr1	151170822	151175655	151174830	4833	151173238	-2416	2417	1592
chr1	43446678	43454364	43447947	7686	43450521	-3843	3843	-2574
chr1	26468716	26469811	26468962	1095	26469263	-547	548	-301
chr1	150263349	150270167	150266092	6818	150266758	-3409	3409	-666
chr1	161169074	161171462	161170444	2388	161170268	-1194	1194	176
chr1	29148472	29149940	29148880	1468	29149206	-734	734	-326
chr1	32892842	32898619	32893601	5777	32895730	-2888	2889	-2129
chr1	149926901	149928413	149927847	1512	149927657	-756	756	190
chr1	6094063	6100872	6097434	6809	6097467	-3404	3405	-33
chr1	15931832	15937568	15937461	5736	15934700	-2868	2868	2761
chr1	151760202	151763951	151763073	3749	151762076	-1874	1875	997
chr1	205598502	205599770	205599134	1268	205599136	-634	634	-2
chr1	151404031	151405712	151404640	1681	151404871	-840	841	-231
chr1	155015279	155019083	155018599	3804	155017181	-1902	1902	1418
chr1	1544767	1546221	1544993	1454	1545494	-727	727	-501
chr1	32767962	32774402	32773120	6440	32771182	-3220	3220	1938
chr1	186306282	186309312	186308766	3030	186307797	-1515	1515	969
chr1	226983256	226987161	226986479	3905	226985208	-1952	1953	1271
chr1	39561879	39563128	39562082	1249	39562503	-624	625	-421
chr1	43446678	43454364	43451332	7686	43450521	-3843	3843	811
chr1	186306282	186309312	186308113	3030	186307797	-1515	1515	316
chr1	204133228	204135356	204134574	2128	204134292	-1064	1064	282
chr1	42743398	42749281	42748304	5883	42746339	-2941	2942	1965
chr1	200407901	200411046	200408787	3145	200409473	-1572	1573	-686
chr1	206583457	206588575	206586678	5118	206586016	-2559	2559	662
chr1	43362511	43368474	43363133	5963	43365492	-2981	2982	-2359
chr1	150263349	150270167	150266043	6818	150266758	-3409	3409	-715
chr1	153775045	153776516	153775320	1471	153775780	-735	736	-460
chr1	150963764	150965163	150964048	1399	150964463	-699	700	-415
chr1	1054391	1061712	1055442	7321	1058051	-3660	3661	-2609
chr1	45341885	45343973	45342530	2088	45342929	-1044	1044	-399
chr1	220150861	220152725	220151735	1864	220151793	-932	932	-58
chr1	44634433	44636469	44635274	2036	44635451	-1018	1018	-177
chr1	151170822	151175655	151174492	4833	151173238	-2416	2417	1254
chr1	3488653	3493713	3490581	5060	3491183	-2530	2530	-602
chr1	112699838	112704154	112700226	4316	112701996	-2158	2158	-1770
chr1	155129000	155131746	155131400	2746	155130373	-1373	1373	1027
chr1	236545972	236548039	236548009	2067	236547005	-1033	1034	1004
chr1	64834844	64838247	64836148	3403	64836545	-1701	1702	-397
chr1	181088035	181090557	181089816	2522	181089296	-1261	1261	520
chr1	225842442	225850428	225845166	7986	225846435	-3993	3993	-1269
chr1	9730426	9732155	9731127	1729	9731290	-864	865	-163
chr1	1635239	1642737	1637884	7498	1638988	-3749	3749	-1104
chr1	228374689	228378764	228378660	4075	228376726	-2037	2038	1934
chr1	77941576	77944071	77942949	2495	77942823	-1247	1248	126
chr1	155043623	155049605	155048102	5982	155046614	-2991	2991	1488
chr1	112695108	112698864	112696758	3756	112696986	-1878	1878	-228
chr1	154964996	154967213	154965639	2217	154966104	-1108	1109	-465
chr1	43934167	43937911	43936688	3744	43936039	-1872	1872	649
chr1	151700935	151708597	151702656	7662	151704766	-3831	3831	-2110
chr1	181088035	181090557	181089838	2522	181089296	-1261	1261	542
chr1	85580671	85583428	85582140	2757	85582049	-1378	1379	91
chr1	43386394	43389005	43386600	2611	43387699	-1305	1306	-1099
chr1	46360605	46363482	46362306	2877	46362043	-1438	1439	263
chr1	151404031	151405712	151405658	1681	151404871	-840	841	787
chr1	151042476	151049117	151046113	6641	151045796	-3320	3321	317
chr1	19255468	19258083	19257972	2615	19256775	-1307	1308	1197
chr1	9722296	9727529	9726939	5233	9724912	-2616	2617	2027
chr1	42743398	42749281	42747409	5883	42746339	-2941	2942	1070
chr1	77941576	77944071	77942884	2495	77942823	-1247	1248	61
chr1	112699838	112704154	112700263	4316	112701996	-2158	2158	-1733
chr1	151760202	151763951	151762836	3749	151762076	-1874	1875	760
chr1	153932478	153937928	153932921	5450	153935203	-2725	2725	-2282
chr1	155910293	155913049	155910801	2756	155911671	-1378	1378	-870
chr1	156720957	156723598	156723290	2641	156722277	-1320	1321	1013
chr1	161121454	161124393	161123184	2939	161122923	-1469	1470	261
chr1	229656586	229660219	229659326	3633	229658402	-1816	1817	924
chr1	231335731	231337193	231336641	1462	231336462	-731	731	179
chr1	26779388	26781241	26780325	1853	26780314	-926	927	11
chr1	149922555	149924928	149923867	2373	149923741	-1186	1187	126
chr1	161037575	161039474	161038626	1899	161038524	-949	950	102
chr1	43386394	43389005	43386588	2611	43387699	-1305	1306	-1111
chr1	182885434	182888937	182887372	3503	182887185	-1751	1752	187
chr1	1385742	1390941	1387308	5199	1388341	-2599	2600	-1033
chr1	28580825	28583729	28580876	2904	28582277	-1452	1452	-1401
chr1	39004107	39005596	39004145	1489	39004851	-744	745	-706
chr1	155287790	155295192	155288471	7402	155291491	-3701	3701	-3020
chr1	159914459	159920601	159918967	6142	159917530	-3071	3071	1437
chr1	160212880	160214597	160213578	1717	160213738	-858	859	-160
chr1	247299776	247301255	247301041	1479	247300515	-739	740	526
chr1	109271659	109273949	109272335	2290	109272804	-1145	1145	-469
chr1	1254620	1258777	1255246	4157	1256698	-2078	2079	-1452
chr1	150958356	150963712	150960598	5356	150961034	-2678	2678	-436
chr1	155263029	155264030	155263978	1001	155263529	-500	501	449
chr1	161173127	161176094	161173828	2967	161174610	-1483	1484	-782
chr1	9730426	9732155	9730558	1729	9731290	-864	865	-732
chr1	45344391	45348608	45344938	4217	45346499	-2108	2109	-1561
chr1	85580671	85583428	85582550	2757	85582049	-1378	1379	501
chr1	150997427	150999757	150997680	2330	150998592	-1165	1165	-912
chr1	151263884	151267448	151266559	3564	151265666	-1782	1782	893
chr1	154990293	154995153	154993959	4860	154992723	-2430	2430	1236
chr1	150994454	150995245	150994603	791	150994849	-395	396	-246
chr1	151175675	151178927	151176917	3252	151177301	-1626	1626	-384
chr1	153644489	153649461	153645124	4972	153646975	-2486	2486	-1851
chr1	161114984	161121140	161119186	6156	161118062	-3078	3078	1124
chr1	26779388	26781241	26779732	1853	26780314	-926	927	-582
chr1	40071605	40072678	40072341	1073	40072141	-536	537	200
chr1	42849144	42852262	42851085	3118	42850703	-1559	1559	382
chr1	44217008	44222829	44220558	5821	44219918	-2910	2911	640
chr1	147622009	147626007	147623861	3998	147624008	-1999	1999	-147
chr1	149886886	149889648	149887097	2762	149888267	-1381	1381	-1170
chr1	149886886	149889648	149887749	2762	149888267	-1381	1381	-518
chr1	173486835	173488183	173487888	1348	173487509	-674	674	379
chr1	182598739	182602667	182600287	3928	182600703	-1964	1964	-416
chr1	206732860	206739146	206733818	6286	206736003	-3143	3143	-2185
chr1	11787002	11792722	11792352	5720	11789862	-2860	2860	2490
chr1	36092903	36094963	36093481	2060	36093933	-1030	1030	-452
chr1	77941576	77944071	77942573	2495	77942823	-1247	1248	-250
chr1	153972617	153977782	153972784	5165	153975199	-2582	2583	-2415
chr1	156740046	156745779	156744187	5733	156742912	-2866	2867	1275
chr1	161212057	161216693	161213712	4636	161214375	-2318	2318	-663
chr1	228156444	228161317	228157825	4873	228158880	-2436	2437	-1055
chr1	1054391	1061712	1055374	7321	1058051	-3660	3661	-2677
chr1	1054391	1061712	1055376	7321	1058051	-3660	3661	-2675
chr1	11787002	11792722	11788615	5720	11789862	-2860	2860	-1247
chr1	51788248	51793467	51790962	5219	51790857	-2609	2610	105
chr1	150965269	150969017	150966597	3748	150967143	-1874	1874	-546
chr1	228392126	228399671	228394823	7545	228395898	-3772	3773	-1075
chr1	26779388	26781241	26779872	1853	26780314	-926	927	-442
chr1	153640966	153644403	153643504	3437	153642684	-1718	1719	820
chr1	43975882	43977538	43976634	1656	43976710	-828	828	-76
chr1	93551826	93553941	93552408	2115	93552883	-1057	1058	-475
chr1	156172283	156178465	156176453	6182	156175374	-3091	3091	1079
chr1	151404031	151405712	151404917	1681	151404871	-840	841	46
chr1	26779388	26781241	26781026	1853	26780314	-926	927	712
chr1	43991119	43992537	43992225	1418	43991828	-709	709	397
chr1	155336680	155338615	155337568	1935	155337647	-967	968	-79
chr1	161169074	161171462	161170495	2388	161170268	-1194	1194	227
chr1	149886886	149889648	149887584	2762	149888267	-1381	1381	-683
chr1	32202502	32207732	32203925	5230	32205117	-2615	2615	-1192
chr1	53211036	53214421	53211182	3385	53212728	-1692	1693	-1546
chr1	1348458	1355319	1354445	6861	1351888	-3430	3431	2557
chr1	153662647	153663921	153663050	1274	153663284	-637	637	-234
chr1	109490617	109492495	109491164	1878	109491556	-939	939	-392
chr1	43362511	43368474	43363058	5963	43365492	-2981	2982	-2434
chr1	11787002	11792722	11790692	5720	11789862	-2860	2860	830
chr1	36318477	36324682	36319741	6205	36321579	-3102	3103	-1838
chr1	156929492	156933388	156932516	3896	156931440	-1948	1948	1076
chr1	153972617	153977782	153973244	5165	153975199	-2582	2583	-1955
chr1	150958356	150963712	150962604	5356	150961034	-2678	2678	1570
chr1	43975882	43977538	43977242	1656	43976710	-828	828	532
chr1	220150861	220152725	220151227	1864	220151793	-932	932	-566
chr1	151404031	151405712	151405154	1681	151404871	-840	841	283
chr1	26779388	26781241	26779739	1853	26780314	-926	927	-575
chr1	155287790	155295192	155291782	7402	155291491	-3701	3701	291
chr1	21212514	21220370	21220009	7856	21216442	-3928	3928	3567
chr1	26861549	26865396	26863246	3847	26863472	-1923	1924	-226
chr1	43995728	43999052	43995828	3324	43997390	-1662	1662	-1562
chr1	109493684	109496694	109496394	3010	109495189	-1505	1505	1205
chr1	3476538	3483859	3479535	7321	3480198	-3660	3661	-663
chr1	226068609	226072173	226071375	3564	226070391	-1782	1782	984
chr1	154990293	154995153	154990329	4860	154992723	-2430	2430	-2394
chr1	109098047	109103174	109100466	5127	109100610	-2563	2564	-144
chr1	159914459	159920601	159918701	6142	159917530	-3071	3071	1171
chr1	155287790	155295192	155293212	7402	155291491	-3701	3701	1721
chr1	11669859	11675057	11674660	5198	11672458	-2599	2599	2202
chr1	1254620	1258777	1255342	4157	1256698	-2078	2079	-1356
chr1	151042476	151049117	151048729	6641	151045796	-3320	3321	2933
chr1	155258652	155262911	155260487	4259	155260781	-2129	2130	-294
chr1	156172283	156178465	156176578	6182	156175374	-3091	3091	1204
chr1	179095452	179096989	179095656	1537	179096220	-768	769	-564
chr1	159914459	159920601	159919335	6142	159917530	-3071	3071	1805
chr1	206583457	206588575	206586942	5118	206586016	-2559	2559	926
chr1	153972617	153977782	153974637	5165	153975199	-2582	2583	-562
chr1	32202502	32207732	32207279	5230	32205117	-2615	2615	2162
chr1	151042476	151049117	151048711	6641	151045796	-3320	3321	2915
chr1	160998900	161001224	161000737	2324	161000062	-1162	1162	675
chr1	40837314	40840664	40837684	3350	40838989	-1675	1675	-1305
chr1	51788248	51793467	51792044	5219	51790857	-2609	2610	1187
chr1	46031948	46034532	46032636	2584	46033240	-1292	1292	-604
chr1	52687835	52688642	52688073	807	52688238	-403	404	-165
chr1	15574143	15579410	15574944	5267	15576776	-2633	2634	-1832
chr1	42849144	42852262	42849474	3118	42850703	-1559	1559	-1229
chr1	155258652	155262911	155258931	4259	155260781	-2129	2130	-1850
chr1	26779388	26781241	26780007	1853	26780314	-926	927	-307
chr1	151538666	151545989	151540355	7323	151542327	-3661	3662	-1972
chr1	149903360	149905347	149904948	1987	149904353	-993	994	595
chr1	161169074	161171462	161170442	2388	161170268	-1194	1194	174
chr1	6635174	6638504	6637273	3330	6636839	-1665	1665	434
chr1	26861549	26865396	26863230	3847	26863472	-1923	1924	-242
chr1	26861549	26865396	26863581	3847	26863472	-1923	1924	109
chr1	36136361	36137913	36137904	1552	36137137	-776	776	767
chr1	36455455	36456492	36455779	1037	36455973	-518	519	-194
chr1	37805349	37809614	37806902	4265	37807481	-2132	2133	-579
chr1	43934167	43937911	43935602	3744	43936039	-1872	1872	-437
chr1	45565962	45569792	45568482	3830	45567877	-1915	1915	605
chr1	149926901	149928413	149927840	1512	149927657	-756	756	183
chr1	150958356	150963712	150963001	5356	150961034	-2678	2678	1967
chr1	150965269	150969017	150968175	3748	150967143	-1874	1874	1032
chr1	151034134	151037655	151034295	3521	151035894	-1760	1761	-1599
chr1	155251269	155253682	155253554	2413	155252475	-1206	1207	1079
chr1	155319387	155320229	155319905	842	155319808	-421	421	97
chr1	156720957	156723598	156723324	2641	156722277	-1320	1321	1047
chr1	156929492	156933388	156932633	3896	156931440	-1948	1948	1193
chr1	161097517	161099932	161099669	2415	161098724	-1207	1208	945
chr1	181088035	181090557	181089808	2522	181089296	-1261	1261	512
chr1	206901378	206903066	206901553	1688	206902222	-844	844	-669
chr1	26779388	26781241	26780065	1853	26780314	-926	927	-249
chr1	37481025	37484310	37481742	3285	37482667	-1642	1643	-925
chr1	31630676	31632967	31630750	2291	31631821	-1145	1146	-1071
chr1	225842442	225850428	225847139	7986	225846435	-3993	3993	704
chr1	200407901	200411046	200408596	3145	200409473	-1572	1573	-877
chr1	149886886	149889648	149887226	2762	149888267	-1381	1381	-1041
chr1	156737293	156739225	156738733	1932	156738259	-966	966	474
chr1	6635174	6638504	6635213	3330	6636839	-1665	1665	-1626
chr1	45341885	45343973	45343750	2088	45342929	-1044	1044	821
chr1	45344391	45348608	45344454	4217	45346499	-2108	2109	-2045
chr1	156172283	156178465	156176926	6182	156175374	-3091	3091	1552
chr1	16393045	16399658	16395103	6613	16396351	-3306	3307	-1248
chr1	1635239	1642737	1636374	7498	1638988	-3749	3749	-2614
chr1	15574143	15579410	15574784	5267	15576776	-2633	2634	-1992
chr1	26889215	26895939	26892705	6724	26892577	-3362	3362	128
chr1	40837314	40840664	40838357	3350	40838989	-1675	1675	-632
chr1	42849144	42852262	42851885	3118	42850703	-1559	1559	1182
chr1	51788248	51793467	51792064	5219	51790857	-2609	2610	1207
chr1	109506641	109510014	109507830	3373	109508327	-1686	1687	-497
chr1	112699838	112704154	112703698	4316	112701996	-2158	2158	1702
chr1	145845583	145848365	145847629	2782	145846974	-1391	1391	655
chr1	150963764	150965163	150964547	1399	150964463	-699	700	84
chr1	151042476	151049117	151046089	6641	151045796	-3320	3321	293
chr1	151170822	151175655	151174776	4833	151173238	-2416	2417	1538
chr1	151404031	151405712	151405340	1681	151404871	-840	841	469
chr1	153640966	153644403	153643138	3437	153642684	-1718	1719	454
chr1	153928238	153930241	153930225	2003	153929239	-1001	1002	986
chr1	154550069	154556304	154552450	6235	154553186	-3117	3118	-736
chr1	161121454	161124393	161123125	2939	161122923	-1469	1470	202
chr1	161155682	161163352	161163061	7670	161159517	-3835	3835	3544
chr1	161169074	161171462	161169660	2388	161170268	-1194	1194	-608
chr1	161173127	161176094	161175966	2967	161174610	-1483	1484	1356
chr1	161212057	161216693	161214188	4636	161214375	-2318	2318	-187
chr1	180264808	180266531	180266528	1723	180265669	-861	862	859
chr1	204133228	204135356	204134569	2128	204134292	-1064	1064	277
chr1	206904674	206908008	206904892	3334	206906341	-1667	1667	-1449
chr1	161121454	161124393	161124151	2939	161122923	-1469	1470	1228
chr1	161155682	161163352	161162623	7670	161159517	-3835	3835	3106
chr1	37481025	37484310	37483268	3285	37482667	-1642	1643	601
chr1	151034134	151037655	151037523	3521	151035894	-1760	1761	1629
chr1	153771364	153774208	153772674	2844	153772786	-1422	1422	-112
chr1	109506641	109510014	109507883	3373	109508327	-1686	1687	-444
chr1	64834844	64838247	64835497	3403	64836545	-1701	1702	-1048
chr1	155135584	155138430	155136931	2846	155137007	-1423	1423	-76
chr1	11669859	11675057	11672003	5198	11672458	-2599	2599	-455
chr1	109236669	109240530	109237924	3861	109238599	-1930	1931	-675
chr1	43975882	43977538	43976100	1656	43976710	-828	828	-610
chr1	151398646	151402348	151400862	3702	151400497	-1851	1851	365
chr1	26470760	26473631	26473504	2871	26472195	-1435	1436	1309
chr1	150965269	150969017	150967423	3748	150967143	-1874	1874	280
chr1	45507958	45509395	45508876	1437	45508676	-718	719	200
chr1	156172283	156178465	156176810	6182	156175374	-3091	3091	1436
chr1	19336557	19343499	19339724	6942	19340028	-3471	3471	-304
chr1	150263349	150270167	150264851	6818	150266758	-3409	3409	-1907
chr1	150281278	150286016	150283329	4738	150283647	-2369	2369	-318
chr1	226983256	226987161	226986569	3905	226985208	-1952	1953	1361
chr1	149899854	149902672	149900393	2818	149901263	-1409	1409	-870
chr1	27098865	27104977	27102690	6112	27101921	-3056	3056	769
chr1	147622009	147626007	147624290	3998	147624008	-1999	1999	282
chr1	150352777	150354604	150352978	1827	150353690	-913	914	-712
chr1	155258652	155262911	155262115	4259	155260781	-2129	2130	1334
chr1	43614371	43620204	43620184	5833	43617287	-2916	2917	2897
chr1	160998900	161001224	161000183	2324	161000062	-1162	1162	121
chr1	150965269	150969017	150968416	3748	150967143	-1874	1874	1273
chr1	32100261	32104545	32102486	4284	32102403	-2142	2142	83
chr1	37954333	37961731	37958216	7398	37958032	-3699	3699	184
chr1	112699838	112704154	112702599	4316	112701996	-2158	2158	603
chr1	155182105	155186992	155182132	4887	155184548	-2443	2444	-2416
chr1	225842442	225850428	225844529	7986	225846435	-3993	3993	-1906
chr1	247299776	247301255	247301200	1479	247300515	-739	740	685
chr1	36087282	36090966	36087974	3684	36089124	-1842	1842	-1150
chr1	963535	968263	966556	4728	965899	-2364	2364	657
chr1	150263349	150270167	150268720	6818	150266758	-3409	3409	1962
chr1	202965290	202968233	202965456	2943	202966761	-1471	1472	-1305
chr1	31433438	31437448	31434349	4010	31435443	-2005	2005	-1094
chr1	37481025	37484310	37482540	3285	37482667	-1642	1643	-127
chr1	156069611	156073584	156073226	3973	156071597	-1986	1987	1629
chr1	161114984	161121140	161118053	6156	161118062	-3078	3078	-9
chr1	156010655	156011406	156010949	751	156011030	-375	376	-81
chr1	228392126	228399671	228395130	7545	228395898	-3772	3773	-768
chr1	30932953	30935482	30933187	2529	30934217	-1264	1265	-1030
chr1	46188177	46190504	46188803	2327	46189340	-1163	1164	-537
chr1	58575507	58578070	58576516	2563	58576788	-1281	1282	-272
chr1	42926888	42928496	42927701	1608	42927692	-804	804	9
chr1	153987648	153993163	153991226	5515	153990405	-2757	2758	821
chr1	155258652	155262911	155260520	4259	155260781	-2129	2130	-261
chr1	200407901	200411046	200408388	3145	200409473	-1572	1573	-1085
chr1	151404031	151405712	151405109	1681	151404871	-840	841	238
chr1	151760202	151763951	151762451	3749	151762076	-1874	1875	375
chr1	151263884	151267448	151265522	3564	151265666	-1782	1782	-144
chr1	151263884	151267448	151267308	3564	151265666	-1782	1782	1642
chr1	3780434	3783270	3781267	2836	3781852	-1418	1418	-585
chr1	156069611	156073584	156069747	3973	156071597	-1986	1987	-1850
chr1	45002551	45008655	45003925	6104	45005603	-3052	3052	-1678
chr1	1635239	1642737	1637474	7498	1638988	-3749	3749	-1514
chr1	31366713	31369611	31367444	2898	31368162	-1449	1449	-718
chr1	45617194	45623000	45622606	5806	45620097	-2903	2903	2509
chr1	162365114	162367962	162367369	2848	162366538	-1424	1424	831
chr1	6094063	6100872	6098600	6809	6097467	-3404	3405	1133
chr1	21212514	21220370	21219978	7856	21216442	-3928	3928	3536
chr1	151760202	151763951	151763399	3749	151762076	-1874	1875	1323
chr1	200407901	200411046	200408924	3145	200409473	-1572	1573	-549
chr1	26879037	26880845	26879657	1808	26879941	-904	904	-284
chr1	45340452	45341797	45341536	1345	45341124	-672	673	412
chr1	114570179	114573859	114570708	3680	114572019	-1840	1840	-1311
chr1	151398646	151402348	151401509	3702	151400497	-1851	1851	1012
chr1	155914983	155917155	155916663	2172	155916069	-1086	1086	594
chr1	156063891	156068501	156068292	4610	156066196	-2305	2305	2096
chr1	27965231	27967452	27966603	2221	27966341	-1110	1111	262
chr1	156063891	156068501	156068393	4610	156066196	-2305	2305	2197
chr1	161121454	161124393	161121830	2939	161122923	-1469	1470	-1093
chr1	145845583	145848365	145846039	2782	145846974	-1391	1391	-935
chr1	151760202	151763951	151762382	3749	151762076	-1874	1875	306
chr1	156929492	156933388	156932005	3896	156931440	-1948	1948	565
chr1	154925015	154928076	154925161	3061	154926545	-1530	1531	-1384
chr1	37805349	37809614	37809109	4265	37807481	-2132	2133	1628
chr1	160212880	160214597	160213258	1717	160213738	-858	859	-480
chr1	155135584	155138430	155137999	2846	155137007	-1423	1423	992
chr1	182598739	182602667	182600396	3928	182600703	-1964	1964	-307
chr1	10633649	10638161	10637243	4512	10635905	-2256	2256	1338
chr1	159914459	159920601	159919019	6142	159917530	-3071	3071	1489
chr1	43991119	43992537	43992213	1418	43991828	-709	709	385
chr1	149886886	149889648	149887261	2762	149888267	-1381	1381	-1006
chr1	154267602	154273307	154272677	5705	154270454	-2852	2853	2223
chr1	154550069	154556304	154551807	6235	154553186	-3117	3118	-1379
chr1	228374689	228378764	228377157	4075	228376726	-2037	2038	431
chr1	43446678	43454364	43447037	7686	43450521	-3843	3843	-3484
chr1	202003943	202005525	202004445	1582	202004734	-791	791	-289
chr1	150281278	150286016	150283549	4738	150283647	-2369	2369	-98
chr1	150352777	150354604	150352968	1827	150353690	-913	914	-722
chr1	45002551	45008655	45004909	6104	45005603	-3052	3052	-694
chr1	45617194	45623000	45622793	5806	45620097	-2903	2903	2696
chr1	26274456	26277298	26277147	2842	26275877	-1421	1421	1270
chr1	150965269	150969017	150965793	3748	150967143	-1874	1874	-1350
chr1	150965269	150969017	150965794	3748	150967143	-1874	1874	-1349
chr1	185297919	185298701	185298616	782	185298310	-391	391	306
chr1	39563140	39565012	39564533	1872	39564076	-936	936	457
chr1	151175675	151178927	151178084	3252	151177301	-1626	1626	783
chr1	150263349	150270167	150268061	6818	150266758	-3409	3409	1303
chr1	6457814	6463312	6462072	5498	6460563	-2749	2749	1509
chr1	149886886	149889648	149887004	2762	149888267	-1381	1381	-1263
chr1	6619076	6621798	6621494	2722	6620437	-1361	1361	1057
chr1	28575091	28579511	28577606	4420	28577301	-2210	2210	305
chr1	23081109	23082746	23082347	1637	23081927	-818	819	420
chr1	110020650	110021624	110020808	974	110021137	-487	487	-329
chr1	1635239	1642737	1637812	7498	1638988	-3749	3749	-1176
chr1	26779388	26781241	26779517	1853	26780314	-926	927	-797
chr1	26889215	26895939	26891047	6724	26892577	-3362	3362	-1530
chr1	32892842	32898619	32898128	5777	32895730	-2888	2889	2398
chr1	37481025	37484310	37483522	3285	37482667	-1642	1643	855
chr1	37954333	37961731	37957896	7398	37958032	-3699	3699	-136
chr1	46188177	46190504	46188846	2327	46189340	-1163	1164	-494
chr1	150965269	150969017	150967176	3748	150967143	-1874	1874	33
chr1	151406103	151407085	151406630	982	151406594	-491	491	36
chr1	154990293	154995153	154992746	4860	154992723	-2430	2430	23
chr1	154990293	154995153	154993659	4860	154992723	-2430	2430	936
chr1	156069611	156073584	156070366	3973	156071597	-1986	1987	-1231
chr1	185297919	185298701	185298556	782	185298310	-391	391	246
chr1	43446678	43454364	43451622	7686	43450521	-3843	3843	1101
chr1	42926888	42928496	42927170	1608	42927692	-804	804	-522
chr1	114715912	114720053	114719652	4141	114717982	-2070	2071	1670
chr1	151406103	151407085	151406297	982	151406594	-491	491	-297
chr1	155319387	155320229	155319905	842	155319808	-421	421	97
chr1	160212880	160214597	160213448	1717	160213738	-858	859	-290
chr1	180270012	180273708	180271494	3696	180271860	-1848	1848	-366
chr2	61188274	61189901	61189055	1627	61189087	-813	814	-32
chr2	20446206	20449414	20447368	3208	20447810	-1604	1604	-442
chr2	74455676	74463041	74458494	7365	74459358	-3682	3683	-864
chr2	3573921	3577932	3577807	4011	3575926	-2005	2006	1881
chr2	85342915	85344880	85343637	1965	85343897	-982	983	-260
chr2	219232985	219237766	219233867	4781	219235375	-2390	2391	-1508
chr2	219232985	219237766	219236643	4781	219235375	-2390	2391	1268
chr2	43224041	43228188	43226311	4147	43226114	-2073	2074	197
chr2	96269085	96272848	96271120	3763	96270966	-1881	1882	154
chr2	206158618	206161366	206159979	2748	206159992	-1374	1374	-13
chr2	27326247	27330333	27327185	4086	27328290	-2043	2043	-1105
chr2	62221947	62223744	62223385	1797	62222845	-898	899	540
chr2	218274375	218277927	218277661	3552	218276151	-1776	1776	1510
chr2	117829512	117830979	117830790	1467	117830245	-733	734	545
chr2	74470318	74473144	74472691	2826	74471731	-1413	1413	960
chr2	96018500	96022325	96021958	3825	96020412	-1912	1913	1546
chr2	219165702	219171061	219168223	5359	219168381	-2679	2680	-158
chr2	241228090	241230283	241228533	2193	241229186	-1096	1097	-653
chr2	241223790	241228069	241227445	4279	241225929	-2139	2140	1516
chr2	96276021	96282791	96276663	6770	96279406	-3385	3385	-2743
chr2	74559786	74562184	74560289	2398	74560985	-1199	1199	-696
chr2	108786116	108787294	108786763	1178	108786705	-589	589	58
chr2	202033536	202035574	202035314	2038	202034555	-1019	1019	759
chr2	27441100	27445824	27443253	4724	27443462	-2362	2362	-209
chr2	27653173	27655215	27653689	2042	27654194	-1021	1021	-505
chr2	74455676	74463041	74461781	7365	74459358	-3682	3683	2423
chr2	74470318	74473144	74472591	2826	74471731	-1413	1413	860
chr2	96276021	96282791	96277551	6770	96279406	-3385	3385	-1855
chr2	97647674	97648428	97648053	754	97648051	-377	377	2
chr2	101004627	101006806	101005979	2179	101005716	-1089	1090	263
chr2	219284396	219289683	219284940	5287	219287039	-2643	2644	-2099
chr2	237553467	237555508	237553651	2041	237554487	-1020	1021	-836
chr2	238096683	238101037	238096850	4354	238098860	-2177	2177	-2010
chr2	27326247	27330333	27329482	4086	27328290	-2043	2043	1192
chr2	99402692	99405167	99402771	2475	99403929	-1237	1238	-1158
chr2	219246512	219249251	219247119	2739	219247881	-1369	1370	-762
chr2	231455868	231456466	231456461	598	231456167	-299	299	294
chr2	241228090	241230283	241229420	2193	241229186	-1096	1097	234
chr2	27441100	27445824	27441838	4724	27443462	-2362	2362	-1624
chr2	202033536	202035574	202034915	2038	202034555	-1019	1019	360
chr2	219165702	219171061	219168235	5359	219168381	-2679	2680	-146
chr2	74470318	74473144	74472241	2826	74471731	-1413	1413	510
chr2	95414586	95416610	95415511	2024	95415598	-1012	1012	-87
chr2	27215021	27218605	27217419	3584	27216813	-1792	1792	606
chr2	241352456	241356928	241353906	4472	241354692	-2236	2236	-786
chr2	72891130	72893233	72891516	2103	72892181	-1051	1052	-665
chr2	20446206	20449414	20448392	3208	20447810	-1604	1604	582
chr2	219549870	219552079	219550310	2209	219550974	-1104	1105	-664
chr2	62221947	62223744	62223620	1797	62222845	-898	899	775
chr2	74523191	74527879	74527875	4688	74525535	-2344	2344	2340
chr2	219232985	219237766	219235540	4781	219235375	-2390	2391	165
chr2	74523191	74527879	74525070	4688	74525535	-2344	2344	-465
chr2	201379731	201381156	201380771	1425	201380443	-712	713	328
chr2	27033742	27040251	27039803	6509	27036996	-3254	3255	2807
chr2	101010560	101012034	101010936	1474	101011297	-737	737	-361
chr2	219535489	219538367	219538034	2878	219536928	-1439	1439	1106
chr2	201281866	201286440	201285224	4574	201284153	-2287	2287	1071
chr2	109613137	109617205	109615915	4068	109615171	-2034	2034	744
chr2	27326247	27330333	27328849	4086	27328290	-2043	2043	559
chr2	65071468	65073009	65072148	1541	65072238	-770	771	-90
chr2	65071468	65073009	65071737	1541	65072238	-770	771	-501
chr2	231456720	231458196	231456998	1476	231457458	-738	738	-460
chr2	232857670	232861167	232858386	3497	232859418	-1748	1749	-1032
chr2	219485733	219490660	219489670	4927	219488196	-2463	2464	1474
chr2	27363778	27366262	27364731	2484	27365020	-1242	1242	-289
chr2	74470318	74473144	74472642	2826	74471731	-1413	1413	911
chr2	108786116	108787294	108786876	1178	108786705	-589	589	171
chr2	222557498	222560671	222558714	3173	222559084	-1586	1587	-370
chr2	42762524	42765782	42762862	3258	42764153	-1629	1629	-1291
chr2	218752966	218755040	218754360	2074	218754003	-1037	1037	357
chr2	241228090	241230283	241229316	2193	241229186	-1096	1097	130
chr2	27653173	27655215	27653695	2042	27654194	-1021	1021	-499
chr2	27326247	27330333	27327274	4086	27328290	-2043	2043	-1016
chr2	65312607	65314976	65313366	2369	65313791	-1184	1185	-425
chr2	46579154	46581217	46580978	2063	46580185	-1031	1032	793
chr2	20446206	20449414	20447783	3208	20447810	-1604	1604	-27
chr2	85542495	85543249	85542739	754	85542872	-377	377	-133
chr2	27094799	27100762	27100061	5963	27097780	-2981	2982	2281
chr2	241672188	241675792	241672194	3604	241673990	-1802	1802	-1796
chr2	42329464	42331844	42330128	2380	42330654	-1190	1190	-526
chr2	27441100	27445824	27441758	4724	27443462	-2362	2362	-1704
chr2	74528971	74532102	74530932	3131	74530536	-1565	1566	396
chr2	85598558	85604590	85601283	6032	85601574	-3016	3016	-291
chr2	219206693	219212969	219210988	6276	219209831	-3138	3138	1157
chr2	27237822	27242472	27241376	4650	27240147	-2325	2325	1229
chr2	233290412	233294181	233293290	3769	233292296	-1884	1885	994
chr2	219485733	219490660	219489872	4927	219488196	-2463	2464	1676
chr2	24791358	24793484	24793269	2126	24792421	-1063	1063	848
chr2	74489113	74493319	74492170	4206	74491216	-2103	2103	954
chr2	219206693	219212969	219207671	6276	219209831	-3138	3138	-2160
chr2	131478248	131480456	131480306	2208	131479352	-1104	1104	954
chr2	42329464	42331844	42331165	2380	42330654	-1190	1190	511
chr2	24821347	24826852	24823327	5505	24824099	-2752	2753	-772
chr2	27237822	27242472	27242407	4650	27240147	-2325	2325	2260
chr2	27237822	27242472	27242408	4650	27240147	-2325	2325	2261
chr2	74455676	74463041	74462039	7365	74459358	-3682	3683	2681
chr2	46579154	46581217	46581079	2063	46580185	-1031	1032	894
chr2	55543897	55546258	55543967	2361	55545077	-1180	1181	-1110
chr2	61188274	61189901	61188693	1627	61189087	-813	814	-394
chr2	27094799	27100762	27100473	5963	27097780	-2981	2982	2693
chr2	131478248	131480456	131480074	2208	131479352	-1104	1104	722
chr2	219206693	219212969	219209273	6276	219209831	-3138	3138	-558
chr2	43224041	43228188	43225731	4147	43226114	-2073	2074	-383
chr2	27094799	27100762	27100619	5963	27097780	-2981	2982	2839
chr2	130341831	130348782	130345654	6951	130345306	-3475	3476	348
chr2	186506755	186508216	186506760	1461	186507485	-730	731	-725
chr2	85538709	85541992	85541336	3283	85540350	-1641	1642	986
chr2	27040643	27041859	27041092	1216	27041251	-608	608	-159
chr2	241495095	241498271	241498240	3176	241496683	-1588	1588	1557
chr2	65312607	65314976	65312654	2369	65313791	-1184	1185	-1137
chr2	130341831	130348782	130346270	6951	130345306	-3475	3476	964
chr2	218401902	218409025	218404326	7123	218405463	-3561	3562	-1137
chr2	241495095	241498271	241498242	3176	241496683	-1588	1588	1559
chr2	241093580	241095933	241095794	2353	241094756	-1176	1177	1038
chr2	201281866	201286440	201285251	4574	201284153	-2287	2287	1098
chr2	233467955	233472025	233468496	4070	233469990	-2035	2035	-1494
chr2	201281866	201286440	201285182	4574	201284153	-2287	2287	1029
chr2	231455868	231456466	231456053	598	231456167	-299	299	-114
chr2	42762524	42765782	42763524	3258	42764153	-1629	1629	-629
chr2	85538709	85541992	85541139	3283	85540350	-1641	1642	789
chr2	201281866	201286440	201285028	4574	201284153	-2287	2287	875
chr2	237553467	237555508	237553668	2041	237554487	-1020	1021	-819
chr2	74455676	74463041	74459404	7365	74459358	-3682	3683	46
chr2	74523191	74527879	74523471	4688	74525535	-2344	2344	-2064
chr2	201281866	201286440	201284842	4574	201284153	-2287	2287	689
chr2	65071468	65073009	65072306	1541	65072238	-770	771	68
chr2	73249447	73251075	73249917	1628	73250261	-814	814	-344
chr2	43224041	43228188	43226295	4147	43226114	-2073	2074	181
chr2	96831638	96833574	96832574	1936	96832606	-968	968	-32
chr2	74535789	74538542	74536095	2753	74537165	-1376	1377	-1070
chr2	20446206	20449414	20447828	3208	20447810	-1604	1604	18
chr2	135787106	135788841	135788169	1735	135787973	-867	868	196
chr2	219165702	219171061	219170000	5359	219168381	-2679	2680	1619
chr2	201281866	201286440	201284960	4574	201284153	-2287	2287	807
chr2	24819390	24820510	24819641	1120	24819950	-560	560	-309
chr2	24821347	24826852	24821615	5505	24824099	-2752	2753	-2484
chr2	108786116	108787294	108786786	1178	108786705	-589	589	81
chr2	202033536	202035574	202034731	2038	202034555	-1019	1019	176
chr2	202033536	202035574	202035041	2038	202034555	-1019	1019	486
chr2	27215021	27218605	27215699	3584	27216813	-1792	1792	-1114
chr2	218633193	218635712	218633834	2519	218634452	-1259	1260	-618
chr2	27081301	27087831	27083600	6530	27084566	-3265	3265	-966
chr2	231395126	231400896	231398323	5770	231398011	-2885	2885	312
chr2	42762524	42765782	42763714	3258	42764153	-1629	1629	-439
chr2	10438911	10440432	10440397	1521	10439671	-760	761	726
chr2	20446206	20449414	20447429	3208	20447810	-1604	1604	-381
chr2	24075775	24078862	24076286	3087	24077318	-1543	1544	-1032
chr2	24791358	24793484	24793392	2126	24792421	-1063	1063	971
chr2	27024780	27027871	27025708	3091	27026325	-1545	1546	-617
chr2	85342915	85344880	85343280	1965	85343897	-982	983	-617
chr2	127696881	127702680	127702335	5799	127699780	-2899	2900	2555
chr2	201281866	201286440	201285129	4574	201284153	-2287	2287	976
chr2	206158618	206161366	206159830	2748	206159992	-1374	1374	-162
chr2	27094799	27100762	27099511	5963	27097780	-2981	2982	1731
chr2	233467955	233472025	233469387	4070	233469990	-2035	2035	-603
chr2	219232985	219237766	219233102	4781	219235375	-2390	2391	-2273
chr2	231395126	231400896	231397927	5770	231398011	-2885	2885	-84
chr2	85598558	85604590	85599918	6032	85601574	-3016	3016	-1656
chr2	73730577	73731102	73730685	525	73730839	-262	263	-154
chr2	85543763	85550478	85544640	6715	85547120	-3357	3358	-2480
chr2	24819390	24820510	24819920	1120	24819950	-560	560	-30
chr2	27040643	27041859	27040894	1216	27041251	-608	608	-357
chr2	112588139	112592721	112588811	4582	112590430	-2291	2291	-1619
chr2	74528971	74532102	74531537	3131	74530536	-1565	1566	1001
chr2	135787106	135788841	135788242	1735	135787973	-867	868	269
chr2	74455676	74463041	74457708	7365	74459358	-3682	3683	-1650
chr2	95409716	95413999	95412750	4283	95411857	-2141	2142	893
chr2	202033536	202035574	202035524	2038	202034555	-1019	1019	969
chr2	231456720	231458196	231456743	1476	231457458	-738	738	-715
chr2	99316727	99321104	99319690	4377	99318915	-2188	2189	775
chr2	85542495	85543249	85542609	754	85542872	-377	377	-263
chr2	201281866	201286440	201285026	4574	201284153	-2287	2287	873
chr2	177221201	177222863	177222758	1662	177222032	-831	831	726
chr2	233290412	233294181	233292399	3769	233292296	-1884	1885	103
chr2	27094799	27100762	27099799	5963	27097780	-2981	2982	2019
chr2	55543897	55546258	55545080	2361	55545077	-1180	1181	3
chr2	179945046	179946156	179945190	1110	179945601	-555	555	-411
chr2	74497546	74502391	74498122	4845	74499968	-2422	2423	-1846
chr2	27094799	27100762	27097647	5963	27097780	-2981	2982	-133
chr2	74470318	74473144	74472571	2826	74471731	-1413	1413	840
chr2	169812412	169815621	169815493	3209	169814016	-1604	1605	1477
chr2	201281866	201286440	201285178	4574	201284153	-2287	2287	1025
chr2	20446206	20449414	20447502	3208	20447810	-1604	1604	-308
chr2	27237822	27242472	27242354	4650	27240147	-2325	2325	2207
chr2	27441100	27445824	27444413	4724	27443462	-2362	2362	951
chr2	99402692	99405167	99402891	2475	99403929	-1237	1238	-1038
chr2	74455676	74463041	74462607	7365	74459358	-3682	3683	3249
chr2	218661919	218663653	218662575	1734	218662786	-867	867	-211
chr2	74455676	74463041	74459949	7365	74459358	-3682	3683	591
chr2	27441100	27445824	27444435	4724	27443462	-2362	2362	973
chr2	27094799	27100762	27100039	5963	27097780	-2981	2982	2259
chr2	27101275	27104236	27102214	2961	27102755	-1480	1481	-541
chr2	27237822	27242472	27241943	4650	27240147	-2325	2325	1796
chr2	27326247	27330333	27328159	4086	27328290	-2043	2043	-131
chr2	27366916	27371519	27367618	4603	27369217	-2301	2302	-1599
chr2	65071468	65073009	65072969	1541	65072238	-770	771	731
chr2	74455676	74463041	74458530	7365	74459358	-3682	3683	-828
chr2	74504301	74506230	74506026	1929	74505265	-964	965	761
chr2	74528971	74532102	74529111	3131	74530536	-1565	1566	-1425
chr2	85538709	85541992	85541106	3283	85540350	-1641	1642	756
chr2	96018500	96022325	96021144	3825	96020412	-1912	1913	732
chr2	113499063	113501311	113499655	2248	113500187	-1124	1124	-532
chr2	130341831	130348782	130346510	6951	130345306	-3475	3476	1204
chr2	218661919	218663653	218663268	1734	218662786	-867	867	482
chr2	219165702	219171061	219168568	5359	219168381	-2679	2680	187
chr2	219232985	219237766	219234132	4781	219235375	-2390	2391	-1243
chr2	219284396	219289683	219285962	5287	219287039	-2643	2644	-1077
chr2	231449579	231455690	231455261	6111	231452634	-3055	3056	2627
chr2	231449579	231455690	231455436	6111	231452634	-3055	3056	2802
chr2	43224041	43228188	43225335	4147	43226114	-2073	2074	-779
chr2	219232985	219237766	219235826	4781	219235375	-2390	2391	451
chr2	135787106	135788841	135788385	1735	135787973	-867	868	412
chr2	99402692	99405167	99402891	2475	99403929	-1237	1238	-1038
chr2	190963343	190965218	190963550	1875	190964280	-937	938	-730
chr2	43224041	43228188	43225428	4147	43226114	-2073	2074	-686
chr2	74489113	74493319	74492646	4206	74491216	-2103	2103	1430
chr2	20446206	20449414	20447804	3208	20447810	-1604	1604	-6
chr2	24073203	24075452	24074191	2249	24074327	-1124	1125	-136
chr2	27326247	27330333	27326647	4086	27328290	-2043	2043	-1643
chr2	70964828	70967836	70964983	3008	70966332	-1504	1504	-1349
chr2	71148575	71149440	71149404	865	71149007	-432	433	397
chr2	74535789	74538542	74536121	2753	74537165	-1376	1377	-1044
chr2	112588139	112592721	112588858	4582	112590430	-2291	2291	-1572
chr2	135787106	135788841	135788361	1735	135787973	-867	868	388
chr2	201379731	201381156	201381153	1425	201380443	-712	713	710
chr2	219165702	219171061	219169999	5359	219168381	-2679	2680	1618
chr2	219246512	219249251	219247224	2739	219247881	-1369	1370	-657
chr2	219246512	219249251	219248584	2739	219247881	-1369	1370	703
chr2	219538772	219540999	219540994	2227	219539885	-1113	1114	1109
chr2	74470318	74473144	74472140	2826	74471731	-1413	1413	409
chr2	131043130	131046708	131044356	3578	131044919	-1789	1789	-563
chr2	85542495	85543249	85543171	754	85542872	-377	377	299
chr2	219538772	219540999	219539815	2227	219539885	-1113	1114	-70
chr2	96023613	96025809	96024680	2196	96024711	-1098	1098	-31
chr2	127705984	127708062	127706411	2078	127707023	-1039	1039	-612
chr2	201379731	201381156	201380894	1425	201380443	-712	713	451
chr2	219232985	219237766	219234951	4781	219235375	-2390	2391	-424
chr2	74455676	74463041	74458553	7365	74459358	-3682	3683	-805
chr2	74497546	74502391	74497969	4845	74499968	-2422	2423	-1999
chr2	177228998	177231589	177230309	2591	177230293	-1295	1296	16
chr2	65071468	65073009	65072115	1541	65072238	-770	771	-123
chr2	73222374	73227665	73224947	5291	73225019	-2645	2646	-72
chr2	24821347	24826852	24824460	5505	24824099	-2752	2753	361
chr2	219535489	219538367	219537078	2878	219536928	-1439	1439	150
chr2	9581578	9585382	9585073	3804	9583480	-1902	1902	1593
chr2	27024780	27027871	27025899	3091	27026325	-1545	1546	-426
chr2	27384543	27385694	27384722	1151	27385118	-575	576	-396
chr2	27653173	27655215	27653711	2042	27654194	-1021	1021	-483
chr2	99402692	99405167	99402905	2475	99403929	-1237	1238	-1024
chr2	218274375	218277927	218277028	3552	218276151	-1776	1776	877
chr2	219232985	219237766	219234434	4781	219235375	-2390	2391	-941
chr2	219232985	219237766	219237247	4781	219235375	-2390	2391	1872
chr2	130369613	130374880	130373289	5267	130372246	-2633	2634	1043
chr2	241180850	241183640	241182830	2790	241182245	-1395	1395	585
chr2	218401902	218409025	218402117	7123	218405463	-3561	3562	-3346
chr2	74473171	74478209	74475055	5038	74475690	-2519	2519	-635
chr2	169812412	169815621	169815507	3209	169814016	-1604	1605	1491
chr2	85595495	85598241	85597531	2746	85596868	-1373	1373	663
chr2	74535789	74538542	74536732	2753	74537165	-1376	1377	-433
chr2	27024780	27027871	27025702	3091	27026325	-1545	1546	-623
chr2	27366916	27371519	27367326	4603	27369217	-2301	2302	-1891
chr2	70086204	70090364	70087762	4160	70088284	-2080	2080	-522
chr2	130341831	130348782	130346403	6951	130345306	-3475	3476	1097
chr2	24067806	24069700	24068456	1894	24068753	-947	947	-297
chr2	28946349	28947362	28946674	1013	28946855	-506	507	-181
chr2	74455676	74463041	74462752	7365	74459358	-3682	3683	3394
chr2	74532651	74534039	74533989	1388	74533345	-694	694	644
chr2	113499063	113501311	113499651	2248	113500187	-1124	1124	-536
chr2	201379731	201381156	201381091	1425	201380443	-712	713	648
chr2	105892695	105894483	105893661	1788	105893589	-894	894	72
chr2	65071468	65073009	65071674	1541	65072238	-770	771	-564
chr2	241093580	241095933	241095647	2353	241094756	-1176	1177	891
chr2	218661919	218663653	218663266	1734	218662786	-867	867	480
chr2	85342915	85344880	85344332	1965	85343897	-982	983	435
chr2	219206693	219212969	219210036	6276	219209831	-3138	3138	205
chr2	105892695	105894483	105893056	1788	105893589	-894	894	-533
chr2	127705984	127708062	127706372	2078	127707023	-1039	1039	-651
chr2	65071468	65073009	65072837	1541	65072238	-770	771	599
chr2	219485733	219490660	219489864	4927	219488196	-2463	2464	1668
chr2	235054972	235057208	235055613	2236	235056090	-1118	1118	-477
chr2	74523191	74527879	74527495	4688	74525535	-2344	2344	1960
chr2	74523191	74527879	74527322	4688	74525535	-2344	2344	1787
chr2	177228998	177231589	177230932	2591	177230293	-1295	1296	639
chr2	31265394	31267235	31266567	1841	31266314	-920	921	253
chr2	31265394	31267235	31266724	1841	31266314	-920	921	410
chr2	202033536	202035574	202035047	2038	202034555	-1019	1019	492
chr2	27126044	27129552	27129097	3508	27127798	-1754	1754	1299
chr2	9495758	9497685	9497139	1927	9496721	-963	964	418
chr2	177228998	177231589	177230803	2591	177230293	-1295	1296	510
chr2	65312607	65314976	65312773	2369	65313791	-1184	1185	-1018
chr2	65071468	65073009	65071501	1541	65072238	-770	771	-737
chr2	70964828	70967836	70965058	3008	70966332	-1504	1504	-1274
chr2	218636676	218637537	218637031	861	218637106	-430	431	-75
chr3	194133546	194139773	194136645	6227	194136659	-3113	3114	-14
chr3	65354859	65357442	65356634	2583	65356150	-1291	1292	484
chr3	14147973	14150307	14148919	2334	14149140	-1167	1167	-221
chr3	49012331	49018943	49012951	6612	49015637	-3306	3306	-2686
chr3	51394814	51396729	51395803	1915	51395771	-957	958	32
chr3	185489966	185494010	185491670	4044	185491988	-2022	2022	-318
chr3	52906593	52908981	52907116	2388	52907787	-1194	1194	-671
chr3	50351720	50355092	50353632	3372	50353406	-1686	1686	226
chr3	52521947	52526560	52522652	4613	52524253	-2306	2307	-1601
chr3	47587377	47588966	47587755	1589	47588171	-794	795	-416
chr3	12829600	12834966	12834000	5366	12832283	-2683	2683	1717
chr3	52693334	52695544	52695250	2210	52694439	-1105	1105	811
chr3	11554665	11556732	11554939	2067	11555698	-1033	1034	-759
chr3	139354666	139356305	139355716	1639	139355485	-819	820	231
chr3	47016967	47018876	47017702	1909	47017921	-954	955	-219
chr3	48629479	48634152	48629639	4673	48631815	-2336	2337	-2176
chr3	47408758	47413734	47411507	4976	47411246	-2488	2488	261
chr3	52486704	52489738	52489544	3034	52488221	-1517	1517	1323
chr3	184169739	184172831	184170437	3092	184171285	-1546	1546	-848
chr3	184185335	184186639	184186230	1304	184185987	-652	652	243
chr3	184372474	184373722	184373058	1248	184373098	-624	624	-40
chr3	11554665	11556732	11554817	2067	11555698	-1033	1034	-881
chr3	52230797	52233460	52231960	2663	52232128	-1331	1332	-168
chr3	50342608	50347536	50343772	4928	50345072	-2464	2464	-1300
chr3	50351720	50355092	50353704	3372	50353406	-1686	1686	298
chr3	50362940	50369128	50366061	6188	50366034	-3094	3094	27
chr3	15050995	15053169	15052569	2174	15052082	-1087	1087	487
chr3	45945281	45951915	45948305	6634	45948598	-3317	3317	-293
chr3	46919796	46926940	46925532	7144	46923368	-3572	3572	2164
chr3	184185335	184186639	184186221	1304	184185987	-652	652	234
chr3	51388392	51393725	51393724	5333	51391058	-2666	2667	2666
chr3	49157901	49165037	49162633	7136	49161469	-3568	3568	1164
chr3	49720740	49724364	49721989	3624	49722552	-1812	1812	-563
chr3	51954913	51957472	51955721	2559	51956192	-1279	1280	-471
chr3	184180196	184182412	184181122	2216	184181304	-1108	1108	-182
chr3	53187872	53191694	53189076	3822	53189783	-1911	1911	-707
chr3	49157901	49165037	49163285	7136	49161469	-3568	3568	1816
chr3	184192316	184194142	184192634	1826	184193229	-913	913	-595
chr3	49668880	49671364	49669953	2484	49670122	-1242	1242	-169
chr3	52247769	52250624	52248662	2855	52249196	-1427	1428	-534
chr3	52399677	52405144	52403147	5467	52402410	-2733	2734	737
chr3	9755086	9759277	9757261	4191	9757181	-2095	2096	80
chr3	126568698	126572903	126572033	4205	126570800	-2102	2103	1233
chr3	39141496	39145537	39143494	4041	39143516	-2020	2021	-22
chr3	9759664	9762180	9760835	2516	9760922	-1258	1258	-87
chr3	52247769	52250624	52249473	2855	52249196	-1427	1428	277
chr3	184192316	184194142	184193683	1826	184193229	-913	913	454
chr3	9841142	9844472	9841833	3330	9842807	-1665	1665	-974
chr3	48464602	48467908	48466956	3306	48466255	-1653	1653	701
chr3	139351880	139353039	139352722	1159	139352459	-579	580	263
chr3	13498660	13505061	13504116	6401	13501860	-3200	3201	2256
chr3	49012331	49018943	49016324	6612	49015637	-3306	3306	687
chr3	139357070	139358977	139358806	1907	139358023	-953	954	783
chr3	38121384	38124029	38121696	2645	38122706	-1322	1323	-1010
chr3	49012331	49018943	49017475	6612	49015637	-3306	3306	1838
chr3	49720740	49724364	49720858	3624	49722552	-1812	1812	-1694
chr3	13498660	13505061	13504539	6401	13501860	-3200	3201	2679
chr3	126568698	126572903	126571895	4205	126570800	-2102	2103	1095
chr3	184185335	184186639	184186623	1304	184185987	-652	652	636
chr3	49909457	49912778	49910536	3321	49911117	-1660	1661	-581
chr3	49012331	49018943	49015226	6612	49015637	-3306	3306	-411
chr3	49012331	49018943	49016261	6612	49015637	-3306	3306	624
chr3	15254683	15258002	15256345	3319	15256342	-1659	1660	3
chr3	39137968	39140340	39138613	2372	39139154	-1186	1186	-541
chr3	52693334	52695544	52695275	2210	52694439	-1105	1105	836
chr3	4976828	4984042	4983534	7214	4980435	-3607	3607	3099
chr3	49012331	49018943	49016301	6612	49015637	-3306	3306	664
chr3	12835031	12838986	12836073	3955	12837008	-1977	1978	-935
chr3	47408758	47413734	47409964	4976	47411246	-2488	2488	-1282
chr3	49666626	49668324	49667997	1698	49667475	-849	849	522
chr3	128069203	128071284	128069484	2081	128070243	-1040	1041	-759
chr3	47408758	47413734	47412513	4976	47411246	-2488	2488	1267
chr3	49012331	49018943	49015873	6612	49015637	-3306	3306	236
chr3	49157901	49165037	49163127	7136	49161469	-3568	3568	1658
chr3	128064697	128067750	128064989	3053	128066223	-1526	1527	-1234
chr3	139360065	139361447	139361221	1382	139360756	-691	691	465
chr3	49012331	49018943	49018499	6612	49015637	-3306	3306	2862
chr3	50362940	50369128	50366037	6188	50366034	-3094	3094	3
chr3	44916076	44918193	44918088	2117	44917134	-1058	1059	954
chr3	128902059	128909788	128909395	7729	128905923	-3864	3865	3472
chr3	183811174	183812519	183812439	1345	183811846	-672	673	593
chr3	184257201	184264517	184259656	7316	184260859	-3658	3658	-1203
chr3	184169739	184172831	184170786	3092	184171285	-1546	1546	-499
chr3	127571804	127573726	127573488	1922	127572765	-961	961	723
chr3	184180196	184182412	184180619	2216	184181304	-1108	1108	-685
chr3	47408758	47413734	47409476	4976	47411246	-2488	2488	-1770
chr3	49720740	49724364	49721799	3624	49722552	-1812	1812	-753
chr3	9759664	9762180	9760968	2516	9760922	-1258	1258	46
chr3	39141496	39145537	39143016	4041	39143516	-2020	2021	-500
chr3	39141496	39145537	39144015	4041	39143516	-2020	2021	499
chr3	49009405	49011659	49011625	2254	49010532	-1127	1127	1093
chr3	49012331	49018943	49013861	6612	49015637	-3306	3306	-1776
chr3	49275918	49282115	49278813	6197	49279016	-3098	3099	-203
chr3	52395871	52398960	52396719	3089	52397415	-1544	1545	-696
chr3	52399677	52405144	52402908	5467	52402410	-2733	2734	498
chr3	52399677	52405144	52403854	5467	52402410	-2733	2734	1444
chr3	9945730	9951351	9948872	5621	9948540	-2810	2811	332
chr3	9942291	9945586	9943148	3295	9943938	-1647	1648	-790
chr3	49003971	49008813	49004123	4842	49006392	-2421	2421	-2269
chr3	49012331	49018943	49017779	6612	49015637	-3306	3306	2142
chr3	51388392	51393725	51393534	5333	51391058	-2666	2667	2476
chr3	51394814	51396729	51394902	1915	51395771	-957	958	-869
chr3	170863851	170867586	170866388	3735	170865718	-1867	1868	670
chr3	14147973	14150307	14148605	2334	14149140	-1167	1167	-535
chr3	49012331	49018943	49014822	6612	49015637	-3306	3306	-815
chr3	45945281	45951915	45946945	6634	45948598	-3317	3317	-1653
chr3	51388392	51393725	51393008	5333	51391058	-2666	2667	1950
chr3	49110037	49111391	49110266	1354	49110714	-677	677	-448
chr3	49110037	49111391	49111060	1354	49110714	-677	677	346
chr3	52247769	52250624	52248407	2855	52249196	-1427	1428	-789
chr3	9945730	9951351	9947333	5621	9948540	-2810	2811	-1207
chr3	14145708	14147438	14146087	1730	14146573	-865	865	-486
chr3	42662731	42666152	42665308	3421	42664441	-1710	1711	867
chr3	49012331	49018943	49014983	6612	49015637	-3306	3306	-654
chr3	128064697	128067750	128064995	3053	128066223	-1526	1527	-1228
chr3	184240291	184243306	184241196	3015	184241798	-1507	1508	-602
chr3	49275918	49282115	49276526	6197	49279016	-3098	3099	-2490
chr3	50358131	50359846	50358755	1715	50358988	-857	858	-233
chr3	50362940	50369128	50365814	6188	50366034	-3094	3094	-220
chr3	52906593	52908981	52907143	2388	52907787	-1194	1194	-644
chr3	139349245	139351262	139350293	2017	139350253	-1008	1009	40
chr3	184306992	184311577	184308719	4585	184309284	-2292	2293	-565
chr3	50362940	50369128	50366281	6188	50366034	-3094	3094	247
chr3	53807695	53810978	53810167	3283	53809336	-1641	1642	831
chr3	49012331	49018943	49018538	6612	49015637	-3306	3306	2901
chr3	49012331	49018943	49015455	6612	49015637	-3306	3306	-182
chr3	184328776	184333744	184332043	4968	184331260	-2484	2484	783
chr3	47408758	47413734	47411408	4976	47411246	-2488	2488	162
chr3	4976828	4984042	4983714	7214	4980435	-3607	3607	3279
chr3	39141496	39145537	39144260	4041	39143516	-2020	2021	744
chr3	52399677	52405144	52404508	5467	52402410	-2733	2734	2098
chr3	52230797	52233460	52231481	2663	52232128	-1331	1332	-647
chr3	47587377	47588966	47588130	1589	47588171	-794	795	-41
chr3	50342608	50347536	50343369	4928	50345072	-2464	2464	-1703
chr3	126568698	126572903	126572354	4205	126570800	-2102	2103	1554
chr3	39097662	39098616	39097816	954	39098139	-477	477	-323
chr3	53881496	53882823	53882134	1327	53882159	-663	664	-25
chr3	12829600	12834966	12831470	5366	12832283	-2683	2683	-813
chr3	14147973	14150307	14148590	2334	14149140	-1167	1167	-550
chr3	45945281	45951915	45946564	6634	45948598	-3317	3317	-2034
chr3	47408758	47413734	47409692	4976	47411246	-2488	2488	-1554
chr3	49012331	49018943	49014390	6612	49015637	-3306	3306	-1247
chr3	49093123	49097590	49096046	4467	49095356	-2233	2234	690
chr3	51934214	51939799	51935364	5585	51937006	-2792	2793	-1642
chr3	52490775	52496966	52492752	6191	52493870	-3095	3096	-1118
chr3	52521947	52526560	52524210	4613	52524253	-2306	2307	-43
chr3	52693334	52695544	52694234	2210	52694439	-1105	1105	-205
chr3	65354859	65357442	65356514	2583	65356150	-1291	1292	364
chr3	65354859	65357442	65356642	2583	65356150	-1291	1292	492
chr3	113004581	113006125	113005530	1544	113005353	-772	772	177
chr3	113965138	113966651	113965347	1513	113965894	-756	757	-547
chr3	128064697	128067750	128064951	3053	128066223	-1526	1527	-1272
chr3	184257201	184264517	184257649	7316	184260859	-3658	3658	-3210
chr3	184711107	184712289	184711590	1182	184711698	-591	591	-108
chr3	194588283	194594489	194588412	6206	194591386	-3103	3103	-2974
chr3	196935356	196937934	196937042	2578	196936645	-1289	1289	397
chr3	154255192	154255604	154255534	412	154255398	-206	206	136
chr3	39141496	39145537	39145135	4041	39143516	-2020	2021	1619
chr3	184240291	184243306	184242524	3015	184241798	-1507	1508	726
chr3	52693334	52695544	52694904	2210	52694439	-1105	1105	465
chr3	9755086	9759277	9757165	4191	9757181	-2095	2096	-16
chr3	46919796	46926940	46922265	7144	46923368	-3572	3572	-1103
chr3	51388392	51393725	51393078	5333	51391058	-2666	2667	2020
chr3	101565802	101567588	101566051	1786	101566695	-893	893	-644
chr3	101681369	101684832	101682786	3463	101683100	-1731	1732	-314
chr3	121985856	121988613	121988228	2757	121987234	-1378	1379	994
chr3	154255192	154255604	154255349	412	154255398	-206	206	-49
chr3	184306992	184311577	184308740	4585	184309284	-2292	2293	-544
chr3	47408758	47413734	47412341	4976	47411246	-2488	2488	1095
chr3	184180196	184182412	184180487	2216	184181304	-1108	1108	-817
chr3	52521947	52526560	52524819	4613	52524253	-2306	2307	566
chr3	53807695	53810978	53808680	3283	53809336	-1641	1642	-656
chr3	50362940	50369128	50367416	6188	50366034	-3094	3094	1382
chr3	196935356	196937934	196937367	2578	196936645	-1289	1289	722
chr3	9755086	9759277	9757141	4191	9757181	-2095	2096	-40
chr3	184192316	184194142	184193440	1826	184193229	-913	913	211
chr3	50187524	50189638	50187828	2114	50188581	-1057	1057	-753
chr3	49275918	49282115	49276754	6197	49279016	-3098	3099	-2262
chr3	65354859	65357442	65356805	2583	65356150	-1291	1292	655
chr3	184240291	184243306	184242056	3015	184241798	-1507	1508	258
chr3	49012331	49018943	49017445	6612	49015637	-3306	3306	1808
chr3	184240291	184243306	184241351	3015	184241798	-1507	1508	-447
chr3	53187872	53191694	53189057	3822	53189783	-1911	1911	-726
chr3	51984873	51989491	51985894	4618	51987182	-2309	2309	-1288
chr3	126434634	126439307	126438334	4673	126436970	-2336	2337	1364
chr3	9945730	9951351	9949128	5621	9948540	-2810	2811	588
chr3	15254683	15258002	15256442	3319	15256342	-1659	1660	100
chr3	15254683	15258002	15256443	3319	15256342	-1659	1660	101
chr3	126568698	126572903	126572508	4205	126570800	-2102	2103	1708
chr3	9755086	9759277	9756592	4191	9757181	-2095	2096	-589
chr3	15254683	15258002	15256112	3319	15256342	-1659	1660	-230
chr3	10289570	10292464	10289800	2894	10291017	-1447	1447	-1217
chr3	52395871	52398960	52396715	3089	52397415	-1544	1545	-700
chr3	128064697	128067750	128067602	3053	128066223	-1526	1527	1379
chr3	47408758	47413734	47409964	4976	47411246	-2488	2488	-1282
chr3	49672439	49675329	49675288	2890	49673884	-1445	1445	1404
chr3	50362940	50369128	50365468	6188	50366034	-3094	3094	-566
chr3	52399677	52405144	52403449	5467	52402410	-2733	2734	1039
chr3	52521947	52526560	52522560	4613	52524253	-2306	2307	-1693
chr3	52395871	52398960	52396717	3089	52397415	-1544	1545	-698
chr3	49110037	49111391	49110788	1354	49110714	-677	677	74
chr3	10289570	10292464	10289791	2894	10291017	-1447	1447	-1226
chr3	14147973	14150307	14148868	2334	14149140	-1167	1167	-272
chr3	47408758	47413734	47409695	4976	47411246	-2488	2488	-1551
chr3	66384487	66386798	66386111	2311	66385642	-1155	1156	469
chr3	46919796	46926940	46923423	7144	46923368	-3572	3572	55
chr3	49275918	49282115	49278862	6197	49279016	-3098	3099	-154
chr3	50358131	50359846	50358818	1715	50358988	-857	858	-170
chr3	52521947	52526560	52523756	4613	52524253	-2306	2307	-497
chr3	183811174	183812519	183811450	1345	183811846	-672	673	-396
chr3	57277667	57279706	57278947	2039	57278686	-1019	1020	261
chr3	13498660	13505061	13502900	6401	13501860	-3200	3201	1040
chr3	49012331	49018943	49017245	6612	49015637	-3306	3306	1608
chr3	53225022	53232939	53226851	7917	53228980	-3958	3959	-2129
chr3	15050995	15053169	15052368	2174	15052082	-1087	1087	286
chr3	15254683	15258002	15256535	3319	15256342	-1659	1660	193
chr3	113004581	113006125	113005999	1544	113005353	-772	772	646
chr3	184372474	184373722	184373094	1248	184373098	-624	624	-4
chr3	47587377	47588966	47588250	1589	47588171	-794	795	79
chr3	49012331	49018943	49013404	6612	49015637	-3306	3306	-2233
chr3	184257201	184264517	184258538	7316	184260859	-3658	3658	-2321
chr3	10283749	10285704	10285455	1955	10284726	-977	978	729
chr4	17631497	17633241	17632475	1744	17632369	-872	872	106
chr4	1801927	1807863	1806648	5936	1804895	-2968	2968	1753
chr4	7038675	7044637	7041823	5962	7041656	-2981	2981	167
chr4	76896040	76898728	76896589	2688	76897384	-1344	1344	-795
chr4	849301	853150	851890	3849	851225	-1924	1925	665
chr4	6297979	6305647	6301056	7668	6301813	-3834	3834	-757
chr4	6707308	6710080	6709497	2772	6708694	-1386	1386	803
chr4	109822784	109824642	109824534	1858	109823713	-929	929	821
chr4	82458355	82460221	82460081	1866	82459288	-933	933	793
chr4	1334392	1341733	1336933	7341	1338062	-3670	3671	-1129
chr4	6640773	6642459	6640935	1686	6641616	-843	843	-681
chr4	70686356	70690109	70689236	3753	70688232	-1876	1877	1004
chr4	6619439	6622104	6619977	2665	6620771	-1332	1333	-794
chr4	53458512	53459733	53458739	1221	53459122	-610	611	-383
chr4	537021	539439	539216	2418	538230	-1209	1209	986
chr4	99944901	99947846	99946447	2945	99946373	-1472	1473	74
chr4	68313663	68315737	68314263	2074	68314700	-1037	1037	-437
chr4	123395840	123402357	123402059	6517	123399098	-3258	3259	2961
chr4	88074674	88075911	88074917	1237	88075292	-618	619	-375
chr4	849301	853150	850941	3849	851225	-1924	1925	-284
chr4	17631497	17633241	17632395	1744	17632369	-872	872	26
chr4	1978139	1985629	1983612	7490	1981884	-3745	3745	1728
chr4	6640773	6642459	6641147	1686	6641616	-843	843	-469
chr4	99948140	99949308	99948711	1168	99948724	-584	584	-13
chr4	1978139	1985629	1984866	7490	1981884	-3745	3745	2982
chr4	7054131	7055956	7054677	1825	7055043	-912	913	-366
chr4	99948140	99949308	99948732	1168	99948724	-584	584	8
chr4	88074674	88075911	88075516	1237	88075292	-618	619	224
chr4	4319901	4321620	4321260	1719	4320760	-859	860	500
chr4	6297979	6305647	6301126	7668	6301813	-3834	3834	-687
chr4	70686356	70690109	70689300	3753	70688232	-1876	1877	1068
chr4	7054131	7055956	7054166	1825	7055043	-912	913	-877
chr4	68313663	68315737	68314043	2074	68314700	-1037	1037	-657
chr4	123395840	123402357	123401999	6517	123399098	-3258	3259	2901
chr4	10075650	10079904	10077412	4254	10077777	-2127	2127	-365
chr4	99948140	99949308	99948895	1168	99948724	-584	584	171
chr4	173332245	173335318	173333553	3073	173333781	-1536	1537	-228
chr4	53458512	53459733	53459551	1221	53459122	-610	611	429
chr4	88074674	88075911	88074957	1237	88075292	-618	619	-335
chr4	151102159	151105918	151104553	3759	151104038	-1879	1880	515
chr4	8615794	8623265	8619522	7471	8619529	-3735	3736	-7
chr4	2062563	2065747	2065090	3184	2064155	-1592	1592	935
chr4	151102159	151105918	151103892	3759	151104038	-1879	1880	-146
chr4	6715892	6717378	6716952	1486	6716635	-743	743	317
chr4	6297979	6305647	6302376	7668	6301813	-3834	3834	563
chr4	173332245	173335318	173333614	3073	173333781	-1536	1537	-167
chr4	82426148	82427556	82426531	1408	82426852	-704	704	-321
chr4	6619439	6622104	6619950	2665	6620771	-1332	1333	-821
chr4	173332245	173335318	173332946	3073	173333781	-1536	1537	-835
chr4	1978139	1985629	1984882	7490	1981884	-3745	3745	2998
chr4	6707308	6710080	6709558	2772	6708694	-1386	1386	864
chr4	7061417	7062951	7062196	1534	7062184	-767	767	12
chr4	70686356	70690109	70689368	3753	70688232	-1876	1877	1136
chr4	76309055	76310330	76309463	1275	76309692	-637	638	-229
chr4	99948140	99949308	99949108	1168	99948724	-584	584	384
chr4	123395840	123402357	123402101	6517	123399098	-3258	3259	3003
chr4	1978139	1985629	1983457	7490	1981884	-3745	3745	1573
chr4	123395840	123402357	123401596	6517	123399098	-3258	3259	2498
chr4	123395840	123402357	123402162	6517	123399098	-3258	3259	3064
chr4	141233515	141234468	141233981	953	141233991	-476	477	-10
chr4	1694613	1696452	1696344	1839	1695532	-919	920	812
chr4	141233515	141234468	141233749	953	141233991	-476	477	-242
chr4	6707308	6710080	6709594	2772	6708694	-1386	1386	900
chr4	2043389	2048798	2043889	5409	2046093	-2704	2705	-2204
chr4	139039257	139044290	139043308	5033	139041773	-2516	2517	1535
chr4	99948140	99949308	99948895	1168	99948724	-584	584	171
chr4	52861623	52863819	52863303	2196	52862721	-1098	1098	582
chr4	99948140	99949308	99948571	1168	99948724	-584	584	-153
chr4	4319901	4321620	4320739	1719	4320760	-859	860	-21
chr4	8615794	8623265	8618468	7471	8619529	-3735	3736	-1061
chr4	141233515	141234468	141233805	953	141233991	-476	477	-186
chr4	6640773	6642459	6641222	1686	6641616	-843	843	-394
chr4	56960420	56963488	56963436	3068	56961954	-1534	1534	1482
chr4	6297979	6305647	6301391	7668	6301813	-3834	3834	-422
chr4	88074674	88075911	88074904	1237	88075292	-618	619	-388
chr4	123395840	123402357	123402184	6517	123399098	-3258	3259	3086
chr5	151489760	151492340	151491391	2580	151491050	-1290	1290	341
chr5	146514917	146516704	146515736	1787	146515810	-893	894	-74
chr5	140554648	140558866	140558672	4218	140556757	-2109	2109	1915
chr5	177510470	177513842	177512144	3372	177512156	-1686	1686	-12
chr5	179834022	179839625	179836910	5603	179836823	-2801	2802	87
chr5	181232383	181236516	181232604	4133	181234449	-2066	2067	-1845
chr5	154819024	154820697	154820108	1673	154819860	-836	837	248
chr5	138346658	138348766	138348073	2108	138347712	-1054	1054	361
chr5	176386394	176390852	176389328	4458	176388623	-2229	2229	705
chr5	138931929	138935254	138934155	3325	138933591	-1662	1663	564
chr5	176386394	176390852	176386624	4458	176388623	-2229	2229	-1999
chr5	43289861	43291788	43291146	1927	43290824	-963	964	322
chr5	140242150	140246774	140245896	4624	140244462	-2312	2312	1434
chr5	154819024	154820697	154820434	1673	154819860	-836	837	574
chr5	179834022	179839625	179836500	5603	179836823	-2801	2802	-323
chr5	180849873	180852657	180851312	2784	180851265	-1392	1392	47
chr5	181232383	181236516	181232574	4133	181234449	-2066	2067	-1875
chr5	141639313	141641341	141640312	2028	141640327	-1014	1014	-15
chr5	177439985	177444444	177441898	4459	177442214	-2229	2230	-316
chr5	6599498	6601275	6600034	1777	6600386	-888	889	-352
chr5	138506133	138509103	138508373	2970	138507618	-1485	1485	755
chr5	177513900	177515493	177515193	1593	177514696	-796	797	497
chr5	149994930	149996994	149996033	2064	149995962	-1032	1032	71
chr5	181232383	181236516	181234772	4133	181234449	-2066	2067	323
chr5	150393163	150397416	150396408	4253	150395289	-2126	2127	1119
chr5	177439985	177444444	177441911	4459	177442214	-2229	2230	-303
chr5	177515918	177518076	177515945	2158	177516997	-1079	1079	-1052
chr5	177515918	177518076	177516185	2158	177516997	-1079	1079	-812
chr5	139389361	139395326	139393614	5965	139392343	-2982	2983	1271
chr5	132865798	132867167	132866830	1369	132866482	-684	685	348
chr5	149994930	149996994	149995977	2064	149995962	-1032	1032	15
chr5	138506133	138509103	138508299	2970	138507618	-1485	1485	681
chr5	140640718	140644387	140643929	3669	140642552	-1834	1835	1377
chr5	151026301	151027765	151026972	1464	151027033	-732	732	-61
chr5	17274442	17276761	17275347	2319	17275601	-1159	1160	-254
chr5	138931929	138935254	138934092	3325	138933591	-1662	1663	501
chr5	140640718	140644387	140643031	3669	140642552	-1834	1835	479
chr5	140704198	140706701	140706235	2503	140705449	-1251	1252	786
chr5	181232383	181236516	181235245	4133	181234449	-2066	2067	796
chr5	138506133	138509103	138508169	2970	138507618	-1485	1485	551
chr5	176507078	176508621	176507087	1543	176507849	-771	772	-762
chr5	6599498	6601275	6600222	1777	6600386	-888	889	-164
chr5	180849873	180852657	180849874	2784	180851265	-1392	1392	-1391
chr5	140546598	140551405	140550843	4807	140549001	-2403	2404	1842
chr5	181232383	181236516	181232574	4133	181234449	-2066	2067	-1875
chr5	138346658	138348766	138348141	2108	138347712	-1054	1054	429
chr5	177402022	177405546	177405168	3524	177403784	-1762	1762	1384
chr5	141639313	141641341	141640384	2028	141640327	-1014	1014	57
chr5	140704198	140706701	140706226	2503	140705449	-1251	1252	777
chr5	140640718	140644387	140642637	3669	140642552	-1834	1835	85
chr5	141639313	141641341	141639698	2028	141640327	-1014	1014	-629
chr5	151028593	151032593	151030174	4000	151030593	-2000	2000	-419
chr5	151028593	151032593	151030742	4000	151030593	-2000	2000	149
chr5	151489760	151492340	151491210	2580	151491050	-1290	1290	160
chr5	177439985	177444444	177441293	4459	177442214	-2229	2230	-921
chr5	181232383	181236516	181233920	4133	181234449	-2066	2067	-529
chr5	177515918	177518076	177515946	2158	177516997	-1079	1079	-1051
chr5	139389361	139395326	139392337	5965	139392343	-2982	2983	-6
chr5	140565887	140567783	140567539	1896	140566835	-948	948	704
chr5	154819024	154820697	154820534	1673	154819860	-836	837	674
chr5	157786787	157788585	157787882	1798	157787686	-899	899	196
chr5	181232383	181236516	181235333	4133	181234449	-2066	2067	884
chr5	132339921	132342122	132340629	2201	132341021	-1100	1101	-392
chr5	181232383	181236516	181233402	4133	181234449	-2066	2067	-1047
chr5	177515918	177518076	177515965	2158	177516997	-1079	1079	-1032
chr5	176383969	176385769	176385285	1800	176384869	-900	900	416
chr5	2746426	2748988	2748638	2562	2747707	-1281	1281	931
chr5	139389361	139395326	139394252	5965	139392343	-2982	2983	1909
chr5	140640718	140644387	140642065	3669	140642552	-1834	1835	-487
chr5	471905	476228	475659	4323	474066	-2161	2162	1593
chr5	132865798	132867167	132866923	1369	132866482	-684	685	441
chr5	141509682	141512921	141511158	3239	141511301	-1619	1620	-143
chr5	176383969	176385769	176384136	1800	176384869	-900	900	-733
chr5	176386394	176390852	176389402	4458	176388623	-2229	2229	779
chr5	179834022	179839625	179837713	5603	179836823	-2801	2802	890
chr5	180849873	180852657	180850231	2784	180851265	-1392	1392	-1034
chr5	180849873	180852657	180850605	2784	180851265	-1392	1392	-660
chr5	181232383	181236516	181234694	4133	181234449	-2066	2067	245
chr5	1877381	1884664	1877673	7283	1881022	-3641	3642	-3349
chr5	180849873	180852657	180851287	2784	180851265	-1392	1392	22
chr5	139389361	139395326	139393417	5965	139392343	-2982	2983	1074
chr5	140640718	140644387	140641875	3669	140642552	-1834	1835	-677
chr5	140242150	140246774	140246036	4624	140244462	-2312	2312	1574
chr5	141643240	141647037	141644881	3797	141645138	-1898	1899	-257
chr5	146514917	146516704	146515288	1787	146515810	-893	894	-522
chr5	179834022	179839625	179836530	5603	179836823	-2801	2802	-293
chr5	177593939	177596219	177595333	2280	177595079	-1140	1140	254
chr5	140661698	140662597	140662381	899	140662147	-449	450	234
chr5	61542477	61544991	61543708	2514	61543734	-1257	1257	-26
chr5	179774333	179775889	179774416	1556	179775111	-778	778	-695
chr5	180849873	180852657	180850760	2784	180851265	-1392	1392	-505
chr5	180849873	180852657	180850762	2784	180851265	-1392	1392	-503
chr5	141509682	141512921	141511103	3239	141511301	-1619	1620	-198
chr5	140640718	140644387	140642915	3669	140642552	-1834	1835	363
chr5	177515918	177518076	177516428	2158	177516997	-1079	1079	-569
chr5	176386394	176390852	176386842	4458	176388623	-2229	2229	-1781
chr5	141639313	141641341	141639749	2028	141640327	-1014	1014	-578
chr5	133967869	133969568	133968564	1699	133968718	-849	850	-154
chr5	177513900	177515493	177515000	1593	177514696	-796	797	304
chr5	43289861	43291788	43291050	1927	43290824	-963	964	226
chr5	151097542	151102774	151101406	5232	151100158	-2616	2616	1248
chr5	139389361	139395326	139393351	5965	139392343	-2982	2983	1008
chr5	140554648	140558866	140558671	4218	140556757	-2109	2109	1914
chr5	1877381	1884664	1880762	7283	1881022	-3641	3642	-260
chr5	139389361	139395326	139393978	5965	139392343	-2982	2983	1635
chr5	140675389	140677217	140676785	1828	140676303	-914	914	482
chr5	140675389	140677217	140676994	1828	140676303	-914	914	691
chr5	141639313	141641341	141640552	2028	141640327	-1014	1014	225
chr5	61542477	61544991	61543794	2514	61543734	-1257	1257	60
chr5	146514917	146516704	146515819	1787	146515810	-893	894	9
chr5	177510470	177513842	177511744	3372	177512156	-1686	1686	-412
chr5	180849873	180852657	180850409	2784	180851265	-1392	1392	-856
chr5	177402022	177405546	177402561	3524	177403784	-1762	1762	-1223
chr6	32166568	32172513	32167641	5945	32169540	-2972	2973	-1899
chr6	99400749	99401834	99401260	1085	99401291	-542	543	-31
chr6	31557413	31560659	31557833	3246	31559036	-1623	1623	-1203
chr6	33409254	33415405	33412304	6151	33412329	-3075	3076	-25
chr6	31638178	31642698	31640409	4520	31640438	-2260	2260	-29
chr6	33273367	33281352	33276234	7985	33277359	-3992	3993	-1125
chr6	43049483	43056034	43051114	6551	43052758	-3275	3276	-1644
chr6	43504562	43506078	43505605	1516	43505320	-758	758	285
chr6	2780976	2783943	2783504	2967	2782459	-1483	1484	1045
chr6	27866609	27868605	27867086	1996	27867607	-998	998	-521
chr6	33313698	33318611	33316250	4913	33316154	-2456	2457	96
chr6	27866609	27868605	27866966	1996	27867607	-998	998	-641
chr6	43178224	43182477	43179433	4253	43180350	-2126	2127	-917
chr6	33203399	33206031	33205068	2632	33204715	-1316	1316	353
chr6	99400749	99401834	99401583	1085	99401291	-542	543	292
chr6	33453440	33455884	33455767	2444	33454662	-1222	1222	1105
chr6	30722954	30725520	30723417	2566	30724237	-1283	1283	-820
chr6	34535586	34543360	34538354	7774	34539473	-3887	3887	-1119
chr6	42933127	42940952	42938621	7825	42937039	-3912	3913	1582
chr6	21594179	21596385	21595901	2206	21595282	-1103	1103	619
chr6	21594179	21596385	21595706	2206	21595282	-1103	1103	424
chr6	1608302	1612223	1612073	3921	1610262	-1960	1961	1811
chr6	26155581	26159837	26157096	4256	26157709	-2128	2128	-613
chr6	33211051	33216597	33211850	5546	33213824	-2773	2773	-1974
chr6	43006663	43011099	43008706	4436	43008881	-2218	2218	-175
chr6	31897851	31905019	31900218	7168	31901435	-3584	3584	-1217
chr6	43506494	43509064	43507507	2570	43507779	-1285	1285	-272
chr6	131948665	131951790	131950307	3125	131950227	-1562	1563	80
chr6	33694358	33698909	33695095	4551	33696633	-2275	2276	-1538
chr6	31504598	31510253	31509926	5655	31507425	-2827	2828	2501
chr6	33313698	33318611	33315611	4913	33316154	-2456	2457	-543
chr6	132813491	132814894	132814583	1403	132814192	-701	702	391
chr6	131948665	131951790	131949541	3125	131950227	-1562	1563	-686
chr6	35472691	35476705	35475055	4014	35474698	-2007	2007	357
chr6	73415673	73417133	73416197	1460	73416403	-730	730	-206
chr6	31797331	31801421	31797813	4090	31799376	-2045	2045	-1563
chr6	43012312	43015271	43013252	2959	43013791	-1479	1480	-539
chr6	30599558	30603735	30600600	4177	30601646	-2088	2089	-1046
chr6	43011215	43012239	43011343	1024	43011727	-512	512	-384
chr6	31965231	31972717	31971114	7486	31968974	-3743	3743	2140
chr6	43039660	43041234	43040179	1574	43040447	-787	787	-268
chr6	31897851	31905019	31901005	7168	31901435	-3584	3584	-430
chr6	43019606	43020880	43020765	1274	43020243	-637	637	522
chr6	33273367	33281352	33279803	7985	33277359	-3992	3993	2444
chr6	30729879	30731621	30731042	1742	30730750	-871	871	292
chr6	37479174	37486944	37479254	7770	37483059	-3885	3885	-3805
chr6	30648283	30652466	30649598	4183	30650374	-2091	2092	-776
chr6	33273367	33281352	33278080	7985	33277359	-3992	3993	721
chr6	33694358	33698909	33697776	4551	33696633	-2275	2276	1143
chr6	37479174	37486944	37483213	7770	37483059	-3885	3885	154
chr6	30909531	30916450	30914853	6919	30912990	-3459	3460	1863
chr6	87510506	87511963	87511871	1457	87511234	-728	729	637
chr6	139372988	139375125	139373725	2137	139374056	-1068	1069	-331
chr6	30342744	30347404	30343058	4660	30345074	-2330	2330	-2016
chr6	41768758	41772385	41770655	3627	41770571	-1813	1814	84
chr6	43506494	43509064	43507274	2570	43507779	-1285	1285	-505
chr6	41768758	41772385	41770999	3627	41770571	-1813	1814	428
chr6	109444358	109450716	109445246	6358	109447537	-3179	3179	-2291
chr6	3269746	3271062	3269983	1316	3270404	-658	658	-421
chr6	26155581	26159837	26158165	4256	26157709	-2128	2128	456
chr6	82363501	82365741	82365408	2240	82364621	-1120	1120	787
chr6	27145127	27146672	27146555	1545	27145899	-772	773	656
chr6	35842046	35845482	35842532	3436	35843764	-1718	1718	-1232
chr6	30624414	30629765	30627230	5351	30627089	-2675	2676	141
chr6	30599558	30603735	30603570	4177	30601646	-2088	2089	1924
chr6	4953469	4954255	4953963	786	4953862	-393	393	101
chr6	13287086	13289553	13287210	2467	13288319	-1233	1234	-1109
chr6	31661405	31666726	31663857	5321	31664065	-2660	2661	-208
chr6	30599558	30603735	30602281	4177	30601646	-2088	2089	635
chr6	99400749	99401834	99401311	1085	99401291	-542	543	20
chr6	33273367	33281352	33277637	7985	33277359	-3992	3993	278
chr6	7582873	7585809	7583615	2936	7584341	-1468	1468	-726
chr6	26155581	26159837	26156572	4256	26157709	-2128	2128	-1137
chr6	33694358	33698909	33695721	4551	33696633	-2275	2276	-912
chr6	139372988	139375125	139373185	2137	139374056	-1068	1069	-871
chr6	43778203	43785877	43784714	7674	43782040	-3837	3837	2674
chr6	30898144	30899943	30899569	1799	30899043	-899	900	526
chr6	31949113	31951836	31949427	2723	31950474	-1361	1362	-1047
chr6	33273367	33281352	33278318	7985	33277359	-3992	3993	959
chr6	131948665	131951790	131950011	3125	131950227	-1562	1563	-216
chr6	159799565	159802806	159801176	3241	159801185	-1620	1621	-9
chr6	43620517	43626984	43621253	6467	43623750	-3233	3234	-2497
chr6	21594179	21596385	21594705	2206	21595282	-1103	1103	-577
chr6	43024250	43028878	43025076	4628	43026564	-2314	2314	-1488
chr6	43778203	43785877	43784790	7674	43782040	-3837	3837	2750
chr6	41768758	41772385	41770442	3627	41770571	-1813	1814	-129
chr6	41935475	41943215	41935986	7740	41939345	-3870	3870	-3359
chr6	109444358	109450716	109445442	6358	109447537	-3179	3179	-2095
chr6	30909531	30916450	30915777	6919	30912990	-3459	3460	2787
chr6	7582873	7585809	7582883	2936	7584341	-1468	1468	-1458
chr6	7582873	7585809	7584887	2936	7584341	-1468	1468	546
chr6	116252915	116254372	116253258	1457	116253643	-728	729	-385
chr6	39185047	39191896	39191138	6849	39188471	-3424	3425	2667
chr6	33273367	33281352	33280808	7985	33277359	-3992	3993	3449
chr6	43035525	43039315	43037711	3790	43037420	-1895	1895	291
chr6	31638178	31642698	31640224	4520	31640438	-2260	2260	-214
chr6	31965231	31972717	31966773	7486	31968974	-3743	3743	-2201
chr6	73415673	73417133	73416112	1460	73416403	-730	730	-291
chr6	41930586	41933158	41931486	2572	41931872	-1286	1286	-386
chr6	43006663	43011099	43007215	4436	43008881	-2218	2218	-1666
chr6	133990655	133992235	133991130	1580	133991445	-790	790	-315
chr6	30722954	30725520	30723707	2566	30724237	-1283	1283	-530
chr6	41026923	41033476	41033112	6553	41030199	-3276	3277	2913
chr6	30645954	30648210	30647525	2256	30647082	-1128	1128	443
chr6	31965231	31972717	31972666	7486	31968974	-3743	3743	3692
chr6	33694358	33698909	33695174	4551	33696633	-2275	2276	-1459
chr6	43620517	43626984	43622129	6467	43623750	-3233	3234	-1621
chr6	33313698	33318611	33315849	4913	33316154	-2456	2457	-305
chr6	7582873	7585809	7583923	2936	7584341	-1468	1468	-418
chr6	33690725	33693754	33691910	3029	33692239	-1514	1515	-329
chr6	33409254	33415405	33414309	6151	33412329	-3075	3076	1980
chr6	35835195	35838364	35835230	3169	35836779	-1584	1585	-1549
chr6	43012312	43015271	43013334	2959	43013791	-1479	1480	-457
chr6	43012312	43015271	43012476	2959	43013791	-1479	1480	-1315
chr6	31965231	31972717	31970800	7486	31968974	-3743	3743	1826
chr6	43035525	43039315	43038563	3790	43037420	-1895	1895	1143
chr6	43778203	43785877	43785472	7674	43782040	-3837	3837	3432
chr6	39185047	39191896	39191674	6849	39188471	-3424	3425	3203
chr6	41768758	41772385	41770812	3627	41770571	-1813	1814	241
chr6	30599558	30603735	30601501	4177	30601646	-2088	2089	-145
chr6	32166568	32172513	32170857	5945	32169540	-2972	2973	1317
chr6	26155581	26159837	26156657	4256	26157709	-2128	2128	-1052
chr6	39185047	39191896	39190853	6849	39188471	-3424	3425	2382
chr6	43006663	43011099	43010986	4436	43008881	-2218	2218	2105
chr6	33273367	33281352	33280698	7985	33277359	-3992	3993	3339
chr6	3153270	3155066	3153769	1796	3154168	-898	898	-399
chr6	30645954	30648210	30646066	2256	30647082	-1128	1128	-1016
chr6	43506494	43509064	43507538	2570	43507779	-1285	1285	-241
chr6	31965231	31972717	31968903	7486	31968974	-3743	3743	-71
chr6	3153270	3155066	3153992	1796	3154168	-898	898	-176
chr6	43011215	43012239	43011788	1024	43011727	-512	512	61
chr6	37479174	37486944	37485161	7770	37483059	-3885	3885	2102
chr6	43049483	43056034	43051051	6551	43052758	-3275	3276	-1707
chr6	26232827	26234688	26234589	1861	26233757	-930	931	832
chr6	7582873	7585809	7583184	2936	7584341	-1468	1468	-1157
chr6	31504598	31510253	31507458	5655	31507425	-2827	2828	33
chr6	31657662	31659835	31659272	2173	31658748	-1086	1087	524
chr6	31860810	31862967	31862749	2157	31861888	-1078	1079	861
chr6	31949113	31951836	31950616	2723	31950474	-1361	1362	142
chr6	31965231	31972717	31966763	7486	31968974	-3743	3743	-2211
chr6	37479174	37486944	37483084	7770	37483059	-3885	3885	25
chr6	43006663	43011099	43009330	4436	43008881	-2218	2218	449
chr6	43006663	43011099	43010688	4436	43008881	-2218	2218	1807
chr6	43011215	43012239	43011248	1024	43011727	-512	512	-479
chr6	26051501	26056616	26055889	5115	26054058	-2557	2558	1831
chr6	31965231	31972717	31967030	7486	31968974	-3743	3743	-1944
chr6	33313698	33318611	33315669	4913	33316154	-2456	2457	-485
chr6	33313698	33318611	33316713	4913	33316154	-2456	2457	559
chr6	34247481	34250908	34247792	3427	34249194	-1713	1714	-1402
chr6	36493453	36498676	36496723	5223	36496064	-2611	2612	659
chr6	42889701	42892097	42890742	2396	42890899	-1198	1198	-157
chr6	42933127	42940952	42938125	7825	42937039	-3912	3913	1086
chr6	116252915	116254372	116253681	1457	116253643	-728	729	38
chr6	133990655	133992235	133991148	1580	133991445	-790	790	-297
chr6	7582873	7585809	7583635	2936	7584341	-1468	1468	-706
chr6	33409254	33415405	33414538	6151	33412329	-3075	3076	2209
chr6	35842046	35845482	35842585	3436	35843764	-1718	1718	-1179
chr6	30722954	30725520	30724389	2566	30724237	-1283	1283	152
chr6	30909531	30916450	30911179	6919	30912990	-3459	3460	-1811
chr6	33453440	33455884	33455749	2444	33454662	-1222	1222	1087
chr6	34535586	34543360	34541045	7774	34539473	-3887	3887	1572
chr6	41935475	41943215	41935854	7740	41939345	-3870	3870	-3491
chr6	41935475	41943215	41936054	7740	41939345	-3870	3870	-3291
chr6	42688132	42690107	42689668	1975	42689119	-987	988	549
chr6	26051501	26056616	26055834	5115	26054058	-2557	2558	1776
chr6	26051501	26056616	26055878	5115	26054058	-2557	2558	1820
chr6	30599558	30603735	30602316	4177	30601646	-2088	2089	670
chr6	31797331	31801421	31797857	4090	31799376	-2045	2045	-1519
chr6	32979795	32981302	32981128	1507	32980548	-753	754	580
chr6	33203399	33206031	33204383	2632	33204715	-1316	1316	-332
chr6	83195810	83200779	83196093	4969	83198294	-2484	2485	-2201
chr6	169701646	169703832	169702603	2186	169702739	-1093	1093	-136
chr6	169701646	169703832	169703368	2186	169702739	-1093	1093	629
chr6	1608302	1612223	1610818	3921	1610262	-1960	1961	556
chr6	31965231	31972717	31966838	7486	31968974	-3743	3743	-2136
chr6	31965231	31972717	31969597	7486	31968974	-3743	3743	623
chr6	33273367	33281352	33278119	7985	33277359	-3992	3993	760
chr6	33193441	33197378	33196022	3937	33195409	-1968	1969	613
chr6	33273367	33281352	33277432	7985	33277359	-3992	3993	73
chr6	31531513	31537583	31532822	6070	31534548	-3035	3035	-1726
chr6	35472691	35476705	35476361	4014	35474698	-2007	2007	1663
chr6	32186623	32191245	32187142	4622	32188934	-2311	2311	-1792
chr6	32166568	32172513	32168063	5945	32169540	-2972	2973	-1477
chr6	34243465	34247115	34246522	3650	34245290	-1825	1825	1232
chr6	26155581	26159837	26156675	4256	26157709	-2128	2128	-1034
chr6	7582873	7585809	7585460	2936	7584341	-1468	1468	1119
chr6	32979795	32981302	32980438	1507	32980548	-753	754	-110
chr6	43523861	43526098	43523891	2237	43524979	-1118	1119	-1088
chr6	31965231	31972717	31969828	7486	31968974	-3743	3743	854
chr6	43049483	43056034	43055804	6551	43052758	-3275	3276	3046
chr6	43006663	43011099	43008406	4436	43008881	-2218	2218	-475
chr6	87510506	87511963	87511448	1457	87511234	-728	729	214
chr6	7582873	7585809	7583252	2936	7584341	-1468	1468	-1089
chr6	43049483	43056034	43054468	6551	43052758	-3275	3276	1710
chr6	30743669	30746008	30743926	2339	30744838	-1169	1170	-912
chr6	33273367	33281352	33276066	7985	33277359	-3992	3993	-1293
chr6	26232827	26234688	26234490	1861	26233757	-930	931	733
chr6	1608302	1612223	1610703	3921	1610262	-1960	1961	441
chr6	7582873	7585809	7584352	2936	7584341	-1468	1468	11
chr6	43012312	43015271	43013122	2959	43013791	-1479	1480	-669
chr6	26155581	26159837	26158156	4256	26157709	-2128	2128	447
chr6	26232827	26234688	26234459	1861	26233757	-930	931	702
chr6	43049483	43056034	43054357	6551	43052758	-3275	3276	1599
chr6	43012312	43015271	43012961	2959	43013791	-1479	1480	-830
chr6	42933127	42940952	42938666	7825	42937039	-3912	3913	1627
chr6	13633779	13635414	13634506	1635	13634596	-817	818	-90
chr6	26155581	26159837	26158398	4256	26157709	-2128	2128	689
chr6	32186623	32191245	32186812	4622	32188934	-2311	2311	-2122
chr6	30342744	30347404	30345361	4660	30345074	-2330	2330	287
chr6	26155581	26159837	26158432	4256	26157709	-2128	2128	723
chr6	26232827	26234688	26234269	1861	26233757	-930	931	512
chr6	30909531	30916450	30913180	6919	30912990	-3459	3460	190
chr6	30909531	30916450	30915153	6919	30912990	-3459	3460	2163
chr6	31965231	31972717	31971606	7486	31968974	-3743	3743	2632
chr6	35472691	35476705	35474855	4014	35474698	-2007	2007	157
chr6	35575386	35577418	35575906	2032	35576402	-1016	1016	-496
chr6	43049483	43056034	43050055	6551	43052758	-3275	3276	-2703
chr6	44111911	44114299	44114065	2388	44113105	-1194	1194	960
chr6	109444358	109450716	109445236	6358	109447537	-3179	3179	-2301
chr6	116252915	116254372	116253681	1457	116253643	-728	729	38
chr6	43071351	43074201	43072193	2850	43072776	-1425	1425	-583
chr6	12292519	12294322	12294053	1803	12293420	-901	902	633
chr6	26596434	26599131	26598050	2697	26597782	-1348	1349	268
chr6	30185135	30186475	30186101	1340	30185805	-670	670	296
chr6	43509094	43514301	43512089	5207	43511697	-2603	2604	392
chr6	7582873	7585809	7583741	2936	7584341	-1468	1468	-600
chr6	7582873	7585809	7584636	2936	7584341	-1468	1468	295
chr6	7582873	7585809	7584827	2936	7584341	-1468	1468	486
chr6	7582873	7585809	7585504	2936	7584341	-1468	1468	1163
chr6	12292519	12294322	12294317	1803	12293420	-901	902	897
chr6	31638178	31642698	31641108	4520	31640438	-2260	2260	670
chr6	32186623	32191245	32187029	4622	32188934	-2311	2311	-1905
chr6	41768758	41772385	41770749	3627	41770571	-1813	1814	178
chr6	43178224	43182477	43179255	4253	43180350	-2126	2127	-1095
chr6	107067737	107071691	107069004	3954	107069714	-1977	1977	-710
chr6	31952231	31954803	31954590	2572	31953517	-1286	1286	1073
chr6	27866609	27868605	27867101	1996	27867607	-998	998	-506
chr6	28231344	28232817	28232602	1473	28232080	-736	737	522
chr6	30722954	30725520	30724193	2566	30724237	-1283	1283	-44
chr6	31965231	31972717	31970020	7486	31968974	-3743	3743	1046
chr6	116252915	116254372	116253813	1457	116253643	-728	729	170
chr6	139372988	139375125	139373952	2137	139374056	-1068	1069	-104
chr6	43049483	43056034	43051292	6551	43052758	-3275	3276	-1466
chr6	107067737	107071691	107069024	3954	107069714	-1977	1977	-690
chr6	30743669	30746008	30743972	2339	30744838	-1169	1170	-866
chr6	31638178	31642698	31639076	4520	31640438	-2260	2260	-1362
chr6	43506494	43509064	43508785	2570	43507779	-1285	1285	1006
chr6	31952231	31954803	31954656	2572	31953517	-1286	1286	1139
chr6	13616734	13618217	13618085	1483	13617475	-741	742	610
chr6	33313698	33318611	33316004	4913	33316154	-2456	2457	-150
chr6	33690725	33693754	33693605	3029	33692239	-1514	1515	1366
chr6	83195810	83200779	83196307	4969	83198294	-2484	2485	-1987
chr6	26596434	26599131	26598289	2697	26597782	-1348	1349	507
chr6	36683515	36684768	36684394	1253	36684141	-626	627	253
chr6	132813491	132814894	132814595	1403	132814192	-701	702	403
chr6	132813491	132814894	132814596	1403	132814192	-701	702	404
chr6	33694358	33698909	33694999	4551	33696633	-2275	2276	-1634
chr6	33690725	33693754	33691715	3029	33692239	-1514	1515	-524
chr6	26596434	26599131	26597982	2697	26597782	-1348	1349	200
chr6	43035525	43039315	43037743	3790	43037420	-1895	1895	323
chr6	32166568	32172513	32167502	5945	32169540	-2972	2973	-2038
chr6	43035525	43039315	43037773	3790	43037420	-1895	1895	353
chr6	21594179	21596385	21596112	2206	21595282	-1103	1103	830
chr6	27866609	27868605	27867416	1996	27867607	-998	998	-191
chr6	43178224	43182477	43179915	4253	43180350	-2126	2127	-435
chr6	31661405	31666726	31663994	5321	31664065	-2660	2661	-71
chr6	31638178	31642698	31641317	4520	31640438	-2260	2260	879
chr6	109444358	109450716	109447712	6358	109447537	-3179	3179	175
chr6	33273367	33281352	33279534	7985	33277359	-3992	3993	2175
chr6	33313698	33318611	33316566	4913	33316154	-2456	2457	412
chr6	43519924	43521112	43520701	1188	43520518	-594	594	183
chr6	30655845	30657551	30656701	1706	30656698	-853	853	3
chr6	33203399	33206031	33205264	2632	33204715	-1316	1316	549
chr6	21596595	21597942	21597493	1347	21597268	-673	674	225
chr6	32166568	32172513	32170424	5945	32169540	-2972	2973	884
chr6	43509094	43514301	43512822	5207	43511697	-2603	2604	1125
chr6	33453440	33455884	33455430	2444	33454662	-1222	1222	768
chr6	26051501	26056616	26055811	5115	26054058	-2557	2558	1753
chr6	33273367	33281352	33278670	7985	33277359	-3992	3993	1311
chr6	26232827	26234688	26234265	1861	26233757	-930	931	508
chr6	31897851	31905019	31900059	7168	31901435	-3584	3584	-1376
chr6	158764064	158767769	158767067	3705	158765916	-1852	1853	1151
chr6	43178224	43182477	43178444	4253	43180350	-2126	2127	-1906
chr6	3153270	3155066	3153869	1796	3154168	-898	898	-299
chr6	30185135	30186475	30185895	1340	30185805	-670	670	90
chr6	31965231	31972717	31970400	7486	31968974	-3743	3743	1426
chr6	43012312	43015271	43013185	2959	43013791	-1479	1480	-606
chr6	43504562	43506078	43504896	1516	43505320	-758	758	-424
chr6	116252915	116254372	116253343	1457	116253643	-728	729	-300
chr6	43006663	43011099	43008735	4436	43008881	-2218	2218	-146
chr6	26596434	26599131	26598605	2697	26597782	-1348	1349	823
chr6	27145127	27146672	27146601	1545	27145899	-772	773	702
chr6	42889701	42892097	42890519	2396	42890899	-1198	1198	-380
chr6	87510506	87511963	87511579	1457	87511234	-728	729	345
chr6	41026923	41033476	41031727	6553	41030199	-3276	3277	1528
chr7	73441232	73447012	73442223	5780	73444122	-2890	2890	-1899
chr7	100111737	100114186	100113661	2449	100112961	-1224	1225	700
chr7	102423668	102430994	102425386	7326	102427331	-3663	3663	-1945
chr7	128390954	128395239	128392414	4285	128393096	-2142	2143	-682
chr7	72948147	72949602	72948253	1455	72948874	-727	728	-621
chr7	100062895	100064133	100064095	1238	100063514	-619	619	581
chr7	149176370	149180073	149179838	3703	149178221	-1851	1852	1617
chr7	73591138	73596772	73596178	5634	73593955	-2817	2817	2223
chr7	5620239	5624111	5622907	3872	5622175	-1936	1936	732
chr7	151044103	151045776	151044218	1673	151044939	-836	837	-721
chr7	6161998	6164498	6162216	2500	6163248	-1250	1250	-1032
chr7	23505929	23507493	23506151	1564	23506711	-782	782	-560
chr7	73678995	73685102	73683218	6107	73682048	-3053	3054	1170
chr7	128390954	128395239	128393025	4285	128393096	-2142	2143	-71
chr7	44577925	44583809	44579520	5884	44580867	-2942	2942	-1347
chr7	72948147	72949602	72948879	1455	72948874	-727	728	5
chr7	128773764	128777661	128774616	3897	128775712	-1948	1949	-1096
chr7	135163282	135166956	135166782	3674	135165119	-1837	1837	1663
chr7	149070533	149072455	149070879	1922	149071494	-961	961	-615
chr7	149222015	149226140	149224569	4125	149224077	-2062	2063	492
chr7	123684270	123685151	123684581	881	123684710	-440	441	-129
chr7	73591138	73596772	73593709	5634	73593955	-2817	2817	-246
chr7	45099487	45103698	45101575	4211	45101592	-2105	2106	-17
chr7	6161998	6164498	6163060	2500	6163248	-1250	1250	-188
chr7	894899	901237	895349	6338	898068	-3169	3169	-2719
chr7	73303078	73304503	73303443	1425	73303790	-712	713	-347
chr7	100111737	100114186	100114126	2449	100112961	-1224	1225	1165
chr7	43950229	43953401	43952806	3172	43951815	-1586	1586	991
chr7	149729678	149732633	149730584	2955	149731155	-1477	1478	-571
chr7	32869206	32870850	32869383	1644	32870028	-822	822	-645
chr7	149430734	149434090	149432619	3356	149432412	-1678	1678	207
chr7	151236991	151240600	151240516	3609	151238795	-1804	1805	1721
chr7	44565144	44571388	44566476	6244	44568266	-3122	3122	-1790
chr7	140453780	140459518	140454672	5738	140456649	-2869	2869	-1977
chr7	107931561	107932675	107932286	1114	107932118	-557	557	168
chr7	151241396	151243706	151241908	2310	151242551	-1155	1155	-643
chr7	75418524	75421241	75418866	2717	75419882	-1358	1359	-1016
chr7	19697993	19698870	19698533	877	19698431	-438	439	102
chr7	148999698	149004039	149003219	4341	149001868	-2170	2171	1351
chr7	73303078	73304503	73303533	1425	73303790	-712	713	-257
chr7	130507296	130508998	130507796	1702	130508147	-851	851	-351
chr7	141790561	141792669	141791291	2108	141791615	-1054	1054	-324
chr7	151052650	151056748	151052723	4098	151054699	-2049	2049	-1976
chr7	151052650	151056748	151055373	4098	151054699	-2049	2049	674
chr7	152851717	152855366	152853569	3649	152853541	-1824	1825	28
chr7	6330476	6331309	6330901	833	6330892	-416	417	9
chr7	102473501	102475056	102474363	1555	102474278	-777	778	85
chr7	72948147	72949602	72948447	1455	72948874	-727	728	-427
chr7	102473501	102475056	102473627	1555	102474278	-777	778	-651
chr7	73678995	73685102	73683845	6107	73682048	-3053	3054	1797
chr7	75415481	75416938	75416282	1457	75416209	-728	729	73
chr7	100107201	100108472	100107273	1271	100107836	-635	636	-563
chr7	149729678	149732633	149731686	2955	149731155	-1477	1478	531
chr7	151052650	151056748	151052667	4098	151054699	-2049	2049	-2032
chr7	75415481	75416938	75415650	1457	75416209	-728	729	-559
chr7	127581998	127583646	127583005	1648	127582822	-824	824	183
chr7	128773764	128777661	128775459	3897	128775712	-1948	1949	-253
chr7	73303078	73304503	73304333	1425	73303790	-712	713	543
chr7	72948147	72949602	72948894	1455	72948874	-727	728	20
chr7	103097172	103099632	103098356	2460	103098402	-1230	1230	-46
chr7	140453780	140459518	140454630	5738	140456649	-2869	2869	-2019
chr7	67236795	67241918	67238402	5123	67239356	-2561	2562	-954
chr7	151236991	151240600	151240491	3609	151238795	-1804	1805	1696
chr7	100170049	100174994	100172141	4945	100172521	-2472	2473	-380
chr7	128944962	128948094	128947187	3132	128946528	-1566	1566	659
chr7	98291973	98293293	98292595	1320	98292633	-660	660	-38
chr7	149070533	149072455	149070560	1922	149071494	-961	961	-934
chr7	12686387	12688971	12688797	2584	12687679	-1292	1292	1118
chr7	76327751	76330711	76330069	2960	76329231	-1480	1480	838
chr7	149070533	149072455	149071186	1922	149071494	-961	961	-308
chr7	99417614	99422766	99419929	5152	99420190	-2576	2576	-261
chr7	151231493	151236954	151235247	5461	151234223	-2730	2731	1024
chr7	73731828	73739375	73737263	7547	73735601	-3773	3774	1662
chr7	43875981	43879580	43878457	3599	43877780	-1799	1800	677
chr7	156675440	156676657	156675707	1217	156676048	-608	609	-341
chr7	100109427	100110611	100110243	1184	100110019	-592	592	224
chr7	100218480	100225933	100220949	7453	100222206	-3726	3727	-1257
chr7	73591138	73596772	73594270	5634	73593955	-2817	2817	315
chr7	128948324	128950243	128948679	1919	128949283	-959	960	-604
chr7	1567249	1571371	1567824	4122	1569310	-2061	2061	-1486
chr7	74194020	74196350	74195293	2330	74195185	-1165	1165	108
chr7	128944962	128948094	128946607	3132	128946528	-1566	1566	79
chr7	148806319	148810614	148809098	4295	148808466	-2147	2148	632
chr7	107928297	107930135	107929783	1838	107929216	-919	919	567
chr7	76302026	76304970	76304224	2944	76303498	-1472	1472	726
chr7	26182808	26184107	26183762	1299	26183457	-649	650	305
chr7	45077044	45084967	45080923	7923	45081005	-3961	3962	-82
chr7	73591138	73596772	73594292	5634	73593955	-2817	2817	337
chr7	143287843	143289502	143288436	1659	143288672	-829	830	-236
chr7	151142302	151144363	151142610	2061	151143332	-1030	1031	-722
chr7	151052650	151056748	151055068	4098	151054699	-2049	2049	369
chr7	107928297	107930135	107929783	1838	107929216	-919	919	567
chr7	73591138	73596772	73594270	5634	73593955	-2817	2817	315
chr7	76302026	76304970	76304065	2944	76303498	-1472	1472	567
chr7	29921277	29924269	29923838	2992	29922773	-1496	1496	1065
chr7	73303078	73304503	73303632	1425	73303790	-712	713	-158
chr7	73303078	73304503	73304264	1425	73303790	-712	713	474
chr7	128390954	128395239	128394598	4285	128393096	-2142	2143	1502
chr7	6161998	6164498	6162137	2500	6163248	-1250	1250	-1111
chr7	6161998	6164498	6163016	2500	6163248	-1250	1250	-232
chr7	140453780	140459518	140456649	5738	140456649	-2869	2869	0
chr7	43875981	43879580	43876495	3599	43877780	-1799	1800	-1285
chr7	135163282	135166956	135164751	3674	135165119	-1837	1837	-368
chr7	56072817	56080251	56078490	7434	56076534	-3717	3717	1956
chr7	76327751	76330711	76330184	2960	76329231	-1480	1480	953
chr7	99417614	99422766	99419370	5152	99420190	-2576	2576	-820
chr7	43875981	43879580	43876774	3599	43877780	-1799	1800	-1006
chr7	98286802	98291305	98291212	4503	98289053	-2251	2252	2159
chr7	151052650	151056748	151056591	4098	151054699	-2049	2049	1892
chr7	100170049	100174994	100170266	4945	100172521	-2472	2473	-2255
chr7	149253959	149256013	149254499	2054	149254986	-1027	1027	-487
chr7	149430734	149434090	149432395	3356	149432412	-1678	1678	-17
chr7	100170049	100174994	100172162	4945	100172521	-2472	2473	-359
chr7	73767615	73770524	73769320	2909	73769069	-1454	1455	251
chr7	157266707	157268005	157267616	1298	157267356	-649	649	260
chr7	100111737	100114186	100112890	2449	100112961	-1224	1225	-71
chr7	135163282	135166956	135165000	3674	135165119	-1837	1837	-119
chr7	2247477	2251316	2250994	3839	2249396	-1919	1920	1598
chr7	6022601	6023961	6023712	1360	6023281	-680	680	431
chr7	151142302	151144363	151143848	2061	151143332	-1030	1031	516
chr7	151236991	151240600	151240116	3609	151238795	-1804	1805	1321
chr7	148797611	148800533	148798651	2922	148799072	-1461	1461	-421
chr7	87196314	87197802	87196645	1488	87197058	-744	744	-413
chr7	73303078	73304503	73304030	1425	73303790	-712	713	240
chr7	105112135	105113420	105112348	1285	105112777	-642	643	-429
chr7	128773764	128777661	128775083	3897	128775712	-1948	1949	-629
chr7	135163282	135166956	135166577	3674	135165119	-1837	1837	1458
chr7	149070533	149072455	149070855	1922	149071494	-961	961	-639
chr7	151052650	151056748	151052738	4098	151054699	-2049	2049	-1961
chr7	100119767	100125000	100122300	5233	100122383	-2616	2617	-83
chr7	2730830	2732101	2731182	1271	2731465	-635	636	-283
chr7	2730830	2732101	2731469	1271	2731465	-635	636	4
chr7	19697993	19698870	19698718	877	19698431	-438	439	287
chr7	26182808	26184107	26183777	1299	26183457	-649	650	320
chr7	43875981	43879580	43877590	3599	43877780	-1799	1800	-190
chr7	44072267	44077171	44073393	4904	44074719	-2452	2452	-1326
chr7	45077044	45084967	45082129	7923	45081005	-3961	3962	1124
chr7	45077044	45084967	45082793	7923	45081005	-3961	3962	1788
chr7	56072817	56080251	56079689	7434	56076534	-3717	3717	3155
chr7	56104038	56106170	56104255	2132	56105104	-1066	1066	-849
chr7	100089798	100094692	100092877	4894	100092245	-2447	2447	632
chr7	100576486	100582989	100577843	6503	100579737	-3251	3252	-1894
chr7	135163282	135166956	135164660	3674	135165119	-1837	1837	-459
chr7	141790561	141792669	141790569	2108	141791615	-1054	1054	-1046
chr7	149070533	149072455	149071225	1922	149071494	-961	961	-269
chr7	149070533	149072455	149072069	1922	149071494	-961	961	575
chr7	2252260	2259704	2255092	7444	2255982	-3722	3722	-890
chr7	131499249	131500792	131500393	1543	131500020	-771	772	373
chr7	92396886	92398815	92398567	1929	92397850	-964	965	717
chr7	45077044	45084967	45082187	7923	45081005	-3961	3962	1182
chr7	43875981	43879580	43877077	3599	43877780	-1799	1800	-703
chr7	43875981	43879580	43877394	3599	43877780	-1799	1800	-386
chr7	43875981	43879580	43876612	3599	43877780	-1799	1800	-1168
chr7	43875981	43879580	43878014	3599	43877780	-1799	1800	234
chr7	43875981	43879580	43878664	3599	43877780	-1799	1800	884
chr7	43875981	43879580	43878954	3599	43877780	-1799	1800	1174
chr7	6330476	6331309	6330728	833	6330892	-416	417	-164
chr7	23505929	23507493	23506144	1564	23506711	-782	782	-567
chr7	43875981	43879580	43878668	3599	43877780	-1799	1800	888
chr7	107928297	107930135	107929634	1838	107929216	-919	919	418
chr7	130507296	130508998	130508652	1702	130508147	-851	851	505
chr7	141790561	141792669	141790880	2108	141791615	-1054	1054	-735
chr7	148999698	149004039	149003828	4341	149001868	-2170	2171	1960
chr7	148999698	149004039	149003980	4341	149001868	-2170	2171	2112
chr7	151052650	151056748	151056597	4098	151054699	-2049	2049	1898
chr7	152851717	152855366	152854709	3649	152853541	-1824	1825	1168
chr7	2730830	2732101	2731412	1271	2731465	-635	636	-53
chr7	2730830	2732101	2731563	1271	2731465	-635	636	98
chr7	45077044	45084967	45083385	7923	45081005	-3961	3962	2380
chr7	75418524	75421241	75418733	2717	75419882	-1358	1359	-1149
chr7	100089798	100094692	100091470	4894	100092245	-2447	2447	-775
chr7	100170049	100174994	100170194	4945	100172521	-2472	2473	-2327
chr7	73303078	73304503	73303466	1425	73303790	-712	713	-324
chr7	149070533	149072455	149072021	1922	149071494	-961	961	527
chr7	135678731	135684045	135681591	5314	135681388	-2657	2657	203
chr7	98291973	98293293	98292568	1320	98292633	-660	660	-65
chr7	105112135	105113420	105112234	1285	105112777	-642	643	-543
chr7	128944962	128948094	128947903	3132	128946528	-1566	1566	1375
chr7	127581998	127583646	127582504	1648	127582822	-824	824	-318
chr7	143287843	143289502	143288478	1659	143288672	-829	830	-194
chr7	56104038	56106170	56104233	2132	56105104	-1066	1066	-871
chr7	127581998	127583646	127582552	1648	127582822	-824	824	-270
chr7	72948147	72949602	72948612	1455	72948874	-727	728	-262
chr7	156675440	156676657	156676539	1217	156676048	-608	609	491
chr7	128773764	128777661	128775718	3897	128775712	-1948	1949	6
chr7	135678731	135684045	135681688	5314	135681388	-2657	2657	300
chr7	149253959	149256013	149255304	2054	149254986	-1027	1027	318
chr7	151236991	151240600	151240480	3609	151238795	-1804	1805	1685
chr7	1087809	1092153	1092113	4344	1089981	-2172	2172	2132
chr7	100089798	100094692	100091277	4894	100092245	-2447	2447	-968
chr7	32869206	32870850	32870643	1644	32870028	-822	822	615
chr7	100105805	100107113	100106841	1308	100106459	-654	654	382
chr7	149070533	149072455	149072065	1922	149071494	-961	961	571
chr7	149222015	149226140	149224477	4125	149224077	-2062	2063	400
chr7	73731828	73739375	73737593	7547	73735601	-3773	3774	1992
chr7	73536936	73538399	73537373	1463	73537667	-731	732	-294
chr7	29921277	29924269	29924098	2992	29922773	-1496	1496	1325
chr7	102316598	102322365	102320470	5767	102319481	-2883	2884	989
chr7	102453417	102458057	102457694	4640	102455737	-2320	2320	1957
chr7	107928297	107930135	107929783	1838	107929216	-919	919	567
chr7	107922223	107925794	107924056	3571	107924008	-1785	1786	48
chr7	100089798	100094692	100092835	4894	100092245	-2447	2447	590
chr7	73591138	73596772	73594277	5634	73593955	-2817	2817	322
chr7	12686387	12688971	12688669	2584	12687679	-1292	1292	990
chr7	43875981	43879580	43878113	3599	43877780	-1799	1800	333
chr7	100089798	100094692	100092918	4894	100092245	-2447	2447	673
chr7	100218480	100225933	100221168	7453	100222206	-3726	3727	-1038
chr7	100119767	100125000	100124891	5233	100122383	-2616	2617	2508
chr7	87192627	87194661	87193930	2034	87193644	-1017	1017	286
chr7	144377439	144382006	144380010	4567	144379722	-2283	2284	288
chr7	73303078	73304503	73303379	1425	73303790	-712	713	-411
chr7	151231493	151236954	151235573	5461	151234223	-2730	2731	1350
chr7	72948147	72949602	72948190	1455	72948874	-727	728	-684
chr7	105112135	105113420	105113283	1285	105112777	-642	643	506
chr7	128773764	128777661	128775458	3897	128775712	-1948	1949	-254
chr7	2730830	2732101	2731258	1271	2731465	-635	636	-207
chr7	100089798	100094692	100089818	4894	100092245	-2447	2447	-2427
chr7	149430734	149434090	149432648	3356	149432412	-1678	1678	236
chr7	100089798	100094692	100093085	4894	100092245	-2447	2447	840
chr7	100089798	100094692	100093381	4894	100092245	-2447	2447	1136
chr7	73731828	73739375	73736338	7547	73735601	-3773	3774	737
chr7	1567249	1571371	1569414	4122	1569310	-2061	2061	104
chr7	99417614	99422766	99419298	5152	99420190	-2576	2576	-892
chr8	38259170	38261972	38260117	2802	38260571	-1401	1401	-454
chr8	25418051	25423104	25419348	5053	25420577	-2526	2527	-1229
chr8	38259170	38261972	38260053	2802	38260571	-1401	1401	-518
chr8	144354974	144361416	144355625	6442	144358195	-3221	3221	-2570
chr8	11837750	11839078	11838871	1328	11838414	-664	664	457
chr8	100259976	100261768	100261670	1792	100260872	-896	896	798
chr8	73292384	73295725	73292698	3341	73294054	-1670	1671	-1356
chr8	116849453	116851050	116850753	1597	116850251	-798	799	502
chr8	41932287	41933946	41933087	1659	41933116	-829	830	-29
chr8	97274351	97279441	97277329	5090	97276896	-2545	2545	433
chr8	126554810	126559654	126556398	4844	126557232	-2422	2422	-834
chr8	37693616	37698922	37698037	5306	37696269	-2653	2653	1768
chr8	37693616	37698922	37698039	5306	37696269	-2653	2653	1770
chr8	144354974	144361416	144356486	6442	144358195	-3221	3221	-1709
chr8	144431485	144437772	144432423	6287	144434628	-3143	3144	-2205
chr8	116849453	116851050	116850716	1597	116850251	-798	799	465
chr8	144387627	144393263	144391400	5636	144390445	-2818	2818	955
chr8	41932287	41933946	41932965	1659	41933116	-829	830	-151
chr8	93733302	93736503	93734854	3201	93734902	-1600	1601	-48
chr8	144082058	144088146	144084827	6088	144085102	-3044	3044	-275
chr8	144810103	144812858	144810489	2755	144811480	-1377	1378	-991
chr8	97274351	97279441	97277380	5090	97276896	-2545	2545	484
chr8	22689056	22696052	22690594	6996	22692554	-3498	3498	-1960
chr8	144354974	144361416	144360966	6442	144358195	-3221	3221	2771
chr8	22136577	22139163	22138782	2586	22137870	-1293	1293	912
chr8	144387627	144393263	144390738	5636	144390445	-2818	2818	293
chr8	8317521	8320417	8318179	2896	8318969	-1448	1448	-790
chr8	103328965	103331731	103330052	2766	103330348	-1383	1383	-296
chr8	103328965	103331731	103331482	2766	103330348	-1383	1383	1134
chr8	144810103	144812858	144810740	2755	144811480	-1377	1378	-740
chr8	70574747	70578865	70574771	4118	70576806	-2059	2059	-2035
chr8	98156635	98158503	98157753	1868	98157569	-934	934	184
chr8	37693616	37698922	37698543	5306	37696269	-2653	2653	2274
chr8	37844413	37845197	37844873	784	37844805	-392	392	68
chr8	144082058	144088146	144085671	6088	144085102	-3044	3044	569
chr8	144452784	144460425	144453231	7641	144456604	-3820	3821	-3373
chr8	125434296	125437523	125436299	3227	125435909	-1613	1614	390
chr8	98156635	98158503	98158247	1868	98157569	-934	934	678
chr8	144837069	144842048	144841689	4979	144839558	-2489	2490	2131
chr8	41932287	41933946	41932896	1659	41933116	-829	830	-220
chr8	125022901	125025748	125024478	2847	125024324	-1423	1424	154
chr8	144387627	144393263	144391000	5636	144390445	-2818	2818	555
chr8	144850795	144853362	144851098	2567	144852078	-1283	1284	-980
chr8	28768549	28770470	28769949	1921	28769509	-960	961	440
chr8	144837069	144842048	144838085	4979	144839558	-2489	2490	-1473
chr8	73292384	73295725	73293602	3341	73294054	-1670	1671	-452
chr8	70574747	70578865	70574930	4118	70576806	-2059	2059	-1876
chr8	11841237	11845160	11845116	3923	11843198	-1961	1962	1918
chr8	22689056	22696052	22689612	6996	22692554	-3498	3498	-2942
chr8	144404700	144409146	144409036	4446	144406923	-2223	2223	2113
chr8	22247747	22252114	22250902	4367	22249930	-2183	2184	972
chr8	28750786	28756325	28752222	5539	28753555	-2769	2770	-1333
chr8	94878635	94880322	94880188	1687	94879478	-843	844	710
chr8	139727496	139731425	139731025	3929	139729460	-1964	1965	1565
chr8	142540178	142547582	142542129	7404	142543880	-3702	3702	-1751
chr8	99870462	99873179	99870883	2717	99871820	-1358	1359	-937
chr8	38267327	38269820	38268399	2493	38268573	-1246	1247	-174
chr8	144077894	144081891	144080587	3997	144079892	-1998	1999	695
chr8	22615738	22622302	22618946	6564	22619020	-3282	3282	-74
chr8	22615738	22622302	22620045	6564	22619020	-3282	3282	1025
chr8	97274351	97279441	97276514	5090	97276896	-2545	2545	-382
chr8	123014254	123019023	123015177	4769	123016638	-2384	2385	-1461
chr8	144082058	144088146	144084514	6088	144085102	-3044	3044	-588
chr8	60864523	60866995	60865321	2472	60865759	-1236	1236	-438
chr8	8700818	8703276	8702914	2458	8702047	-1229	1229	867
chr8	100258523	100259472	100259132	949	100258997	-474	475	135
chr8	143652181	143653468	143653396	1287	143652824	-643	644	572
chr8	103328965	103331731	103331522	2766	103330348	-1383	1383	1174
chr8	99870462	99873179	99870853	2717	99871820	-1358	1359	-967
chr8	116848028	116849436	116849023	1408	116848732	-704	704	291
chr8	144354974	144361416	144359834	6442	144358195	-3221	3221	1639
chr8	100258523	100259472	100259240	949	100258997	-474	475	243
chr8	125434296	125437523	125436367	3227	125435909	-1613	1614	458
chr8	125434296	125437523	125436500	3227	125435909	-1613	1614	591
chr8	144394278	144401056	144396657	6778	144397667	-3389	3389	-1010
chr8	144837069	144842048	144841767	4979	144839558	-2489	2490	2209
chr8	100259976	100261768	100261709	1792	100260872	-896	896	837
chr8	144082058	144088146	144083295	6088	144085102	-3044	3044	-1807
chr8	144077894	144081891	144078735	3997	144079892	-1998	1999	-1157
chr8	22136577	22139163	22138528	2586	22137870	-1293	1293	658
chr8	93733302	93736503	93733754	3201	93734902	-1600	1601	-1148
chr8	97274351	97279441	97276951	5090	97276896	-2545	2545	55
chr8	125364253	125367868	125367088	3615	125366060	-1807	1808	1028
chr8	144837069	144842048	144841858	4979	144839558	-2489	2490	2300
chr8	144837069	144842048	144842016	4979	144839558	-2489	2490	2458
chr8	37693616	37698922	37696129	5306	37696269	-2653	2653	-140
chr8	37693616	37698922	37696138	5306	37696269	-2653	2653	-131
chr8	60864523	60866995	60865600	2472	60865759	-1236	1236	-159
chr8	37844413	37845197	37845004	784	37844805	-392	392	199
chr8	94878635	94880322	94880120	1687	94879478	-843	844	642
chr8	124553254	124557983	124553342	4729	124555618	-2364	2365	-2276
chr8	11328178	11332268	11331684	4090	11330223	-2045	2045	1461
chr8	98156635	98158503	98157657	1868	98157569	-934	934	88
chr8	97274351	97279441	97276617	5090	97276896	-2545	2545	-279
chr8	28750786	28756325	28752570	5539	28753555	-2769	2770	-985
chr8	144354974	144361416	144357049	6442	144358195	-3221	3221	-1146
chr8	60864523	60866995	60866694	2472	60865759	-1236	1236	935
chr8	144082058	144088146	144085985	6088	144085102	-3044	3044	883
chr8	97274351	97279441	97276799	5090	97276896	-2545	2545	-97
chr8	144354974	144361416	144356328	6442	144358195	-3221	3221	-1867
chr8	144394278	144401056	144395180	6778	144397667	-3389	3389	-2487
chr8	28768549	28770470	28769915	1921	28769509	-960	961	406
chr8	60864523	60866995	60865035	2472	60865759	-1236	1236	-724
chr8	144452784	144460425	144453426	7641	144456604	-3820	3821	-3178
chr8	144837069	144842048	144841350	4979	144839558	-2489	2490	1792
chr8	22689056	22696052	22691091	6996	22692554	-3498	3498	-1463
chr8	142657931	142661161	142659044	3230	142659546	-1615	1615	-502
chr8	93733302	93736503	93734126	3201	93734902	-1600	1601	-776
chr9	133055543	133062292	133058091	6749	133058917	-3374	3375	-826
chr9	113372153	113375572	113374003	3419	113373862	-1709	1710	141
chr9	33463825	33467327	33464044	3502	33465576	-1751	1751	-1532
chr9	87966493	87968647	87967617	2154	87967570	-1077	1077	47
chr9	128634021	128638739	128636307	4718	128636380	-2359	2359	-73
chr9	34253944	34257362	34256372	3418	34255653	-1709	1709	719
chr9	35731772	35739402	35737758	7630	35735587	-3815	3815	2171
chr9	83970107	83972952	83971976	2845	83971529	-1422	1423	447
chr9	93563054	93564624	93564281	1570	93563839	-785	785	442
chr9	133055543	133062292	133057852	6749	133058917	-3374	3375	-1065
chr9	33463825	33467327	33464970	3502	33465576	-1751	1751	-606
chr9	34253944	34257362	34256403	3418	34255653	-1709	1709	750
chr9	36215379	36218423	36217508	3044	36216901	-1522	1522	607
chr9	35731772	35739402	35735124	7630	35735587	-3815	3815	-463
chr9	127505392	127509723	127508523	4331	127507557	-2165	2166	966
chr9	37439351	37441262	37441078	1911	37440306	-955	956	772
chr9	127444592	127451214	127445165	6622	127447903	-3311	3311	-2738
chr9	135480775	135488272	135486171	7497	135484523	-3748	3749	1648
chr9	127505392	127509723	127508175	4331	127507557	-2165	2166	618
chr9	128917073	128920387	128917961	3314	128918730	-1657	1657	-769
chr9	35610111	35611870	35610638	1759	35610990	-879	880	-352
chr9	35555603	35563587	35563033	7984	35559595	-3992	3992	3438
chr9	35731772	35739402	35738883	7630	35735587	-3815	3815	3296
chr9	98079441	98082662	98081176	3221	98081051	-1610	1611	125
chr9	133362037	133365675	133364905	3638	133363856	-1819	1819	1049
chr9	35731772	35739402	35739065	7630	35735587	-3815	3815	3478
chr9	89360796	89366140	89364143	5344	89363468	-2672	2672	675
chr9	89604431	89606523	89605256	2092	89605477	-1046	1046	-221
chr9	89604431	89606523	89605811	2092	89605477	-1046	1046	334
chr9	128692058	128694088	128692693	2030	128693073	-1015	1015	-380
chr9	133055543	133062292	133061982	6749	133058917	-3374	3375	3065
chr9	135502860	135507578	135503571	4718	135505219	-2359	2359	-1648
chr9	136722271	136724401	136723321	2130	136723336	-1065	1065	-15
chr9	120855324	120856947	120856270	1623	120856135	-811	812	135
chr9	128725942	128731343	128731318	5401	128728642	-2700	2701	2676
chr9	109012506	109013858	109013319	1352	109013182	-676	676	137
chr9	133457800	133461719	133458032	3919	133459759	-1959	1960	-1727
chr9	134033357	134036433	134036315	3076	134034895	-1538	1538	1420
chr9	35659126	35661228	35660618	2102	35660177	-1051	1051	441
chr9	83970107	83972952	83970808	2845	83971529	-1422	1423	-721
chr9	121173878	121175641	121175045	1763	121174759	-881	882	286
chr9	35659126	35661228	35660352	2102	35660177	-1051	1051	175
chr9	35659126	35661228	35660650	2102	35660177	-1051	1051	473
chr9	19378236	19381163	19379618	2927	19379699	-1463	1464	-81
chr9	33917971	33924272	33923896	6301	33921121	-3150	3151	2775
chr9	127813708	127819260	127818300	5552	127816484	-2776	2776	1816
chr9	35555603	35563587	35558486	7984	35559595	-3992	3992	-1109
chr9	89360796	89366140	89363765	5344	89363468	-2672	2672	297
chr9	34253944	34257362	34256502	3418	34255653	-1709	1709	849
chr9	137554334	137556029	137555419	1695	137555181	-847	848	238
chr9	35731772	35739402	35739006	7630	35735587	-3815	3815	3419
chr9	92619314	92620335	92619506	1021	92619824	-510	511	-318
chr9	135480775	135488272	135485995	7497	135484523	-3748	3749	1472
chr9	94297502	94301830	94299879	4328	94299666	-2164	2164	213
chr9	135502860	135507578	135503192	4718	135505219	-2359	2359	-2027
chr9	137554334	137556029	137555536	1695	137555181	-847	848	355
chr9	35753744	35757958	35754073	4214	35755851	-2107	2107	-1778
chr9	131230305	131236361	131233453	6056	131233333	-3028	3028	120
chr9	128106147	128106802	128106396	655	128106474	-327	328	-78
chr9	134033357	134036433	134033506	3076	134034895	-1538	1538	-1389
chr9	19378236	19381163	19378778	2927	19379699	-1463	1464	-921
chr9	133358709	133362004	133361115	3295	133360356	-1647	1648	759
chr9	99150798	99152448	99151674	1650	99151623	-825	825	51
chr9	35096099	35101840	35101262	5741	35098969	-2870	2871	2293
chr9	35555603	35563587	35562548	7984	35559595	-3992	3992	2953
chr9	133344602	133351371	133349427	6769	133347986	-3384	3385	1441
chr9	137187190	137192973	137189119	5783	137190081	-2891	2892	-962
chr9	38392156	38397683	38395917	5527	38394919	-2763	2764	998
chr9	128631998	128633664	128633295	1666	128632831	-833	833	464
chr9	37439351	37441262	37439623	1911	37440306	-955	956	-683
chr9	35555603	35563587	35560530	7984	35559595	-3992	3992	935
chr9	128360412	128365600	128360441	5188	128363006	-2594	2594	-2565
chr9	113593756	113597466	113594094	3710	113595611	-1855	1855	-1517
chr9	89360796	89366140	89362363	5344	89363468	-2672	2672	-1105
chr9	36215379	36218423	36217535	3044	36216901	-1522	1522	634
chr9	94297502	94301830	94300097	4328	94299666	-2164	2164	431
chr9	122911708	122916757	122911863	5049	122914232	-2524	2525	-2369
chr9	34253944	34257362	34255757	3418	34255653	-1709	1709	104
chr9	128733186	128740885	128733506	7699	128737035	-3849	3850	-3529
chr9	129811549	129818156	129813817	6607	129814852	-3303	3304	-1035
chr9	135502860	135507578	135503929	4718	135505219	-2359	2359	-1290
chr9	135480775	135488272	135488271	7497	135484523	-3748	3749	3748
chr9	137187190	137192973	137187332	5783	137190081	-2891	2892	-2749
chr9	136671765	136677533	136672073	5768	136674649	-2884	2884	-2576
chr9	35054184	35059349	35057432	5165	35056766	-2582	2583	666
chr9	127813708	127819260	127815924	5552	127816484	-2776	2776	-560
chr9	36215379	36218423	36217483	3044	36216901	-1522	1522	582
chr9	136371374	136374903	136371907	3529	136373138	-1764	1765	-1231
chr9	33460563	33462615	33462164	2052	33461589	-1026	1026	575
chr9	133344602	133351371	133348236	6769	133347986	-3384	3385	250
chr9	135502860	135507578	135503911	4718	135505219	-2359	2359	-1308
chr9	113369602	113370652	113369713	1050	113370127	-525	525	-414
chr9	124874048	124876976	124875128	2928	124875512	-1464	1464	-384
chr9	133351389	133354160	133353795	2771	133352774	-1385	1386	1021
chr9	4661317	4663831	4662873	2514	4662574	-1257	1257	299
chr9	34253944	34257362	34256036	3418	34255653	-1709	1709	383
chr9	100303371	100304247	100303671	876	100303809	-438	438	-138
chr9	5772838	5774487	5772982	1649	5773662	-824	825	-680
chr9	33463825	33467327	33465110	3502	33465576	-1751	1751	-466
chr9	35731772	35739402	35733106	7630	35735587	-3815	3815	-2481
chr9	129808190	129811407	129808978	3217	129809798	-1608	1609	-820
chr9	87966493	87968647	87967276	2154	87967570	-1077	1077	-294
chr9	6006800	6009152	6007299	2352	6007976	-1176	1176	-677
chr9	123107672	123112802	123112133	5130	123110237	-2565	2565	1896
chr9	137301011	137302603	137301799	1592	137301807	-796	796	-8
chr9	37439351	37441262	37440934	1911	37440306	-955	956	628
chr9	137187190	137192973	137187552	5783	137190081	-2891	2892	-2529
chr9	4661317	4663831	4663399	2514	4662574	-1257	1257	825
chr9	127813708	127819260	127817278	5552	127816484	-2776	2776	794
chr9	113593756	113597466	113596847	3710	113595611	-1855	1855	1236
chr9	35659126	35661228	35660409	2102	35660177	-1051	1051	232
chr9	97670837	97673442	97671276	2605	97672139	-1302	1303	-863
chr9	116698144	116699002	116698293	858	116698573	-429	429	-280
chr9	135502860	135507578	135503777	4718	135505219	-2359	2359	-1442
chr9	19378236	19381163	19379622	2927	19379699	-1463	1464	-77
chr9	136371374	136374903	136372011	3529	136373138	-1764	1765	-1127
chr9	101405259	101408358	101408072	3099	101406808	-1549	1550	1264
chr9	35731772	35739402	35738363	7630	35735587	-3815	3815	2776
chr9	121181504	121182592	121181545	1088	121182048	-544	544	-503
chr9	129827563	129831284	129828204	3721	129829423	-1860	1861	-1219
chr9	129718416	129724487	129719247	6071	129721451	-3035	3036	-2204
chr9	19374569	19376683	19376336	2114	19375626	-1057	1057	710
chr9	113372153	113375572	113374523	3419	113373862	-1709	1710	661
chr9	6006800	6009152	6007235	2352	6007976	-1176	1176	-741
chr9	133055543	133062292	133058048	6749	133058917	-3374	3375	-869
chr9	35610111	35611870	35610688	1759	35610990	-879	880	-302
chr9	101405259	101408358	101408297	3099	101406808	-1549	1550	1489
chr9	107329388	107330329	107329606	941	107329858	-470	471	-252
chr9	113372153	113375572	113373491	3419	113373862	-1709	1710	-371
chr9	122911708	122916757	122912036	5049	122914232	-2524	2525	-2196
chr9	130879987	130886470	130884052	6483	130883228	-3241	3242	824
chr9	133351389	133354160	133351937	2771	133352774	-1385	1386	-837
chr9	133358709	133362004	133360091	3295	133360356	-1647	1648	-265
chr9	135502860	135507578	135503839	4718	135505219	-2359	2359	-1380
chr9	35555603	35563587	35558282	7984	35559595	-3992	3992	-1313
chr9	35089575	35091994	35090194	2419	35090784	-1209	1210	-590
chr9	134027254	134032898	134032672	5644	134030076	-2822	2822	2596
chr9	87966493	87968647	87967200	2154	87967570	-1077	1077	-370
chr9	19378236	19381163	19379496	2927	19379699	-1463	1464	-203
chr9	94297502	94301830	94299934	4328	94299666	-2164	2164	268
chr9	35659126	35661228	35660321	2102	35660177	-1051	1051	144
chr9	89354115	89359960	89358893	5845	89357037	-2922	2923	1856
chr9	129811549	129818156	129813761	6607	129814852	-3303	3304	-1091
chr9	129827563	129831284	129828176	3721	129829423	-1860	1861	-1247
chr9	136402127	136403154	136402808	1027	136402640	-513	514	168
chr9	89360796	89366140	89362196	5344	89363468	-2672	2672	-1272
chr9	127813708	127819260	127817165	5552	127816484	-2776	2776	681
chr9	127505392	127509723	127508154	4331	127507557	-2165	2166	597
chr9	129827563	129831284	129830869	3721	129829423	-1860	1861	1446
chr9	135480775	135488272	135487369	7497	135484523	-3748	3749	2846
chr9	15467592	15470015	15469018	2423	15468803	-1211	1212	215
chr9	126880303	126883549	126881880	3246	126881926	-1623	1623	-46
chr9	35731772	35739402	35736900	7630	35735587	-3815	3815	1313
chr9	113372153	113375572	113374129	3419	113373862	-1709	1710	267
chr9	128631998	128633664	128632249	1666	128632831	-833	833	-582
chr9	133064416	133070067	133068761	5651	133067241	-2825	2826	1520
chr9	136671765	136677533	136672378	5768	136674649	-2884	2884	-2271
chr9	136113265	136119949	136116688	6684	136116607	-3342	3342	81
chr9	19378236	19381163	19378448	2927	19379699	-1463	1464	-1251
chr9	129803520	129807304	129807282	3784	129805412	-1892	1892	1870
chr9	133351389	133354160	133354056	2771	133352774	-1385	1386	1282
chr9	35089575	35091994	35090236	2419	35090784	-1209	1210	-548
chr9	116698144	116699002	116698822	858	116698573	-429	429	249
chr9	127813708	127819260	127818363	5552	127816484	-2776	2776	1879
chr9	129811549	129818156	129814050	6607	129814852	-3303	3304	-802
chr9	116698144	116699002	116698298	858	116698573	-429	429	-275
chr9	89360796	89366140	89362352	5344	89363468	-2672	2672	-1116
chr9	128634021	128638739	128635187	4718	128636380	-2359	2359	-1193
chr9	35610111	35611870	35611834	1759	35610990	-879	880	844
chr9	19374569	19376683	19376264	2114	19375626	-1057	1057	638
chr9	7798475	7800230	7799564	1755	7799352	-877	878	212
chr9	94297502	94301830	94301000	4328	94299666	-2164	2164	1334
chr9	34253944	34257362	34255845	3418	34255653	-1709	1709	192
chr9	113369602	113370652	113369820	1050	113370127	-525	525	-307
chr9	137079388	137083387	137082711	3999	137081387	-1999	2000	1324
chr9	122911708	122916757	122911909	5049	122914232	-2524	2525	-2323
chr9	33917971	33924272	33923951	6301	33921121	-3150	3151	2830
chr9	137582286	137583155	137582487	869	137582720	-434	435	-233
chr10	73781478	73786252	73782627	4774	73783865	-2387	2387	-1238
chr10	51698765	51700313	51698776	1548	51699539	-774	774	-763
chr10	125832358	125836027	125833785	3669	125834192	-1834	1835	-407
chr10	133364473	133367369	133366082	2896	133365921	-1448	1448	161
chr10	102144418	102147464	102146861	3046	102145941	-1523	1523	920
chr10	99611342	99615062	99613539	3720	99613202	-1860	1860	337
chr10	119031513	119033567	119033308	2054	119032540	-1027	1027	768
chr10	102480001	102482899	102480107	2898	102481450	-1449	1449	-1343
chr10	34107770	34111668	34111526	3898	34109719	-1949	1949	1807
chr10	8067508	8074837	8073783	7329	8071172	-3664	3665	2611
chr10	101003135	101007790	101004017	4655	101005462	-2327	2328	-1445
chr10	73813723	73815547	73815018	1824	73814635	-912	912	383
chr10	100986087	100990396	100988668	4309	100988241	-2154	2155	427
chr10	119031513	119033567	119032701	2054	119032540	-1027	1027	161
chr10	56357736	56359250	56357908	1514	56358493	-757	757	-585
chr10	102066283	102069433	102066525	3150	102067858	-1575	1575	-1333
chr10	13652978	13656125	13654398	3147	13654551	-1573	1574	-153
chr10	100982934	100985161	100983328	2227	100984047	-1113	1114	-719
chr10	102160597	102164501	102160926	3904	102162549	-1952	1952	-1623
chr10	119831974	119833966	119832072	1992	119832970	-996	996	-898
chr10	6111642	6115331	6113560	3689	6113486	-1844	1845	74
chr10	43386262	43390151	43386927	3889	43388206	-1944	1945	-1279
chr10	12165170	12169824	12167887	4654	12167497	-2327	2327	390
chr10	102480001	102482899	102480885	2898	102481450	-1449	1449	-565
chr10	27164614	27166609	27165516	1995	27165611	-997	998	-95
chr10	12165170	12169824	12169339	4654	12167497	-2327	2327	1842
chr10	73764207	73770278	73768829	6071	73767242	-3035	3036	1587
chr10	3134847	3136902	3135829	2055	3135874	-1027	1028	-45
chr10	43386262	43390151	43387569	3889	43388206	-1944	1945	-637
chr10	133364473	133367369	133366001	2896	133365921	-1448	1448	80
chr10	8067508	8074837	8073738	7329	8071172	-3664	3665	2566
chr10	43556647	43558851	43557757	2204	43557749	-1102	1102	8
chr10	133262574	133265861	133263100	3287	133264217	-1643	1644	-1117
chr10	72332869	72337547	72336590	4678	72335208	-2339	2339	1382
chr10	34107770	34111668	34111208	3898	34109719	-1949	1949	1489
chr10	68341612	68342177	68342053	565	68341894	-282	283	159
chr10	56357736	56359250	56358575	1514	56358493	-757	757	82
chr10	102066283	102069433	102067128	3150	102067858	-1575	1575	-730
chr10	43556647	43558851	43556708	2204	43557749	-1102	1102	-1041
chr10	97456739	97460991	97458885	4252	97458865	-2126	2126	20
chr10	131968838	131972625	131970748	3787	131970731	-1893	1894	17
chr10	70112348	70115202	70114938	2854	70113775	-1427	1427	1163
chr10	133417926	133425328	133420161	7402	133421627	-3701	3701	-1466
chr10	101610679	101617501	101611673	6822	101614090	-3411	3411	-2417
chr10	103088178	103089911	103089380	1733	103089044	-866	867	336
chr10	3137937	3139574	3139023	1637	3138755	-818	819	268
chr10	34107770	34111668	34111020	3898	34109719	-1949	1949	1301
chr10	52314151	52316000	52314533	1849	52315075	-924	925	-542
chr10	133417926	133425328	133419584	7402	133421627	-3701	3701	-2043
chr10	6111642	6115331	6115154	3689	6113486	-1844	1845	1668
chr10	69399344	69406656	69401061	7312	69403000	-3656	3656	-1939
chr10	102377274	102382834	102379389	5560	102380054	-2780	2780	-665
chr10	56357736	56359250	56358872	1514	56358493	-757	757	379
chr10	71818321	71820131	71819522	1810	71819226	-905	905	296
chr10	8067508	8074837	8074109	7329	8071172	-3664	3665	2937
chr10	73771408	73774536	73773397	3128	73772972	-1564	1564	425
chr10	27184436	27186754	27186624	2318	27185595	-1159	1159	1029
chr10	100986087	100990396	100988985	4309	100988241	-2154	2155	744
chr10	100992682	100995828	100993313	3146	100994255	-1573	1573	-942
chr10	8067508	8074837	8074021	7329	8071172	-3664	3665	2849
chr10	43386262	43390151	43387534	3889	43388206	-1944	1945	-672
chr10	43556647	43558851	43557337	2204	43557749	-1102	1102	-412
chr10	125837054	125840580	125839015	3526	125838817	-1763	1763	198
chr10	43556647	43558851	43557284	2204	43557749	-1102	1102	-465
chr10	43126094	43129481	43128225	3387	43127787	-1693	1694	438
chr10	43556647	43558851	43557082	2204	43557749	-1102	1102	-667
chr10	102377274	102382834	102380313	5560	102380054	-2780	2780	259
chr10	56357736	56359250	56357920	1514	56358493	-757	757	-573
chr10	100986087	100990396	100986583	4309	100988241	-2154	2155	-1658
chr10	102066283	102069433	102067991	3150	102067858	-1575	1575	133
chr10	133262574	133265861	133263222	3287	133264217	-1643	1644	-995
chr10	100986087	100990396	100987286	4309	100988241	-2154	2155	-955
chr10	51698765	51700313	51699121	1548	51699539	-774	774	-418
chr10	75230651	75237486	75230921	6835	75234068	-3417	3418	-3147
chr10	114041029	114046343	114044571	5314	114043686	-2657	2657	885
chr10	124983256	124984125	124983540	869	124983690	-434	435	-150
chr10	15102610	15104050	15103559	1440	15103330	-720	720	229
chr10	102144418	102147464	102147376	3046	102145941	-1523	1523	1435
chr10	102377274	102382834	102382135	5560	102380054	-2780	2780	2081
chr10	68338410	68339238	68338651	828	68338824	-414	414	-173
chr10	73771408	73774536	73773796	3128	73772972	-1564	1564	824
chr10	73771408	73774536	73771736	3128	73772972	-1564	1564	-1236
chr10	73771408	73774536	73772091	3128	73772972	-1564	1564	-881
chr10	97673765	97680985	97679803	7220	97677375	-3610	3610	2428
chr10	101782147	101784558	101782334	2411	101783352	-1205	1206	-1018
chr10	102144418	102147464	102146971	3046	102145941	-1523	1523	1030
chr10	73771408	73774536	73772457	3128	73772972	-1564	1564	-515
chr10	24543416	24545180	24544223	1764	24544298	-882	882	-75
chr10	100986087	100990396	100988316	4309	100988241	-2154	2155	75
chr10	97569506	97576515	97570451	7009	97573010	-3504	3505	-2559
chr10	125837054	125840580	125839100	3526	125838817	-1763	1763	283
chr10	12165170	12169824	12169330	4654	12167497	-2327	2327	1833
chr10	70144876	70147584	70146075	2708	70146230	-1354	1354	-155
chr10	100986087	100990396	100989270	4309	100988241	-2154	2155	1029
chr10	72273493	72275154	72274191	1661	72274323	-830	831	-132
chr10	69169977	69171690	69171344	1713	69170833	-856	857	511
chr10	125832358	125836027	125833772	3669	125834192	-1834	1835	-420
chr10	97673765	97680985	97677876	7220	97677375	-3610	3610	501
chr10	102377274	102382834	102382350	5560	102380054	-2780	2780	2296
chr10	34107770	34111668	34111487	3898	34109719	-1949	1949	1768
chr10	100986087	100990396	100988154	4309	100988241	-2154	2155	-87
chr10	100986087	100990396	100988702	4309	100988241	-2154	2155	461
chr10	73246321	73248716	73246764	2395	73247518	-1197	1198	-754
chr10	24543416	24545180	24544101	1764	24544298	-882	882	-197
chr10	14871180	14872752	14871541	1572	14871966	-786	786	-425
chr10	74117489	74119368	74118180	1879	74118428	-939	940	-248
chr10	79705612	79712159	79711853	6547	79708885	-3273	3274	2968
chr10	101782147	101784558	101782484	2411	101783352	-1205	1206	-868
chr10	8067508	8074837	8073760	7329	8071172	-3664	3665	2588
chr10	119035300	119036469	119036043	1169	119035884	-584	585	159
chr10	1016697	1024324	1019776	7627	1020510	-3813	3814	-734
chr10	70112348	70115202	70115037	2854	70113775	-1427	1427	1262
chr10	70885159	70886937	70885909	1778	70886048	-889	889	-139
chr10	73246321	73248716	73246798	2395	73247518	-1197	1198	-720
chr10	87861059	87865585	87862303	4526	87863322	-2263	2263	-1019
chr10	97456739	97460991	97459380	4252	97458865	-2126	2126	515
chr10	100986087	100990396	100989796	4309	100988241	-2154	2155	1555
chr10	133262574	133265861	133263022	3287	133264217	-1643	1644	-1195
chr10	124984429	124985509	124984963	1080	124984969	-540	540	-6
chr10	102448768	102451084	102450458	2316	102449926	-1158	1158	532
chr10	15102610	15104050	15103343	1440	15103330	-720	720	13
chr10	21515919	21519049	21516416	3130	21517484	-1565	1565	-1068
chr10	56357736	56359250	56358275	1514	56358493	-757	757	-218
chr10	70112348	70115202	70114004	2854	70113775	-1427	1427	229
chr10	12165170	12169824	12167887	4654	12167497	-2327	2327	390
chr10	5767099	5768525	5768336	1426	5767812	-713	713	524
chr10	24543416	24545180	24544140	1764	24544298	-882	882	-158
chr10	43644533	43646566	43644666	2033	43645549	-1016	1017	-883
chr10	73246321	73248716	73246773	2395	73247518	-1197	1198	-745
chr10	73771408	73774536	73773571	3128	73772972	-1564	1564	599
chr10	97456739	97460991	97460127	4252	97458865	-2126	2126	1262
chr10	97673765	97680985	97678022	7220	97677375	-3610	3610	647
chr10	98414108	98416840	98415074	2732	98415474	-1366	1366	-400
chr10	119500009	119501326	119500257	1317	119500667	-658	659	-410
chr10	124984429	124985509	124984877	1080	124984969	-540	540	-92
chr10	43556647	43558851	43557663	2204	43557749	-1102	1102	-86
chr10	74117489	74119368	74118180	1879	74118428	-939	940	-248
chr10	79347095	79354233	79353806	7138	79350664	-3569	3569	3142
chr10	97456739	97460991	97456990	4252	97458865	-2126	2126	-1875
chr10	73496535	73500087	73498662	3552	73498311	-1776	1776	351
chr10	14871180	14872752	14871532	1572	14871966	-786	786	-434
chr10	5763825	5765606	5765335	1781	5764715	-890	891	620
chr10	8067508	8074837	8073914	7329	8071172	-3664	3665	2742
chr10	100992682	100995828	100993593	3146	100994255	-1573	1573	-662
chr10	73764207	73770278	73769125	6071	73767242	-3035	3036	1883
chr10	73764207	73770278	73769833	6071	73767242	-3035	3036	2591
chr10	97456739	97460991	97460920	4252	97458865	-2126	2126	2055
chr10	3134847	3136902	3136679	2055	3135874	-1027	1028	805
chr10	69399344	69406656	69405044	7312	69403000	-3656	3656	2044
chr10	95605068	95608041	95606902	2973	95606554	-1486	1487	348
chr10	102473480	102479004	102473706	5524	102476242	-2762	2762	-2536
chr10	73771408	73774536	73771828	3128	73772972	-1564	1564	-1144
chr10	69399344	69406656	69405026	7312	69403000	-3656	3656	2026
chr10	8067508	8074837	8074229	7329	8071172	-3664	3665	3057
chr10	73496535	73500087	73498743	3552	73498311	-1776	1776	432
chr10	101842210	101844314	101843526	2104	101843262	-1052	1052	264
chr10	72332869	72337547	72336623	4678	72335208	-2339	2339	1415
chr10	97456739	97460991	97456996	4252	97458865	-2126	2126	-1869
chr10	43386262	43390151	43386609	3889	43388206	-1944	1945	-1597
chr10	21515919	21519049	21516316	3130	21517484	-1565	1565	-1168
chr10	91906491	91909142	91908192	2651	91907816	-1325	1326	376
chr10	71812717	71817431	71812823	4714	71815074	-2357	2357	-2251
chr10	6111642	6115331	6115002	3689	6113486	-1844	1845	1516
chr10	73771408	73774536	73772969	3128	73772972	-1564	1564	-3
chr10	97673765	97680985	97679826	7220	97677375	-3610	3610	2451
chr10	60029274	60030594	60029404	1320	60029934	-660	660	-530
chr10	3137937	3139574	3138928	1637	3138755	-818	819	173
chr10	132205650	132209561	132209075	3911	132207605	-1955	1956	1470
chr10	100992682	100995828	100993465	3146	100994255	-1573	1573	-790
chr10	102377274	102382834	102381162	5560	102380054	-2780	2780	1108
chr10	102066283	102069433	102067527	3150	102067858	-1575	1575	-331
chr10	101060343	101065453	101064952	5110	101062898	-2555	2555	2054
chr10	24543416	24545180	24544043	1764	24544298	-882	882	-255
chr10	101610679	101617501	101611332	6822	101614090	-3411	3411	-2758
chr10	73781478	73786252	73782175	4774	73783865	-2387	2387	-1690
chr10	15102610	15104050	15103311	1440	15103330	-720	720	-19
chr10	101060343	101065453	101064345	5110	101062898	-2555	2555	1447
chr11	1596299	1598659	1597436	2360	1597479	-1180	1180	-43
chr11	6606944	6613271	6609144	6327	6610107	-3163	3164	-963
chr11	65914927	65922841	65917250	7914	65918884	-3957	3957	-1634
chr11	67489750	67494363	67491909	4613	67492056	-2306	2307	-147
chr11	2995938	3001124	3001058	5186	2998531	-2593	2593	2527
chr11	62765629	62770126	62765715	4497	62767877	-2248	2249	-2162
chr11	3822916	3824712	3824084	1796	3823814	-898	898	270
chr11	62558523	62560956	62560291	2433	62559739	-1216	1217	552
chr11	770928	774403	771072	3475	772665	-1737	1738	-1593
chr11	65043053	65045155	65044512	2102	65044104	-1051	1051	408
chr11	118896786	118902999	118901061	6213	118899892	-3106	3107	1169
chr11	119024304	119029152	119028300	4848	119026728	-2424	2424	1572
chr11	67308074	67314201	67309479	6127	67311137	-3063	3064	-1658
chr11	812545	816832	812762	4287	814688	-2143	2144	-1926
chr11	62884595	62890157	62885495	5562	62887376	-2781	2781	-1881
chr11	66335067	66338108	66335835	3041	66336587	-1520	1521	-752
chr11	67351777	67354319	67351940	2542	67353048	-1271	1271	-1108
chr11	65086044	65089150	65086444	3106	65087597	-1553	1553	-1153
chr11	47409487	47416455	47415327	6968	47412971	-3484	3484	2356
chr11	57698453	57700408	57699970	1955	57699430	-977	978	540
chr11	71998978	72005958	72001474	6980	72002468	-3490	3490	-994
chr11	62660241	62667273	62666503	7032	62663757	-3516	3516	2746
chr11	57527187	57529455	57528852	2268	57528321	-1134	1134	531
chr11	64223872	64227729	64225865	3857	64225800	-1928	1929	65
chr11	65877645	65883826	65882237	6181	65880735	-3090	3091	1502
chr11	47416484	47421318	47418818	4834	47418901	-2417	2417	-83
chr11	64283282	64287348	64286714	4066	64285315	-2033	2033	1399
chr11	6606944	6613271	6613040	6327	6610107	-3163	3164	2933
chr11	47235726	47241595	47237703	5869	47238660	-2934	2935	-957
chr11	67489750	67494363	67493042	4613	67492056	-2306	2307	986
chr11	62830580	62833151	62831235	2571	62831865	-1285	1286	-630
chr11	65996412	66000833	66000377	4421	65998622	-2210	2211	1755
chr11	62689555	62693132	62692403	3577	62691343	-1788	1789	1060
chr11	62804927	62807252	62805387	2325	62806089	-1162	1163	-702
chr11	64223872	64227729	64224568	3857	64225800	-1928	1929	-1232
chr11	46395872	46401244	46397495	5372	46398558	-2686	2686	-1063
chr11	68258938	68264741	68263742	5803	68261839	-2901	2902	1903
chr11	47409487	47416455	47413438	6968	47412971	-3484	3484	467
chr11	72233961	72240637	72238372	6676	72237299	-3338	3338	1073
chr11	65914927	65922841	65920372	7914	65918884	-3957	3957	1488
chr11	68258938	68264741	68262271	5803	68261839	-2901	2902	432
chr11	378381	382101	380165	3720	380241	-1860	1860	-76
chr11	3825330	3831190	3825379	5860	3828260	-2930	2930	-2881
chr11	65877645	65883826	65883406	6181	65880735	-3090	3091	2671
chr11	119115779	119117410	119116140	1631	119116594	-815	816	-454
chr11	126274286	126278158	126277626	3872	126276222	-1936	1936	1404
chr11	34151342	34155769	34152422	4427	34153555	-2213	2214	-1133
chr11	59806518	59807564	59806653	1046	59807041	-523	523	-388
chr11	60850951	60854746	60853334	3795	60852848	-1897	1898	486
chr11	62624916	62632527	62627118	7611	62628721	-3805	3806	-1603
chr11	62660241	62667273	62667108	7032	62663757	-3516	3516	3351
chr11	64316793	64324072	64319843	7279	64320432	-3639	3640	-589
chr11	68157551	68159445	68158210	1894	68158498	-947	947	-288
chr11	119335052	119338374	119336214	3322	119336713	-1661	1661	-499
chr11	123058387	123059377	123058762	990	123058882	-495	495	-120
chr11	126274286	126278158	126275389	3872	126276222	-1936	1936	-833
chr11	6606944	6613271	6610036	6327	6610107	-3163	3164	-71
chr11	65877645	65883826	65883679	6181	65880735	-3090	3091	2944
chr11	126262717	126268473	126265070	5756	126265595	-2878	2878	-525
chr11	47572424	47575817	47573413	3393	47574120	-1696	1697	-707
chr11	61964171	61969736	61968246	5565	61966953	-2782	2783	1293
chr11	126262717	126268473	126263966	5756	126265595	-2878	2878	-1629
chr11	95821884	95826252	95822745	4368	95824068	-2184	2184	-1323
chr11	118893020	118894822	118894591	1802	118893921	-901	901	670
chr11	67308074	67314201	67309533	6127	67311137	-3063	3064	-1604
chr11	62689555	62693132	62690663	3577	62691343	-1788	1789	-680
chr11	62689555	62693132	62690862	3577	62691343	-1788	1789	-481
chr11	65213235	65218970	65213930	5735	65216102	-2867	2868	-2172
chr11	1829076	1836891	1834549	7815	1832983	-3907	3908	1566
chr11	68026335	68033486	68033171	7151	68029910	-3575	3576	3261
chr11	62735693	62740158	62738329	4465	62737925	-2232	2233	404
chr11	67297068	67303170	67299110	6102	67300119	-3051	3051	-1009
chr11	119046334	119051042	119046649	4708	119048688	-2354	2354	-2039
chr11	119335052	119338374	119335683	3322	119336713	-1661	1661	-1030
chr11	72105292	72110713	72108667	5421	72108002	-2710	2711	665
chr11	61402075	61405178	61403172	3103	61403626	-1551	1552	-454
chr11	64229816	64232918	64230289	3102	64231367	-1551	1551	-1078
chr11	64223872	64227729	64227203	3857	64225800	-1928	1929	1403
chr11	65890396	65895821	65891203	5425	65893108	-2712	2713	-1905
chr11	64316793	64324072	64316922	7279	64320432	-3639	3640	-3510
chr11	3825330	3831190	3827859	5860	3828260	-2930	2930	-401
chr11	47235726	47241595	47238166	5869	47238660	-2934	2935	-494
chr11	68157551	68159445	68157864	1894	68158498	-947	947	-634
chr11	119335052	119338374	119335110	3322	119336713	-1661	1661	-1603
chr11	47409487	47416455	47415290	6968	47412971	-3484	3484	2319
chr11	118896786	118902999	118900033	6213	118899892	-3106	3107	141
chr11	3822916	3824712	3824068	1796	3823814	-898	898	254
chr11	64316793	64324072	64317114	7279	64320432	-3639	3640	-3318
chr11	67308074	67314201	67310169	6127	67311137	-3063	3064	-968
chr11	484385	490768	489997	6383	487576	-3191	3192	2421
chr11	770928	774403	770955	3475	772665	-1737	1738	-1710
chr11	65996412	66000833	65999665	4421	65998622	-2210	2211	1043
chr11	70433790	70436506	70436217	2716	70435148	-1358	1358	1069
chr11	63824414	63829841	63826980	5427	63827127	-2713	2714	-147
chr11	6389476	6395459	6391795	5983	6392467	-2991	2992	-672
chr11	117204741	117207453	117207065	2712	117206097	-1356	1356	968
chr11	62834068	62837633	62835573	3565	62835850	-1782	1783	-277
chr11	69649910	69656336	69651172	6426	69653123	-3213	3213	-1951
chr11	2920776	2925038	2922185	4262	2922907	-2131	2131	-722
chr11	65877645	65883826	65883759	6181	65880735	-3090	3091	3024
chr11	66643357	66644044	66643757	687	66643700	-343	344	57
chr11	67308074	67314201	67309855	6127	67311137	-3063	3064	-1282
chr11	70433790	70436506	70435190	2716	70435148	-1358	1358	42
chr11	134373990	134376926	134374627	2936	134375458	-1468	1468	-831
chr11	62624916	62632527	62626622	7611	62628721	-3805	3806	-2099
chr11	68157551	68159445	68158424	1894	68158498	-947	947	-74
chr11	1596299	1598659	1597655	2360	1597479	-1180	1180	176
chr11	68687360	68691247	68690916	3887	68689303	-1943	1944	1613
chr11	66335067	66338108	66337719	3041	66336587	-1520	1521	1132
chr11	65914927	65922841	65917294	7914	65918884	-3957	3957	-1590
chr11	10803157	10804900	10803504	1743	10804028	-871	872	-524
chr11	68258938	68264741	68262610	5803	68261839	-2901	2902	771
chr11	63911228	63919010	63912679	7782	63915119	-3891	3891	-2440
chr11	112086564	112088770	112087963	2206	112087667	-1103	1103	296
chr11	34151342	34155769	34152446	4427	34153555	-2213	2214	-1109
chr11	3089033	3094249	3090619	5216	3091641	-2608	2608	-1022
chr11	57698453	57700408	57699097	1955	57699430	-977	978	-333
chr11	67351777	67354319	67352006	2542	67353048	-1271	1271	-1042
chr11	3669682	3671781	3669866	2099	3670731	-1049	1050	-865
chr11	67297068	67303170	67299885	6102	67300119	-3051	3051	-234
chr11	66335067	66338108	66336330	3041	66336587	-1520	1521	-257
chr11	117404867	117410730	117409694	5863	117407798	-2931	2932	1896
chr11	47421874	47424667	47422584	2793	47423270	-1396	1397	-686
chr11	117204741	117207453	117206463	2712	117206097	-1356	1356	366
chr11	118893020	118894822	118893876	1802	118893921	-901	901	-45
chr11	119024304	119029152	119025073	4848	119026728	-2424	2424	-1655
chr11	67257039	67257708	67257393	669	67257373	-334	335	20
chr11	68157551	68159445	68158673	1894	68158498	-947	947	175
chr11	119092225	119095303	119092416	3078	119093764	-1539	1539	-1348
chr11	64316793	64324072	64318246	7279	64320432	-3639	3640	-2186
chr11	69649910	69656336	69653084	6426	69653123	-3213	3213	-39
chr11	6606944	6613271	6609770	6327	6610107	-3163	3164	-337
chr11	65996412	66000833	65997583	4421	65998622	-2210	2211	-1039
chr11	72838624	72842714	72841455	4090	72840669	-2045	2045	786
chr11	134244189	134246771	134245474	2582	134245480	-1291	1291	-6
chr11	134244189	134246771	134245044	2582	134245480	-1291	1291	-436
chr11	62735693	62740158	62738317	4465	62737925	-2232	2233	392
chr11	64205593	64212180	64207400	6587	64208886	-3293	3294	-1486
chr11	63911228	63919010	63913997	7782	63915119	-3891	3891	-1122
chr11	68258938	68264741	68261947	5803	68261839	-2901	2902	108
chr11	64216964	64223381	64219914	6417	64220172	-3208	3209	-258
chr11	6616722	6618087	6617694	1365	6617404	-682	683	290
chr11	119092225	119095303	119093158	3078	119093764	-1539	1539	-606
chr11	124631526	124633838	124632389	2312	124632682	-1156	1156	-293
chr11	59575969	59577447	59576511	1478	59576708	-739	739	-197
chr11	45809387	45812715	45810956	3328	45811051	-1664	1664	-95
chr11	57302017	57307999	57302636	5982	57305008	-2991	2991	-2372
chr11	126262717	126268473	126265421	5756	126265595	-2878	2878	-174
chr11	62645684	62651279	62648063	5595	62648481	-2797	2798	-418
chr11	639184	645283	640571	6099	642233	-3049	3050	-1662
chr11	10803157	10804900	10804018	1743	10804028	-871	872	-10
chr11	61513692	61521372	61516004	7680	61517532	-3840	3840	-1528
chr11	64316793	64324072	64316912	7279	64320432	-3639	3640	-3520
chr11	117404867	117410730	117409736	5863	117407798	-2931	2932	1938
chr11	65537607	65538625	65538393	1018	65538116	-509	509	277
chr11	47583589	47584446	47584386	857	47584017	-428	429	369
chr11	62645684	62651279	62649924	5595	62648481	-2797	2798	1443
chr11	1596299	1598659	1598255	2360	1597479	-1180	1180	776
chr11	47267926	47271655	47267977	3729	47269790	-1864	1865	-1813
chr11	47177460	47179317	47178412	1857	47178388	-928	929	24
chr11	62149540	62154249	62150205	4709	62151894	-2354	2355	-1689
chr11	62670568	62673334	62671348	2766	62671951	-1383	1383	-603
chr11	68026335	68033486	68033286	7151	68029910	-3575	3576	3376
chr11	6616722	6618087	6616745	1365	6617404	-682	683	-659
chr11	62598883	62605203	62604027	6320	62602043	-3160	3160	1984
chr11	64316793	64324072	64317092	7279	64320432	-3639	3640	-3340
chr11	119178903	119181124	119180272	2221	119180013	-1110	1111	259
chr11	126262717	126268473	126266866	5756	126265595	-2878	2878	1271
chr11	47171073	47175930	47174976	4857	47173501	-2428	2429	1475
chr11	65537607	65538625	65537878	1018	65538116	-509	509	-238
chr11	46395872	46401244	46397739	5372	46398558	-2686	2686	-819
chr11	3002268	3004246	3002543	1978	3003257	-989	989	-714
chr11	865739	871044	865764	5305	868391	-2652	2653	-2627
chr11	126262717	126268473	126263969	5756	126265595	-2878	2878	-1626
chr11	47572424	47575817	47573264	3393	47574120	-1696	1697	-856
chr11	126262717	126268473	126265099	5756	126265595	-2878	2878	-496
chr11	62834068	62837633	62835981	3565	62835850	-1782	1783	131
chr11	45809387	45812715	45810786	3328	45811051	-1664	1664	-265
chr11	3089033	3094249	3090660	5216	3091641	-2608	2608	-981
chr11	46375539	46383449	46379011	7910	46379494	-3955	3955	-483
chr11	47409487	47416455	47415084	6968	47412971	-3484	3484	2113
chr11	126262717	126268473	126266529	5756	126265595	-2878	2878	934
chr11	66668693	66672944	66668814	4251	66670818	-2125	2126	-2004
chr11	118893020	118894822	118893685	1802	118893921	-901	901	-236
chr11	10803157	10804900	10803285	1743	10804028	-871	872	-743
chr11	67308074	67314201	67311848	6127	67311137	-3063	3064	711
chr11	378381	382101	380848	3720	380241	-1860	1860	607
chr11	66436983	66442629	66437244	5646	66439806	-2823	2823	-2562
chr11	66001614	66005880	66003368	4266	66003747	-2133	2133	-379
chr11	126274286	126278158	126277499	3872	126276222	-1936	1936	1277
chr11	770928	774403	770961	3475	772665	-1737	1738	-1704
chr11	123058387	123059377	123058735	990	123058882	-495	495	-147
chr11	484385	490768	489482	6383	487576	-3191	3192	1906
chr11	6680696	6683979	6682178	3283	6682337	-1641	1642	-159
chr11	64316793	64324072	64319767	7279	64320432	-3639	3640	-665
chr11	118896786	118902999	118901358	6213	118899892	-3106	3107	1466
chr11	65129718	65131353	65130071	1635	65130535	-817	818	-464
chr11	62645684	62651279	62647027	5595	62648481	-2797	2798	-1454
chr11	62735693	62740158	62738428	4465	62737925	-2232	2233	503
chr11	62804927	62807252	62805386	2325	62806089	-1162	1163	-703
chr11	68258938	68264741	68262763	5803	68261839	-2901	2902	924
chr11	378381	382101	379938	3720	380241	-1860	1860	-303
chr11	639184	645283	640489	6099	642233	-3049	3050	-1744
chr11	3822916	3824712	3824071	1796	3823814	-898	898	257
chr11	6606944	6613271	6610165	6327	6610107	-3163	3164	58
chr11	44930624	44932474	44930781	1850	44931549	-925	925	-768
chr11	47409487	47416455	47414478	6968	47412971	-3484	3484	1507
chr11	47409487	47416455	47414617	6968	47412971	-3484	3484	1646
chr11	47572424	47575817	47572888	3393	47574120	-1696	1697	-1232
chr11	47572424	47575817	47573294	3393	47574120	-1696	1697	-826
chr11	57704168	57707251	57705216	3083	57705709	-1541	1542	-493
chr11	62624916	62632527	62627110	7611	62628721	-3805	3806	-1611
chr11	62834068	62837633	62834482	3565	62835850	-1782	1783	-1368
chr11	63911228	63919010	63914488	7782	63915119	-3891	3891	-631
chr11	64201600	64204790	64204236	3190	64203195	-1595	1595	1041
chr11	64271351	64275589	64271640	4238	64273470	-2119	2119	-1830
chr11	65890396	65895821	65894032	5425	65893108	-2712	2713	924
chr11	66643357	66644044	66643514	687	66643700	-343	344	-186
chr11	67297068	67303170	67298825	6102	67300119	-3051	3051	-1294
chr11	67297068	67303170	67299089	6102	67300119	-3051	3051	-1030
chr11	67308074	67314201	67309482	6127	67311137	-3063	3064	-1655
chr11	72233961	72240637	72238045	6676	72237299	-3338	3338	746
chr11	111924600	111927420	111925650	2820	111926010	-1410	1410	-360
chr11	117204741	117207453	117206434	2712	117206097	-1356	1356	337
chr11	118893020	118894822	118893598	1802	118893921	-901	901	-323
chr11	119024304	119029152	119024787	4848	119026728	-2424	2424	-1941
chr11	71998978	72005958	72001325	6980	72002468	-3490	3490	-1143
chr11	68258938	68264741	68261729	5803	68261839	-2901	2902	-110
chr11	66339780	66343268	66341215	3488	66341524	-1744	1744	-309
chr11	484385	490768	489687	6383	487576	-3191	3192	2111
chr11	6606944	6613271	6608113	6327	6610107	-3163	3164	-1994
chr11	64310996	64316646	64314910	5650	64313821	-2825	2825	1089
chr11	6209568	6211284	6211027	1716	6210426	-858	858	601
chr11	47235726	47241595	47237938	5869	47238660	-2934	2935	-722
chr11	59806518	59807564	59806548	1046	59807041	-523	523	-493
chr11	61799804	61805634	61802258	5830	61802719	-2915	2915	-461
chr11	61799804	61805634	61802422	5830	61802719	-2915	2915	-297
chr11	62598883	62605203	62603216	6320	62602043	-3160	3160	1173
chr11	68157551	68159445	68158185	1894	68158498	-947	947	-313
chr11	119024304	119029152	119028251	4848	119026728	-2424	2424	1523
chr11	126274286	126278158	126277621	3872	126276222	-1936	1936	1399
chr11	47171073	47175930	47175102	4857	47173501	-2428	2429	1601
chr11	62668867	62670380	62669930	1513	62669623	-756	757	307
chr11	68890061	68892996	68891325	2935	68891528	-1467	1468	-203
chr11	64223872	64227729	64227639	3857	64225800	-1928	1929	1839
chr11	46395872	46401244	46397656	5372	46398558	-2686	2686	-902
chr11	62645684	62651279	62648688	5595	62648481	-2797	2798	207
chr11	60890235	60891754	60891211	1519	60890994	-759	760	217
chr11	62660241	62667273	62665452	7032	62663757	-3516	3516	1695
chr11	3822916	3824712	3823960	1796	3823814	-898	898	146
chr11	123058387	123059377	123058771	990	123058882	-495	495	-111
chr11	65124683	65127219	65125967	2536	65125951	-1268	1268	16
chr11	57698453	57700408	57700005	1955	57699430	-977	978	575
chr11	6606944	6613271	6609077	6327	6610107	-3163	3164	-1030
chr11	118893020	118894822	118894664	1802	118893921	-901	901	743
chr11	62645684	62651279	62648995	5595	62648481	-2797	2798	514
chr11	62668867	62670380	62670027	1513	62669623	-756	757	404
chr11	65086044	65089150	65087351	3106	65087597	-1553	1553	-246
chr11	71998978	72005958	72005244	6980	72002468	-3490	3490	2776
chr11	117204741	117207453	117206941	2712	117206097	-1356	1356	844
chr11	46395872	46401244	46397315	5372	46398558	-2686	2686	-1243
chr11	67308074	67314201	67309868	6127	67311137	-3063	3064	-1269
chr11	75422392	75424770	75422702	2378	75423581	-1189	1189	-879
chr11	62624916	62632527	62628822	7611	62628721	-3805	3806	101
chr11	65877645	65883826	65881460	6181	65880735	-3090	3091	725
chr11	67351777	67354319	67353499	2542	67353048	-1271	1271	451
chr11	119092225	119095303	119095272	3078	119093764	-1539	1539	1508
chr11	62595677	62598721	62598592	3044	62597199	-1522	1522	1393
chr11	119015794	119017017	119015874	1223	119016405	-611	612	-531
chr11	117204741	117207453	117206424	2712	117206097	-1356	1356	327
chr11	68157551	68159445	68158765	1894	68158498	-947	947	267
chr11	46375539	46383449	46382098	7910	46379494	-3955	3955	2604
chr11	64229816	64232918	64229876	3102	64231367	-1551	1551	-1491
chr11	67308074	67314201	67309962	6127	67311137	-3063	3064	-1175
chr11	66528663	66533092	66531762	4429	66530877	-2214	2215	885
chr11	62668867	62670380	62669895	1513	62669623	-756	757	272
chr11	71998978	72005958	72003419	6980	72002468	-3490	3490	951
chr11	62595677	62598721	62596056	3044	62597199	-1522	1522	-1143
chr11	68026335	68033486	68027772	7151	68029910	-3575	3576	-2138
chr11	66436983	66442629	66437371	5646	66439806	-2823	2823	-2435
chr11	47235726	47241595	47240003	5869	47238660	-2934	2935	1343
chr11	47177460	47179317	47179220	1857	47178388	-928	929	832
chr11	6476336	6479496	6478136	3160	6477916	-1580	1580	220
chr11	59575969	59577447	59576189	1478	59576708	-739	739	-519
chr11	126262717	126268473	126266794	5756	126265595	-2878	2878	1199
chr11	62689555	62693132	62691134	3577	62691343	-1788	1789	-209
chr11	126262717	126268473	126263782	5756	126265595	-2878	2878	-1813
chr11	57698453	57700408	57698662	1955	57699430	-977	978	-768
chr11	46703637	46709031	46704611	5394	46706334	-2697	2697	-1723
chr11	112086564	112088770	112086714	2206	112087667	-1103	1103	-953
chr11	126274286	126278158	126277022	3872	126276222	-1936	1936	800
chr11	71998978	72005958	71999797	6980	72002468	-3490	3490	-2671
chr11	118896786	118902999	118901548	6213	118899892	-3106	3107	1656
chr11	67489750	67494363	67494041	4613	67492056	-2306	2307	1985
chr11	65086044	65089150	65086770	3106	65087597	-1553	1553	-827
chr11	65086044	65089150	65087060	3106	65087597	-1553	1553	-537
chr11	47409487	47416455	47415347	6968	47412971	-3484	3484	2376
chr11	61962656	61963740	61962706	1084	61963198	-542	542	-492
chr11	66273780	66280041	66276134	6261	66276910	-3130	3131	-776
chr11	45809387	45812715	45811173	3328	45811051	-1664	1664	122
chr11	57698453	57700408	57698955	1955	57699430	-977	978	-475
chr11	66522673	66525987	66523500	3314	66524330	-1657	1657	-830
chr11	74253098	74255847	74253618	2749	74254472	-1374	1375	-854
chr11	64201600	64204790	64203208	3190	64203195	-1595	1595	13
chr11	35615897	35621324	35619828	5427	35618610	-2713	2714	1218
chr11	63911228	63919010	63914320	7782	63915119	-3891	3891	-799
chr11	119092225	119095303	119093946	3078	119093764	-1539	1539	182
chr11	62598883	62605203	62604189	6320	62602043	-3160	3160	2146
chr11	57527187	57529455	57528645	2268	57528321	-1134	1134	324
chr12	111443001	111449877	111448423	6876	111446439	-3438	3438	1984
chr12	57598924	57603426	57600413	4502	57601175	-2251	2251	-762
chr12	57598924	57603426	57600907	4502	57601175	-2251	2251	-268
chr12	57598924	57603426	57601676	4502	57601175	-2251	2251	501
chr12	56234018	56240085	56237669	6067	56237051	-3033	3034	618
chr12	562789	566870	565240	4081	564829	-2040	2041	411
chr12	54281748	54284447	54283121	2699	54283097	-1349	1350	24
chr12	54281748	54284447	54284364	2699	54283097	-1349	1350	1267
chr12	120196260	120199596	120196821	3336	120197928	-1668	1668	-1107
chr12	49553737	49561154	49554460	7417	49557445	-3708	3709	-2985
chr12	56234018	56240085	56235693	6067	56237051	-3033	3034	-1358
chr12	57530984	57535893	57534043	4909	57533438	-2454	2455	605
chr12	53056908	53064650	53063756	7742	53060779	-3871	3871	2977
chr12	56317368	56321971	56317581	4603	56319669	-2301	2302	-2088
chr12	121003612	121005747	121004121	2135	121004679	-1067	1068	-558
chr12	56001962	56008616	56003837	6654	56005289	-3327	3327	-1452
chr12	53187066	53190701	53187586	3635	53188883	-1817	1818	-1297
chr12	2856012	2861607	2858728	5595	2858809	-2797	2798	-81
chr12	56097722	56102514	56102184	4792	56100118	-2396	2396	2066
chr12	50084362	50088203	50086810	3841	50086282	-1920	1921	528
chr12	49553737	49561154	49558920	7417	49557445	-3708	3709	1475
chr12	132617879	132624092	132621642	6213	132620985	-3106	3107	657
chr12	56001962	56008616	56005004	6654	56005289	-3327	3327	-285
chr12	57763599	57767444	57764150	3845	57765521	-1922	1923	-1371
chr12	113386096	113392622	113387749	6526	113389359	-3263	3263	-1610
chr12	6938733	6943679	6938844	4946	6941206	-2473	2473	-2362
chr12	6325808	6328797	6327436	2989	6327302	-1494	1495	134
chr12	48824586	48829769	48828121	5183	48827177	-2591	2592	944
chr12	50094725	50099260	50099088	4535	50096992	-2267	2268	2096
chr12	53190887	53193569	53191473	2682	53192228	-1341	1341	-755
chr12	55723690	55726332	55724380	2642	55725011	-1321	1321	-631
chr12	113152271	113159177	113157772	6906	113155724	-3453	3453	2048
chr12	92143412	92146790	92144277	3378	92145101	-1689	1689	-824
chr12	1784791	1786714	1786193	1923	1785752	-961	962	441
chr12	57224660	57229301	57225741	4641	57226980	-2320	2321	-1239
chr12	6938733	6943679	6941424	4946	6941206	-2473	2473	218
chr12	47779066	47783305	47780654	4239	47781185	-2119	2120	-531
chr12	53065405	53067890	53066341	2485	53066647	-1242	1243	-306
chr12	53479728	53483476	53481235	3748	53481602	-1874	1874	-367
chr12	124908910	124915502	124913484	6592	124912206	-3296	3296	1278
chr12	562789	566870	565992	4081	564829	-2040	2041	1163
chr12	14768653	14771473	14770971	2820	14770063	-1410	1410	908
chr12	55900722	55903559	55901791	2837	55902140	-1418	1419	-349
chr12	56227839	56232891	56232780	5052	56230365	-2526	2526	2415
chr12	122474070	122478861	122474107	4791	122476465	-2395	2396	-2358
chr12	562789	566870	565972	4081	564829	-2040	2041	1143
chr12	106239767	106242796	106239849	3029	106241281	-1514	1515	-1432
chr12	47779066	47783305	47781049	4239	47781185	-2119	2120	-136
chr12	132617879	132624092	132620469	6213	132620985	-3106	3107	-516
chr12	14773939	14775891	14775769	1952	14774915	-976	976	854
chr12	124908910	124915502	124911706	6592	124912206	-3296	3296	-500
chr12	108522872	108530488	108523286	7616	108526680	-3808	3808	-3394
chr12	6844685	6849861	6846796	5176	6847273	-2588	2588	-477
chr12	108647175	108648553	108647337	1378	108647864	-689	689	-527
chr12	132703125	132707151	132704801	4026	132705138	-2013	2013	-337
chr12	49129252	49131928	49131374	2676	49130590	-1338	1338	784
chr12	56234018	56240085	56236405	6067	56237051	-3033	3034	-646
chr12	53056908	53064650	53063563	7742	53060779	-3871	3871	2784
chr12	120196260	120199596	120197330	3336	120197928	-1668	1668	-598
chr12	49272639	49273885	49272898	1246	49273262	-623	623	-364
chr12	2823420	2825513	2824230	2093	2824466	-1046	1047	-236
chr12	125135522	125143141	125142243	7619	125139331	-3809	3810	2912
chr12	120196260	120199596	120196905	3336	120197928	-1668	1668	-1023
chr12	56633492	56638188	56636305	4696	56635840	-2348	2348	465
chr12	2856012	2861607	2859241	5595	2858809	-2797	2798	432
chr12	6938733	6943679	6941471	4946	6941206	-2473	2473	265
chr12	120196260	120199596	120199132	3336	120197928	-1668	1668	1204
chr12	120578605	120581408	120581142	2803	120580006	-1401	1402	1136
chr12	120993188	121000590	120996569	7402	120996889	-3701	3701	-320
chr12	6536752	6539496	6537608	2744	6538124	-1372	1372	-516
chr12	120211582	120217953	120212294	6371	120214767	-3185	3186	-2473
chr12	6388560	6392626	6391128	4066	6390593	-2033	2033	535
chr12	56097722	56102514	56102295	4792	56100118	-2396	2396	2177
chr12	120578605	120581408	120579134	2803	120580006	-1401	1402	-872
chr12	55723690	55726332	55725522	2642	55725011	-1321	1321	511
chr12	56116382	56117130	56116790	748	56116756	-374	374	34
chr12	48856534	48860307	48858044	3773	48858420	-1886	1887	-376
chr12	49553737	49561154	49555885	7417	49557445	-3708	3709	-1560
chr12	48856534	48860307	48857176	3773	48858420	-1886	1887	-1244
chr12	55821315	55824182	55822056	2867	55822748	-1433	1434	-692
chr12	56001962	56008616	56003869	6654	56005289	-3327	3327	-1420
chr12	56001962	56008616	56004739	6654	56005289	-3327	3327	-550
chr12	12716324	12719045	12718824	2721	12717684	-1360	1361	1140
chr12	48832979	48839631	48833303	6652	48836305	-3326	3326	-3002
chr12	120094775	120096551	120096535	1776	120095663	-888	888	872
chr12	53302292	53308629	53308507	6337	53305460	-3168	3169	3047
chr12	55821315	55824182	55822111	2867	55822748	-1433	1434	-637
chr12	132617879	132624092	132621606	6213	132620985	-3106	3107	621
chr12	57516638	57517655	57516892	1017	57517146	-508	509	-254
chr12	49553737	49561154	49557527	7417	49557445	-3708	3709	82
chr12	113152271	113159177	113158751	6906	113155724	-3453	3453	3027
chr12	120128212	120130975	120129306	2763	120129593	-1381	1382	-287
chr12	1784791	1786714	1786322	1923	1785752	-961	962	570
chr12	111443001	111449877	111448464	6876	111446439	-3438	3438	2025
chr12	132715365	132721286	132720708	5921	132718325	-2960	2961	2383
chr12	57527681	57530135	57528372	2454	57528908	-1227	1227	-536
chr12	113159239	113162377	113161311	3138	113160808	-1569	1569	503
chr12	49553737	49561154	49559960	7417	49557445	-3708	3709	2515
chr12	124908910	124915502	124912411	6592	124912206	-3296	3296	205
chr12	31101287	31108727	31103373	7440	31105007	-3720	3720	-1634
chr12	49016771	49019074	49018768	2303	49017922	-1151	1152	846
chr12	109088078	109090075	109088414	1997	109089076	-998	999	-662
chr12	132617879	132624092	132621555	6213	132620985	-3106	3107	570
chr12	124908910	124915502	124913265	6592	124912206	-3296	3296	1059
chr12	52170905	52174040	52171486	3135	52172472	-1567	1568	-986
chr12	110373484	110374307	110374115	823	110373895	-411	412	220
chr12	56227839	56232891	56231435	5052	56230365	-2526	2526	1070
chr12	122056059	122059222	122059179	3163	122057640	-1581	1582	1539
chr12	57527681	57530135	57527908	2454	57528908	-1227	1227	-1000
chr12	48856534	48860307	48858047	3773	48858420	-1886	1887	-373
chr12	6325808	6328797	6327883	2989	6327302	-1494	1495	581
chr12	50084362	50088203	50086873	3841	50086282	-1920	1921	591
chr12	6975935	6978632	6976365	2697	6977283	-1348	1349	-918
chr12	118028681	118031471	118031193	2790	118030076	-1395	1395	1117
chr12	120097514	120099035	120098872	1521	120098274	-760	761	598
chr12	120461457	120465095	120462080	3638	120463276	-1819	1819	-1196
chr12	562789	566870	565490	4081	564829	-2040	2041	661
chr12	57510028	57516346	57515950	6318	57513187	-3159	3159	2763
chr12	49129252	49131928	49129664	2676	49130590	-1338	1338	-926
chr12	55821315	55824182	55823406	2867	55822748	-1433	1434	658
chr12	562789	566870	565438	4081	564829	-2040	2041	609
chr12	112021998	112023375	112022230	1377	112022686	-688	689	-456
chr12	55723690	55726332	55725561	2642	55725011	-1321	1321	550
chr12	112148897	112152451	112151892	3554	112150674	-1777	1777	1218
chr12	124908910	124915502	124913399	6592	124912206	-3296	3296	1193
chr12	57527681	57530135	57528402	2454	57528908	-1227	1227	-506
chr12	132617879	132624092	132620309	6213	132620985	-3106	3107	-676
chr12	124908910	124915502	124912639	6592	124912206	-3296	3296	433
chr12	49553737	49561154	49555795	7417	49557445	-3708	3709	-1650
chr12	57800599	57806657	57806223	6058	57803628	-3029	3029	2595
chr12	56120388	56122689	56121311	2301	56121538	-1150	1151	-227
chr12	49836886	49838941	49838344	2055	49837913	-1027	1028	431
chr12	6767353	6771853	6769945	4500	6769603	-2250	2250	342
chr12	6767353	6771853	6770156	4500	6769603	-2250	2250	553
chr12	47843182	47847982	47844663	4800	47845582	-2400	2400	-919
chr12	56314440	56316472	56314920	2032	56315456	-1016	1016	-536
chr12	55900722	55903559	55901699	2837	55902140	-1418	1419	-441
chr12	56317368	56321971	56319927	4603	56319669	-2301	2302	258
chr12	6938733	6943679	6940944	4946	6941206	-2473	2473	-262
chr12	2856012	2861607	2859068	5595	2858809	-2797	2798	259
chr12	6938733	6943679	6940931	4946	6941206	-2473	2473	-275
chr12	6938733	6943679	6941383	4946	6941206	-2473	2473	177
chr12	6938733	6943679	6941750	4946	6941206	-2473	2473	544
chr12	55723690	55726332	55724479	2642	55725011	-1321	1321	-532
chr12	56154304	56159297	56155696	4993	56156800	-2496	2497	-1104
chr12	130870304	130876197	130874601	5893	130873250	-2946	2947	1351
chr12	6943962	6944845	6944583	883	6944403	-441	442	180
chr12	14773939	14775891	14775263	1952	14774915	-976	976	348
chr12	49836886	49838941	49838929	2055	49837913	-1027	1028	1016
chr12	50094725	50099260	50098783	4535	50096992	-2267	2268	1791
chr12	53296817	53297984	53297796	1167	53297400	-583	584	396
chr12	55726829	55729610	55727307	2781	55728219	-1390	1391	-912
chr12	56234018	56240085	56235240	6067	56237051	-3033	3034	-1811
chr12	62602375	62604578	62602917	2203	62603476	-1101	1102	-559
chr12	54281748	54284447	54284269	2699	54283097	-1349	1350	1172
chr12	56097722	56102514	56101531	4792	56100118	-2396	2396	1413
chr12	113293596	113298505	113297178	4909	113296050	-2454	2455	1128
chr12	49272639	49273885	49272944	1246	49273262	-623	623	-318
chr12	56154304	56159297	56158491	4993	56156800	-2496	2497	1691
chr12	56314440	56316472	56315142	2032	56315456	-1016	1016	-314
chr12	32741785	32744152	32742641	2367	32742968	-1183	1184	-327
chr12	2937137	2938360	2937640	1223	2937748	-611	612	-108
chr12	6938733	6943679	6941407	4946	6941206	-2473	2473	201
chr12	48824586	48829769	48827043	5183	48827177	-2591	2592	-134
chr12	107732760	107735948	107734307	3188	107734354	-1594	1594	-47
chr12	128791169	128794352	128794346	3183	128792760	-1591	1592	1586
chr12	49272639	49273885	49272990	1246	49273262	-623	623	-272
chr12	108522872	108530488	108524400	7616	108526680	-3808	3808	-2280
chr12	121000610	121002694	121001247	2084	121001652	-1042	1042	-405
chr12	132617879	132624092	132620264	6213	132620985	-3106	3107	-721
chr12	53065405	53067890	53065931	2485	53066647	-1242	1243	-716
chr12	48148976	48150902	48149576	1926	48149939	-963	963	-363
chr12	56227839	56232891	56231335	5052	56230365	-2526	2526	970
chr12	120993188	121000590	120997762	7402	120996889	-3701	3701	873
chr12	48824586	48829769	48826383	5183	48827177	-2591	2592	-794
chr12	14768653	14771473	14771029	2820	14770063	-1410	1410	966
chr12	6844685	6849861	6849618	5176	6847273	-2588	2588	2345
chr12	55723690	55726332	55724419	2642	55725011	-1321	1321	-592
chr12	52170905	52174040	52171403	3135	52172472	-1567	1568	-1069
chr12	112406397	112408452	112408309	2055	112407424	-1027	1028	885
chr12	6943962	6944845	6944760	883	6944403	-441	442	357
chr12	55817617	55820905	55820514	3288	55819261	-1644	1644	1253
chr12	56001962	56008616	56004786	6654	56005289	-3327	3327	-503
chr12	113386096	113392622	113388533	6526	113389359	-3263	3263	-826
chr12	56120388	56122689	56120715	2301	56121538	-1150	1151	-823
chr12	56338591	56341911	56339763	3320	56340251	-1660	1660	-488
chr12	112148897	112152451	112149751	3554	112150674	-1777	1777	-923
chr12	108522872	108530488	108526255	7616	108526680	-3808	3808	-425
chr12	6536752	6539496	6537716	2744	6538124	-1372	1372	-408
chr12	124908910	124915502	124911923	6592	124912206	-3296	3296	-283
chr12	49129252	49131928	49129271	2676	49130590	-1338	1338	-1319
chr12	132077125	132078768	132077664	1643	132077946	-821	822	-282
chr12	49129252	49131928	49129280	2676	49130590	-1338	1338	-1310
chr12	6938733	6943679	6939149	4946	6941206	-2473	2473	-2057
chr12	31101287	31108727	31101901	7440	31105007	-3720	3720	-3106
chr12	31101287	31108727	31104116	7440	31105007	-3720	3720	-891
chr12	49272639	49273885	49273144	1246	49273262	-623	623	-118
chr12	49629689	49636488	49635414	6799	49633088	-3399	3400	2326
chr12	51241438	51243335	51242682	1897	51242386	-948	949	296
chr12	55723690	55726332	55726206	2642	55725011	-1321	1321	1195
chr12	56097722	56102514	56099979	4792	56100118	-2396	2396	-139
chr12	56103968	56105625	56104615	1657	56104796	-828	829	-181
chr12	56154304	56159297	56157858	4993	56156800	-2496	2497	1058
chr12	56281838	56286925	56285964	5087	56284381	-2543	2544	1583
chr12	56314440	56316472	56315142	2032	56315456	-1016	1016	-314
chr12	56338591	56341911	56339190	3320	56340251	-1660	1660	-1061
chr12	56599343	56606181	56600089	6838	56602762	-3419	3419	-2673
chr12	57510028	57516346	57514831	6318	57513187	-3159	3159	1644
chr12	108647175	108648553	108647456	1378	108647864	-689	689	-408
chr12	110347512	110350104	110350006	2592	110348808	-1296	1296	1198
chr12	120458553	120461086	120459958	2533	120459819	-1266	1267	139
chr12	124908910	124915502	124912690	6592	124912206	-3296	3296	484
chr12	113159239	113162377	113161982	3138	113160808	-1569	1569	1174
chr12	103943466	103946187	103943737	2721	103944826	-1360	1361	-1089
chr12	31101287	31108727	31103954	7440	31105007	-3720	3720	-1053
chr12	47779066	47783305	47779119	4239	47781185	-2119	2120	-2066
chr12	55723690	55726332	55725829	2642	55725011	-1321	1321	818
chr12	56317368	56321971	56319111	4603	56319669	-2301	2302	-558
chr12	57530984	57535893	57533968	4909	57533438	-2454	2455	530
chr12	57800599	57806657	57806394	6058	57803628	-3029	3029	2766
chr12	123465862	123466527	123466102	665	123466194	-332	333	-92
chr12	113152271	113159177	113158760	6906	113155724	-3453	3453	3036
chr12	123252719	123256799	123253683	4080	123254759	-2040	2040	-1076
chr12	52170905	52174040	52172287	3135	52172472	-1567	1568	-185
chr12	52896547	52900449	52898884	3902	52898498	-1951	1951	386
chr12	47783949	47787095	47785694	3146	47785522	-1573	1573	172
chr12	49016771	49019074	49018715	2303	49017922	-1151	1152	793
chr12	132617879	132624092	132621702	6213	132620985	-3106	3107	717
chr12	56097722	56102514	56102145	4792	56100118	-2396	2396	2027
chr12	132617879	132624092	132621313	6213	132620985	-3106	3107	328
chr12	56267685	56272792	56269217	5107	56270238	-2553	2554	-1021
chr12	57530984	57535893	57532087	4909	57533438	-2454	2455	-1351
chr12	124908910	124915502	124912517	6592	124912206	-3296	3296	311
chr12	56001962	56008616	56004652	6654	56005289	-3327	3327	-637
chr12	53711174	53714776	53711934	3602	53712975	-1801	1801	-1041
chr12	53187066	53190701	53187748	3635	53188883	-1817	1818	-1135
chr12	53190887	53193569	53193333	2682	53192228	-1341	1341	1105
chr12	53479728	53483476	53482004	3748	53481602	-1874	1874	402
chr12	57821598	57826707	57823614	5109	57824152	-2554	2555	-538
chr12	3039555	3043906	3040511	4351	3041730	-2175	2176	-1219
chr12	124908910	124915502	124911850	6592	124912206	-3296	3296	-356
chr12	57763599	57767444	57765422	3845	57765521	-1922	1923	-99
chr12	56317368	56321971	56319374	4603	56319669	-2301	2302	-295
chr12	56001962	56008616	56005141	6654	56005289	-3327	3327	-148
chr12	123465862	123466527	123466065	665	123466194	-332	333	-129
chr12	56314440	56316472	56316088	2032	56315456	-1016	1016	632
chr12	112021998	112023375	112022406	1377	112022686	-688	689	-280
chr12	56097722	56102514	56101808	4792	56100118	-2396	2396	1690
chr12	113299248	113302023	113299922	2775	113300635	-1387	1388	-713
chr12	120578605	120581408	120581154	2803	120580006	-1401	1402	1148
chr12	47965279	47967555	47966685	2276	47966417	-1138	1138	268
chr12	124908910	124915502	124913404	6592	124912206	-3296	3296	1198
chr12	2856012	2861607	2859377	5595	2858809	-2797	2798	568
chr12	57527681	57530135	57528676	2454	57528908	-1227	1227	-232
chr12	132617879	132624092	132621719	6213	132620985	-3106	3107	734
chr12	56338591	56341911	56340175	3320	56340251	-1660	1660	-76
chr12	12476747	12478075	12477122	1328	12477411	-664	664	-289
chr12	111643297	111647483	111644090	4186	111645390	-2093	2093	-1300
chr12	121231358	121235306	121232448	3948	121233332	-1974	1974	-884
chr12	53479728	53483476	53483190	3748	53481602	-1874	1874	1588
chr12	57516638	57517655	57517024	1017	57517146	-508	509	-122
chr12	49836886	49838941	49838831	2055	49837913	-1027	1028	918
chr12	56001962	56008616	56003766	6654	56005289	-3327	3327	-1523
chr12	108522872	108530488	108526355	7616	108526680	-3808	3808	-325
chr12	6844685	6849861	6846796	5176	6847273	-2588	2588	-477
chr12	2817632	2823210	2822887	5578	2820421	-2789	2789	2466
chr12	6325808	6328797	6327312	2989	6327302	-1494	1495	10
chr12	6844685	6849861	6849594	5176	6847273	-2588	2588	2321
chr12	57598924	57603426	57600401	4502	57601175	-2251	2251	-774
chr12	57510028	57516346	57515043	6318	57513187	-3159	3159	1856
chr12	48824586	48829769	48826989	5183	48827177	-2591	2592	-188
chr12	6536752	6539496	6538176	2744	6538124	-1372	1372	52
chr12	14768653	14771473	14771111	2820	14770063	-1410	1410	1048
chr12	53972367	53976330	53975278	3963	53974348	-1981	1982	930
chr12	132703125	132707151	132704884	4026	132705138	-2013	2013	-254
chr12	130870304	130876197	130875933	5893	130873250	-2946	2947	2683
chr12	6767353	6771853	6770605	4500	6769603	-2250	2250	1002
chr12	49645416	49648897	49648246	3481	49647156	-1740	1741	1090
chr12	52896547	52900449	52898830	3902	52898498	-1951	1951	332
chr12	111443001	111449877	111447407	6876	111446439	-3438	3438	968
chr12	128791169	128794352	128794221	3183	128792760	-1591	1592	1461
chr13	113457762	113459241	113458084	1479	113458501	-739	740	-417
chr13	98445230	98452361	98446141	7131	98448795	-3565	3566	-2654
chr13	113324572	113328696	113326024	4124	113326634	-2062	2062	-610
chr13	46127345	46129732	46127644	2387	46128538	-1193	1194	-894
chr13	46127345	46129732	46127712	2387	46128538	-1193	1194	-826
chr13	98445230	98452361	98448493	7131	98448795	-3565	3566	-302
chr13	21146752	21148289	21147405	1537	21147520	-768	769	-115
chr13	51771332	51773316	51771395	1984	51772324	-992	992	-929
chr13	52028936	52033024	52031007	4088	52030980	-2044	2044	27
chr13	44434137	44435047	44434184	910	44434592	-455	455	-408
chr13	52028936	52033024	52032850	4088	52030980	-2044	2044	1870
chr13	98445230	98452361	98446808	7131	98448795	-3565	3566	-1987
chr13	37004669	37007098	37006010	2429	37005883	-1214	1215	127
chr13	113324572	113328696	113326000	4124	113326634	-2062	2062	-634
chr13	21153627	21155396	21154988	1769	21154511	-884	885	477
chr13	21146752	21148289	21147607	1537	21147520	-768	769	87
chr13	52028936	52033024	52030806	4088	52030980	-2044	2044	-174
chr14	22771587	22775111	22774023	3524	22773349	-1762	1762	674
chr14	31132962	31133708	31133302	746	31133335	-373	373	-33
chr14	24439351	24443282	24442069	3931	24441316	-1965	1966	753
chr14	24439351	24443282	24442815	3931	24441316	-1965	1966	1499
chr14	72970323	72972463	72971051	2140	72971393	-1070	1070	-342
chr14	73717420	73722089	73717580	4669	73719754	-2334	2335	-2174
chr14	93181158	93186174	93183317	5016	93183666	-2508	2508	-349
chr14	24266132	24268270	24267704	2138	24267201	-1069	1069	503
chr14	103502384	103503192	103502978	808	103502788	-404	404	190
chr14	20455593	20460019	20457511	4426	20457806	-2213	2213	-295
chr14	21085377	21087584	21087075	2207	21086480	-1103	1104	595
chr14	73489978	73494187	73492748	4209	73492082	-2104	2105	666
chr14	93181158	93186174	93183248	5016	93183666	-2508	2508	-418
chr14	69770320	69771886	69771428	1566	69771103	-783	783	325
chr14	21499280	21501805	21500622	2525	21500542	-1262	1263	80
chr14	67650820	67652272	67651281	1452	67651546	-726	726	-265
chr14	21090213	21095907	21091458	5694	21093060	-2847	2847	-1602
chr14	21210691	21212500	21211915	1809	21211595	-904	905	320
chr14	23554939	23558224	23556864	3285	23556581	-1642	1643	283
chr14	23554939	23558224	23557010	3285	23556581	-1642	1643	429
chr14	104767164	104770642	104770340	3478	104768903	-1739	1739	1437
chr14	21502342	21504253	21503079	1911	21503297	-955	956	-218
chr14	75134264	75135904	75134775	1640	75135084	-820	820	-309
chr14	24428305	24433297	24428938	4992	24430801	-2496	2496	-1863
chr14	24212069	24214183	24214134	2114	24213126	-1057	1057	1008
chr14	94045476	94052228	94051051	6752	94048852	-3376	3376	2199
chr14	103503301	103511016	103503416	7715	103507158	-3857	3858	-3742
chr14	75134264	75135904	75134866	1640	75135084	-820	820	-218
chr14	24301047	24305199	24301661	4152	24303123	-2076	2076	-1462
chr14	73711891	73715294	73713038	3403	73713592	-1701	1702	-554
chr14	20455593	20460019	20455930	4426	20457806	-2213	2213	-1876
chr14	64945345	64949117	64947699	3772	64947231	-1886	1886	468
chr14	21090213	21095907	21091449	5694	21093060	-2847	2847	-1611
chr14	75650417	75651595	75651593	1178	75651006	-589	589	587
chr14	75276674	75281886	75278873	5212	75279280	-2606	2606	-407
chr14	90272281	90275481	90272526	3200	90273881	-1600	1600	-1355
chr14	30621247	30622428	30622411	1181	30621837	-590	591	574
chr14	20455593	20460019	20457104	4426	20457806	-2213	2213	-702
chr14	102081621	102084538	102082243	2917	102083079	-1458	1459	-836
chr14	90405678	90407600	90406167	1922	90406639	-961	961	-472
chr14	24439351	24443282	24440201	3931	24441316	-1965	1966	-1115
chr14	102925814	102933566	102928853	7752	102929690	-3876	3876	-837
chr14	99398372	99400340	99399087	1968	99399356	-984	984	-269
chr14	24214375	24216409	24215556	2034	24215392	-1017	1017	164
chr14	21353424	21354811	21353817	1387	21354117	-693	694	-300
chr14	39177397	39179957	39179462	2560	39178677	-1280	1280	785
chr14	24439351	24443282	24442207	3931	24441316	-1965	1966	891
chr14	20455593	20460019	20455659	4426	20457806	-2213	2213	-2147
chr14	21090213	21095907	21092376	5694	21093060	-2847	2847	-684
chr14	69053887	69054699	69054027	812	69054293	-406	406	-266
chr14	24188111	24191629	24189429	3518	24189870	-1759	1759	-441
chr14	75276674	75281886	75278993	5212	75279280	-2606	2606	-287
chr14	103694780	103702565	103699480	7785	103698672	-3892	3893	808
chr14	23358681	23361706	23360034	3025	23360193	-1512	1513	-159
chr14	24439351	24443282	24439913	3931	24441316	-1965	1966	-1403
chr14	69765765	69769422	69769210	3657	69767593	-1828	1829	1617
chr14	21090213	21095907	21092389	5694	21093060	-2847	2847	-671
chr14	69053887	69054699	69054198	812	69054293	-406	406	-95
chr14	73489978	73494187	73491817	4209	73492082	-2104	2105	-265
chr14	90272281	90275481	90272600	3200	90273881	-1600	1600	-1281
chr14	73489978	73494187	73492018	4209	73492082	-2104	2105	-64
chr14	93181158	93186174	93183121	5016	93183666	-2508	2508	-545
chr14	75650417	75651595	75651050	1178	75651006	-589	589	44
chr14	93181158	93186174	93183843	5016	93183666	-2508	2508	177
chr14	24140365	24143873	24140893	3508	24142119	-1754	1754	-1226
chr14	64751649	64756655	64753641	5006	64754152	-2503	2503	-511
chr14	24136319	24139271	24139197	2952	24137795	-1476	1476	1402
chr14	24136319	24139271	24138769	2952	24137795	-1476	1476	974
chr14	24290517	24292787	24290916	2270	24291652	-1135	1135	-736
chr14	73116911	73120059	73119966	3148	73118485	-1574	1574	1481
chr14	64751649	64756655	64753737	5006	64754152	-2503	2503	-415
chr14	24301047	24305199	24303089	4152	24303123	-2076	2076	-34
chr14	75134264	75135904	75134956	1640	75135084	-820	820	-128
chr14	24439351	24443282	24440523	3931	24441316	-1965	1966	-793
chr14	22775910	22778916	22776273	3006	22777413	-1503	1503	-1140
chr14	23358681	23361706	23358878	3025	23360193	-1512	1513	-1315
chr14	24290517	24292787	24292646	2270	24291652	-1135	1135	994
chr14	77023228	77028914	77026664	5686	77026071	-2843	2843	593
chr14	22885780	22890004	22886081	4224	22887892	-2112	2112	-1811
chr14	24188111	24191629	24190646	3518	24189870	-1759	1759	776
chr14	49784615	49786084	49784628	1469	49785349	-734	735	-721
chr14	24301047	24305199	24305002	4152	24303123	-2076	2076	1879
chr14	74902024	74903236	74902770	1212	74902630	-606	606	140
chr14	69053887	69054699	69054413	812	69054293	-406	406	120
chr14	93181158	93186174	93184242	5016	93183666	-2508	2508	576
chr14	20455593	20460019	20457416	4426	20457806	-2213	2213	-390
chr14	22832133	22835002	22834399	2869	22833567	-1434	1435	832
chr14	24140365	24143873	24141266	3508	24142119	-1754	1754	-853
chr14	24214375	24216409	24215661	2034	24215392	-1017	1017	269
chr14	24236399	24239111	24238362	2712	24237755	-1356	1356	607
chr14	52007890	52011237	52010943	3347	52009563	-1673	1674	1380
chr14	74492402	74494305	74493285	1903	74493353	-951	952	-68
chr14	93181158	93186174	93183171	5016	93183666	-2508	2508	-495
chr14	99398372	99400340	99398754	1968	99399356	-984	984	-602
chr14	68786165	68788502	68787676	2337	68787333	-1168	1169	343
chr14	69053887	69054699	69053945	812	69054293	-406	406	-348
chr14	23554939	23558224	23557274	3285	23556581	-1642	1643	693
chr14	103518305	103523222	103522353	4917	103520763	-2458	2459	1590
chr14	24301047	24305199	24304580	4152	24303123	-2076	2076	1457
chr14	52007890	52011237	52007903	3347	52009563	-1673	1674	-1660
chr14	73489978	73494187	73493303	4209	73492082	-2104	2105	1221
chr14	75276674	75281886	75280594	5212	75279280	-2606	2606	1314
chr14	90263485	90267321	90265141	3836	90265403	-1918	1918	-262
chr14	99398372	99400340	99399098	1968	99399356	-984	984	-258
chr14	99502487	99504124	99502959	1637	99503305	-818	819	-346
chr14	24307134	24312575	24311608	5441	24309854	-2720	2721	1754
chr14	24191760	24193111	24191812	1351	24192435	-675	676	-623
chr14	24301047	24305199	24302053	4152	24303123	-2076	2076	-1070
chr14	75276674	75281886	75281622	5212	75279280	-2606	2606	2342
chr14	99398372	99400340	99398971	1968	99399356	-984	984	-385
chr14	24214375	24216409	24214558	2034	24215392	-1017	1017	-834
chr14	100326451	100334351	100333930	7900	100330401	-3950	3950	3529
chr14	93181158	93186174	93183708	5016	93183666	-2508	2508	42
chr14	73272219	73274038	73272914	1819	73273128	-909	910	-214
chr14	73961082	73963963	73961314	2881	73962522	-1440	1441	-1208
chr14	102081621	102084538	102083292	2917	102083079	-1458	1459	213
chr14	69053887	69054699	69054677	812	69054293	-406	406	384
chr14	24236399	24239111	24237068	2712	24237755	-1356	1356	-687
chr14	21210691	21212500	21211342	1809	21211595	-904	905	-253
chr14	73489978	73494187	73492158	4209	73492082	-2104	2105	76
chr14	90278108	90282657	90278383	4549	90280382	-2274	2275	-1999
chr14	60972199	60973142	60972270	943	60972670	-471	472	-400
chr14	75276674	75281886	75280062	5212	75279280	-2606	2606	782
chr14	93181158	93186174	93183837	5016	93183666	-2508	2508	171
chr14	93181158	93186174	93184224	5016	93183666	-2508	2508	558
chr14	68786165	68788502	68787876	2337	68787333	-1168	1169	543
chr14	75276674	75281886	75281370	5212	75279280	-2606	2606	2090
chr14	22832133	22835002	22833458	2869	22833567	-1434	1435	-109
chr14	77467896	77469441	77469238	1545	77468668	-772	773	570
chr14	24439351	24443282	24441019	3931	24441316	-1965	1966	-297
chr14	23554939	23558224	23557247	3285	23556581	-1642	1643	666
chr14	34514366	34520017	34516522	5651	34517191	-2825	2826	-669
chr14	64939070	64940503	64939818	1433	64939786	-716	717	32
chr14	22771587	22775111	22774389	3524	22773349	-1762	1762	1040
chr14	99502487	99504124	99502867	1637	99503305	-818	819	-438
chr14	77023228	77028914	77026385	5686	77026071	-2843	2843	314
chr14	102925814	102933566	102929505	7752	102929690	-3876	3876	-185
chr15	74627412	74634438	74629776	7026	74630925	-3513	3513	-1149
chr15	43527364	43533441	43527970	6077	43530402	-3038	3039	-2432
chr15	22872561	22874660	22872929	2099	22873610	-1049	1050	-681
chr15	43527364	43533441	43528177	6077	43530402	-3038	3039	-2225
chr15	64688457	64690264	64688540	1807	64689360	-903	904	-820
chr15	63590603	63592610	63590952	2007	63591606	-1003	1004	-654
chr15	64074599	64075609	64075495	1010	64075104	-505	505	391
chr15	90951225	90954353	90952950	3128	90952789	-1564	1564	161
chr15	75201554	75208416	75208329	6862	75204985	-3431	3431	3344
chr15	51935833	51938713	51938198	2880	51937273	-1440	1440	925
chr15	75371185	75374734	75371878	3549	75372959	-1774	1775	-1081
chr15	40811149	40813726	40812832	2577	40812437	-1288	1289	395
chr15	74627412	74634438	74632831	7026	74630925	-3513	3513	1906
chr15	74834548	74839136	74837201	4588	74836842	-2294	2294	359
chr15	82832099	82834492	82833321	2393	82833295	-1196	1197	26
chr15	28111332	28112816	28111996	1484	28112074	-742	742	-78
chr15	90951225	90954353	90953239	3128	90952789	-1564	1564	450
chr15	40329964	40332652	40331711	2688	40331308	-1344	1344	403
chr15	90877071	90880513	90880209	3442	90878792	-1721	1721	1417
chr15	65092606	65095306	65094525	2700	65093956	-1350	1350	569
chr15	89319724	89325872	89321174	6148	89322798	-3074	3074	-1624
chr15	75359475	75364149	75359639	4674	75361812	-2337	2337	-2173
chr15	43772596	43775492	43774677	2896	43774044	-1448	1448	633
chr15	43800496	43806519	43801809	6023	43803507	-3011	3012	-1698
chr15	90227539	90231216	90228002	3677	90229377	-1838	1839	-1375
chr15	40333280	40340843	40335139	7563	40337061	-3781	3782	-1922
chr15	65579325	65581756	65579468	2431	65580540	-1215	1216	-1072
chr15	77034696	77036226	77035823	1530	77035461	-765	765	362
chr15	65579325	65581756	65579462	2431	65580540	-1215	1216	-1078
chr15	80998481	81003342	81003239	4861	81000911	-2430	2431	2328
chr15	74834548	74839136	74838690	4588	74836842	-2294	2294	1848
chr15	39587421	39594466	39591255	7045	39590943	-3522	3523	312
chr15	42408729	42412566	42412220	3837	42410647	-1918	1919	1573
chr15	43772596	43775492	43773075	2896	43774044	-1448	1448	-969
chr15	40736365	40739322	40736583	2957	40737843	-1478	1479	-1260
chr15	40765226	40771496	40771419	6270	40768361	-3135	3135	3058
chr15	44561124	44562875	44561818	1751	44561999	-875	876	-181
chr15	39587421	39594466	39589905	7045	39590943	-3522	3523	-1038
chr15	89314372	89317032	89316693	2660	89315702	-1330	1330	991
chr15	40811149	40813726	40813370	2577	40812437	-1288	1289	933
chr15	50278570	50280155	50278742	1585	50279362	-792	793	-620
chr15	41893036	41896480	41893209	3444	41894758	-1722	1722	-1549
chr15	75209389	75215157	75211010	5768	75212273	-2884	2884	-1263
chr15	44561124	44562875	44561187	1751	44561999	-875	876	-812
chr15	40765226	40771496	40768027	6270	40768361	-3135	3135	-334
chr15	40765226	40771496	40768036	6270	40768361	-3135	3135	-325
chr15	90877071	90880513	90880169	3442	90878792	-1721	1721	1377
chr15	43399874	43403076	43401746	3202	43401475	-1601	1601	271
chr15	66496113	66500445	66497744	4332	66498279	-2166	2166	-535
chr15	90931739	90932324	90931883	585	90932031	-292	293	-148
chr15	90641285	90643891	90642024	2606	90642588	-1303	1303	-564
chr15	40465508	40469738	40466021	4230	40467623	-2115	2115	-1602
chr15	43527364	43533441	43529736	6077	43530402	-3038	3039	-666
chr15	65119003	65121888	65119943	2885	65120445	-1442	1443	-502
chr15	74834548	74839136	74838718	4588	74836842	-2294	2294	1876
chr15	89632643	89635177	89633856	2534	89633910	-1267	1267	-54
chr15	90083451	90085471	90084174	2020	90084461	-1010	1010	-287
chr15	93023483	93024786	93024547	1303	93024134	-651	652	413
chr15	90958766	90962964	90961747	4198	90960865	-2099	2099	882
chr15	28111332	28112816	28111871	1484	28112074	-742	742	-203
chr15	89632643	89635177	89633184	2534	89633910	-1267	1267	-726
chr15	43527364	43533441	43528293	6077	43530402	-3038	3039	-2109
chr15	42408729	42412566	42411324	3837	42410647	-1918	1919	677
chr15	39587421	39594466	39591567	7045	39590943	-3522	3523	624
chr15	65092606	65095306	65093215	2700	65093956	-1350	1350	-741
chr15	43772596	43775492	43774246	2896	43774044	-1448	1448	202
chr15	40902728	40905599	40902940	2871	40904163	-1435	1436	-1223
chr15	43800496	43806519	43801770	6023	43803507	-3011	3012	-1737
chr15	75359475	75364149	75359713	4674	75361812	-2337	2337	-2099
chr15	70047849	70052287	70049928	4438	70050068	-2219	2219	-140
chr15	74841742	74842714	74842211	972	74842228	-486	486	-17
chr15	74834548	74839136	74838336	4588	74836842	-2294	2294	1494
chr15	88629902	88631049	88630266	1147	88630475	-573	574	-209
chr15	90951225	90954353	90953170	3128	90952789	-1564	1564	381
chr15	44563912	44568270	44564683	4358	44566091	-2179	2179	-1408
chr15	90929609	90931480	90931177	1871	90930544	-935	936	633
chr15	43527364	43533441	43531274	6077	43530402	-3038	3039	872
chr15	43527364	43533441	43529308	6077	43530402	-3038	3039	-1094
chr15	97970710	97971854	97971428	1144	97971282	-572	572	146
chr15	63594448	63598402	63597452	3954	63596425	-1977	1977	1027
chr15	40465508	40469738	40466347	4230	40467623	-2115	2115	-1276
chr15	50492838	50494441	50494233	1603	50493639	-801	802	594
chr15	90931739	90932324	90931896	585	90932031	-292	293	-135
chr15	43527364	43533441	43528442	6077	43530402	-3038	3039	-1960
chr15	74834548	74839136	74838723	4588	74836842	-2294	2294	1881
chr15	50492838	50494441	50493874	1603	50493639	-801	802	235
chr15	74834548	74839136	74838176	4588	74836842	-2294	2294	1334
chr15	82832099	82834492	82833620	2393	82833295	-1196	1197	325
chr16	28586169	28593471	28592369	7302	28589820	-3651	3651	2549
chr16	88855998	88859215	88858790	3217	88857606	-1608	1609	1184
chr16	58663623	58669481	58667286	5858	58666552	-2929	2929	734
chr16	69936157	69940225	69940170	4068	69938191	-2034	2034	1979
chr16	3580119	3583695	3583369	3576	3581907	-1788	1788	1462
chr16	57990061	57997553	57997034	7492	57993807	-3746	3746	3227
chr16	3380184	3383192	3383083	3008	3381688	-1504	1504	1395
chr16	22346513	22347838	22347683	1325	22347175	-662	663	508
chr16	70478421	70483634	70479756	5213	70481027	-2606	2607	-1271
chr16	30381003	30383713	30381464	2710	30382358	-1355	1355	-894
chr16	31487340	31491093	31488290	3753	31489216	-1876	1877	-926
chr16	30182803	30190232	30186437	7429	30186517	-3714	3715	-80
chr16	30200505	30207655	30204330	7150	30204080	-3575	3575	250
chr16	1697559	1699736	1699023	2177	1698647	-1088	1089	376
chr16	1361273	1364144	1362657	2871	1362708	-1435	1436	-51
chr16	89738113	89741017	89740290	2904	89739565	-1452	1452	725
chr16	31487340	31491093	31489217	3753	31489216	-1876	1877	1
chr16	28832080	28838312	28835097	6232	28835196	-3116	3116	-99
chr16	68353010	68360872	68358590	7862	68356941	-3931	3931	1649
chr16	31487340	31491093	31490803	3753	31489216	-1876	1877	1587
chr16	28984813	28992064	28985418	7251	28988438	-3625	3626	-3020
chr16	24822664	24823982	24823887	1318	24823323	-659	659	564
chr16	646228	650683	647983	4455	648455	-2227	2228	-472
chr16	22346513	22347838	22347564	1325	22347175	-662	663	389
chr16	79004	83212	83088	4208	81108	-2104	2104	1980
chr16	284032	287503	285568	3471	285767	-1735	1736	-199
chr16	628162	632976	631257	4814	630569	-2407	2407	688
chr16	646228	650683	648297	4455	648455	-2227	2228	-158
chr16	1419392	1422216	1419978	2824	1420804	-1412	1412	-826
chr16	1434288	1438866	1436792	4578	1436577	-2289	2289	215
chr16	23214381	23216842	23215410	2461	23215611	-1230	1231	-201
chr16	31036732	31043319	31039808	6587	31040025	-3293	3294	-217
chr16	31487340	31491093	31488855	3753	31489216	-1876	1877	-361
chr16	54927861	54934190	54932484	6329	54931025	-3164	3165	1459
chr16	57990061	57997553	57997019	7492	57993807	-3746	3746	3212
chr16	69936157	69940225	69939114	4068	69938191	-2034	2034	923
chr16	785503	790380	787377	4877	787941	-2438	2439	-564
chr16	1442531	1449768	1443973	7237	1446149	-3618	3619	-2176
chr16	31492858	31495892	31493182	3034	31494375	-1517	1517	-1193
chr16	23603287	23605327	23603584	2040	23604307	-1020	1020	-723
chr16	67162542	67166189	67163040	3647	67164365	-1823	1824	-1325
chr16	173302	177107	173496	3805	175204	-1902	1903	-1708
chr16	30355160	30360133	30359619	4973	30357646	-2486	2487	1973
chr16	31465835	31468841	31466041	3006	31467338	-1503	1503	-1297
chr16	15040894	15043590	15041668	2696	15042242	-1348	1348	-574
chr16	23372188	23377825	23377373	5637	23375006	-2818	2819	2367
chr16	28586169	28593471	28591627	7302	28589820	-3651	3651	1807
chr16	89742758	89745913	89742935	3155	89744335	-1577	1578	-1400
chr16	58515032	58518254	58516653	3222	58516643	-1611	1611	10
chr16	1419392	1422216	1420333	2824	1420804	-1412	1412	-471
chr16	8643392	8649003	8646337	5611	8646197	-2805	2806	140
chr16	57752812	57758263	57755212	5451	57755537	-2725	2726	-325
chr16	28984813	28992064	28986164	7251	28988438	-3625	3626	-2274
chr16	1419392	1422216	1420147	2824	1420804	-1412	1412	-657
chr16	284032	287503	286659	3471	285767	-1735	1736	892
chr16	31465835	31468841	31466607	3006	31467338	-1503	1503	-731
chr16	31487340	31491093	31487681	3753	31489216	-1876	1877	-1535
chr16	29802369	29808524	29807666	6155	29805446	-3077	3078	2220
chr16	28838528	28846122	28844257	7594	28842325	-3797	3797	1932
chr16	2767815	2772733	2770354	4918	2770274	-2459	2459	80
chr16	70478421	70483634	70482749	5213	70481027	-2606	2607	1722
chr16	30381003	30383713	30381118	2710	30382358	-1355	1355	-1240
chr16	4688036	4695228	4689252	7192	4691632	-3596	3596	-2380
chr16	30381003	30383713	30381025	2710	30382358	-1355	1355	-1333
chr16	30753550	30760117	30759682	6567	30756833	-3283	3284	2849
chr16	27226660	27232027	27226741	5367	27229343	-2683	2684	-2602
chr16	30355160	30360133	30358445	4973	30357646	-2486	2487	799
chr16	89738113	89741017	89739940	2904	89739565	-1452	1452	375
chr16	89738113	89741017	89740290	2904	89739565	-1452	1452	725
chr16	28904484	28907031	28905507	2547	28905757	-1273	1274	-250
chr16	31190636	31194669	31191099	4033	31192652	-2016	2017	-1553
chr16	8643392	8649003	8646324	5611	8646197	-2805	2806	127
chr16	57990061	57997553	57997194	7492	57993807	-3746	3746	3387
chr16	67149143	67156537	67149740	7394	67152840	-3697	3697	-3100
chr16	3380184	3383192	3382925	3008	3381688	-1504	1504	1237
chr16	89738113	89741017	89739976	2904	89739565	-1452	1452	411
chr16	84049356	84055399	84054506	6043	84052377	-3021	3022	2129
chr16	31036732	31043319	31039644	6587	31040025	-3293	3294	-381
chr16	31198837	31201918	31201740	3081	31200377	-1540	1541	1363
chr16	67636170	67638382	67637747	2212	67637276	-1106	1106	471
chr16	89870559	89874430	89873587	3871	89872494	-1935	1936	1093
chr16	1361273	1364144	1362631	2871	1362708	-1435	1436	-77
chr16	15032781	15036463	15036183	3682	15034622	-1841	1841	1561
chr16	57242463	57246147	57246063	3684	57244305	-1842	1842	1758
chr16	29991887	29996915	29995441	5028	29994401	-2514	2514	1040
chr16	30381003	30383713	30381067	2710	30382358	-1355	1355	-1291
chr16	1419392	1422216	1420347	2824	1420804	-1412	1412	-457
chr16	30355160	30360133	30359071	4973	30357646	-2486	2487	1425
chr16	67724640	67726891	67726099	2251	67725765	-1125	1126	334
chr16	30753550	30760117	30759044	6567	30756833	-3283	3284	2211
chr16	68299862	68301547	68301537	1685	68300704	-842	843	833
chr16	68299862	68301547	68301352	1685	68300704	-842	843	648
chr16	28832080	28838312	28836271	6232	28835196	-3116	3116	1075
chr16	11833189	11839682	11837547	6493	11836435	-3246	3247	1112
chr16	4510154	4515089	4512820	4935	4512621	-2467	2468	199
chr16	30652605	30657065	30652987	4460	30654835	-2230	2230	-1848
chr16	29802369	29808524	29802822	6155	29805446	-3077	3078	-2624
chr16	69936157	69940225	69939886	4068	69938191	-2034	2034	1695
chr16	8894337	8895561	8895059	1224	8894949	-612	612	110
chr16	3380184	3383192	3382953	3008	3381688	-1504	1504	1265
chr16	24569393	24572566	24571167	3173	24570979	-1586	1587	188
chr16	87832143	87833587	87832867	1444	87832865	-722	722	2
chr16	30753550	30760117	30757481	6567	30756833	-3283	3284	648
chr16	71927645	71928237	71927810	592	71927941	-296	296	-131
chr16	3055091	3060102	3057151	5011	3057596	-2505	2506	-445
chr16	8894337	8895561	8895129	1224	8894949	-612	612	180
chr16	2711770	2716397	2712621	4627	2714083	-2313	2314	-1462
chr16	2711770	2716397	2712725	4627	2714083	-2313	2314	-1358
chr16	22346513	22347838	22347361	1325	22347175	-662	663	186
chr16	3380184	3383192	3382988	3008	3381688	-1504	1504	1300
chr16	30552109	30557344	30555676	5235	30554726	-2617	2618	950
chr16	69327055	69332382	69328926	5327	69329718	-2663	2664	-792
chr16	284032	287503	285197	3471	285767	-1735	1736	-570
chr16	30424755	30430205	30428931	5450	30427480	-2725	2725	1451
chr16	3380184	3383192	3383091	3008	3381688	-1504	1504	1403
chr16	67149143	67156537	67149496	7394	67152840	-3697	3697	-3344
chr16	28838528	28846122	28842979	7594	28842325	-3797	3797	654
chr16	4688036	4695228	4693810	7192	4691632	-3596	3596	2178
chr16	70659414	70661509	70661486	2095	70660461	-1047	1048	1025
chr16	29991887	29996915	29994586	5028	29994401	-2514	2514	185
chr16	3580119	3583695	3582421	3576	3581907	-1788	1788	514
chr16	30602880	30605973	30604985	3093	30604426	-1546	1547	559
chr16	30602880	30605973	30604616	3093	30604426	-1546	1547	190
chr16	4510154	4515089	4513800	4935	4512621	-2467	2468	1179
chr16	30663823	30669859	30667592	6036	30666841	-3018	3018	751
chr16	75109357	75116065	75112648	6708	75112711	-3354	3354	-63
chr16	89738113	89741017	89738816	2904	89739565	-1452	1452	-749
chr16	28586169	28593471	28591993	7302	28589820	-3651	3651	2173
chr16	8779676	8781398	8781351	1722	8780537	-861	861	814
chr16	646228	650683	648415	4455	648455	-2227	2228	-40
chr16	67673793	67675286	67675194	1493	67674539	-746	747	655
chr16	30652605	30657065	30654869	4460	30654835	-2230	2230	34
chr16	89870559	89874430	89873810	3871	89872494	-1935	1936	1316
chr16	2711770	2716397	2713622	4627	2714083	-2313	2314	-461
chr16	67269788	67271831	67270746	2043	67270809	-1021	1022	-63
chr16	29991887	29996915	29994556	5028	29994401	-2514	2514	155
chr16	628162	632976	630025	4814	630569	-2407	2407	-544
chr16	628162	632976	630232	4814	630569	-2407	2407	-337
chr16	89914108	89920700	89914471	6592	89917404	-3296	3296	-2933
chr16	30978687	30981767	30981139	3080	30980227	-1540	1540	912
chr16	8853396	8856447	8854972	3051	8854921	-1525	1526	51
chr16	31190636	31194669	31190776	4033	31192652	-2016	2017	-1876
chr16	87694763	87697118	87696597	2355	87695940	-1177	1178	657
chr16	67149143	67156537	67149830	7394	67152840	-3697	3697	-3010
chr16	29991887	29996915	29993707	5028	29994401	-2514	2514	-694
chr16	31036732	31043319	31039755	6587	31040025	-3293	3294	-270
chr16	5089526	5090810	5090229	1284	5090168	-642	642	61
chr16	88625710	88631803	88630503	6093	88628756	-3046	3047	1747
chr16	11679155	11680446	11679556	1291	11679800	-645	646	-244
chr16	29991887	29996915	29993707	5028	29994401	-2514	2514	-694
chr16	646228	650683	648368	4455	648455	-2227	2228	-87
chr16	4880899	4883114	4881820	2215	4882006	-1107	1108	-186
chr16	11674976	11677664	11677355	2688	11676320	-1344	1344	1035
chr16	14664812	14669103	14667720	4291	14666957	-2145	2146	763
chr16	89870559	89874430	89873641	3871	89872494	-1935	1936	1147
chr16	363010	370814	370169	7804	366912	-3902	3902	3257
chr16	30984658	30987058	30985565	2400	30985858	-1200	1200	-293
chr16	545020	552671	552382	7651	548845	-3825	3826	3537
chr16	628162	632976	630205	4814	630569	-2407	2407	-364
chr16	633191	638855	634903	5664	636023	-2832	2832	-1120
chr16	785503	790380	787410	4877	787941	-2438	2439	-531
chr16	785503	790380	788718	4877	787941	-2438	2439	777
chr16	8853396	8856447	8854937	3051	8854921	-1525	1526	16
chr16	8853396	8856447	8855127	3051	8854921	-1525	1526	206
chr16	8853396	8856447	8855292	3051	8854921	-1525	1526	371
chr16	70253200	70254161	70253752	961	70253680	-480	481	72
chr16	4695248	4701454	4699361	6206	4698351	-3103	3103	1010
chr16	8643392	8649003	8646269	5611	8646197	-2805	2806	72
chr16	1361273	1364144	1362249	2871	1362708	-1435	1436	-459
chr16	67925197	67932425	67930999	7228	67928811	-3614	3614	2188
chr16	68299862	68301547	68301280	1685	68300704	-842	843	576
chr16	89159009	89163550	89160402	4541	89161279	-2270	2271	-877
chr16	15032781	15036463	15036303	3682	15034622	-1841	1841	1681
chr16	27360593	27363089	27362828	2496	27361841	-1248	1248	987
chr16	3676417	3680359	3679753	3942	3678388	-1971	1971	1365
chr16	30602880	30605973	30604258	3093	30604426	-1546	1547	-168
chr16	66931184	66933469	66932211	2285	66932326	-1142	1143	-115
chr16	30652605	30657065	30656280	4460	30654835	-2230	2230	1445
chr16	29802369	29808524	29804027	6155	29805446	-3077	3078	-1419
chr16	30602880	30605973	30604854	3093	30604426	-1546	1547	428
chr16	84049356	84055399	84054570	6043	84052377	-3021	3022	2193
chr16	173302	177107	173550	3805	175204	-1902	1903	-1654
chr16	1419392	1422216	1420026	2824	1420804	-1412	1412	-778
chr16	8894337	8895561	8894614	1224	8894949	-612	612	-335
chr16	30957778	30959774	30958800	1996	30958776	-998	998	24
chr16	11674976	11677664	11676185	2688	11676320	-1344	1344	-135
chr16	633191	638855	635285	5664	636023	-2832	2832	-738
chr16	50307643	50312569	50312052	4926	50310106	-2463	2463	1946
chr16	67434381	67440550	67438864	6169	67437465	-3084	3085	1399
chr16	370925	373049	371948	2124	371987	-1062	1062	-39
chr16	370925	373049	372647	2124	371987	-1062	1062	660
chr16	79004	83212	83186	4208	81108	-2104	2104	2078
chr16	1419392	1422216	1420077	2824	1420804	-1412	1412	-727
chr16	1434288	1438866	1434492	4578	1436577	-2289	2289	-2085
chr16	1434288	1438866	1436458	4578	1436577	-2289	2289	-119
chr16	1503827	1511378	1507646	7551	1507602	-3775	3776	44
chr16	3055091	3060102	3058208	5011	3057596	-2505	2506	612
chr16	3580119	3583695	3582492	3576	3581907	-1788	1788	585
chr16	23214381	23216842	23215479	2461	23215611	-1230	1231	-132
chr16	28832080	28838312	28835600	6232	28835196	-3116	3116	404
chr16	28838528	28846122	28843085	7594	28842325	-3797	3797	760
chr16	28838528	28846122	28845916	7594	28842325	-3797	3797	3591
chr16	31474505	31478169	31476552	3664	31476337	-1832	1832	215
chr16	50307643	50312569	50310770	4926	50310106	-2463	2463	664
chr16	67162542	67166189	67163006	3647	67164365	-1823	1824	-1359
chr16	67636170	67638382	67637959	2212	67637276	-1106	1106	683
chr16	70659414	70661509	70660101	2095	70660461	-1047	1048	-360
chr16	89738113	89741017	89738841	2904	89739565	-1452	1452	-724
chr16	30381003	30383713	30381791	2710	30382358	-1355	1355	-567
chr16	79004	83212	83094	4208	81108	-2104	2104	1986
chr16	2852487	2856076	2853882	3589	2854281	-1794	1795	-399
chr16	4688036	4695228	4694362	7192	4691632	-3596	3596	2730
chr16	4688036	4695228	4695111	7192	4691632	-3596	3596	3479
chr16	4507564	4508643	4508019	1079	4508103	-539	540	-84
chr16	30652605	30657065	30656391	4460	30654835	-2230	2230	1556
chr16	31487340	31491093	31487460	3753	31489216	-1876	1877	-1756
chr16	27226660	27232027	27226818	5367	27229343	-2683	2684	-2525
chr16	28098018	28100385	28098541	2367	28099201	-1183	1184	-660
chr16	88625710	88631803	88631139	6093	88628756	-3046	3047	2383
chr16	50307643	50312569	50312124	4926	50310106	-2463	2463	2018
chr16	56355352	56358224	56356502	2872	56356788	-1436	1436	-286
chr16	1503827	1511378	1507315	7551	1507602	-3775	3776	-287
chr16	27459712	27466096	27462315	6384	27462904	-3192	3192	-589
chr16	28838528	28846122	28844093	7594	28842325	-3797	3797	1768
chr16	29898762	29901811	29901643	3049	29900286	-1524	1525	1357
chr16	57511744	57515599	57512866	3855	57513671	-1927	1928	-805
chr16	1361273	1364144	1362860	2871	1362708	-1435	1436	152
chr16	30355160	30360133	30358121	4973	30357646	-2486	2487	475
chr16	29802369	29808524	29805162	6155	29805446	-3077	3078	-284
chr16	363010	370814	368609	7804	366912	-3902	3902	1697
chr16	411141	412439	411418	1298	411790	-649	649	-372
chr16	628162	632976	632837	4814	630569	-2407	2407	2268
chr16	70254291	70259651	70254626	5360	70256971	-2680	2680	-2345
chr16	30552109	30557344	30555784	5235	30554726	-2617	2618	1058
chr16	1419392	1422216	1420293	2824	1420804	-1412	1412	-511
chr16	24569393	24572566	24569925	3173	24570979	-1586	1587	-1054
chr16	4507564	4508643	4508115	1079	4508103	-539	540	12
chr16	24569393	24572566	24571562	3173	24570979	-1586	1587	583
chr16	30652605	30657065	30656276	4460	30654835	-2230	2230	1441
chr16	11674976	11677664	11676080	2688	11676320	-1344	1344	-240
chr16	30350971	30354406	30353225	3435	30352688	-1717	1718	537
chr16	89738113	89741017	89739800	2904	89739565	-1452	1452	235
chr16	1442531	1449768	1447551	7237	1446149	-3618	3619	1402
chr16	68353010	68360872	68355802	7862	68356941	-3931	3931	-1139
chr16	30602880	30605973	30604110	3093	30604426	-1546	1547	-316
chr16	29991887	29996915	29994383	5028	29994401	-2514	2514	-18
chr16	30182803	30190232	30186831	7429	30186517	-3714	3715	314
chr16	4688036	4695228	4694070	7192	4691632	-3596	3596	2438
chr16	11679155	11680446	11679595	1291	11679800	-645	646	-205
chr16	30602880	30605973	30604817	3093	30604426	-1546	1547	391
chr16	30602880	30605973	30604915	3093	30604426	-1546	1547	489
chr16	30182803	30190232	30188111	7429	30186517	-3714	3715	1594
chr16	67149143	67156537	67149602	7394	67152840	-3697	3697	-3238
chr16	29802369	29808524	29807849	6155	29805446	-3077	3078	2403
chr16	30602880	30605973	30604526	3093	30604426	-1546	1547	100
chr16	30602880	30605973	30604702	3093	30604426	-1546	1547	276
chr16	85673909	85676113	85675985	2204	85675011	-1102	1102	974
chr16	2767815	2772733	2767840	4918	2770274	-2459	2459	-2434
chr16	30442396	30445809	30444518	3413	30444102	-1706	1707	416
chr16	85669771	85672580	85672541	2809	85671175	-1404	1405	1366
chr16	28899255	28904080	28902021	4825	28901667	-2412	2413	354
chr16	31132520	31133764	31133276	1244	31133142	-622	622	134
chr16	4259672	4266577	4260233	6905	4263124	-3452	3453	-2891
chr16	68078458	68082634	68079210	4176	68080546	-2088	2088	-1336
chr16	28838528	28846122	28844425	7594	28842325	-3797	3797	2100
chr16	29991887	29996915	29995543	5028	29994401	-2514	2514	1142
chr16	28832080	28838312	28836493	6232	28835196	-3116	3116	1297
chr16	67673793	67675286	67675109	1493	67674539	-746	747	570
chr16	66931184	66933469	66932105	2285	66932326	-1142	1143	-221
chr16	28832080	28838312	28834606	6232	28835196	-3116	3116	-590
chr16	11833189	11839682	11837829	6493	11836435	-3246	3247	1394
chr16	31130049	31132230	31130468	2181	31131139	-1090	1091	-671
chr16	4880899	4883114	4881982	2215	4882006	-1107	1108	-24
chr16	1419392	1422216	1419842	2824	1420804	-1412	1412	-962
chr16	67925197	67932425	67930044	7228	67928811	-3614	3614	1233
chr16	30602880	30605973	30605123	3093	30604426	-1546	1547	697
chr16	29802369	29808524	29808242	6155	29805446	-3077	3078	2796
chr16	30652605	30657065	30656246	4460	30654835	-2230	2230	1411
chr16	28904484	28907031	28905743	2547	28905757	-1273	1274	-14
chr16	30200505	30207655	30205958	7150	30204080	-3575	3575	1878
chr16	69338629	69340222	69339607	1593	69339425	-796	797	182
chr16	19698549	19700596	19700436	2047	19699572	-1023	1024	864
chr16	8894337	8895561	8894592	1224	8894949	-612	612	-357
chr16	3055091	3060102	3057377	5011	3057596	-2505	2506	-219
chr16	19698549	19700596	19699505	2047	19699572	-1023	1024	-67
chr16	67169194	67171238	67169778	2044	67170216	-1022	1022	-438
chr16	30442396	30445809	30445179	3413	30444102	-1706	1707	1077
chr16	74304144	74306008	74304366	1864	74305076	-932	932	-710
chr16	2767815	2772733	2768049	4918	2770274	-2459	2459	-2225
chr17	4794340	4798799	4796780	4459	4796569	-2229	2230	211
chr17	28714883	28719425	28715077	4542	28717154	-2271	2271	-2077
chr17	7462460	7465813	7463304	3353	7464136	-1676	1677	-832
chr17	7564972	7566334	7565569	1362	7565653	-681	681	-84
chr17	39726614	39731741	39729470	5127	39729177	-2563	2564	293
chr17	42567709	42571790	42570116	4081	42569749	-2040	2041	367
chr17	74950779	74953776	74952334	2997	74952277	-1498	1499	57
chr17	4794340	4798799	4798024	4459	4796569	-2229	2230	1455
chr17	63431929	63437232	63434530	5303	63434580	-2651	2652	-50
chr17	81556426	81561769	81559267	5343	81559097	-2671	2672	170
chr17	1006382	1009300	1007173	2918	1007841	-1459	1459	-668
chr17	34960667	34962395	34961261	1728	34961531	-864	864	-270
chr17	47710273	47712730	47710560	2457	47711501	-1228	1229	-941
chr17	73205541	73209073	73208345	3532	73207307	-1766	1766	1038
chr17	74769145	74775822	74771818	6677	74772483	-3338	3339	-665
chr17	75753414	75760022	75758052	6608	75756718	-3304	3304	1334
chr17	80204918	80209252	80208236	4334	80207085	-2167	2167	1151
chr17	81715312	81718871	81717444	3559	81717091	-1779	1780	353
chr17	82440634	82447029	82445929	6395	82443831	-3197	3198	2098
chr17	7702055	7707000	7702754	4945	7704527	-2472	2473	-1773
chr17	7947368	7950198	7948575	2830	7948783	-1415	1415	-208
chr17	43016359	43019133	43018055	2774	43017746	-1387	1387	309
chr17	1937443	1940277	1937570	2834	1938860	-1417	1417	-1290
chr17	7592390	7597141	7592763	4751	7594765	-2375	2376	-2002
chr17	42689449	42696237	42696065	6788	42692843	-3394	3394	3222
chr17	39407156	39409403	39408271	2247	39408279	-1123	1124	-8
chr17	8160685	8167141	8161516	6456	8163913	-3228	3228	-2397
chr17	40452787	40454932	40453949	2145	40453859	-1072	1073	90
chr17	74950779	74953776	74952035	2997	74952277	-1498	1499	-242
chr17	39721711	39726043	39725797	4332	39723877	-2166	2166	1920
chr17	73205541	73209073	73207257	3532	73207307	-1766	1766	-50
chr17	78424560	78428478	78425367	3918	78426519	-1959	1959	-1152
chr17	31851246	31857302	31852114	6056	31854274	-3028	3028	-2160
chr17	47806998	47808439	47808365	1441	47807718	-720	721	647
chr17	38325381	38326504	38326089	1123	38325942	-561	562	147
chr17	75519992	75527354	75522251	7362	75523673	-3681	3681	-1422
chr17	74833725	74838973	74836237	5248	74836349	-2624	2624	-112
chr17	43011924	43015085	43013601	3161	43013504	-1580	1581	97
chr17	8169536	8174503	8173586	4967	8172019	-2483	2484	1567
chr17	76389946	76392448	76392019	2502	76391197	-1251	1251	822
chr17	76389946	76392448	76392020	2502	76391197	-1251	1251	823
chr17	4930324	4936631	4934468	6307	4933477	-3153	3154	991
chr17	5485394	5489865	5489707	4471	5487629	-2235	2236	2078
chr17	7592390	7597141	7595868	4751	7594765	-2375	2376	1103
chr17	42794505	42796182	42795801	1677	42795343	-838	839	458
chr17	82440634	82447029	82444738	6395	82443831	-3197	3198	907
chr17	38729063	38734813	38731363	5750	38731938	-2875	2875	-575
chr17	64149432	64151101	64150839	1669	64150266	-834	835	573
chr17	41688102	41693855	41690945	5753	41690978	-2876	2877	-33
chr17	43011924	43015085	43013343	3161	43013504	-1580	1581	-161
chr17	44396683	44402454	44398827	5771	44399568	-2885	2886	-741
chr17	75846036	75851256	75848635	5220	75848646	-2610	2610	-11
chr17	75625058	75632291	75628751	7233	75628674	-3616	3617	77
chr17	7848349	7851767	7851667	3418	7850058	-1709	1709	1609
chr17	80138031	80141366	80138174	3335	80139698	-1667	1668	-1524
chr17	39721711	39726043	39724747	4332	39723877	-2166	2166	870
chr17	7439163	7443547	7442672	4384	7441355	-2192	2192	1317
chr17	7439163	7443547	7443053	4384	7441355	-2192	2192	1698
chr17	39721711	39726043	39724808	4332	39723877	-2166	2166	931
chr17	81671316	81675163	81672618	3847	81673239	-1923	1924	-621
chr17	81715312	81718871	81717010	3559	81717091	-1779	1780	-81
chr17	39407156	39409403	39407571	2247	39408279	-1123	1124	-708
chr17	1894561	1897653	1897135	3092	1896107	-1546	1546	1028
chr17	45103839	45105988	45105634	2149	45104913	-1074	1075	721
chr17	75635900	75641390	75640196	5490	75638645	-2745	2745	1551
chr17	4958119	4962597	4959531	4478	4960358	-2239	2239	-827
chr17	28895284	28902159	28901049	6875	28898721	-3437	3438	2328
chr17	42113414	42118920	42117982	5506	42116167	-2753	2753	1815
chr17	79780804	79787906	79785064	7102	79784355	-3551	3551	709
chr17	44347639	44353095	44351759	5456	44350367	-2728	2728	1392
chr17	28739932	28745368	28741140	5436	28742650	-2718	2718	-1510
chr17	785932	792241	792098	6309	789086	-3154	3155	3012
chr17	7315683	7321959	7317814	6276	7318821	-3138	3138	-1007
chr17	28331454	28336406	28331912	4952	28333930	-2476	2476	-2018
chr17	42307835	42310025	42308217	2190	42308930	-1095	1095	-713
chr17	45393965	45397468	45396013	3503	45395716	-1751	1752	297
chr17	4930324	4936631	4934356	6307	4933477	-3153	3154	879
chr17	12991593	12994199	12993738	2606	12992896	-1303	1303	842
chr17	7930578	7933313	7931536	2735	7931945	-1367	1368	-409
chr17	42565626	42567683	42565975	2057	42566654	-1028	1029	-679
chr17	43204323	43210535	43210073	6212	43207429	-3106	3106	2644
chr17	74769145	74775822	74771749	6677	74772483	-3338	3339	-734
chr17	1651291	1656542	1651547	5251	1653916	-2625	2626	-2369
chr17	7235289	7240997	7237387	5708	7238143	-2854	2854	-756
chr17	75519992	75527354	75521490	7362	75523673	-3681	3681	-2183
chr17	75635900	75641390	75640960	5490	75638645	-2745	2745	2315
chr17	75822525	75823770	75822605	1245	75823147	-622	623	-542
chr17	45146218	45150638	45148504	4420	45148428	-2210	2210	76
chr17	39721711	39726043	39725079	4332	39723877	-2166	2166	1202
chr17	40093263	40098613	40097303	5350	40095938	-2675	2675	1365
chr17	42999609	43006891	43002771	7282	43003250	-3641	3641	-479
chr17	45146218	45150638	45149667	4420	45148428	-2210	2210	1239
chr17	7930578	7933313	7930658	2735	7931945	-1367	1368	-1287
chr17	18328342	18329673	18328725	1331	18329007	-665	666	-282
chr17	44347639	44353095	44350307	5456	44350367	-2728	2728	-60
chr17	42794505	42796182	42795982	1677	42795343	-838	839	639
chr17	74839910	74844526	74844472	4616	74842218	-2308	2308	2254
chr17	17197199	17203607	17202819	6408	17200403	-3204	3204	2416
chr17	42701839	42703985	42703624	2146	42702912	-1073	1073	712
chr17	8160685	8167141	8160829	6456	8163913	-3228	3228	-3084
chr17	59210233	59211056	59210688	823	59210644	-411	412	44
chr17	28739932	28745368	28741431	5436	28742650	-2718	2718	-1219
chr17	75777828	75780226	75778764	2398	75779027	-1199	1199	-263
chr17	81118192	81121593	81120715	3401	81119892	-1700	1701	823
chr17	4936912	4938722	4938036	1810	4937817	-905	905	219
chr17	44161336	44162998	44161931	1662	44162167	-831	831	-236
chr17	4163770	4166110	4165026	2340	4164940	-1170	1170	86
chr17	7345264	7351815	7348354	6551	7348539	-3275	3276	-185
chr17	7587796	7591079	7589767	3283	7589437	-1641	1642	330
chr17	29570697	29573508	29572224	2811	29572102	-1405	1406	122
chr17	30185156	30186805	30185669	1649	30185980	-824	825	-311
chr17	36598665	36602832	36602087	4167	36600748	-2083	2084	1339
chr17	37085325	37087489	37086939	2164	37086407	-1082	1082	532
chr17	40017316	40019221	40017351	1905	40018268	-952	953	-917
chr17	59105567	59106824	59106681	1257	59106195	-628	629	486
chr17	1773106	1778556	1776603	5450	1775831	-2725	2725	772
chr17	7279714	7286981	7284294	7267	7283347	-3633	3634	947
chr17	41688102	41693855	41688925	5753	41690978	-2876	2877	-2053
chr17	39721711	39726043	39724747	4332	39723877	-2166	2166	870
chr17	28331454	28336406	28331887	4952	28333930	-2476	2476	-2043
chr17	48053400	48060866	48058824	7466	48057133	-3733	3733	1691
chr17	18244843	18248285	18245993	3442	18246564	-1721	1721	-571
chr17	38321523	38322646	38322553	1123	38322084	-561	562	469
chr17	38768388	38772271	38769607	3883	38770329	-1941	1942	-722
chr17	50482968	50485529	50483407	2561	50484248	-1280	1281	-841
chr17	40351066	40354608	40354351	3542	40352837	-1771	1771	1514
chr17	38321523	38322646	38322546	1123	38322084	-561	562	462
chr17	47834867	47837843	47835018	2976	47836355	-1488	1488	-1337
chr17	7854768	7859350	7858719	4582	7857059	-2291	2291	1660
chr17	17197199	17203607	17202944	6408	17200403	-3204	3204	2541
chr17	79780804	79787906	79784382	7102	79784355	-3551	3551	27
chr17	5444326	5446681	5444381	2355	5445503	-1177	1178	-1122
chr17	2040640	2045366	2042541	4726	2043003	-2363	2363	-462
chr17	41800717	41803434	41803422	2717	41802075	-1358	1359	1347
chr17	41968416	41970105	41968658	1689	41969260	-844	845	-602
chr17	44004112	44010689	44008557	6577	44007400	-3288	3289	1157
chr17	74833725	74838973	74836159	5248	74836349	-2624	2624	-190
chr17	40093263	40098613	40095639	5350	40095938	-2675	2675	-299
chr17	50553010	50557224	50555535	4214	50555117	-2107	2107	418
chr17	39721711	39726043	39724747	4332	39723877	-2166	2166	870
chr17	76467793	76470909	76469969	3116	76469351	-1558	1558	618
chr17	75519992	75527354	75524436	7362	75523673	-3681	3681	763
chr17	7315683	7321959	7319145	6276	7318821	-3138	3138	324
chr17	7455407	7458192	7455836	2785	7456799	-1392	1393	-963
chr17	739916	741705	741683	1789	740810	-894	895	873
chr17	746009	752973	746338	6964	749491	-3482	3482	-3153
chr17	2375166	2380200	2379072	5034	2377683	-2517	2517	1389
chr17	18328342	18329673	18329354	1331	18329007	-665	666	347
chr17	28395733	28399462	28396176	3729	28397597	-1864	1865	-1421
chr17	76735848	76738374	76735904	2526	76737111	-1263	1263	-1207
chr17	50379757	50383740	50381393	3983	50381748	-1991	1992	-355
chr17	34960667	34962395	34961586	1728	34961531	-864	864	55
chr17	44396683	44402454	44397463	5771	44399568	-2885	2886	-2105
chr17	38321523	38322646	38322155	1123	38322084	-561	562	71
chr17	7852212	7853906	7853001	1694	7853059	-847	847	-58
chr17	47924767	47928712	47925457	3945	47926739	-1972	1973	-1282
chr17	59210233	59211056	59210682	823	59210644	-411	412	38
chr17	50087229	50090409	50089245	3180	50088819	-1590	1590	426
chr17	40133773	40136017	40133846	2244	40134895	-1122	1122	-1049
chr17	42574049	42578307	42574193	4258	42576178	-2129	2129	-1985
chr17	78356468	78362526	78358883	6058	78359497	-3029	3029	-614
chr17	17218250	17220839	17219083	2589	17219544	-1294	1295	-461
chr17	79090058	79091726	79090706	1668	79090892	-834	834	-186
chr17	7832069	7836219	7833124	4150	7834144	-2075	2075	-1020
chr17	7832069	7836219	7833591	4150	7834144	-2075	2075	-553
chr17	28907168	28909913	28908818	2745	28908540	-1372	1373	278
chr17	18969812	18975379	18971213	5567	18972595	-2783	2784	-1382
chr17	45139892	45145902	45143509	6010	45142897	-3005	3005	612
chr17	75519992	75527354	75523747	7362	75523673	-3681	3681	74
chr17	81821540	81824383	81823196	2843	81822961	-1421	1422	235
chr17	7576250	7583423	7580774	7173	7579836	-3586	3587	938
chr17	40362452	40368361	40363470	5909	40365406	-2954	2955	-1936
chr17	7564972	7566334	7565588	1362	7565653	-681	681	-65
chr17	45240535	45244357	45243952	3822	45242446	-1911	1911	1506
chr17	44175959	44179447	44177710	3488	44177703	-1744	1744	7
chr17	746009	752973	747595	6964	749491	-3482	3482	-1896
chr17	17197199	17203607	17202871	6408	17200403	-3204	3204	2468
chr17	1002577	1005808	1003740	3231	1004192	-1615	1616	-452
chr17	40093263	40098613	40095848	5350	40095938	-2675	2675	-90
chr17	28739932	28745368	28742029	5436	28742650	-2718	2718	-621
chr17	43011924	43015085	43012278	3161	43013504	-1580	1581	-1226
chr17	8474881	8477170	8475772	2289	8476025	-1144	1145	-253
chr17	44347639	44353095	44349742	5456	44350367	-2728	2728	-625
chr17	76735848	76738374	76737005	2526	76737111	-1263	1263	-106
chr17	28739932	28745368	28740513	5436	28742650	-2718	2718	-2137
chr17	42701839	42703985	42702486	2146	42702912	-1073	1073	-426
chr17	1937443	1940277	1937498	2834	1938860	-1417	1417	-1362
chr17	7462460	7465813	7463124	3353	7464136	-1676	1677	-1012
chr17	75625058	75632291	75629728	7233	75628674	-3616	3617	1054
chr17	42948513	42953428	42950656	4915	42950970	-2457	2458	-314
chr17	59698609	59700969	59699727	2360	59699789	-1180	1180	-62
chr17	75519992	75527354	75524389	7362	75523673	-3681	3681	716
chr17	18969812	18975379	18971644	5567	18972595	-2783	2784	-951
chr17	1773106	1778556	1776578	5450	1775831	-2725	2725	747
chr17	7039993	7043203	7041736	3210	7041598	-1605	1605	138
chr17	7345264	7351815	7349003	6551	7348539	-3275	3276	464
chr17	7557803	7563524	7558948	5721	7560663	-2860	2861	-1715
chr17	7702055	7707000	7703081	4945	7704527	-2472	2473	-1446
chr17	18928240	18929396	18928826	1156	18928818	-578	578	8
chr17	28739932	28745368	28741515	5436	28742650	-2718	2718	-1135
chr17	42020038	42026083	42021618	6045	42023060	-3022	3023	-1442
chr17	42574049	42578307	42577098	4258	42576178	-2129	2129	920
chr17	42844599	42850554	42844902	5955	42847576	-2977	2978	-2674
chr17	47834867	47837843	47837084	2976	47836355	-1488	1488	729
chr17	48053400	48060866	48058702	7466	48057133	-3733	3733	1569
chr17	79780804	79787906	79784305	7102	79784355	-3551	3551	-50
chr17	1520951	1522721	1521585	1770	1521836	-885	885	-251
chr17	4668536	4673419	4673252	4883	4670977	-2441	2442	2275
chr17	37085325	37087489	37087143	2164	37086407	-1082	1082	736
chr17	48053400	48060866	48058534	7466	48057133	-3733	3733	1401
chr17	81917089	81918340	81917562	1251	81917714	-625	626	-152
chr17	18241317	18244822	18241982	3505	18243069	-1752	1753	-1087
chr17	78356468	78362526	78358390	6058	78359497	-3029	3029	-1107
chr17	47710273	47712730	47711831	2457	47711501	-1228	1229	330
chr17	42541346	42543511	42543226	2165	42542428	-1082	1083	798
chr17	42794505	42796182	42795874	1677	42795343	-838	839	531
chr17	3663706	3665691	3664273	1985	3664698	-992	993	-425
chr17	7006779	7010272	7010095	3493	7008525	-1746	1747	1570
chr17	28907168	28909913	28907592	2745	28908540	-1372	1373	-948
chr17	38735074	38736928	38735387	1854	38736001	-927	927	-614
chr17	44353457	44358364	44355133	4907	44355910	-2453	2454	-777
chr17	47924767	47928712	47927828	3945	47926739	-1972	1973	1089
chr17	75874364	75879032	75875923	4668	75876698	-2334	2334	-775
chr17	4968225	4973236	4968807	5011	4970730	-2505	2506	-1923
chr17	16378948	16381785	16381057	2837	16380366	-1418	1419	691
chr17	38798206	38801517	38799332	3311	38799861	-1655	1656	-529
chr17	1513934	1519554	1518009	5620	1516744	-2810	2810	1265
chr17	2380222	2383876	2380230	3654	2382049	-1827	1827	-1819
chr17	4163770	4166110	4164876	2340	4164940	-1170	1170	-64
chr17	4794340	4798799	4797558	4459	4796569	-2229	2230	989
chr17	7576250	7583423	7578165	7173	7579836	-3586	3587	-1671
chr17	37085325	37087489	37087054	2164	37086407	-1082	1082	647
chr17	40628016	40631912	40628976	3896	40629964	-1948	1948	-988
chr17	43011924	43015085	43014197	3161	43013504	-1580	1581	693
chr17	43011924	43015085	43014869	3161	43013504	-1580	1581	1365
chr17	44175959	44179447	44176609	3488	44177703	-1744	1744	-1094
chr17	44175959	44179447	44178466	3488	44177703	-1744	1744	763
chr17	7576250	7583423	7577482	7173	7579836	-3586	3587	-2354
chr17	8204746	8208878	8205335	4132	8206812	-2066	2066	-1477
chr17	28401996	28406526	28404686	4530	28404261	-2265	2265	425
chr17	42844599	42850554	42845687	5955	42847576	-2977	2978	-1889
chr17	44347639	44353095	44352127	5456	44350367	-2728	2728	1760
chr17	49405477	49407596	49406840	2119	49406536	-1059	1060	304
chr17	4930324	4936631	4932981	6307	4933477	-3153	3154	-496
chr17	38321523	38322646	38322300	1123	38322084	-561	562	216
chr17	75846036	75851256	75847819	5220	75848646	-2610	2610	-827
chr17	2040640	2045366	2043052	4726	2043003	-2363	2363	49
chr17	49405477	49407596	49406775	2119	49406536	-1059	1060	239
chr17	38325381	38326504	38326500	1123	38325942	-561	562	558
chr17	38325381	38326504	38326501	1123	38325942	-561	562	559
chr17	78424560	78428478	78427009	3918	78426519	-1959	1959	490
chr17	42313951	42316678	42316067	2727	42315314	-1363	1364	753
chr17	4668536	4673419	4672986	4883	4670977	-2441	2442	2009
chr17	43011924	43015085	43014332	3161	43013504	-1580	1581	828
chr17	42844599	42850554	42845982	5955	42847576	-2977	2978	-1594
chr17	44396683	44402454	44398892	5771	44399568	-2885	2886	-676
chr17	28401996	28406526	28402290	4530	28404261	-2265	2265	-1971
chr17	28400277	28401072	28400551	795	28400674	-397	398	-123
chr17	7592390	7597141	7593926	4751	7594765	-2375	2376	-839
chr17	8474881	8477170	8475686	2289	8476025	-1144	1145	-339
chr17	40628016	40631912	40628897	3896	40629964	-1948	1948	-1067
chr17	75874364	75879032	75876085	4668	75876698	-2334	2334	-613
chr17	4731475	4736238	4735161	4763	4733856	-2381	2382	1305
chr17	5485394	5489865	5489258	4471	5487629	-2235	2236	1629
chr17	76735848	76738374	76736420	2526	76737111	-1263	1263	-691
chr17	39175061	39175781	39175566	720	39175421	-360	360	145
chr17	42797852	42800266	42799099	2414	42799059	-1207	1207	40
chr17	42567709	42571790	42570046	4081	42569749	-2040	2041	297
chr17	7235289	7240997	7235576	5708	7238143	-2854	2854	-2567
chr17	7511468	7513866	7513084	2398	7512667	-1199	1199	417
chr17	28879659	28885696	28881281	6037	28882677	-3018	3019	-1396
chr17	38729063	38734813	38730791	5750	38731938	-2875	2875	-1147
chr17	64499688	64502068	64500602	2380	64500878	-1190	1190	-276
chr17	79780804	79787906	79786646	7102	79784355	-3551	3551	2291
chr17	50369682	50373895	50370510	4213	50371788	-2106	2107	-1278
chr17	41970375	41977419	41973612	7044	41973897	-3522	3522	-285
chr17	48927815	48932284	48931688	4469	48930049	-2234	2235	1639
chr17	80098788	80103562	80099617	4774	80101175	-2387	2387	-1558
chr17	81663113	81670843	81665252	7730	81666978	-3865	3865	-1726
chr17	42794505	42796182	42795008	1677	42795343	-838	839	-335
chr17	7015512	7016844	7015822	1332	7016178	-666	666	-356
chr17	75318082	75320769	75320378	2687	75319425	-1343	1344	953
chr17	7006779	7010272	7009677	3493	7008525	-1746	1747	1152
chr17	61409953	61413712	61412289	3759	61411832	-1879	1880	457
chr17	28895284	28902159	28898492	6875	28898721	-3437	3438	-229
chr17	7279714	7286981	7285708	7267	7283347	-3633	3634	2361
chr17	7564972	7566334	7565143	1362	7565653	-681	681	-510
chr17	7564972	7566334	7565349	1362	7565653	-681	681	-304
chr17	45393965	45397468	45395174	3503	45395716	-1751	1752	-542
chr17	42797852	42800266	42798995	2414	42799059	-1207	1207	-64
chr17	74839910	74844526	74844468	4616	74842218	-2308	2308	2250
chr17	28879659	28885696	28880842	6037	28882677	-3018	3019	-1835
chr17	48053400	48060866	48058954	7466	48057133	-3733	3733	1821
chr17	739916	741705	741342	1789	740810	-894	895	532
chr17	1465735	1471920	1467904	6185	1468827	-3092	3093	-923
chr17	2323898	2326194	2324241	2296	2325046	-1148	1148	-805
chr17	4731475	4736238	4733217	4763	4733856	-2381	2382	-639
chr17	4787939	4790517	4789235	2578	4789228	-1289	1289	7
chr17	4958119	4962597	4959554	4478	4960358	-2239	2239	-804
chr17	5485394	5489865	5489153	4471	5487629	-2235	2236	1524
chr17	7006779	7010272	7009830	3493	7008525	-1746	1747	1305
chr17	7439163	7443547	7441532	4384	7441355	-2192	2192	177
chr17	7576250	7583423	7579836	7173	7579836	-3586	3587	0
chr17	7854768	7859350	7858053	4582	7857059	-2291	2291	994
chr17	7854768	7859350	7858204	4582	7857059	-2291	2291	1145
chr17	7947368	7950198	7947943	2830	7948783	-1415	1415	-840
chr17	17491975	17499336	17495496	7361	17495655	-3680	3681	-159
chr17	18244843	18248285	18245602	3442	18246564	-1721	1721	-962
chr17	18244843	18248285	18246397	3442	18246564	-1721	1721	-167
chr17	18928240	18929396	18928937	1156	18928818	-578	578	119
chr17	19381012	19385725	19384405	4713	19383368	-2356	2357	1037
chr17	21312574	21316045	21314278	3471	21314309	-1735	1736	-31
chr17	36495755	36498836	36498252	3081	36497295	-1540	1541	957
chr17	40133773	40136017	40134394	2244	40134895	-1122	1122	-501
chr17	41970375	41977419	41977392	7044	41973897	-3522	3522	3495
chr17	47806998	47808439	47808363	1441	47807718	-720	721	645
chr17	50379757	50383740	50381050	3983	50381748	-1991	1992	-698
chr17	51168080	51170506	51169998	2426	51169293	-1213	1213	705
chr17	56832170	56835246	56834853	3076	56833708	-1538	1538	1145
chr17	59840691	59844277	59841293	3586	59842484	-1793	1793	-1191
chr17	60043925	60046983	60044060	3058	60045454	-1529	1529	-1394
chr17	73205541	73209073	73206166	3532	73207307	-1766	1766	-1141
chr17	73205541	73209073	73208298	3532	73207307	-1766	1766	991
chr17	75625058	75632291	75627647	7233	75628674	-3616	3617	-1027
chr17	75625058	75632291	75628254	7233	75628674	-3616	3617	-420
chr17	75846036	75851256	75848601	5220	75848646	-2610	2610	-45
chr17	76001480	76003071	76002055	1591	76002275	-795	796	-220
chr17	76001480	76003071	76002402	1591	76002275	-795	796	127
chr17	76735848	76738374	76736996	2526	76737111	-1263	1263	-115
chr17	78424560	78428478	78426534	3918	78426519	-1959	1959	15
chr17	8204746	8208878	8207191	4132	8206812	-2066	2066	379
chr17	7576250	7583423	7577972	7173	7579836	-3586	3587	-1864
chr17	4668536	4673419	4672305	4883	4670977	-2441	2442	1328
chr17	746009	752973	746533	6964	749491	-3482	3482	-2958
chr17	42663303	42666830	42665544	3527	42665066	-1763	1764	478
chr17	48053400	48060866	48059003	7466	48057133	-3733	3733	1870
chr17	28746148	28752424	28749016	6276	28749286	-3138	3138	-270
chr17	42667513	42672925	42669578	5412	42670219	-2706	2706	-641
chr17	63693098	63700942	63694835	7844	63697020	-3922	3922	-2185
chr17	74769145	74775822	74773638	6677	74772483	-3338	3339	1155
chr17	1640823	1648233	1645614	7410	1644528	-3705	3705	1086
chr17	7576250	7583423	7578876	7173	7579836	-3586	3587	-960
chr17	4930324	4936631	4932700	6307	4933477	-3153	3154	-777
chr17	4930324	4936631	4934126	6307	4933477	-3153	3154	649
chr17	7235289	7240997	7236391	5708	7238143	-2854	2854	-1752
chr17	7557803	7563524	7560824	5721	7560663	-2860	2861	161
chr17	38738769	38739897	38739093	1128	38739333	-564	564	-240
chr17	42701839	42703985	42703782	2146	42702912	-1073	1073	870
chr17	42844599	42850554	42845999	5955	42847576	-2977	2978	-1577
chr17	75519992	75527354	75523696	7362	75523673	-3681	3681	23
chr17	76001480	76003071	76002370	1591	76002275	-795	796	95
chr17	75874364	75879032	75876307	4668	75876698	-2334	2334	-391
chr17	8169536	8174503	8174187	4967	8172019	-2483	2484	2168
chr17	7832069	7836219	7833666	4150	7834144	-2075	2075	-478
chr17	74769145	74775822	74771997	6677	74772483	-3338	3339	-486
chr17	80210167	80215516	80212094	5349	80212841	-2674	2675	-747
chr17	1651291	1656542	1653996	5251	1653916	-2625	2626	80
chr17	28739932	28745368	28741419	5436	28742650	-2718	2718	-1231
chr17	7345264	7351815	7347988	6551	7348539	-3275	3276	-551
chr17	79090058	79091726	79090681	1668	79090892	-834	834	-211
chr17	59695010	59698586	59697316	3576	59696798	-1788	1788	518
chr17	59695010	59698586	59697387	3576	59696798	-1788	1788	589
chr17	7592390	7597141	7593099	4751	7594765	-2375	2376	-1666
chr17	7702055	7707000	7703123	4945	7704527	-2472	2473	-1404
chr17	82726210	82728085	82726855	1875	82727147	-937	938	-292
chr17	64499688	64502068	64500611	2380	64500878	-1190	1190	-267
chr17	81118192	81121593	81118385	3401	81119892	-1700	1701	-1507
chr17	42307835	42310025	42308179	2190	42308930	-1095	1095	-751
chr17	47681025	47683871	47682698	2846	47682448	-1423	1423	250
chr17	5381487	5383358	5383212	1871	5382422	-935	936	790
chr17	40354803	40358747	40355336	3944	40356775	-1972	1972	-1439
chr17	73205541	73209073	73205616	3532	73207307	-1766	1766	-1691
chr17	7439163	7443547	7443044	4384	7441355	-2192	2192	1689
chr17	7462460	7465813	7462738	3353	7464136	-1676	1677	-1398
chr17	7557803	7563524	7560081	5721	7560663	-2860	2861	-582
chr17	18244843	18248285	18245779	3442	18246564	-1721	1721	-785
chr17	18244843	18248285	18246010	3442	18246564	-1721	1721	-554
chr17	31851246	31857302	31852110	6056	31854274	-3028	3028	-2164
chr17	42778403	42782773	42779054	4370	42780588	-2185	2185	-1534
chr17	48053400	48060866	48059178	7466	48057133	-3733	3733	2045
chr17	5485394	5489865	5489554	4471	5487629	-2235	2236	1925
chr17	61409953	61413712	61412105	3759	61411832	-1879	1880	273
chr17	28347203	28350625	28348014	3422	28348914	-1711	1711	-900
chr17	28895284	28902159	28900999	6875	28898721	-3437	3438	2278
chr17	44396683	44402454	44399077	5771	44399568	-2885	2886	-491
chr17	42113414	42118920	42117985	5506	42116167	-2753	2753	1818
chr17	42567709	42571790	42568855	4081	42569749	-2040	2041	-894
chr17	4930324	4936631	4934406	6307	4933477	-3153	3154	929
chr17	28401996	28406526	28405087	4530	28404261	-2265	2265	826
chr17	82440634	82447029	82444088	6395	82443831	-3197	3198	257
chr17	746009	752973	746851	6964	749491	-3482	3482	-2640
chr17	42844599	42850554	42844736	5955	42847576	-2977	2978	-2840
chr17	50087229	50090409	50089159	3180	50088819	-1590	1590	340
chr17	7592390	7597141	7592578	4751	7594765	-2375	2376	-2187
chr17	12991593	12994199	12993744	2606	12992896	-1303	1303	848
chr17	38729063	38734813	38731353	5750	38731938	-2875	2875	-585
chr17	79780804	79787906	79785063	7102	79784355	-3551	3551	708
chr17	36598665	36602832	36599754	4167	36600748	-2083	2084	-994
chr17	7587796	7591079	7589509	3283	7589437	-1641	1642	72
chr17	38672210	38674394	38673391	2184	38673302	-1092	1092	89
chr17	67024269	67030681	67030491	6412	67027475	-3206	3206	3016
chr17	18244843	18248285	18246456	3442	18246564	-1721	1721	-108
chr17	40093263	40098613	40096081	5350	40095938	-2675	2675	143
chr17	18241317	18244822	18242627	3505	18243069	-1752	1753	-442
chr17	7439163	7443547	7442742	4384	7441355	-2192	2192	1387
chr17	1000309	1001367	1001067	1058	1000838	-529	529	229
chr17	42667513	42672925	42668031	5412	42670219	-2706	2706	-2188
chr17	44903736	44907937	44907277	4201	44905836	-2100	2101	1441
chr17	80204918	80209252	80205103	4334	80207085	-2167	2167	-1982
chr17	12991593	12994199	12993746	2606	12992896	-1303	1303	850
chr17	48053400	48060866	48059115	7466	48057133	-3733	3733	1982
chr17	48053400	48060866	48059467	7466	48057133	-3733	3733	2334
chr17	76307047	76311771	76307477	4724	76309409	-2362	2362	-1932
chr17	739916	741705	741379	1789	740810	-894	895	569
chr17	44396683	44402454	44397443	5771	44399568	-2885	2886	-2125
chr17	81663113	81670843	81667780	7730	81666978	-3865	3865	802
chr17	63693098	63700942	63693736	7844	63697020	-3922	3922	-3284
chr17	29576003	29582746	29576549	6743	29579374	-3371	3372	-2825
chr17	76467793	76470909	76468858	3116	76469351	-1558	1558	-493
chr17	7832069	7836219	7832887	4150	7834144	-2075	2075	-1257
chr17	39721711	39726043	39724747	4332	39723877	-2166	2166	870
chr17	44353457	44358364	44356262	4907	44355910	-2453	2454	352
chr17	29570697	29573508	29572447	2811	29572102	-1405	1406	345
chr17	19381012	19385725	19384393	4713	19383368	-2356	2357	1025
chr17	7013679	7015432	7014222	1753	7014555	-876	877	-333
chr17	7576250	7583423	7577425	7173	7579836	-3586	3587	-2411
chr17	39726614	39731741	39727755	5127	39729177	-2563	2564	-1422
chr17	7006779	7010272	7010003	3493	7008525	-1746	1747	1478
chr17	7557803	7563524	7560907	5721	7560663	-2860	2861	244
chr17	42663303	42666830	42663403	3527	42665066	-1763	1764	-1663
chr17	7852212	7853906	7852251	1694	7853059	-847	847	-808
chr17	4668536	4673419	4673284	4883	4670977	-2441	2442	2307
chr17	28324447	28327846	28326619	3399	28326146	-1699	1700	473
chr17	4968225	4973236	4969693	5011	4970730	-2505	2506	-1037
chr17	7279714	7286981	7284531	7267	7283347	-3633	3634	1184
chr17	76001480	76003071	76001934	1591	76002275	-795	796	-341
chr17	28907168	28909913	28907639	2745	28908540	-1372	1373	-901
chr17	41970375	41977419	41976652	7044	41973897	-3522	3522	2755
chr17	42794505	42796182	42795424	1677	42795343	-838	839	81
chr17	75519992	75527354	75521862	7362	75523673	-3681	3681	-1811
chr17	76389946	76392448	76391001	2502	76391197	-1251	1251	-196
chr17	82440634	82447029	82441823	6395	82443831	-3197	3198	-2008
chr17	28895284	28902159	28901555	6875	28898721	-3437	3438	2834
chr17	746009	752973	747145	6964	749491	-3482	3482	-2346
chr17	39175061	39175781	39175370	720	39175421	-360	360	-51
chr17	42020038	42026083	42024016	6045	42023060	-3022	3023	956
chr17	48053400	48060866	48059443	7466	48057133	-3733	3733	2310
chr17	79780804	79787906	79785012	7102	79784355	-3551	3551	657
chr17	50087229	50090409	50088302	3180	50088819	-1590	1590	-517
chr17	28895284	28902159	28898584	6875	28898721	-3437	3438	-137
chr17	4930324	4936631	4934586	6307	4933477	-3153	3154	1109
chr17	7576250	7583423	7579890	7173	7579836	-3586	3587	54
chr17	42120998	42125598	42123294	4600	42123298	-2300	2300	-4
chr17	76307047	76311771	76307482	4724	76309409	-2362	2362	-1927
chr17	59210233	59211056	59210657	823	59210644	-411	412	13
chr17	785932	792241	791626	6309	789086	-3154	3155	2540
chr17	7583649	7587294	7587159	3645	7585471	-1822	1823	1688
chr17	75519992	75527354	75524494	7362	75523673	-3681	3681	821
chr17	79780804	79787906	79784542	7102	79784355	-3551	3551	187
chr18	21520556	21523631	21522714	3075	21522093	-1537	1538	621
chr18	59897123	59901087	59900452	3964	59899105	-1982	1982	1347
chr18	23534333	23536996	23534515	2663	23535664	-1331	1332	-1149
chr18	12324792	12327094	12325961	2302	12325943	-1151	1151	18
chr18	57647710	57650557	57647762	2847	57649133	-1423	1424	-1371
chr18	5290776	5291928	5291616	1152	5291352	-576	576	264
chr18	79967528	79969509	79968123	1981	79968518	-990	991	-395
chr18	79751858	79755462	79753928	3604	79753660	-1802	1802	268
chr18	12329095	12329841	12329636	746	12329468	-373	373	168
chr18	45840739	45844073	45842116	3334	45842406	-1667	1667	-290
chr18	3255297	3259727	3255913	4430	3257512	-2215	2215	-1599
chr18	668823	672085	670739	3262	670454	-1631	1631	285
chr18	12324792	12327094	12326153	2302	12325943	-1151	1151	210
chr18	23534333	23536996	23534544	2663	23535664	-1331	1332	-1120
chr18	5290776	5291928	5290906	1152	5291352	-576	576	-446
chr18	79377146	79381225	79377328	4079	79379185	-2039	2040	-1857
chr18	50268978	50269997	50269500	1019	50269487	-509	510	13
chr18	79897350	79905145	79899086	7795	79901247	-3897	3898	-2161
chr18	5290776	5291928	5291512	1152	5291352	-576	576	160
chr18	45840739	45844073	45842139	3334	45842406	-1667	1667	-267
chr18	5290776	5291928	5291340	1152	5291352	-576	576	-12
chr18	5290776	5291928	5290996	1152	5291352	-576	576	-356
chr18	5290776	5291928	5290913	1152	5291352	-576	576	-439
chr19	19532553	19538908	19535082	6355	19535730	-3177	3178	-648
chr19	39472284	39476831	39474894	4547	39474557	-2273	2274	337
chr19	35544801	35548370	35546707	3569	35546585	-1784	1785	122
chr19	45686083	45692076	45687489	5993	45689079	-2996	2997	-1590
chr19	3775612	3779148	3779041	3536	3777380	-1768	1768	1661
chr19	49115568	49121274	49116378	5706	49118421	-2853	2853	-2043
chr19	12916407	12919779	12919268	3372	12918093	-1686	1686	1175
chr19	48463395	48465025	48464336	1630	48464210	-815	815	126
chr19	43606633	43612795	43612461	6162	43609714	-3081	3081	2747
chr19	2714614	2719840	2717408	5226	2717227	-2613	2613	181
chr19	5913735	5915043	5914685	1308	5914389	-654	654	296
chr19	6749457	6750791	6750552	1334	6750124	-667	667	428
chr19	35633470	35638341	35637461	4871	35635905	-2435	2436	1556
chr19	39419128	39424796	39424785	5668	39421962	-2834	2834	2823
chr19	40588478	40592729	40589177	4251	40590603	-2125	2126	-1426
chr19	10283282	10285919	10284564	2637	10284600	-1318	1319	-36
chr19	52922509	52930124	52928332	7615	52926316	-3807	3808	2016
chr19	39979850	39981574	39981435	1724	39980712	-862	862	723
chr19	44176806	44177703	44177656	897	44177254	-448	449	402
chr19	44176806	44177703	44177658	897	44177254	-448	449	404
chr19	57752829	57754872	57754245	2043	57753850	-1021	1022	395
chr19	55089389	55095990	55092538	6601	55092689	-3300	3301	-151
chr19	13965178	13970347	13965517	5169	13967762	-2584	2585	-2245
chr19	49657409	49660289	49659823	2880	49658849	-1440	1440	974
chr19	39196798	39200241	39199257	3443	39198519	-1721	1722	738
chr19	4320626	4325247	4324468	4621	4322936	-2310	2311	1532
chr19	15225066	15228429	15228095	3363	15226747	-1681	1682	1348
chr19	48463395	48465025	48464264	1630	48464210	-815	815	54
chr19	49551791	49558652	49556407	6861	49555221	-3430	3431	1186
chr19	55449256	55454237	55453198	4981	55451746	-2490	2491	1452
chr19	15376680	15381665	15380524	4985	15379172	-2492	2493	1352
chr19	45469520	45473607	45472977	4087	45471563	-2043	2044	1414
chr19	49905219	49911250	49909077	6031	49908234	-3015	3016	843
chr19	49551791	49558652	49557209	6861	49555221	-3430	3431	1988
chr19	38929925	38932796	38932380	2871	38931360	-1435	1436	1020
chr19	5915235	5919250	5917804	4015	5917242	-2007	2008	562
chr19	11722699	11727130	11723256	4431	11724914	-2215	2216	-1658
chr19	18254287	18261258	18257796	6971	18257772	-3485	3486	24
chr19	48624089	48631459	48628183	7370	48627774	-3685	3685	409
chr19	49445065	49451112	49449505	6047	49448088	-3023	3024	1417
chr19	10551020	10555289	10552300	4269	10553154	-2134	2135	-854
chr19	35275842	35280215	35278783	4373	35278028	-2186	2187	755
chr19	10827416	10833436	10831057	6020	10830426	-3010	3010	631
chr19	41586096	41587469	41586513	1373	41586782	-686	687	-269
chr19	49670119	49673361	49670382	3242	49671740	-1621	1621	-1358
chr19	40628666	40633438	40629473	4772	40631052	-2386	2386	-1579
chr19	10388670	10392152	10391661	3482	10390411	-1741	1741	1250
chr19	7517979	7523710	7520653	5731	7520844	-2865	2866	-191
chr19	35496315	35502821	35499996	6506	35499568	-3253	3253	428
chr19	39385700	39391445	39385932	5745	39388572	-2872	2873	-2640
chr19	45068231	45072886	45069116	4655	45070558	-2327	2328	-1442
chr19	48624089	48631459	48629081	7370	48627774	-3685	3685	1307
chr19	57721570	57724437	57721615	2867	57723003	-1433	1434	-1388
chr19	11377286	11379250	11378013	1964	11378268	-982	982	-255
chr19	3775612	3779148	3778302	3536	3777380	-1768	1768	922
chr19	4815945	4819903	4816943	3958	4817924	-1979	1979	-981
chr19	8506504	8512089	8510733	5585	8509296	-2792	2793	1437
chr19	10351670	10354714	10353071	3044	10353192	-1522	1522	-121
chr19	11576125	11580366	11576976	4241	11578245	-2120	2121	-1269
chr19	14408173	14411417	14409037	3244	14409795	-1622	1622	-758
chr19	39385700	39391445	39386719	5745	39388572	-2872	2873	-1853
chr19	43533121	43536379	43535537	3258	43534750	-1629	1629	787
chr19	45523576	45524892	45524601	1316	45524234	-658	658	367
chr19	45686083	45692076	45688395	5993	45689079	-2996	2997	-684
chr19	49635102	49637996	49636676	2894	49636549	-1447	1447	127
chr19	58510229	58517412	58511725	7183	58513820	-3591	3592	-2095
chr19	45404808	45406859	45406572	2051	45405833	-1025	1026	739
chr19	8322515	8323247	8322872	732	8322881	-366	366	-9
chr19	33203365	33207801	33204750	4436	33205583	-2218	2218	-833
chr19	35633470	35638341	35634358	4871	35635905	-2435	2436	-1547
chr19	38406793	38411877	38411180	5084	38409335	-2542	2542	1845
chr19	46772683	46780504	46777273	7821	46776593	-3910	3911	680
chr19	49660466	49665411	49660768	4945	49662938	-2472	2473	-2170
chr19	55089389	55095990	55091383	6601	55092689	-3300	3301	-1306
chr19	55399755	55405060	55404408	5305	55402407	-2652	2653	2001
chr19	5586763	5591265	5590377	4502	5589014	-2251	2251	1363
chr19	18564234	18568789	18568584	4555	18566511	-2277	2278	2073
chr19	4320626	4325247	4325223	4621	4322936	-2310	2311	2287
chr19	38299626	38307035	38304278	7409	38303330	-3704	3705	948
chr19	39487230	39493007	39489940	5777	39490118	-2888	2889	-178
chr19	35887389	35891006	35888489	3617	35889197	-1808	1809	-708
chr19	38384722	38391354	38385992	6632	38388038	-3316	3316	-2046
chr19	48624089	48631459	48628172	7370	48627774	-3685	3685	398
chr19	7897337	7899282	7898685	1945	7898309	-972	973	376
chr19	11377286	11379250	11378726	1964	11378268	-982	982	458
chr19	14515542	14517933	14516744	2391	14516737	-1195	1196	7
chr19	18780155	18786763	18786595	6608	18783459	-3304	3304	3136
chr19	39979850	39981574	39981202	1724	39980712	-862	862	490
chr19	41381120	41383983	41382798	2863	41382551	-1431	1432	247
chr19	4320626	4325247	4323755	4621	4322936	-2310	2311	819
chr19	38299626	38307035	38304473	7409	38303330	-3704	3705	1143
chr19	17338841	17342035	17341062	3194	17340438	-1597	1597	624
chr19	17731663	17737777	17733352	6114	17734720	-3057	3057	-1368
chr19	43503491	43508174	43506848	4683	43505832	-2341	2342	1016
chr19	48743378	48746493	48745850	3115	48744935	-1557	1558	915
chr19	54159301	54163476	54159640	4175	54161388	-2087	2088	-1748
chr19	54174005	54178274	54174276	4269	54176139	-2134	2135	-1863
chr19	18192481	18194845	18193919	2364	18193663	-1182	1182	256
chr19	38907098	38913277	38907222	6179	38910187	-3089	3090	-2965
chr19	11354764	11358402	11357682	3638	11356583	-1819	1819	1099
chr19	15111233	15118277	15117979	7044	15114755	-3522	3522	3224
chr19	19677153	19680094	19680089	2941	19678623	-1470	1471	1466
chr19	54171562	54173591	54173077	2029	54172576	-1014	1015	501
chr19	55577169	55581417	55577896	4248	55579293	-2124	2124	-1397
chr19	15225066	15228429	15227844	3363	15226747	-1681	1682	1097
chr19	4320626	4325247	4323010	4621	4322936	-2310	2311	74
chr19	619977	622495	620447	2518	621236	-1259	1259	-789
chr19	9808893	9814868	9811155	5975	9811880	-2987	2988	-725
chr19	36006055	36012328	36008650	6273	36009191	-3136	3137	-541
chr19	35633470	35638341	35634369	4871	35635905	-2435	2436	-1536
chr19	11354764	11358402	11356871	3638	11356583	-1819	1819	288
chr19	57721570	57724437	57721626	2867	57723003	-1433	1434	-1377
chr19	35337354	35345090	35344897	7736	35341222	-3868	3868	3675
chr19	4320626	4325247	4324545	4621	4322936	-2310	2311	1609
chr19	42078637	42081372	42081016	2735	42080004	-1367	1368	1012
chr19	41355923	41362626	41357909	6703	41359274	-3351	3352	-1365
chr19	11448941	11451902	11449427	2961	11450421	-1480	1481	-994
chr19	16518565	16519485	16519284	920	16519025	-460	460	259
chr19	40762384	40765521	40765201	3137	40763952	-1568	1569	1249
chr19	15111233	15118277	15113783	7044	15114755	-3522	3522	-972
chr19	19532553	19538908	19535082	6355	19535730	-3177	3178	-648
chr19	19115600	19121855	19121643	6255	19118727	-3127	3128	2916
chr19	49115568	49121274	49118854	5706	49118421	-2853	2853	433
chr19	16184954	16191399	16191028	6445	16188176	-3222	3223	2852
chr19	54159301	54163476	54163102	4175	54161388	-2087	2088	1714
chr19	1059216	1065926	1064219	6710	1062571	-3355	3355	1648
chr19	13830005	13832341	13830971	2336	13831173	-1168	1168	-202
chr19	11444536	11448599	11447770	4063	11446567	-2031	2032	1203
chr19	14408173	14411417	14410986	3244	14409795	-1622	1622	1191
chr19	35739309	35741282	35741238	1973	35740295	-986	987	943
chr19	48463395	48465025	48464493	1630	48464210	-815	815	283
chr19	49144314	49151028	49151007	6714	49147671	-3357	3357	3336
chr19	55083196	55089089	55085877	5893	55086142	-2946	2947	-265
chr19	39419128	39424796	39424565	5668	39421962	-2834	2834	2603
chr19	11380537	11387243	11383203	6706	11383890	-3353	3353	-687
chr19	49660466	49665411	49661806	4945	49662938	-2472	2473	-1132
chr19	41381120	41383983	41383838	2863	41382551	-1431	1432	1287
chr19	55083196	55089089	55087613	5893	55086142	-2946	2947	1471
chr19	16873672	16879204	16878524	5532	16876438	-2766	2766	2086
chr19	40436373	40442438	40441584	6065	40439405	-3032	3033	2179
chr19	6749457	6750791	6750604	1334	6750124	-667	667	480
chr19	15550677	15553520	15551430	2843	15552098	-1421	1422	-668
chr19	13830005	13832341	13830866	2336	13831173	-1168	1168	-307
chr19	45068231	45072886	45071720	4655	45070558	-2327	2328	1162
chr19	49931112	49936594	49933048	5482	49933853	-2741	2741	-805
chr19	48956555	48964353	48960839	7798	48960454	-3899	3899	385
chr19	10392394	10397062	10395097	4668	10394728	-2334	2334	369
chr19	38384722	38391354	38386164	6632	38388038	-3316	3316	-1874
chr19	57555104	57559252	57556253	4148	57557178	-2074	2074	-925
chr19	35544801	35548370	35544977	3569	35546585	-1784	1785	-1608
chr19	2811445	2819211	2812335	7766	2815328	-3883	3883	-2993
chr19	19352182	19357760	19357407	5578	19354971	-2789	2789	2436
chr19	7517979	7523710	7519462	5731	7520844	-2865	2866	-1382
chr19	49660466	49665411	49660807	4945	49662938	-2472	2473	-2131
chr19	38918273	38919774	38918789	1501	38919023	-750	751	-234
chr19	49594175	49599158	49594896	4983	49596666	-2491	2492	-1770
chr19	18780155	18786763	18782926	6608	18783459	-3304	3304	-533
chr19	54174005	54178274	54174176	4269	54176139	-2134	2135	-1963
chr19	57752829	57754872	57754454	2043	57753850	-1021	1022	604
chr19	17731663	17737777	17734321	6114	17734720	-3057	3057	-399
chr19	10551020	10555289	10552999	4269	10553154	-2134	2135	-155
chr19	48466534	48471738	48470443	5204	48469136	-2602	2602	1307
chr19	9855999	9857955	9856856	1956	9856977	-978	978	-121
chr19	17785534	17788938	17786574	3404	17787236	-1702	1702	-662
chr19	11354764	11358402	11354909	3638	11356583	-1819	1819	-1674
chr19	11360447	11362924	11362557	2477	11361685	-1238	1239	872
chr19	11377286	11379250	11378102	1964	11378268	-982	982	-166
chr19	39837326	39840825	39837740	3499	39839075	-1749	1750	-1335
chr19	41305325	41309876	41305758	4551	41307600	-2275	2276	-1842
chr19	1977478	1981248	1979953	3770	1979363	-1885	1885	590
chr19	39979850	39981574	39981359	1724	39980712	-862	862	647
chr19	47044661	47047555	47046657	2894	47046108	-1447	1447	549
chr19	10551020	10555289	10555094	4269	10553154	-2134	2135	1940
chr19	41586096	41587469	41586548	1373	41586782	-686	687	-234
chr19	45469520	45473607	45472873	4087	45471563	-2043	2044	1310
chr19	38929925	38932796	38931310	2871	38931360	-1435	1436	-50
chr19	45711134	45714520	45712124	3386	45712827	-1693	1693	-703
chr19	13104148	13107203	13105445	3055	13105675	-1527	1528	-230
chr19	43533121	43536379	43534487	3258	43534750	-1629	1629	-263
chr19	13830005	13832341	13830583	2336	13831173	-1168	1168	-590
chr19	10134253	10141167	10137186	6914	10137710	-3457	3457	-524
chr19	11323961	11324646	11324643	685	11324303	-342	343	340
chr19	11324723	11327009	11325310	2286	11325866	-1143	1143	-556
chr19	44176806	44177703	44177416	897	44177254	-448	449	162
chr19	57752829	57754872	57754029	2043	57753850	-1021	1022	179
chr19	15111233	15118277	15111426	7044	15114755	-3522	3522	-3329
chr19	54159301	54163476	54160281	4175	54161388	-2087	2088	-1107
chr19	48920414	48925981	48921192	5567	48923197	-2783	2784	-2005
chr19	49657409	49660289	49657880	2880	49658849	-1440	1440	-969
chr19	11506108	11512488	11508011	6380	11509298	-3190	3190	-1287
chr19	48964804	48966628	48966589	1824	48965716	-912	912	873
chr19	45883913	45887300	45885128	3387	45885606	-1693	1694	-478
chr19	41300848	41303249	41302572	2401	41302048	-1200	1201	524
chr19	41300848	41303249	41302573	2401	41302048	-1200	1201	525
chr19	49931112	49936594	49933081	5482	49933853	-2741	2741	-772
chr19	20195563	20197615	20197448	2052	20196589	-1026	1026	859
chr19	19272315	19277209	19276580	4894	19274762	-2447	2447	1818
chr19	35633470	35638341	35634353	4871	35635905	-2435	2436	-1552
chr19	54156260	54158450	54158395	2190	54157355	-1095	1095	1040
chr19	1438052	1442971	1440093	4919	1440511	-2459	2460	-418
chr19	49660466	49665411	49663428	4945	49662938	-2472	2473	490
chr19	55083196	55089089	55086470	5893	55086142	-2946	2947	328
chr19	48869169	48877051	48874105	7882	48873110	-3941	3941	995
chr19	45068231	45072886	45071609	4655	45070558	-2327	2328	1051
chr19	35122049	35123546	35123456	1497	35122797	-748	749	659
chr19	39472284	39476831	39473239	4547	39474557	-2273	2274	-1318
chr19	54156260	54158450	54156811	2190	54157355	-1095	1095	-544
chr19	39385700	39391445	39385977	5745	39388572	-2872	2873	-2595
chr19	35122049	35123546	35122899	1497	35122797	-748	749	102
chr19	48968399	48971464	48969412	3065	48969931	-1532	1533	-519
chr19	19056965	19064869	19057509	7904	19060917	-3952	3952	-3408
chr19	6751414	6755318	6754636	3904	6753366	-1952	1952	1270
chr19	7628501	7631491	7629824	2990	7629996	-1495	1495	-172
chr19	10307345	10313629	10309268	6284	10310487	-3142	3142	-1219
chr19	10566585	10569534	10567049	2949	10568059	-1474	1475	-1010
chr19	16322959	16327392	16327072	4433	16325175	-2216	2217	1897
chr19	18254287	18261258	18257132	6971	18257772	-3485	3486	-640
chr19	40211515	40218653	40217314	7138	40215084	-3569	3569	2230
chr19	45711134	45714520	45711756	3386	45712827	-1693	1693	-1071
chr19	45711134	45714520	45712707	3386	45712827	-1693	1693	-120
chr19	57440588	57442508	57441920	1920	57441548	-960	960	372
chr19	40375328	40378483	40376743	3155	40376905	-1577	1578	-162
chr19	42078637	42081372	42079332	2735	42080004	-1367	1368	-672
chr19	15231099	15234917	15231781	3818	15233008	-1909	1909	-1227
chr19	20195563	20197615	20197608	2052	20196589	-1026	1026	1019
chr19	1977478	1981248	1978328	3770	1979363	-1885	1885	-1035
chr19	12876209	12878512	12876352	2303	12877360	-1151	1152	-1008
chr19	29702014	29705936	29702639	3922	29703975	-1961	1961	-1336
chr19	29702014	29705936	29702741	3922	29703975	-1961	1961	-1234
chr19	35281311	35283188	35282534	1877	35282249	-938	939	285
chr19	45686083	45692076	45687706	5993	45689079	-2996	2997	-1373
chr19	54159301	54163476	54160188	4175	54161388	-2087	2088	-1200
chr19	57752829	57754872	57754595	2043	57753850	-1021	1022	745
chr19	5913735	5915043	5914617	1308	5914389	-654	654	228
chr19	7897337	7899282	7899210	1945	7898309	-972	973	901
chr19	7871816	7878749	7872321	6933	7875282	-3466	3467	-2961
chr19	8506504	8512089	8510725	5585	8509296	-2792	2793	1429
chr19	16184954	16191399	16190887	6445	16188176	-3222	3223	2711
chr19	39405842	39408540	39408253	2698	39407191	-1349	1349	1062
chr19	49144314	49151028	49149564	6714	49147671	-3357	3357	1893
chr19	49445065	49451112	49449501	6047	49448088	-3023	3024	1413
chr19	55345366	55352009	55346297	6643	55348687	-3321	3322	-2390
chr19	57848940	57851378	57850374	2438	57850159	-1219	1219	215
chr19	41305325	41309876	41305710	4551	41307600	-2275	2276	-1890
chr19	10827416	10833436	10831640	6020	10830426	-3010	3010	1214
chr19	38384722	38391354	38387249	6632	38388038	-3316	3316	-789
chr19	3763706	3771580	3771576	7874	3767643	-3937	3937	3933
chr19	2338223	2340263	2339889	2040	2339243	-1020	1020	646
chr19	40436373	40442438	40441744	6065	40439405	-3032	3033	2339
chr19	41586096	41587469	41586620	1373	41586782	-686	687	-162
chr19	6751414	6755318	6755266	3904	6753366	-1952	1952	1900
chr19	15111233	15118277	15111406	7044	15114755	-3522	3522	-3349
chr19	15111233	15118277	15115345	7044	15114755	-3522	3522	590
chr19	10283282	10285919	10283750	2637	10284600	-1318	1319	-850
chr19	10833475	10836396	10835253	2921	10834935	-1460	1461	318
chr19	54174005	54178274	54174158	4269	54176139	-2134	2135	-1981
chr19	3571396	3579085	3576926	7689	3575240	-3844	3845	1686
chr19	7517979	7523710	7520079	5731	7520844	-2865	2866	-765
chr19	7921420	7922948	7921702	1528	7922184	-764	764	-482
chr19	13929531	13934946	13930732	5415	13932238	-2707	2708	-1506
chr19	34427265	34429876	34428523	2611	34428570	-1305	1306	-47
chr19	39472284	39476831	39474529	4547	39474557	-2273	2274	-28
chr19	48382817	48386775	48383249	3958	48384796	-1979	1979	-1547
chr19	49657409	49660289	49658619	2880	49658849	-1440	1440	-230
chr19	55345366	55352009	55347886	6643	55348687	-3321	3322	-801
chr19	58391089	58397802	58393442	6713	58394445	-3356	3357	-1003
chr19	12763486	12765075	12763752	1589	12764280	-794	795	-528
chr19	19272315	19277209	19276609	4894	19274762	-2447	2447	1847
chr19	39472284	39476831	39473211	4547	39474557	-2273	2274	-1346
chr19	41431666	41436601	41432326	4935	41434133	-2467	2468	-1807
chr19	45686083	45692076	45687567	5993	45689079	-2996	2997	-1512
chr19	45711134	45714520	45713424	3386	45712827	-1693	1693	597
chr19	7628501	7631491	7629554	2990	7629996	-1495	1495	-442
chr19	7628501	7631491	7629826	2990	7629996	-1495	1495	-170
chr19	12695537	12698422	12696608	2885	12696979	-1442	1443	-371
chr19	18592358	18597211	18593572	4853	18594784	-2426	2427	-1212
chr19	55083196	55089089	55087613	5893	55086142	-2946	2947	1471
chr19	48624089	48631459	48628018	7370	48627774	-3685	3685	244
chr19	6749457	6750791	6750579	1334	6750124	-667	667	455
chr19	15111233	15118277	15112376	7044	15114755	-3522	3522	-2379
chr19	15111233	15118277	15112530	7044	15114755	-3522	3522	-2225
chr19	49931112	49936594	49933023	5482	49933853	-2741	2741	-830
chr19	38378205	38384622	38383420	6417	38381413	-3208	3209	2007
chr19	57752829	57754872	57754205	2043	57753850	-1021	1022	355
chr19	19278205	19283215	19279340	5010	19280710	-2505	2505	-1370
chr19	54171562	54173591	54173248	2029	54172576	-1014	1015	672
chr19	54189943	54193442	54191944	3499	54191692	-1749	1750	252
chr19	48624089	48631459	48630437	7370	48627774	-3685	3685	2663
chr19	38299626	38307035	38304469	7409	38303330	-3704	3705	1139
chr19	35739309	35741282	35739408	1973	35740295	-986	987	-887
chr19	40436373	40442438	40441591	6065	40439405	-3032	3033	2186
chr19	49115568	49121274	49118387	5706	49118421	-2853	2853	-34
chr19	49115568	49121274	49118593	5706	49118421	-2853	2853	172
chr19	43915063	43916686	43915189	1623	43915874	-811	812	-685
chr19	39837326	39840825	39837756	3499	39839075	-1749	1750	-1319
chr19	45068231	45072886	45071811	4655	45070558	-2327	2328	1253
chr19	15111233	15118277	15116310	7044	15114755	-3522	3522	1555
chr19	5915235	5919250	5918612	4015	5917242	-2007	2008	1370
chr19	17808063	17812258	17811777	4195	17810160	-2097	2098	1617
chr19	52922509	52930124	52929319	7615	52926316	-3807	3808	3003
chr19	3571396	3579085	3576914	7689	3575240	-3844	3845	1674
chr19	49144314	49151028	49148688	6714	49147671	-3357	3357	1017
chr19	17731663	17737777	17733297	6114	17734720	-3057	3057	-1423
chr19	45407641	45408805	45408745	1164	45408223	-582	582	522
chr19	18195772	18197256	18197024	1484	18196514	-742	742	510
chr19	43533121	43536379	43534433	3258	43534750	-1629	1629	-317
chr19	45469520	45473607	45473540	4087	45471563	-2043	2044	1977
chr19	55602034	55606387	55602499	4353	55604210	-2176	2177	-1711
chr19	55083196	55089089	55087581	5893	55086142	-2946	2947	1439
chr19	53065563	53068245	53068171	2682	53066904	-1341	1341	1267
chr19	20195563	20197615	20197097	2052	20196589	-1026	1026	508
chr19	548247	551424	549750	3177	549835	-1588	1589	-85
chr19	5586763	5591265	5587281	4502	5589014	-2251	2251	-1733
chr19	11348124	11354131	11353619	6007	11351127	-3003	3004	2492
chr19	45068231	45072886	45070814	4655	45070558	-2327	2328	256
chr19	55229062	55232046	55231804	2984	55230554	-1492	1492	1250
chr19	41431666	41436601	41433319	4935	41434133	-2467	2468	-814
chr19	39405842	39408540	39406865	2698	39407191	-1349	1349	-326
chr19	40436373	40442438	40441954	6065	40439405	-3032	3033	2549
chr19	45407641	45408805	45408159	1164	45408223	-582	582	-64
chr19	39472284	39476831	39473442	4547	39474557	-2273	2274	-1115
chr19	55089389	55095990	55092263	6601	55092689	-3300	3301	-426
chr19	11348124	11354131	11353863	6007	11351127	-3003	3004	2736
chr19	548247	551424	549711	3177	549835	-1588	1589	-124
chr19	3571396	3579085	3575620	7689	3575240	-3844	3845	380
chr19	5913735	5915043	5914680	1308	5914389	-654	654	291
chr19	6751414	6755318	6754067	3904	6753366	-1952	1952	701
chr19	7899740	7901523	7900763	1783	7900631	-891	892	132
chr19	8512940	8516623	8513328	3683	8514781	-1841	1842	-1453
chr19	10351670	10354714	10352969	3044	10353192	-1522	1522	-223
chr19	10392394	10397062	10395056	4668	10394728	-2334	2334	328
chr19	11380537	11387243	11383022	6706	11383890	-3353	3353	-868
chr19	11722699	11727130	11723183	4431	11724914	-2215	2216	-1731
chr19	18149297	18151910	18149656	2613	18150603	-1306	1307	-947
chr19	18385280	18389986	18386320	4706	18387633	-2353	2353	-1313
chr19	19115600	19121855	19120058	6255	19118727	-3127	3128	1331
chr19	35550858	35556059	35551011	5201	35553458	-2600	2601	-2447
chr19	36112314	36116525	36115916	4211	36114419	-2105	2106	1497
chr19	38299626	38307035	38304407	7409	38303330	-3704	3705	1077
chr19	39419128	39424796	39424677	5668	39421962	-2834	2834	2715
chr19	39472284	39476831	39473310	4547	39474557	-2273	2274	-1247
chr19	45381378	45383611	45382638	2233	45382494	-1116	1117	144
chr19	45469520	45473607	45472587	4087	45471563	-2043	2044	1024
chr19	45525012	45530422	45526198	5410	45527717	-2705	2705	-1519
chr19	48463395	48465025	48464471	1630	48464210	-815	815	261
chr19	48463395	48465025	48464744	1630	48464210	-815	815	534
chr19	48920414	48925981	48921902	5567	48923197	-2783	2784	-1295
chr19	48956555	48964353	48960831	7798	48960454	-3899	3899	377
chr19	48956555	48964353	48961635	7798	48960454	-3899	3899	1181
chr19	49115568	49121274	49118381	5706	49118421	-2853	2853	-40
chr19	49660466	49665411	49661980	4945	49662938	-2472	2473	-958
chr19	54217372	54218930	54217462	1558	54218151	-779	779	-689
chr19	58334236	58339539	58338661	5303	58336887	-2651	2652	1774
chr19	58510229	58517412	58517346	7183	58513820	-3591	3592	3526
chr19	19272315	19277209	19276662	4894	19274762	-2447	2447	1900
chr19	18592358	18597211	18594338	4853	18594784	-2426	2427	-446
chr19	42078637	42081372	42079725	2735	42080004	-1367	1368	-279
chr19	52922509	52930124	52929209	7615	52926316	-3807	3808	2893
chr19	39979850	39981574	39980337	1724	39980712	-862	862	-375
chr19	17522712	17524865	17523363	2153	17523788	-1076	1077	-425
chr19	49594175	49599158	49594951	4983	49596666	-2491	2492	-1715
chr19	12647794	12651403	12649929	3609	12649598	-1804	1805	331
chr19	19677153	19680094	19679542	2941	19678623	-1470	1471	919
chr19	35539318	35544588	35542914	5270	35541953	-2635	2635	961
chr19	35539318	35544588	35543355	5270	35541953	-2635	2635	1402
chr19	36112314	36116525	36113785	4211	36114419	-2105	2106	-634
chr19	45298706	45303206	45302404	4500	45300956	-2250	2250	1448
chr19	54171562	54173591	54173248	2029	54172576	-1014	1015	672
chr19	11576125	11580366	11576769	4241	11578245	-2120	2121	-1476
chr19	8323785	8327107	8324734	3322	8325446	-1661	1661	-712
chr19	11324723	11327009	11325530	2286	11325866	-1143	1143	-336
chr19	11722699	11727130	11723264	4431	11724914	-2215	2216	-1650
chr19	14515542	14517933	14515881	2391	14516737	-1195	1196	-856
chr19	19677153	19680094	19680014	2941	19678623	-1470	1471	1391
chr19	38378205	38384622	38380973	6417	38381413	-3208	3209	-440
chr19	39405842	39408540	39408371	2698	39407191	-1349	1349	1180
chr19	41381120	41383983	41383627	2863	41382551	-1431	1432	1076
chr19	41431666	41436601	41433415	4935	41434133	-2467	2468	-718
chr19	45469520	45473607	45471409	4087	45471563	-2043	2044	-154
chr19	55577169	55581417	55578041	4248	55579293	-2124	2124	-1252
chr19	13104148	13107203	13105553	3055	13105675	-1527	1528	-122
chr19	20195563	20197615	20197148	2052	20196589	-1026	1026	559
chr19	40588478	40592729	40590832	4251	40590603	-2125	2126	229
chr19	54159301	54163476	54160279	4175	54161388	-2087	2088	-1109
chr19	11444536	11448599	11447156	4063	11446567	-2031	2032	589
chr19	49210281	49211880	49210751	1599	49211080	-799	800	-329
chr19	3763706	3771580	3765206	7874	3767643	-3937	3937	-2437
chr19	54159301	54163476	54159676	4175	54161388	-2087	2088	-1712
chr19	11576125	11580366	11576459	4241	11578245	-2120	2121	-1786
chr19	45525012	45530422	45529367	5410	45527717	-2705	2705	1650
chr19	19677153	19680094	19679572	2941	19678623	-1470	1471	949
chr19	41305325	41309876	41306820	4551	41307600	-2275	2276	-780
chr19	41381120	41383983	41383663	2863	41382551	-1431	1432	1112
chr19	15468004	15472736	15472074	4732	15470370	-2366	2366	1704
chr19	45068231	45072886	45068467	4655	45070558	-2327	2328	-2091
chr19	40317698	40321758	40321189	4060	40319728	-2030	2030	1461
chr19	12647794	12651403	12649986	3609	12649598	-1804	1805	388
chr19	13104148	13107203	13105521	3055	13105675	-1527	1528	-154
chr19	15111233	15118277	15116233	7044	15114755	-3522	3522	1478
chr19	40211515	40218653	40215117	7138	40215084	-3569	3569	33
chr19	10827416	10833436	10833007	6020	10830426	-3010	3010	2581
chr19	18592358	18597211	18593442	4853	18594784	-2426	2427	-1342
chr19	49905219	49911250	49909528	6031	49908234	-3015	3016	1294
chr19	58391089	58397802	58393159	6713	58394445	-3356	3357	-1286
chr19	54156260	54158450	54156984	2190	54157355	-1095	1095	-371
chr19	35741394	35745382	35742584	3988	35743388	-1994	1994	-804
chr19	13777713	13779273	13778104	1560	13778493	-780	780	-389
chr19	35539318	35544588	35543752	5270	35541953	-2635	2635	1799
chr19	11506108	11512488	11508001	6380	11509298	-3190	3190	-1297
chr19	7899740	7901523	7900188	1783	7900631	-891	892	-443
chr19	10283282	10285919	10284087	2637	10284600	-1318	1319	-513
chr19	13830005	13832341	13830390	2336	13831173	-1168	1168	-783
chr19	41431666	41436601	41432502	4935	41434133	-2467	2468	-1631
chr19	49115568	49121274	49118929	5706	49118421	-2853	2853	508
chr19	49657409	49660289	49659618	2880	49658849	-1440	1440	769
chr19	53065563	53068245	53067872	2682	53066904	-1341	1341	968
chr19	48869169	48877051	48874009	7882	48873110	-3941	3941	899
chr19	49905219	49911250	49908178	6031	49908234	-3015	3016	-56
chr19	615804	618745	618718	2941	617274	-1470	1471	1444
chr19	10551020	10555289	10553952	4269	10553154	-2134	2135	798
chr19	38929925	38932796	38932551	2871	38931360	-1435	1436	1191
chr19	43606633	43612795	43612694	6162	43609714	-3081	3081	2980
chr19	47044661	47047555	47045202	2894	47046108	-1447	1447	-906
chr19	48869169	48877051	48873915	7882	48873110	-3941	3941	805
chr19	7628501	7631491	7629498	2990	7629996	-1495	1495	-498
chr19	48180679	48184271	48182626	3592	48182475	-1796	1796	151
chr19	899622	905875	900098	6253	902748	-3126	3127	-2650
chr19	5913735	5915043	5914415	1308	5914389	-654	654	26
chr19	58334236	58339539	58339291	5303	58336887	-2651	2652	2404
chr19	48616809	48620173	48617398	3364	48618491	-1682	1682	-1093
chr19	6751414	6755318	6754144	3904	6753366	-1952	1952	778
chr19	10566585	10569534	10567151	2949	10568059	-1474	1475	-908
chr19	17338841	17342035	17339592	3194	17340438	-1597	1597	-846
chr19	58391089	58397802	58393416	6713	58394445	-3356	3357	-1029
chr19	38915082	38917600	38915479	2518	38916341	-1259	1259	-862
chr19	5915235	5919250	5917921	4015	5917242	-2007	2008	679
chr19	6751414	6755318	6754077	3904	6753366	-1952	1952	711
chr19	35633470	35638341	35633690	4871	35635905	-2435	2436	-2215
chr19	35739309	35741282	35739733	1973	35740295	-986	987	-562
chr19	49905219	49911250	49909805	6031	49908234	-3015	3016	1571
chr19	58510229	58517412	58512024	7183	58513820	-3591	3592	-1796
chr19	4815945	4819903	4816997	3958	4817924	-1979	1979	-927
chr19	12891817	12899734	12899235	7917	12895775	-3958	3959	3460
chr19	15111233	15118277	15113762	7044	15114755	-3522	3522	-993
chr19	41421092	41424046	41422267	2954	41422569	-1477	1477	-302
chr19	10283282	10285919	10284047	2637	10284600	-1318	1319	-553
chr19	15225066	15228429	15227566	3363	15226747	-1681	1682	819
chr19	37370261	37371915	37371187	1654	37371088	-827	827	99
chr19	54156260	54158450	54156808	2190	54157355	-1095	1095	-547
chr19	55620999	55624892	55621179	3893	55622945	-1946	1947	-1766
chr19	1059216	1065926	1063776	6710	1062571	-3355	3355	1205
chr19	49445065	49451112	49448044	6047	49448088	-3023	3024	-44
chr19	7517979	7523710	7519625	5731	7520844	-2865	2866	-1219
chr19	48609054	48616461	48616080	7407	48612757	-3703	3704	3323
chr19	13777713	13779273	13778093	1560	13778493	-780	780	-400
chr19	40436373	40442438	40441397	6065	40439405	-3032	3033	1992
chr19	45883913	45887300	45884997	3387	45885606	-1693	1694	-609
chr19	35122049	35123546	35122788	1497	35122797	-748	749	-9
chr19	46015417	46018749	46018368	3332	46017083	-1666	1666	1285
chr19	18780155	18786763	18786554	6608	18783459	-3304	3304	3095
chr19	9161005	9162162	9161412	1157	9161583	-578	579	-171
chr19	42295742	42302769	42300008	7027	42299255	-3513	3514	753
chr19	36002034	36005196	36003404	3162	36003615	-1581	1581	-211
chr19	45523576	45524892	45523860	1316	45524234	-658	658	-374
chr19	1431053	1435086	1432663	4033	1433069	-2016	2017	-406
chr19	4320626	4325247	4323052	4621	4322936	-2310	2311	116
chr19	4534259	4538328	4538276	4069	4536293	-2034	2035	1983
chr19	12891817	12899734	12896342	7917	12895775	-3958	3959	567
chr19	19512235	19515169	19514831	2934	19513702	-1467	1467	1129
chr19	35063707	35066493	35066265	2786	35065100	-1393	1393	1165
chr19	35544801	35548370	35547162	3569	35546585	-1784	1785	577
chr19	38915082	38917600	38915734	2518	38916341	-1259	1259	-607
chr19	49905219	49911250	49908610	6031	49908234	-3015	3016	376
chr19	54189943	54193442	54191750	3499	54191692	-1749	1750	58
chr19	54189943	54193442	54192182	3499	54191692	-1749	1750	490
chr19	8323785	8327107	8324712	3322	8325446	-1661	1661	-734
chr19	19505531	19508450	19506163	2919	19506990	-1459	1460	-827
chr19	7610517	7617257	7616599	6740	7613887	-3370	3370	2712
chr19	13830005	13832341	13831164	2336	13831173	-1168	1168	-9
chr20	45889535	45892396	45892270	2861	45890965	-1430	1431	1305
chr20	2656802	2661952	2660721	5150	2659377	-2575	2575	1344
chr20	1177792	1183765	1181150	5973	1180778	-2986	2987	372
chr20	31944675	31946729	31946516	2054	31945702	-1027	1027	814
chr20	45889535	45892396	45890496	2861	45890965	-1430	1431	-469
chr20	36523651	36527134	36526987	3483	36525392	-1741	1742	1595
chr20	62879132	62881829	62881351	2697	62880480	-1348	1349	871
chr20	36610303	36616802	36612124	6499	36613552	-3249	3250	-1428
chr20	3800364	3803512	3803143	3148	3801938	-1574	1574	1205
chr20	2653059	2656391	2654838	3332	2654725	-1666	1666	113
chr20	45839998	45842888	45842030	2890	45841443	-1445	1445	587
chr20	63486787	63492274	63490591	5487	63489530	-2743	2744	1061
chr20	31947528	31951750	31948814	4222	31949639	-2111	2111	-825
chr20	62879132	62881829	62879328	2697	62880480	-1348	1349	-1152
chr20	58987320	58991728	58988980	4408	58989524	-2204	2204	-544
chr20	62879132	62881829	62879609	2697	62880480	-1348	1349	-871
chr20	36610303	36616802	36613797	6499	36613552	-3249	3250	245
chr20	58992107	58995537	58993706	3430	58993822	-1715	1715	-116
chr20	25296176	25297461	25296633	1285	25296818	-642	643	-185
chr20	35551774	35558123	35556206	6349	35554948	-3174	3175	1258
chr20	45889535	45892396	45890324	2861	45890965	-1430	1431	-641
chr20	50083670	50089672	50084185	6002	50086671	-3001	3001	-2486
chr20	62135262	62140518	62139832	5256	62137890	-2628	2628	1942
chr20	3034627	3038180	3038101	3553	3036403	-1776	1777	1698
chr20	41174403	41176377	41174661	1974	41175390	-987	987	-729
chr20	3226653	3231447	3230253	4794	3229050	-2397	2397	1203
chr20	2656802	2661952	2659762	5150	2659377	-2575	2575	385
chr20	3780397	3787177	3785112	6780	3783787	-3390	3390	1325
chr20	32433717	32436622	32435728	2905	32435169	-1452	1453	559
chr20	32433717	32436622	32436094	2905	32435169	-1452	1453	925
chr20	32433717	32436622	32436305	2905	32435169	-1452	1453	1136
chr20	62135262	62140518	62139832	5256	62137890	-2628	2628	1942
chr20	13715133	13717544	13717420	2411	13716338	-1205	1206	1082
chr20	43714958	43717200	43715156	2242	43716079	-1121	1121	-923
chr20	325056	328482	326266	3426	326769	-1713	1713	-503
chr20	44749601	44753635	44750207	4034	44751618	-2017	2017	-1411
chr20	58992107	58995537	58994921	3430	58993822	-1715	1715	1099
chr20	49906169	49907763	49906630	1594	49906966	-797	797	-336
chr20	62879132	62881829	62881536	2697	62880480	-1348	1349	1056
chr20	31665787	31669226	31665881	3439	31667506	-1719	1720	-1625
chr20	2653059	2656391	2655428	3332	2654725	-1666	1666	703
chr20	32189696	32190899	32189861	1203	32190297	-601	602	-436
chr20	1177792	1183765	1180980	5973	1180778	-2986	2987	202
chr20	2656802	2661952	2656949	5150	2659377	-2575	2575	-2428
chr20	3218425	3222213	3221910	3788	3220319	-1894	1894	1591
chr20	41122986	41123497	41123390	511	41123241	-255	256	149
chr20	25221567	25224660	25224121	3093	25223113	-1546	1547	1008
chr20	58992107	58995537	58995535	3430	58993822	-1715	1715	1713
chr20	34279578	34282472	34281053	2894	34281025	-1447	1447	28
chr20	31944675	31946729	31945748	2054	31945702	-1027	1027	46
chr20	62943713	62947674	62944936	3961	62945693	-1980	1981	-757
chr20	31665787	31669226	31666021	3439	31667506	-1719	1720	-1485
chr20	2656802	2661952	2659706	5150	2659377	-2575	2575	329
chr20	58987320	58991728	58987804	4408	58989524	-2204	2204	-1720
chr20	34928650	34929919	34929563	1269	34929284	-634	635	279
chr20	3749033	3756984	3755527	7951	3753008	-3975	3976	2519
chr20	3226653	3231447	3229345	4794	3229050	-2397	2397	295
chr20	63888199	63889758	63889200	1559	63888978	-779	780	222
chr20	36523651	36527134	36526015	3483	36525392	-1741	1742	623
chr20	62879132	62881829	62881384	2697	62880480	-1348	1349	904
chr20	62879132	62881829	62881440	2697	62880480	-1348	1349	960
chr20	62201132	62202998	62201132	1866	62202065	-933	933	-933
chr20	63699077	63702589	63701263	3512	63700833	-1756	1756	430
chr20	3780397	3787177	3784941	6780	3783787	-3390	3390	1154
chr20	44909638	44912125	44910291	2487	44910881	-1243	1244	-590
chr20	62135262	62140518	62139097	5256	62137890	-2628	2628	1207
chr20	3226653	3231447	3228289	4794	3229050	-2397	2397	-761
chr20	35551774	35558123	35556303	6349	35554948	-3174	3175	1355
chr20	58987320	58991728	58989495	4408	58989524	-2204	2204	-29
chr20	35699125	35702080	35700961	2955	35700602	-1477	1478	359
chr20	41122986	41123497	41123240	511	41123241	-255	256	-1
chr20	3804517	3807855	3804852	3338	3806186	-1669	1669	-1334
chr20	2656802	2661952	2657673	5150	2659377	-2575	2575	-1704
chr20	32433717	32436622	32435759	2905	32435169	-1452	1453	590
chr20	32433717	32436622	32436269	2905	32435169	-1452	1453	1100
chr20	44749601	44753635	44750316	4034	44751618	-2017	2017	-1302
chr20	46062420	46063917	46062681	1497	46063168	-748	749	-487
chr20	58709689	58716657	58713399	6968	58713173	-3484	3484	226
chr20	58709689	58716657	58713401	6968	58713173	-3484	3484	228
chr20	58709689	58716657	58715093	6968	58713173	-3484	3484	1920
chr20	58709689	58716657	58715422	6968	58713173	-3484	3484	2249
chr20	37401185	37408788	37403753	7603	37404986	-3801	3802	-1233
chr20	49245718	49248306	49246386	2588	49247012	-1294	1294	-626
chr20	37401185	37408788	37402438	7603	37404986	-3801	3802	-2548
chr20	58996020	58996952	58996709	932	58996486	-466	466	223
chr20	49245718	49248306	49246386	2588	49247012	-1294	1294	-626
chr20	49112832	49115688	49114785	2856	49114260	-1428	1428	525
chr20	3749033	3756984	3752766	7951	3753008	-3975	3976	-242
chr20	62129385	62134009	62133379	4624	62131697	-2312	2312	1682
chr20	35302747	35305545	35303993	2798	35304146	-1399	1399	-153
chr20	49906169	49907763	49906536	1594	49906966	-797	797	-430
chr20	45839998	45842888	45841874	2890	45841443	-1445	1445	431
chr20	49236934	49239883	49239252	2949	49238408	-1474	1475	844
chr20	3780397	3787177	3785401	6780	3783787	-3390	3390	1614
chr20	24953478	24959328	24957316	5850	24956403	-2925	2925	913
chr20	45839998	45842888	45840380	2890	45841443	-1445	1445	-1063
chr20	3226653	3231447	3230961	4794	3229050	-2397	2397	1911
chr20	62879132	62881829	62880547	2697	62880480	-1348	1349	67
chr20	58709689	58716657	58713884	6968	58713173	-3484	3484	711
chr20	32433717	32436622	32435421	2905	32435169	-1452	1453	252
chr20	2656802	2661952	2656874	5150	2659377	-2575	2575	-2503
chr20	1177792	1183765	1181422	5973	1180778	-2986	2987	644
chr20	2656802	2661952	2657204	5150	2659377	-2575	2575	-2173
chr20	2861500	2864338	2863304	2838	2862919	-1419	1419	385
chr20	3034627	3038180	3035807	3553	3036403	-1776	1777	-596
chr20	3749033	3756984	3750874	7951	3753008	-3975	3976	-2134
chr20	3780397	3787177	3781297	6780	3783787	-3390	3390	-2490
chr20	4698859	4700616	4699925	1757	4699737	-878	879	188
chr20	35617855	35621541	35618922	3686	35619698	-1843	1843	-776
chr20	35617855	35621541	35619709	3686	35619698	-1843	1843	11
chr20	36523651	36527134	36525884	3483	36525392	-1741	1742	492
chr20	45889535	45892396	45890700	2861	45890965	-1430	1431	-265
chr20	49906169	49907763	49906702	1594	49906966	-797	797	-264
chr20	58709689	58716657	58714776	6968	58713173	-3484	3484	1603
chr20	58992107	58995537	58994794	3430	58993822	-1715	1715	972
chr20	58992107	58995537	58995496	3430	58993822	-1715	1715	1674
chr20	63556636	63561704	63561651	5068	63559170	-2534	2534	2481
chr20	41174403	41176377	41174519	1974	41175390	-987	987	-871
chr20	34090167	34091240	34090561	1073	34090703	-536	537	-142
chr20	45811476	45813729	45813357	2253	45812602	-1126	1127	755
chr20	63556636	63561704	63560920	5068	63559170	-2534	2534	1750
chr20	2656802	2661952	2658518	5150	2659377	-2575	2575	-859
chr20	32433717	32436622	32436576	2905	32435169	-1452	1453	1407
chr20	36523651	36527134	36525869	3483	36525392	-1741	1742	477
chr20	36523651	36527134	36527049	3483	36525392	-1741	1742	1657
chr20	36610303	36616802	36612122	6499	36613552	-3249	3250	-1430
chr20	36610303	36616802	36615269	6499	36613552	-3249	3250	1717
chr20	44749601	44753635	44750316	4034	44751618	-2017	2017	-1302
chr20	35617855	35621541	35620708	3686	35619698	-1843	1843	1010
chr20	63556636	63561704	63560476	5068	63559170	-2534	2534	1306
chr20	35551774	35558123	35557191	6349	35554948	-3174	3175	2243
chr20	35551774	35558123	35557192	6349	35554948	-3174	3175	2244
chr20	32433717	32436622	32435949	2905	32435169	-1452	1453	780
chr20	46062420	46063917	46063475	1497	46063168	-748	749	307
chr20	44749601	44753635	44750579	4034	44751618	-2017	2017	-1039
chr20	31944675	31946729	31946505	2054	31945702	-1027	1027	803
chr20	2653059	2656391	2655478	3332	2654725	-1666	1666	753
chr20	3034627	3038180	3035803	3553	3036403	-1776	1777	-600
chr20	49245718	49248306	49247321	2588	49247012	-1294	1294	309
chr20	44955892	44958116	44956465	2224	44957004	-1112	1112	-539
chr20	49245718	49248306	49247576	2588	49247012	-1294	1294	564
chr20	41359978	41362061	41360560	2083	41361019	-1041	1042	-459
chr20	31944675	31946729	31946524	2054	31945702	-1027	1027	822
chr20	58709689	58716657	58713805	6968	58713173	-3484	3484	632
chr20	1177792	1183765	1181190	5973	1180778	-2986	2987	412
chr20	59938696	59940172	59939101	1476	59939434	-738	738	-333
chr20	2653059	2656391	2655415	3332	2654725	-1666	1666	690
chr20	23047422	23052608	23048412	5186	23050015	-2593	2593	-1603
chr20	34928650	34929919	34928809	1269	34929284	-634	635	-475
chr20	23047422	23052608	23048307	5186	23050015	-2593	2593	-1708
chr21	29056042	29059208	29056489	3166	29057625	-1583	1583	-1136
chr21	43774113	43778662	43774137	4549	43776387	-2274	2275	-2250
chr21	43774113	43778662	43774137	4549	43776387	-2274	2275	-2250
chr21	32732615	32734042	32733988	1427	32733328	-713	714	660
chr21	42578832	42584921	42580538	6089	42581876	-3044	3045	-1338
chr21	43774113	43778662	43774181	4549	43776387	-2274	2275	-2206
chr21	36034874	36036603	36035829	1729	36035738	-864	865	91
chr21	46189239	46192550	46191884	3311	46190894	-1655	1656	990
chr21	31671653	31673651	31671678	1998	31672652	-999	999	-974
chr21	44104748	44109553	44109004	4805	44107150	-2402	2403	1854
chr21	46235079	46236112	46235257	1033	46235595	-516	517	-338
chr22	30367211	30374831	30372220	7620	30371021	-3810	3810	1199
chr22	20992893	20999445	20997014	6552	20996169	-3276	3276	845
chr22	23970927	23972350	23971416	1423	23971638	-711	712	-222
chr22	30379231	30380691	30379725	1460	30379961	-730	730	-236
chr22	28795417	28801882	28796204	6465	28798649	-3232	3233	-2445
chr22	41355161	41358624	41356437	3463	41356892	-1731	1732	-455
chr22	50578975	50580596	50579803	1621	50579785	-810	811	18
chr22	37567178	37572893	37568199	5715	37570035	-2857	2858	-1836
chr22	38864208	38866296	38864430	2088	38865252	-1044	1044	-822
chr22	26491124	26496444	26494871	5320	26493784	-2660	2660	1087
chr22	29788196	29794590	29788897	6394	29791393	-3197	3197	-2496
chr22	20110954	20116675	20112743	5721	20113814	-2860	2861	-1071
chr22	41179642	41181558	41180060	1916	41180600	-958	958	-540
chr22	41355161	41358624	41356373	3463	41356892	-1731	1732	-519
chr22	49962700	49963882	49963059	1182	49963291	-591	591	-232
chr22	19969017	19974376	19973263	5359	19971696	-2679	2680	1567
chr22	23763641	23771337	23766230	7696	23767489	-3848	3848	-1259
chr22	37564540	37567023	37566737	2483	37565781	-1241	1242	956
chr22	37828977	37833385	37833165	4408	37831181	-2204	2204	1984
chr22	38479626	38481075	38479749	1449	38480350	-724	725	-601
chr22	36511474	36512465	36511657	991	36511969	-495	496	-312
chr22	31102839	31106231	31104444	3392	31104535	-1696	1696	-91
chr22	41172967	41178821	41177565	5854	41175894	-2927	2927	1671
chr22	41355161	41358624	41357315	3463	41356892	-1731	1732	423
chr22	50273833	50279279	50277944	5446	50276556	-2723	2723	1388
chr22	37181980	37185787	37182026	3807	37183883	-1903	1904	-1857
chr22	37771165	37773861	37773811	2696	37772513	-1348	1348	1298
chr22	19513576	19519370	19518888	5794	19516473	-2897	2897	2415
chr22	19513576	19519370	19516884	5794	19516473	-2897	2897	411
chr22	17734533	17740825	17735587	6292	17737679	-3146	3146	-2092
chr22	49962700	49963882	49963378	1182	49963291	-591	591	87
chr22	30572854	30580639	30579205	7785	30576746	-3892	3893	2459
chr22	30572854	30580639	30579895	7785	30576746	-3892	3893	3149
chr22	28795417	28801882	28796984	6465	28798649	-3232	3233	-1665
chr22	40403496	40410187	40406531	6691	40406841	-3345	3346	-310
chr22	50273833	50279279	50278937	5446	50276556	-2723	2723	2381
chr22	17734533	17740825	17738090	6292	17737679	-3146	3146	411
chr22	20585621	20589168	20587000	3547	20587394	-1773	1774	-394
chr22	30367211	30374831	30370719	7620	30371021	-3810	3810	-302
chr22	30421006	30427771	30425911	6765	30424388	-3382	3383	1523
chr22	38730955	38733855	38732361	2900	38732405	-1450	1450	-44
chr22	41662188	41664824	41663700	2636	41663506	-1318	1318	194
chr22	17589640	17592496	17590159	2856	17591068	-1428	1428	-909
chr22	20954096	20959285	20957451	5189	20956690	-2594	2595	761
chr22	17589640	17592496	17590214	2856	17591068	-1428	1428	-854
chr22	43132229	43133366	43133351	1137	43132797	-568	569	554
chr22	21697557	21699969	21699739	2412	21698763	-1206	1206	976
chr22	26491124	26496444	26496101	5320	26493784	-2660	2660	2317
chr22	41172967	41178821	41177239	5854	41175894	-2927	2927	1345
chr22	50273833	50279279	50278967	5446	50276556	-2723	2723	2411
chr22	30924269	30929059	30926742	4790	30926664	-2395	2395	78
chr22	49921883	49926346	49925512	4463	49924114	-2231	2232	1398
chr22	19969017	19974376	19973007	5359	19971696	-2679	2680	1311
chr22	49962700	49963882	49962746	1182	49963291	-591	591	-545
chr22	41433623	41436190	41435759	2567	41434906	-1283	1284	853
chr22	42126524	42131497	42128248	4973	42129010	-2486	2487	-762
chr22	20103351	20110656	20110177	7305	20107003	-3652	3653	3174
chr22	43132229	43133366	43133277	1137	43132797	-568	569	480
chr22	43165775	43168410	43168152	2635	43167092	-1317	1318	1060
chr22	23831640	23837325	23836882	5685	23834482	-2842	2843	2400
chr22	42612418	42618818	42614826	6400	42615618	-3200	3200	-792
chr22	30367211	30374831	30371696	7620	30371021	-3810	3810	675
chr22	37805555	37807009	37806560	1454	37806282	-727	727	278
chr22	37567178	37572893	37570358	5715	37570035	-2857	2858	323
chr22	50578975	50580596	50580055	1621	50579785	-810	811	270
chr22	39221035	39228439	39225803	7404	39224737	-3702	3702	1066
chr22	37564540	37567023	37566789	2483	37565781	-1241	1242	1008
chr22	30240526	30244575	30243809	4049	30242550	-2024	2025	1259
chr22	41172967	41178821	41178812	5854	41175894	-2927	2927	2918
chr22	42126524	42131497	42129160	4973	42129010	-2486	2487	150
chr22	31326589	31329923	31327054	3334	31328256	-1667	1667	-1202
chr22	38482931	38488428	38485957	5497	38485679	-2748	2749	278
chr22	38687010	38691607	38689000	4597	38689308	-2298	2299	-308
chr22	20999779	21004157	21000143	4378	21001968	-2189	2189	-1825
chr22	39687719	39689593	39689573	1874	39688656	-937	937	917
chr22	46360566	46368275	46362618	7709	46364420	-3854	3855	-1802
chr22	46360566	46368275	46363036	7709	46364420	-3854	3855	-1384
chr22	46360566	46368275	46364671	7709	46364420	-3854	3855	251
chr22	39519109	39522635	39521505	3526	39520872	-1763	1763	633
chr22	36511474	36512465	36511515	991	36511969	-495	496	-454
chr22	38482931	38488428	38486168	5497	38485679	-2748	2749	489
chr22	20999779	21004157	21000418	4378	21001968	-2189	2189	-1550
chr22	39687719	39689593	39688962	1874	39688656	-937	937	306
chr22	46360566	46368275	46363148	7709	46364420	-3854	3855	-1272
chr22	50192943	50200183	50197324	7240	50196563	-3620	3620	761
chr22	17789448	17791865	17791406	2417	17790656	-1208	1209	750
chr22	20999779	21004157	20999978	4378	21001968	-2189	2189	-1990
chr22	30379231	30380691	30379562	1460	30379961	-730	730	-399
chr22	29296658	29298966	29298802	2308	29297812	-1154	1154	990
chr22	41355161	41358624	41356459	3463	41356892	-1731	1732	-433
chr22	21702996	21707109	21703970	4113	21705052	-2056	2057	-1082
chr22	17734533	17740825	17738021	6292	17737679	-3146	3146	342
chr22	38069770	38071908	38071723	2138	38070839	-1069	1069	884
chr22	20110954	20116675	20114621	5721	20113814	-2860	2861	807
chr22	42126524	42131497	42127568	4973	42129010	-2486	2487	-1442
chr22	19132341	19134142	19132460	1801	19133241	-900	901	-781
chr22	19132341	19134142	19132349	1801	19133241	-900	901	-892
chr22	26491124	26496444	26494829	5320	26493784	-2660	2660	1045
chr22	28795417	28801882	28797167	6465	28798649	-3232	3233	-1482
chr22	30292016	30299247	30294793	7231	30295631	-3615	3616	-838
chr22	40403496	40410187	40406608	6691	40406841	-3345	3346	-233
chr22	41355161	41358624	41356405	3463	41356892	-1731	1732	-487
chr22	42126524	42131497	42127968	4973	42129010	-2486	2487	-1042
chr22	50518408	50522511	50521773	4103	50520459	-2051	2052	1314
chr22	31282620	31285497	31283179	2877	31284058	-1438	1439	-879
chr22	31282620	31285497	31283137	2877	31284058	-1438	1439	-921
chr22	21690177	21697064	21693819	6887	21693620	-3443	3444	199
chr22	40403496	40410187	40406543	6691	40406841	-3345	3346	-298
chr22	20124107	20131448	20126349	7341	20127777	-3670	3671	-1428
chr22	37181980	37185787	37182239	3807	37183883	-1903	1904	-1644
chr22	42126524	42131497	42128865	4973	42129010	-2486	2487	-145
chr22	43165775	43168410	43167964	2635	43167092	-1317	1318	872
chr22	50578975	50580596	50580393	1621	50579785	-810	811	608
chr22	38672964	38678457	38673204	5493	38675710	-2746	2747	-2506
chr22	39519109	39522635	39522336	3526	39520872	-1763	1763	1464
chr22	50578975	50580596	50580581	1621	50579785	-810	811	796
chr22	43165775	43168410	43167323	2635	43167092	-1317	1318	231
chr22	40403496	40410187	40409220	6691	40406841	-3345	3346	2379
chr22	41571580	41576073	41575103	4493	41573826	-2246	2247	1277
chr22	50578975	50580596	50579183	1621	50579785	-810	811	-602
chr22	30240526	30244575	30243837	4049	30242550	-2024	2025	1287
chr22	19969017	19974376	19973003	5359	19971696	-2679	2680	1307
chr22	17589640	17592496	17592441	2856	17591068	-1428	1428	1373
chr22	21919338	21925272	21923402	5934	21922305	-2967	2967	1097
chr22	37564540	37567023	37566749	2483	37565781	-1241	1242	968
chr22	40403496	40410187	40409713	6691	40406841	-3345	3346	2872
chr22	49883756	49886773	49886109	3017	49885264	-1508	1509	845
chr22	41355161	41358624	41357369	3463	41356892	-1731	1732	477
chr22	38482931	38488428	38485755	5497	38485679	-2748	2749	76
chr22	39519109	39522635	39521832	3526	39520872	-1763	1763	960
chr22	20110954	20116675	20114682	5721	20113814	-2860	2861	868
chr22	37181980	37185787	37182478	3807	37183883	-1903	1904	-1405
chr22	21919338	21925272	21923190	5934	21922305	-2967	2967	885
chr22	42612418	42618818	42614810	6400	42615618	-3200	3200	-808
chr22	37567178	37572893	37571891	5715	37570035	-2857	2858	1856
chr22	20110954	20116675	20114682	5721	20113814	-2860	2861	868
chr22	29296658	29298966	29297923	2308	29297812	-1154	1154	111
chr22	20124107	20131448	20127098	7341	20127777	-3670	3671	-679
chr22	20145915	20149919	20146136	4004	20147917	-2002	2002	-1781
chr22	40403496	40410187	40408994	6691	40406841	-3345	3346	2153
chr22	20992893	20999445	20996936	6552	20996169	-3276	3276	767
chr22	42086100	42089641	42087078	3541	42087870	-1770	1771	-792
chr22	20979845	20982700	20980043	2855	20981272	-1427	1428	-1229
chr22	19969017	19974376	19971972	5359	19971696	-2679	2680	276
chr22	41172967	41178821	41177734	5854	41175894	-2927	2927	1840
chr22	30379231	30380691	30379755	1460	30379961	-730	730	-206
chr22	42086100	42089641	42087137	3541	42087870	-1770	1771	-733
chr22	24543467	24544178	24543935	711	24543822	-355	356	113
chr22	37828977	37833385	37831985	4408	37831181	-2204	2204	804
chr22	30421006	30427771	30422401	6765	30424388	-3382	3383	-1987
chr22	38687010	38691607	38689340	4597	38689308	-2298	2299	32
chr22	44859478	44866349	44859736	6871	44862913	-3435	3436	-3177
chr22	38479626	38481075	38479695	1449	38480350	-724	725	-655
chr22	40403496	40410187	40406660	6691	40406841	-3345	3346	-181
chrX	48903812	48905925	48904652	2113	48904868	-1056	1057	-216
chrX	71614958	71618404	71616393	3446	71616681	-1723	1723	-288
chrX	101620277	101626356	101625822	6079	101623316	-3039	3040	2506
chrX	47568246	47573308	47572892	5062	47570777	-2531	2531	2115
chrX	47635213	47640085	47636836	4872	47637649	-2436	2436	-813
chrX	154430430	154436086	154435732	5656	154433258	-2828	2828	2474
chrX	154397318	154403250	154400167	5932	154400284	-2966	2966	-117
chrX	136510936	136512273	136511027	1337	136511604	-668	669	-577
chrX	9725352	9727996	9725667	2644	9726674	-1322	1322	-1007
chrX	48903812	48905925	48905094	2113	48904868	-1056	1057	226
chrX	71614958	71618404	71616996	3446	71616681	-1723	1723	315
chrX	154397318	154403250	154398587	5932	154400284	-2966	2966	-1697
chrX	49031401	49034065	49031447	2664	49032733	-1332	1332	-1286
chrX	150988554	150989715	150988771	1161	150989134	-580	581	-363
chrX	119870455	119873663	119871231	3208	119872059	-1604	1604	-828
chrX	48820513	48824988	48824294	4475	48822750	-2237	2238	1544
chrX	54445151	54451177	54445896	6026	54448164	-3013	3013	-2268
chrX	47568246	47573308	47571372	5062	47570777	-2531	2531	595
chrX	154397318	154403250	154399820	5932	154400284	-2966	2966	-464
chrX	154436975	154443590	154440474	6615	154440282	-3307	3308	192
chrX	119870455	119873663	119870992	3208	119872059	-1604	1604	-1067
chrX	47222878	47229976	47227417	7098	47226427	-3549	3549	990
chrX	135020669	135023563	135021867	2894	135022116	-1447	1447	-249
chrX	68839345	68843629	68840417	4284	68841487	-2142	2142	-1070
chrX	48820513	48824988	48822917	4475	48822750	-2237	2238	167
chrX	47222878	47229976	47226638	7098	47226427	-3549	3549	211
chrX	47568246	47573308	47571458	5062	47570777	-2531	2531	681
chrX	101390026	101391668	101390985	1642	101390847	-821	821	138
chrX	48897694	48903087	48902679	5393	48900390	-2696	2697	2289
chrX	55005073	55009259	55007016	4186	55007166	-2093	2093	-150
chrX	49171933	49174569	49173450	2636	49173251	-1318	1318	199
chrX	53084297	53087235	53084832	2938	53085766	-1469	1469	-934
chrX	54445151	54451177	54446399	6026	54448164	-3013	3013	-1765
chrX	135020669	135023563	135021925	2894	135022116	-1447	1447	-191
chrX	154397318	154403250	154398429	5932	154400284	-2966	2966	-1855
chrX	154436975	154443590	154441342	6615	154440282	-3307	3308	1060
chrX	154397318	154403250	154400578	5932	154400284	-2966	2966	294
chrX	48903812	48905925	48904579	2113	48904868	-1056	1057	-289
chrX	101411210	101413134	101412424	1924	101412172	-962	962	252
chrX	68839345	68843629	68840409	4284	68841487	-2142	2142	-1078
chrX	153588415	153594991	153588440	6576	153591703	-3288	3288	-3263
chrX	103585203	103587267	103585608	2064	103586235	-1032	1032	-627
chrX	48897694	48903087	48902014	5393	48900390	-2696	2697	1624
chrX	47222878	47229976	47226141	7098	47226427	-3549	3549	-286
chrX	48897694	48903087	48902787	5393	48900390	-2696	2697	2397
chrX	48897694	48903087	48902787	5393	48900390	-2696	2697	2397
chrX	48820513	48824988	48824629	4475	48822750	-2237	2238	1879
chrX	49066757	49069772	49068692	3015	49068264	-1507	1508	428
chrX	47568246	47573308	47569960	5062	47570777	-2531	2531	-817
chrX	135020669	135023563	135022413	2894	135022116	-1447	1447	297
chrX	53936882	53940658	53940420	3776	53938770	-1888	1888	1650
chrX	154397318	154403250	154398278	5932	154400284	-2966	2966	-2006
chrX	53084297	53087235	53086184	2938	53085766	-1469	1469	418
chrX	48820513	48824988	48823376	4475	48822750	-2237	2238	626
chrX	53084297	53087235	53085761	2938	53085766	-1469	1469	-5
chrX	49071473	49076049	49075222	4576	49073761	-2288	2288	1461
chrX	154436975	154443590	154441794	6615	154440282	-3307	3308	1512
chrX	119870455	119873663	119871933	3208	119872059	-1604	1604	-126
chrX	38803071	38805209	38805036	2138	38804140	-1069	1069	896
chrX	47568246	47573308	47572952	5062	47570777	-2531	2531	2175
chrX	53084297	53087235	53084992	2938	53085766	-1469	1469	-774
chrX	154430430	154436086	154433657	5656	154433258	-2828	2828	399
chrX	103674426	103677068	103676194	2642	103675747	-1321	1321	447
chrX	9725352	9727996	9725798	2644	9726674	-1322	1322	-876
chrX	154436975	154443590	154442083	6615	154440282	-3307	3308	1801
chrX	47568246	47573308	47568877	5062	47570777	-2531	2531	-1900
chrX	47568246	47573308	47571437	5062	47570777	-2531	2531	660
chrX	71614958	71618404	71616925	3446	71616681	-1723	1723	244
chrX	154019078	154023143	154019234	4065	154021110	-2032	2033	-1876
chrX	53532459	53535413	53533374	2954	53533936	-1477	1477	-562
chrX	103585203	103587267	103587237	2064	103586235	-1032	1032	1002
chrX	47222878	47229976	47226699	7098	47226427	-3549	3549	272
chrX	48820513	48824988	48823580	4475	48822750	-2237	2238	830
chrX	154407142	154413808	154412152	6666	154410475	-3333	3333	1677
chrX	71140300	71143843	71142312	3543	71142071	-1771	1772	241
chrX	153693882	153695694	153694261	1812	153694788	-906	906	-527
chrX	48897694	48903087	48902355	5393	48900390	-2696	2697	1965
chrX	53084297	53087235	53084792	2938	53085766	-1469	1469	-974
chrX	47635213	47640085	47638968	4872	47637649	-2436	2436	1319
chrX	53430921	53432884	53431006	1963	53431902	-981	982	-896
chrX	135020669	135023563	135021834	2894	135022116	-1447	1447	-282
chrX	154436975	154443590	154440030	6615	154440282	-3307	3308	-252
chrX	135020669	135023563	135022007	2894	135022116	-1447	1447	-109
chrX	49029039	49030702	49030363	1663	49029870	-831	832	493
chrX	49029039	49030702	49029998	1663	49029870	-831	832	128
chrX	55005073	55009259	55006740	4186	55007166	-2093	2093	-426
chrX	48820513	48824988	48823936	4475	48822750	-2237	2238	1186
chrX	49066757	49069772	49068104	3015	49068264	-1507	1508	-160
chrX	154397318	154403250	154399903	5932	154400284	-2966	2966	-381
chrX	54445151	54451177	54449675	6026	54448164	-3013	3013	1511
chrX	103377697	103381538	103377713	3841	103379617	-1920	1921	-1904
chrX	48604310	48606609	48604957	2299	48605459	-1149	1150	-502
chrX	53084297	53087235	53086106	2938	53085766	-1469	1469	340
chrX	48972287	48976151	48975176	3864	48974219	-1932	1932	957
chrX	154477863	154480212	154477867	2349	154479037	-1174	1175	-1170
chrX	48921922	48925582	48923718	3660	48923752	-1830	1830	-34
chrX	49880371	49885695	49880745	5324	49883033	-2662	2662	-2288
chrX	53084297	53087235	53086091	2938	53085766	-1469	1469	325
chrX	154397318	154403250	154402960	5932	154400284	-2966	2966	2676
chrX	49880371	49885695	49880692	5324	49883033	-2662	2662	-2341
chrX	68839345	68843629	68840573	4284	68841487	-2142	2142	-914
chrX	47184234	47189109	47186573	4875	47186671	-2437	2438	-98
chrX	49031401	49034065	49031432	2664	49032733	-1332	1332	-1301
chrX	154397318	154403250	154400604	5932	154400284	-2966	2966	320
chrX	53532459	53535413	53534049	2954	53533936	-1477	1477	113
chrX	129792192	129794920	129794009	2728	129793556	-1364	1364	453
chrX	153943808	153947620	153943968	3812	153945714	-1906	1906	-1746
chrX	136510936	136512273	136511327	1337	136511604	-668	669	-277
chrX	54445151	54451177	54445505	6026	54448164	-3013	3013	-2659
chrX	47222878	47229976	47228731	7098	47226427	-3549	3549	2304
chrX	49880371	49885695	49880901	5324	49883033	-2662	2662	-2132
chrX	136510936	136512273	136511100	1337	136511604	-668	669	-504
chrX	47222878	47229976	47228731	7098	47226427	-3549	3549	2304
chrX	38803071	38805209	38804882	2138	38804140	-1069	1069	742
chrX	48706519	48708416	48707555	1897	48707467	-948	949	88
chrX	107648164	107652498	107650011	4334	107650331	-2167	2167	-320
chrX	47650969	47653922	47651813	2953	47652445	-1476	1477	-632
chrX	49071473	49076049	49074669	4576	49073761	-2288	2288	908
chrX	119870455	119873663	119871134	3208	119872059	-1604	1604	-925
chrX	119870455	119873663	119873316	3208	119872059	-1604	1604	1257
chrX	150767315	150769131	150769035	1816	150768223	-908	908	812
chrX	53084297	53087235	53085322	2938	53085766	-1469	1469	-444
chrX	71614958	71618404	71617390	3446	71616681	-1723	1723	709
chrX	154477863	154480212	154477955	2349	154479037	-1174	1175	-1082
chrX	47568246	47573308	47568721	5062	47570777	-2531	2531	-2056
chrX	48903812	48905925	48905248	2113	48904868	-1056	1057	380
chrX	53532459	53535413	53534637	2954	53533936	-1477	1477	701
chrX	136510936	136512273	136511200	1337	136511604	-668	669	-404
chrX	71140300	71143843	71141346	3543	71142071	-1771	1772	-725
chrX	47635213	47640085	47637914	4872	47637649	-2436	2436	265
chrX	16840474	16842132	16841616	1658	16841303	-829	829	313
chrX	49880371	49885695	49881012	5324	49883033	-2662	2662	-2021
chrX	154436975	154443590	154438862	6615	154440282	-3307	3308	-1420
chrX	48911025	48914560	48914152	3535	48912792	-1767	1768	1360
chrX	48706519	48708416	48706563	1897	48707467	-948	949	-904
chrX	101411210	101413134	101412046	1924	101412172	-962	962	-126
chrX	47222878	47229976	47227447	7098	47226427	-3549	3549	1020
chrX	136510936	136512273	136511147	1337	136511604	-668	669	-457
chrX	153444029	153447332	153445425	3303	153445680	-1651	1652	-255
chrX	136510936	136512273	136511747	1337	136511604	-668	669	143
chrX	101620277	101626356	101625831	6079	101623316	-3039	3040	2515
chrX	71614958	71618404	71616598	3446	71616681	-1723	1723	-83
chrX	103674426	103677068	103676348	2642	103675747	-1321	1321	601
chrX	71140300	71143843	71141950	3543	71142071	-1771	1772	-121
chrX	53936882	53940658	53940264	3776	53938770	-1888	1888	1494
chrX	119870455	119873663	119871929	3208	119872059	-1604	1604	-130
chrX	154397318	154403250	154399498	5932	154400284	-2966	2966	-786
chrX	153693882	153695694	153694552	1812	153694788	-906	906	-236
chrX	9725352	9727996	9725756	2644	9726674	-1322	1322	-918
chrX	48897694	48903087	48902804	5393	48900390	-2696	2697	2414
chrX	48897694	48903087	48902232	5393	48900390	-2696	2697	1842
chrX	49077484	49079266	49077534	1782	49078375	-891	891	-841
chrX	48972287	48976151	48974057	3864	48974219	-1932	1932	-162
chrX	119870455	119873663	119871230	3208	119872059	-1604	1604	-829
chrX	47635213	47640085	47639119	4872	47637649	-2436	2436	1470
chrX	135020669	135023563	135022086	2894	135022116	-1447	1447	-30
chrX	47635213	47640085	47639289	4872	47637649	-2436	2436	1640
chrX	119870455	119873663	119871631	3208	119872059	-1604	1604	-428
chrX	48820513	48824988	48823000	4475	48822750	-2237	2238	250
chrX	49066757	49069772	49068665	3015	49068264	-1507	1508	401
chrX	49077484	49079266	49077880	1782	49078375	-891	891	-495
chrX	53430921	53432884	53431405	1963	53431902	-981	982	-497
chrX	55005073	55009259	55006756	4186	55007166	-2093	2093	-410
chrX	76171794	76175636	76174893	3842	76173715	-1921	1921	1178
chrX	101411210	101413134	101412419	1924	101412172	-962	962	247
chrX	119870455	119873663	119870568	3208	119872059	-1604	1604	-1491
chrX	119870455	119873663	119871280	3208	119872059	-1604	1604	-779
chrX	153693882	153695694	153695131	1812	153694788	-906	906	343
chrX	154397318	154403250	154398610	5932	154400284	-2966	2966	-1674
chrX	53084297	53087235	53085361	2938	53085766	-1469	1469	-405
chrX	154436975	154443590	154440069	6615	154440282	-3307	3308	-213
chrX	47222878	47229976	47226489	7098	47226427	-3549	3549	62
chrX	47568246	47573308	47568845	5062	47570777	-2531	2531	-1932
chrX	47568246	47573308	47569573	5062	47570777	-2531	2531	-1204
chrX	48820513	48824988	48823008	4475	48822750	-2237	2238	258
chrX	48897694	48903087	48903041	5393	48900390	-2696	2697	2651
chrX	49171933	49174569	49174395	2636	49173251	-1318	1318	1144
chrX	53532459	53535413	53533333	2954	53533936	-1477	1477	-603
chrX	53936882	53940658	53940232	3776	53938770	-1888	1888	1462
chrX	53936882	53940658	53940438	3776	53938770	-1888	1888	1668
chrX	54445151	54451177	54446376	6026	54448164	-3013	3013	-1788
chrX	76171794	76175636	76175587	3842	76173715	-1921	1921	1872
chrX	101620277	101626356	101625583	6079	101623316	-3039	3040	2267
chrX	119451179	119453331	119452017	2152	119452255	-1076	1076	-238
chrX	135020669	135023563	135021984	2894	135022116	-1447	1447	-132
chrX	136510936	136512273	136511836	1337	136511604	-668	669	232
chrX	153943808	153947620	153944624	3812	153945714	-1906	1906	-1090
chrX	49171933	49174569	49172024	2636	49173251	-1318	1318	-1227
chrX	69529160	69532716	69529610	3556	69530938	-1778	1778	-1328
chrX	55005073	55009259	55006689	4186	55007166	-2093	2093	-477
chrX	154436975	154443590	154440410	6615	154440282	-3307	3308	128
chrX	48911025	48914560	48914106	3535	48912792	-1767	1768	1314
chrX	68839345	68843629	68840941	4284	68841487	-2142	2142	-546
chrX	54445151	54451177	54446169	6026	54448164	-3013	3013	-1995
chrX	154397318	154403250	154400574	5932	154400284	-2966	2966	290
chrX	47184234	47189109	47186696	4875	47186671	-2437	2438	25
chrX	47635213	47640085	47638084	4872	47637649	-2436	2436	435
chrX	49029039	49030702	49029831	1663	49029870	-831	832	-39
chrX	49029039	49030702	49030091	1663	49029870	-831	832	221
chrX	71614958	71618404	71616890	3446	71616681	-1723	1723	209
chrX	103377697	103381538	103377762	3841	103379617	-1920	1921	-1855
chrX	136510936	136512273	136511552	1337	136511604	-668	669	-52
chrX	71140300	71143843	71141964	3543	71142071	-1771	1772	-107
chrX	101620277	101626356	101626204	6079	101623316	-3039	3040	2888
chrX	119451179	119453331	119452901	2152	119452255	-1076	1076	646
chrX	49071473	49076049	49074867	4576	49073761	-2288	2288	1106
chrX	136510936	136512273	136511983	1337	136511604	-668	669	379
chrX	69529160	69532716	69529930	3556	69530938	-1778	1778	-1008
chrX	71614958	71618404	71617152	3446	71616681	-1723	1723	471
chrX	48903812	48905925	48904700	2113	48904868	-1056	1057	-168
chrX	135020669	135023563	135022235	2894	135022116	-1447	1447	119
chrX	71614958	71618404	71617365	3446	71616681	-1723	1723	684
chrX	154436975	154443590	154439007	6615	154440282	-3307	3308	-1275
chrX	49066757	49069772	49068156	3015	49068264	-1507	1508	-108
chrX	71301279	71302444	71301782	1165	71301861	-582	583	-79
chrX	49029039	49030702	49030335	1663	49029870	-831	832	465
chrX	47222878	47229976	47226809	7098	47226427	-3549	3549	382
chrX	47635213	47640085	47639042	4872	47637649	-2436	2436	1393
chrX	47222878	47229976	47229664	7098	47226427	-3549	3549	3237
chrX	154775870	154777320	154776837	1450	154776595	-725	725	242
chrX	119870455	119873663	119871229	3208	119872059	-1604	1604	-830
chrX	53936882	53940658	53939127	3776	53938770	-1888	1888	357
chrX	48897694	48903087	48902739	5393	48900390	-2696	2697	2349
chrX	154503026	154507959	154506764	4933	154505492	-2466	2467	1272
chrX	101411210	101413134	101412123	1924	101412172	-962	962	-49
chrX	103674426	103677068	103676439	2642	103675747	-1321	1321	692
chrX	154012960	154018926	154013225	5966	154015943	-2983	2983	-2718
chrX	119870455	119873663	119871819	3208	119872059	-1604	1604	-240
chrX	48820513	48824988	48822935	4475	48822750	-2237	2238	185
chrX	119870455	119873663	119870981	3208	119872059	-1604	1604	-1078
chrX	154477863	154480212	154477906	2349	154479037	-1174	1175	-1131
chrX	119870455	119873663	119871413	3208	119872059	-1604	1604	-646
chrX	71614958	71618404	71617575	3446	71616681	-1723	1723	894
chrX	48903812	48905925	48904841	2113	48904868	-1056	1057	-27
chrX	48706519	48708416	48707584	1897	48707467	-948	949	117
chrX	48706519	48708416	48707846	1897	48707467	-948	949	379
chrX	71614958	71618404	71617390	3446	71616681	-1723	1723	709
chrX	101620277	101626356	101625908	6079	101623316	-3039	3040	2592
